11999000,0
2109,19.10400390625
2183,22.94921875
30777,35.5224609375
204355,16.54052734375
204471,17.822265625
278812,22.15576171875
516889,21.484375
528950,21.6064453125
547251,16.66259765625
547316,29.296875
547338,17.39501953125
547412,18.24951171875
607485,24.0478515625
608531,16.78466796875
636752,17.333984375
636792,23.86474609375
636810,17.27294921875
725528,20.20263671875
786280,22.0947265625
786294,24.7802734375
786376,17.08984375
808848,24.84130859375
893230,17.27294921875
926226,18.310546875
955016,17.39501953125
988023,16.6015625
988193,16.9677734375
1011807,17.333984375
1042097,17.08984375
1042187,16.6015625
1064219,17.63916015625
1064426,17.51708984375
1100429,16.90673828125
1156634,17.63916015625
1189574,17.51708984375
1211452,16.54052734375
1246675,19.71435546875
1332038,18.1884765625
1865952,17.822265625
1989803,20.56884765625
1989849,26.91650390625
2013192,20.93505859375
2013315,20.263671875
2013327,24.90234375
2013997,17.9443359375
2118930,19.71435546875
2118984,17.9443359375
2119882,20.44677734375
2323796,23.13232421875
2468043,17.9443359375
2468077,18.1884765625
2468128,25.32958984375
2571963,18.5546875
2818669,17.822265625
2851030,17.02880859375
2861387,18.798828125
2861450,16.54052734375
2861467,18.6767578125
2861481,19.10400390625
2880253,17.39501953125
2880403,25.2685546875
2904066,16.845703125
2904193,21.728515625
2930481,31.67724609375
2957454,19.775390625
2977537,20.81298828125
3024716,18.310546875
3024823,23.0712890625
3025235,17.9443359375
3067651,20.93505859375
3067729,16.78466796875
3067818,21.54541015625
3087667,17.88330078125
3087876,21.30126953125
3088186,17.822265625
3151453,20.44677734375
3151841,17.333984375
3173210,16.6015625
3217657,16.845703125
3241159,17.2119140625
3263622,19.95849609375
3306996,16.78466796875
3331869,16.90673828125
3356075,18.06640625
3397706,19.10400390625
3397808,16.7236328125
3398194,24.47509765625
3921437,17.15087890625
3960341,21.17919921875
4095195,19.4091796875
4095265,16.90673828125
4095335,20.1416015625
4141762,20.263671875
4141823,18.73779296875
4141854,16.7236328125
4229160,17.39501953125
4229212,16.90673828125
4425572,18.4326171875
4427410,17.51708984375
4427530,17.63916015625
4587052,16.54052734375
4664669,20.8740234375
4723091,21.6064453125
4776311,16.7236328125
4776369,22.03369140625
4810132,16.7236328125
4846350,17.27294921875
4846399,23.62060546875
4877640,19.59228515625
4877837,19.22607421875
4905975,22.3388671875
4906031,17.4560546875
4947484,16.845703125
4947708,29.541015625
4985418,21.484375
4985585,17.51708984375
5069904,18.9208984375
5070028,20.08056640625
5108946,17.63916015625
5109035,16.78466796875
5109078,17.15087890625
5290324,17.15087890625
5290457,24.658203125
5339596,17.7001953125
5407821,16.6015625
5408041,19.04296875
5502164,21.240234375
5636245,17.27294921875
5637162,17.88330078125
5749148,17.822265625
5749325,21.17919921875
5749362,16.90673828125
5806042,16.54052734375
6054481,20.1416015625
6508480,21.66748046875
6508955,18.12744140625
6633905,16.66259765625
6633970,16.7236328125
6808314,17.08984375
6868297,16.66259765625
7028706,16.7236328125
7029008,17.39501953125
7196431,17.51708984375
7196523,19.04296875
7448655,24.10888671875
7610164,16.9677734375
8169928,16.78466796875
8777393,18.49365234375
8936939,17.76123046875
9150888,18.37158203125
9305976,16.54052734375
