11999000,0
1953,18.24951171875
1988,23.3154296875
2022,21.8505859375
2041,33.02001953125
2069,46.630859375
2091,25.20751953125
2113,28.3203125
2126,20.8740234375
2158,25.7568359375
2202,18.49365234375
2236,23.86474609375
2475,19.47021484375
2535,17.51708984375
2749,17.15087890625
2931,19.83642578125
2956,19.775390625
2966,17.7001953125
3062,23.92578125
3221,17.51708984375
3261,17.7001953125
3374,24.7802734375
3385,18.12744140625
3752,18.49365234375
42193,18.9208984375
97841,20.99609375
98266,17.9443359375
197133,17.63916015625
204758,20.32470703125
205345,21.484375
217783,17.39501953125
217819,18.61572265625
223754,18.37158203125
252873,18.00537109375
277795,18.06640625
277810,19.6533203125
278844,23.13232421875
315734,24.35302734375
315748,19.83642578125
368455,17.63916015625
369056,17.822265625
369078,18.12744140625
369719,17.333984375
393904,18.6767578125
394417,17.51708984375
394488,19.22607421875
407420,18.06640625
408037,18.6767578125
408151,18.00537109375
452597,19.59228515625
483155,17.08984375
483204,23.681640625
516117,18.73779296875
516233,18.61572265625
516520,19.53125
516633,18.1884765625
516675,20.69091796875
516695,27.34375
516757,32.1044921875
516779,27.2216796875
516793,20.3857421875
516817,22.705078125
516828,19.8974609375
516856,20.56884765625
517006,20.56884765625
517190,17.15087890625
517274,20.44677734375
517673,17.7001953125
528678,20.32470703125
528696,17.4560546875
528727,17.7001953125
528741,35.09521484375
528782,23.98681640625
528823,23.4375
528846,19.59228515625
528866,17.63916015625
528885,17.7001953125
528907,20.6298828125
528932,24.96337890625
528973,18.4326171875
529014,20.1416015625
529129,18.00537109375
529302,19.59228515625
529469,17.822265625
529505,18.5546875
529515,22.52197265625
529670,19.10400390625
529702,25.7568359375
529781,22.216796875
529803,20.8740234375
529880,17.39501953125
529926,23.193359375
530002,28.50341796875
530052,17.578125
530093,18.5546875
530622,18.5546875
531027,18.49365234375
531180,22.52197265625
547063,22.15576171875
547074,17.39501953125
547098,27.83203125
547113,24.10888671875
547147,17.2119140625
547178,24.10888671875
547216,26.0009765625
547234,17.7001953125
547252,23.25439453125
547265,22.76611328125
547294,19.59228515625
547308,19.10400390625
547361,21.484375
547397,22.94921875
547483,22.94921875
547574,21.66748046875
547794,18.12744140625
549084,17.578125
549254,19.47021484375
549502,18.4326171875
549664,17.9443359375
607163,21.17919921875
607292,23.4375
607312,26.7333984375
607356,20.8740234375
607369,28.3203125
607394,20.08056640625
607434,39.4287109375
607474,25.0244140625
607555,21.66748046875
608006,18.37158203125
608084,19.287109375
608107,19.6533203125
608170,18.310546875
608192,23.8037109375
608221,24.658203125
608231,18.9208984375
608290,17.2119140625
608323,24.658203125
608342,17.2119140625
608396,17.4560546875
608430,18.98193359375
608459,17.27294921875
608539,17.76123046875
608565,17.4560546875
608645,19.10400390625
608699,30.94482421875
608711,21.6064453125
608915,20.99609375
609037,17.4560546875
609186,19.1650390625
636606,25.0244140625
636635,18.5546875
636645,26.06201171875
636678,37.2314453125
636694,30.76171875
636739,33.935546875
636750,22.03369140625
636776,17.63916015625
637100,17.08984375
637190,17.15087890625
637206,19.04296875
637330,23.01025390625
637348,21.30126953125
637431,22.76611328125
637458,23.4375
637483,20.99609375
637506,21.54541015625
637534,18.1884765625
637573,19.22607421875
637587,19.1650390625
637654,25.81787109375
637677,23.4375
637698,17.822265625
637731,23.37646484375
637758,18.4326171875
638305,17.76123046875
638423,18.4326171875
638596,19.775390625
670565,17.51708984375
702898,17.4560546875
703380,17.63916015625
703405,23.25439453125
703582,17.08984375
724679,18.85986328125
725426,20.56884765625
725926,17.822265625
726442,17.15087890625
726651,19.1650390625
726727,22.15576171875
726815,18.12744140625
727195,19.47021484375
786009,17.76123046875
786112,27.03857421875
786135,17.39501953125
786149,27.77099609375
786201,23.25439453125
786237,27.83203125
786248,21.484375
786279,24.47509765625
786311,19.04296875
786358,19.59228515625
787628,18.5546875
808531,18.24951171875
808611,20.99609375
808630,17.08984375
808665,18.798828125
808685,21.78955078125
808699,18.98193359375
808724,30.21240234375
808761,20.69091796875
808778,22.4609375
808819,22.216796875
808857,19.10400390625
808895,18.12744140625
808949,17.9443359375
809749,17.578125
810077,17.7001953125
842657,17.51708984375
842830,17.51708984375
843312,18.24951171875
843687,18.310546875
843725,24.84130859375
843770,19.6533203125
844069,22.3388671875
844394,19.10400390625
844539,17.27294921875
867251,17.4560546875
867454,18.85986328125
867680,18.85986328125
867800,17.27294921875
867828,17.27294921875
868158,18.5546875
868643,17.333984375
893011,19.8974609375
893412,17.08984375
893963,17.27294921875
925615,17.27294921875
926691,17.08984375
954048,18.61572265625
954059,17.4560546875
954543,18.4326171875
955244,17.88330078125
955844,17.4560546875
987829,17.15087890625
987937,17.88330078125
988222,18.12744140625
988631,19.1650390625
988676,21.728515625
1011418,20.8740234375
1011632,17.39501953125
1011646,23.25439453125
1041971,20.93505859375
1042213,18.73779296875
1042381,17.2119140625
1042575,19.22607421875
1042989,19.22607421875
1043015,18.310546875
1043245,17.7001953125
1043284,17.15087890625
1063220,21.728515625
1063921,17.333984375
1064060,19.4091796875
1064189,17.27294921875
1064272,17.2119140625
1064698,17.9443359375
1064853,19.4091796875
1099745,18.12744140625
1100046,18.49365234375
1100422,19.6533203125
1100672,17.9443359375
1100710,18.5546875
1100910,17.4560546875
1120383,18.1884765625
1121048,17.7001953125
1122709,22.0947265625
1122755,20.6298828125
1122884,18.61572265625
1155425,19.4091796875
1155963,20.8740234375
1156136,20.3857421875
1156435,18.24951171875
1156622,18.12744140625
1156981,20.1416015625
1157085,19.34814453125
1157164,22.39990234375
1157199,19.04296875
1157687,17.4560546875
1187314,17.333984375
1189487,17.08984375
1189696,17.4560546875
1210739,19.8974609375
1211409,17.822265625
1211639,22.15576171875
1211661,17.08984375
1211794,18.61572265625
1211907,18.1884765625
1212008,20.44677734375
1212431,17.08984375
1213200,17.15087890625
1246427,18.24951171875
1246580,18.73779296875
1246755,17.9443359375
1246950,18.5546875
1247081,18.85986328125
1247535,20.32470703125
1280538,20.81298828125
1281356,18.9208984375
1281369,17.88330078125
1281407,23.86474609375
1281540,18.1884765625
1281755,17.51708984375
1282064,22.0947265625
1315930,19.47021484375
1316019,17.76123046875
1316119,20.6298828125
1317275,17.63916015625
1333344,18.73779296875
1333931,17.39501953125
1335340,17.76123046875
1374347,17.51708984375
1374582,20.93505859375
1375046,24.23095703125
1375279,19.95849609375
1381155,17.578125
1381706,17.39501953125
1381725,19.59228515625
1381924,17.4560546875
1382349,17.76123046875
1427159,18.49365234375
1431611,17.7001953125
1432031,19.6533203125
1433049,21.1181640625
1433290,18.24951171875
1475175,20.69091796875
1475195,19.22607421875
1525904,20.69091796875
1538805,23.681640625
1581442,22.76611328125
1589364,18.73779296875
1589405,19.34814453125
1650555,18.00537109375
1654057,18.1884765625
1654834,24.59716796875
1655099,18.00537109375
1655901,17.27294921875
1731953,18.98193359375
1732692,18.798828125
1739695,20.69091796875
1740629,18.49365234375
1767216,18.6767578125
1767286,20.99609375
1767631,19.71435546875
1778077,21.42333984375
1781501,22.3388671875
1781985,20.6298828125
1819265,19.1650390625
1819340,18.1884765625
1819383,17.08984375
1821887,18.12744140625
1849397,17.578125
1867541,18.1884765625
1867928,18.00537109375
1883254,19.47021484375
1883572,19.8974609375
1895478,21.91162109375
1919273,17.4560546875
1919300,19.34814453125
1919921,17.39501953125
1919968,17.27294921875
1939095,17.15087890625
1989686,17.63916015625
1989724,24.90234375
1989746,24.35302734375
1989775,21.30126953125
1989816,22.39990234375
1989834,18.798828125
1989868,19.775390625
1989924,20.20263671875
1990265,18.73779296875
1990278,19.6533203125
1990461,17.578125
1990482,18.310546875
1990531,17.08984375
1990571,19.22607421875
1990603,23.4375
1990640,19.775390625
1990661,17.9443359375
1990682,17.15087890625
1990713,17.51708984375
1990749,17.27294921875
1990782,17.4560546875
1990839,19.8974609375
1990873,24.84130859375
1990897,24.5361328125
1990980,17.7001953125
1991069,19.1650390625
1991089,17.15087890625
1991164,21.91162109375
2013132,29.4189453125
2013159,20.20263671875
2013205,17.822265625
2013230,19.04296875
2013268,22.4609375
2013296,19.95849609375
2013323,22.39990234375
2013366,19.10400390625
2013393,21.54541015625
2013444,22.88818359375
2013460,17.7001953125
2013684,19.71435546875
2014050,19.1650390625
2014111,18.798828125
2014132,18.12744140625
2014321,19.4091796875
2014453,17.51708984375
2014607,18.61572265625
2118716,17.76123046875
2118775,30.8837890625
2118822,42.48046875
2118850,31.8603515625
2118885,25.93994140625
2118910,24.658203125
2118947,22.64404296875
2118998,19.47021484375
2119248,17.333984375
2119485,18.24951171875
2119618,19.59228515625
2119655,18.00537109375
2119726,21.05712890625
2119803,20.56884765625
2119948,22.0947265625
2119990,17.4560546875
2120180,21.05712890625
2120425,17.9443359375
2120603,18.6767578125
2222325,17.51708984375
2222344,22.64404296875
2236300,21.66748046875
2275574,17.76123046875
2276099,17.27294921875
2276413,17.08984375
2276745,19.59228515625
2277148,20.751953125
2277537,17.578125
2278132,17.39501953125
2290801,24.10888671875
2298078,17.63916015625
2323200,21.1181640625
2323223,18.37158203125
2323236,19.775390625
2323749,19.34814453125
2323763,29.9072265625
2323802,20.5078125
2323827,24.10888671875
2323853,26.7333984375
2323889,19.6533203125
2323928,23.0712890625
2323944,20.20263671875
2323964,20.3857421875
2324591,19.4091796875
2324627,24.59716796875
2324796,17.15087890625
2349162,17.2119140625
2349206,17.578125
2396468,19.95849609375
2459571,21.8505859375
2459606,17.333984375
2467845,18.24951171875
2467974,22.5830078125
2467987,19.1650390625
2468017,21.30126953125
2468035,22.15576171875
2468046,22.5830078125
2468059,22.03369140625
2468082,31.3720703125
2468150,27.03857421875
2468208,26.4892578125
2468222,22.705078125
2468310,17.27294921875
2468605,23.0712890625
2468673,17.578125
2468710,19.1650390625
2468850,21.30126953125
2468953,19.83642578125
2469065,17.63916015625
2469211,19.22607421875
2469303,19.8974609375
2492041,20.44677734375
2492079,20.32470703125
2492406,17.76123046875
2492590,18.06640625
2559824,18.85986328125
2572470,17.4560546875
2572505,20.3857421875
2572610,18.00537109375
2603310,19.71435546875
2612116,18.6767578125
2619010,17.578125
2620587,17.333984375
2685469,21.484375
2701076,17.333984375
2716095,17.2119140625
2720194,24.169921875
2720731,18.310546875
2720746,18.12744140625
2720779,18.61572265625
2762948,20.69091796875
2777574,19.47021484375
2780043,25.146484375
2780211,17.4560546875
2780495,18.49365234375
2780991,17.15087890625
2781693,17.39501953125
2812290,18.12744140625
2818522,19.775390625
2818551,17.822265625
2850714,18.24951171875
2851082,19.8974609375
2861348,36.865234375
2861365,18.73779296875
2861377,38.818359375
2861398,21.17919921875
2861413,29.9072265625
2861423,29.47998046875
2861444,17.822265625
2861466,18.73779296875
2861483,25.93994140625
2861536,20.01953125
2861862,18.310546875
2862672,17.08984375
2862976,18.98193359375
2880184,20.81298828125
2880214,20.93505859375
2880232,30.1513671875
2880248,25.2685546875
2880264,20.6298828125
2880285,41.259765625
2880306,32.16552734375
2880328,20.99609375
2880365,32.958984375
2880438,23.92578125
2880459,21.97265625
2880662,17.4560546875
2880991,17.08984375
2881032,18.98193359375
2881163,26.7333984375
2881180,18.37158203125
2881205,17.08984375
2881248,17.333984375
2881455,17.15087890625
2881580,17.7001953125
2882066,17.76123046875
2882201,18.310546875
2904006,23.01025390625
2904035,25.7568359375
2904058,37.9638671875
2904072,23.0712890625
2904107,22.216796875
2904135,25.81787109375
2904199,18.798828125
2904301,18.12744140625
2904434,17.9443359375
2904562,19.6533203125
2904750,23.0712890625
2904797,17.63916015625
2904827,17.08984375
2904842,21.240234375
2904882,18.4326171875
2904999,20.1416015625
2905050,17.63916015625
2905106,20.99609375
2905212,17.15087890625
2905915,17.2119140625
2905974,17.9443359375
2906123,20.6298828125
2930199,18.49365234375
2930249,20.263671875
2930290,26.611328125
2930321,17.7001953125
2930347,40.34423828125
2930369,22.216796875
2930394,20.20263671875
2930423,25.45166015625
2930444,20.263671875
2930477,24.23095703125
2930495,17.822265625
2930526,17.822265625
2930547,22.705078125
2930598,17.27294921875
2930633,17.822265625
2930672,19.22607421875
2930813,18.24951171875
2930843,18.310546875
2930911,19.83642578125
2930947,18.37158203125
2931018,19.34814453125
2931106,19.95849609375
2931151,17.333984375
2931174,21.3623046875
2931219,26.30615234375
2931355,18.98193359375
2931398,17.822265625
2931985,18.24951171875
2932267,17.88330078125
2932517,21.1181640625
2956902,22.705078125
2957090,19.95849609375
2957170,20.20263671875
2957235,20.5078125
2957252,24.10888671875
2957271,20.6298828125
2957348,24.47509765625
2957397,18.06640625
2957411,18.5546875
2957461,17.15087890625
2957482,17.578125
2957492,22.27783203125
2957564,23.92578125
2957654,29.78515625
2958009,18.06640625
2977011,17.15087890625
2977409,20.81298828125
2977479,20.93505859375
2977515,19.47021484375
2977594,20.93505859375
2977617,23.8037109375
2977634,17.578125
2977742,27.64892578125
2977826,21.484375
2977905,21.54541015625
2978285,19.1650390625
2978450,19.10400390625
2978713,17.4560546875
3003710,18.12744140625
3003863,18.310546875
3003931,20.93505859375
3004107,18.12744140625
3004240,22.15576171875
3004263,17.15087890625
3004315,17.51708984375
3004344,17.822265625
3004487,19.775390625
3004670,17.76123046875
3005540,17.4560546875
3024597,19.22607421875
3024613,21.54541015625
3024663,21.91162109375
3024695,17.76123046875
3024785,21.1181640625
3024814,26.67236328125
3024832,17.08984375
3024925,23.92578125
3024950,26.9775390625
3025047,17.88330078125
3025236,19.10400390625
3025358,17.7001953125
3025712,19.04296875
3025823,17.51708984375
3025934,23.01025390625
3045082,20.1416015625
3045178,17.51708984375
3045327,17.51708984375
3045438,20.08056640625
3045522,17.63916015625
3045539,17.822265625
3045590,17.822265625
3045664,18.310546875
3045752,19.10400390625
3045864,17.76123046875
3045877,22.52197265625
3045973,17.08984375
3046075,17.7001953125
3046358,18.24951171875
3067358,17.9443359375
3067492,25.390625
3067567,17.08984375
3067658,17.15087890625
3067720,28.86962890625
3067738,17.578125
3067750,19.59228515625
3067786,20.08056640625
3067815,25.5126953125
3067844,19.4091796875
3067873,17.51708984375
3067925,20.263671875
3067988,20.1416015625
3068391,17.76123046875
3068868,18.37158203125
3068981,18.1884765625
3069287,18.06640625
3087315,17.822265625
3087466,17.39501953125
3087604,19.34814453125
3087629,17.39501953125
3087670,20.5078125
3087700,20.69091796875
3087728,17.2119140625
3087813,17.822265625
3088180,17.51708984375
3088260,17.4560546875
3088630,20.5078125
3088691,21.42333984375
3110394,18.24951171875
3110531,20.56884765625
3110585,20.263671875
3110642,18.24951171875
3110721,17.7001953125
3110906,18.6767578125
3110922,20.99609375
3129659,19.59228515625
3129828,17.2119140625
3129972,17.578125
3130059,18.5546875
3130181,17.88330078125
3130393,22.0947265625
3130514,20.08056640625
3130723,18.37158203125
3130827,17.333984375
3131258,17.27294921875
3131476,17.2119140625
3150964,18.9208984375
3151148,18.06640625
3151443,17.7001953125
3151461,18.00537109375
3151480,18.12744140625
3151626,18.1884765625
3151715,19.6533203125
3151774,18.00537109375
3151798,17.2119140625
3151967,17.2119140625
3152244,17.578125
3152353,21.91162109375
3172849,17.7001953125
3172973,19.71435546875
3173151,19.71435546875
3173330,17.4560546875
3173356,17.15087890625
3173404,17.4560546875
3173467,17.333984375
3173529,17.88330078125
3173549,17.4560546875
3173736,20.3857421875
3173983,17.27294921875
3174232,17.08984375
3195339,18.73779296875
3195436,19.53125
3195529,18.310546875
3195557,18.49365234375
3195700,17.4560546875
3195881,19.34814453125
3196142,18.73779296875
3196270,18.06640625
3196391,22.15576171875
3196405,17.27294921875
3196492,20.3857421875
3217426,22.94921875
3217718,17.39501953125
3217788,28.01513671875
3217820,17.51708984375
3218033,18.310546875
3218100,19.83642578125
3218511,19.22607421875
3218672,18.5546875
3239561,17.08984375
3240474,20.5078125
3240495,17.63916015625
3240620,17.27294921875
3240868,18.00537109375
3240883,18.4326171875
3240993,17.15087890625
3242022,17.63916015625
3262800,17.76123046875
3262964,18.00537109375
3262979,19.34814453125
3263110,21.42333984375
3263227,19.6533203125
3263501,18.310546875
3285187,19.287109375
3285391,18.4326171875
3285602,18.5546875
3285700,18.49365234375
3285908,17.333984375
3285995,21.6064453125
3286426,21.17919921875
3286574,17.08984375
3286721,21.66748046875
3306202,18.37158203125
3306281,21.8505859375
3306679,17.08984375
3306841,17.7001953125
3306863,20.01953125
3306909,20.99609375
3306929,17.39501953125
3307170,17.08984375
3331458,17.9443359375
3331799,19.8974609375
3332025,17.15087890625
3332135,17.333984375
3332217,19.287109375
3353660,18.06640625
3355856,17.39501953125
3355991,17.4560546875
3356227,20.20263671875
3356360,19.1650390625
3356404,19.10400390625
3357256,17.51708984375
3397406,17.15087890625
3397460,18.1884765625
3397511,17.08984375
3397619,17.15087890625
3397698,17.4560546875
3397728,18.1884765625
3397780,18.5546875
3397904,17.63916015625
3398005,22.64404296875
3398735,19.59228515625
3435036,22.76611328125
3435892,21.66748046875
3436237,17.63916015625
3436849,17.9443359375
3437350,19.53125
3462533,19.83642578125
3463916,17.39501953125
3464318,17.9443359375
3464958,17.333984375
3465061,21.484375
3489231,19.10400390625
3489384,19.22607421875
3489753,17.27294921875
3489775,17.27294921875
3489978,17.63916015625
3491146,18.6767578125
3514576,17.333984375
3515782,22.0947265625
3604232,19.47021484375
3605035,17.4560546875
3605910,18.37158203125
3606543,19.1650390625
3606615,17.9443359375
3620833,18.12744140625
3656099,18.798828125
3661739,17.76123046875
3689384,18.37158203125
3700275,17.27294921875
3700348,17.9443359375
3732000,18.1884765625
3743815,18.06640625
3749373,18.5546875
3757701,17.4560546875
3770789,19.04296875
3777272,20.93505859375
3777328,17.7001953125
3808726,19.59228515625
3809159,18.00537109375
3825860,19.71435546875
3849430,18.98193359375
3890990,17.27294921875
3907298,17.08984375
3913788,17.333984375
3922150,17.2119140625
3922347,20.44677734375
3940823,20.01953125
3940842,17.578125
3959690,20.69091796875
3959951,17.51708984375
3960048,18.5546875
3960130,22.39990234375
3960215,29.541015625
3960243,21.91162109375
3960256,23.5595703125
3960288,22.76611328125
3960314,35.64453125
3960355,23.3154296875
3960393,19.04296875
3960417,21.05712890625
3961022,19.95849609375
3961140,21.8505859375
3961251,21.91162109375
3961299,17.578125
3961596,18.24951171875
4003022,17.333984375
4024884,18.1884765625
4035410,19.287109375
4035455,17.333984375
4045013,19.1650390625
4056705,19.10400390625
4057077,17.4560546875
4090441,17.333984375
4090746,20.32470703125
4091157,20.32470703125
4095166,23.8037109375
4095196,26.06201171875
4095216,20.20263671875
4095244,24.47509765625
4095268,22.39990234375
4095297,26.91650390625
4095311,23.25439453125
4095340,18.9208984375
4095378,18.9208984375
4096165,25.45166015625
4096198,20.3857421875
4096222,17.333984375
4096337,18.73779296875
4141565,17.08984375
4141668,38.818359375
4141699,18.5546875
4141716,18.00537109375
4141743,41.80908203125
4141780,32.40966796875
4141808,18.1884765625
4141869,20.5078125
4141915,19.47021484375
4142495,18.5546875
4142513,17.333984375
4142577,17.822265625
4142601,17.39501953125
4142667,17.822265625
4142707,17.39501953125
4142722,29.11376953125
4142738,18.00537109375
4142793,19.83642578125
4142831,24.47509765625
4142875,21.6064453125
4142906,19.71435546875
4143050,18.00537109375
4143077,17.15087890625
4220376,17.7001953125
4229036,20.01953125
4229060,33.3251953125
4229116,21.30126953125
4229147,18.73779296875
4229180,28.62548828125
4229218,25.81787109375
4229234,23.8037109375
4229268,18.1884765625
4229978,19.47021484375
4229993,17.76123046875
4230063,17.822265625
4230130,19.34814453125
4230177,20.20263671875
4230424,17.39501953125
4230562,18.98193359375
4231057,17.88330078125
4291936,17.4560546875
4318172,17.27294921875
4348662,20.93505859375
4348942,17.08984375
4373329,18.06640625
4374881,18.5546875
4379352,17.88330078125
4409776,18.4326171875
4426073,18.00537109375
4427179,19.22607421875
4427336,22.8271484375
4427478,19.47021484375
4427512,21.05712890625
4427562,19.8974609375
4427574,26.55029296875
4427608,18.5546875
4427620,19.1650390625
4427674,24.5361328125
4427689,20.01953125
4428508,18.24951171875
4476191,17.333984375
4486305,20.751953125
4486334,18.9208984375
4522220,18.00537109375
4523716,18.06640625
4553927,19.22607421875
4554572,18.6767578125
4585180,17.88330078125
4587540,19.10400390625
4600359,19.22607421875
4610416,17.08984375
4621661,17.27294921875
4640474,20.20263671875
4656137,19.71435546875
4656156,17.76123046875
4664460,18.6767578125
4664555,18.37158203125
4664578,28.1982421875
4664617,27.28271484375
4664629,25.81787109375
4664661,20.08056640625
4664758,19.95849609375
4664824,17.51708984375
4665484,18.24951171875
4665561,18.49365234375
4665657,19.4091796875
4665745,20.08056640625
4665846,28.076171875
4665956,22.5830078125
4666080,17.27294921875
4722928,24.7802734375
4722956,17.4560546875
4722981,17.4560546875
4723002,35.58349609375
4723016,19.83642578125
4723046,28.564453125
4723080,22.27783203125
4723105,19.287109375
4723120,17.9443359375
4723717,19.47021484375
4723756,19.04296875
4723770,17.822265625
4723952,21.54541015625
4724033,21.17919921875
4724060,20.5078125
4724156,19.8974609375
4724269,17.15087890625
4724996,19.1650390625
4776192,23.49853515625
4776212,17.578125
4776226,28.99169921875
4776252,27.03857421875
4776281,22.3388671875
4776304,21.6064453125
4776340,23.193359375
4776366,21.05712890625
4776395,18.798828125
4776456,17.9443359375
4777079,18.6767578125
4777121,19.287109375
4777156,19.775390625
4777310,20.3857421875
4777333,17.08984375
4777476,18.85986328125
4778297,20.5078125
4809763,18.73779296875
4809895,19.47021484375
4809955,18.37158203125
4809976,22.76611328125
4810000,17.4560546875
4810020,25.0244140625
4810046,24.658203125
4810062,30.94482421875
4810080,21.30126953125
4810117,17.578125
4810141,24.169921875
4810190,19.6533203125
4810222,17.15087890625
4810256,18.37158203125
4810414,19.22607421875
4810767,22.8271484375
4811045,18.00537109375
4811172,17.08984375
4811199,25.87890625
4811244,17.63916015625
4811438,19.10400390625
4811469,18.5546875
4811559,17.27294921875
4845990,18.85986328125
4846188,20.3857421875
4846220,35.7666015625
4846268,19.1650390625
4846339,17.2119140625
4846386,17.4560546875
4846404,29.541015625
4846446,19.4091796875
4846463,18.4326171875
4847101,18.798828125
4847212,17.9443359375
4847743,17.27294921875
4877409,17.15087890625
4877523,20.01953125
4877537,18.73779296875
4877652,19.8974609375
4877697,20.69091796875
4877718,22.64404296875
4877788,18.24951171875
4877811,21.30126953125
4877875,22.76611328125
4877903,17.15087890625
4877962,19.71435546875
4878762,17.88330078125
4879242,18.61572265625
4879468,19.71435546875
4905790,17.15087890625
4905814,34.1796875
4905840,20.6298828125
4905854,17.39501953125
4905887,21.3623046875
4905899,17.822265625
4905921,19.34814453125
4905946,24.4140625
4905957,18.24951171875
4905993,25.5126953125
4906067,19.95849609375
4906095,18.06640625
4906185,17.39501953125
4906416,17.4560546875
4906705,17.9443359375
4906734,17.08984375
4906886,18.1884765625
4946603,20.8740234375
4946957,17.15087890625
4947283,17.76123046875
4947460,18.798828125
4947620,21.05712890625
4947659,20.6298828125
4947813,20.56884765625
4947864,19.47021484375
4984693,20.3857421875
4985057,17.39501953125
4985185,18.06640625
4985372,20.1416015625
4985451,18.00537109375
4985565,17.51708984375
4985581,19.8974609375
4985607,21.54541015625
4985685,23.25439453125
4986305,17.578125
4986649,17.7001953125
4986799,17.2119140625
5018409,17.9443359375
5018960,18.00537109375
5019106,17.88330078125
5019351,18.37158203125
5019451,18.798828125
5019464,18.73779296875
5019662,24.658203125
5019854,17.88330078125
5020091,17.27294921875
5020352,17.822265625
5020637,17.2119140625
5068197,19.22607421875
5069830,20.81298828125
5069865,22.27783203125
5069883,17.27294921875
5069920,20.5078125
5069933,17.4560546875
5069959,25.390625
5069986,21.484375
5069998,22.4609375
5070025,21.8505859375
5070043,23.92578125
5070057,17.27294921875
5070089,17.578125
5070146,18.98193359375
5070516,18.12744140625
5070700,21.05712890625
5070828,18.12744140625
5070892,18.06640625
5070933,18.12744140625
5071237,18.5546875
5071312,18.1884765625
5071505,18.61572265625
5108630,18.798828125
5108646,20.1416015625
5108854,17.9443359375
5108890,19.10400390625
5108942,18.6767578125
5108966,17.822265625
5108999,20.01953125
5109097,20.56884765625
5109113,18.1884765625
5109242,18.12744140625
5109502,17.08984375
5215572,17.63916015625
5216327,17.822265625
5274733,18.24951171875
5290292,18.12744140625
5290306,29.9072265625
5290346,19.59228515625
5290360,24.90234375
5290385,27.28271484375
5290405,22.5830078125
5290422,17.2119140625
5290464,25.0244140625
5290488,20.263671875
5290594,20.56884765625
5291504,17.822265625
5339384,25.20751953125
5339442,22.5830078125
5339473,20.99609375
5339484,28.99169921875
5339553,20.32470703125
5339584,22.0947265625
5339669,17.2119140625
5339729,18.5546875
5340576,17.08984375
5407567,17.63916015625
5407738,18.12744140625
5407839,17.333984375
5407858,22.03369140625
5407881,17.822265625
5407925,28.99169921875
5407948,17.27294921875
5407967,28.3203125
5407990,20.08056640625
5408025,18.310546875
5408103,18.85986328125
5408388,18.1884765625
5408639,19.22607421875
5501690,17.76123046875
5501908,18.798828125
5502017,19.71435546875
5502058,17.578125
5502095,24.10888671875
5502112,22.4609375
5502139,19.8974609375
5502157,29.47998046875
5502188,22.4609375
5502224,22.216796875
5502254,17.578125
5502320,19.47021484375
5502828,17.7001953125
5502928,18.5546875
5636919,17.08984375
5637015,21.240234375
5637034,23.98681640625
5637077,26.18408203125
5637104,21.91162109375
5637138,19.83642578125
5637197,17.51708984375
5637209,27.52685546875
5637287,17.578125
5637330,17.4560546875
5637361,17.15087890625
5704035,18.61572265625
5704110,18.37158203125
5749043,23.49853515625
5749177,17.333984375
5749216,18.24951171875
5749227,29.23583984375
5749253,26.123046875
5749278,24.658203125
5749314,22.4609375
5749355,18.49365234375
5749404,22.4609375
5749462,17.333984375
5750133,17.333984375
5750530,18.6767578125
5805879,17.333984375
5805906,19.71435546875
5805918,28.564453125
5805944,19.53125
5805970,20.751953125
5805984,31.67724609375
5806008,18.49365234375
5806047,25.634765625
5806063,22.8271484375
5806117,19.47021484375
5806236,18.98193359375
5806902,18.00537109375
5924490,17.63916015625
5940329,19.95849609375
5940365,21.05712890625
5940469,30.029296875
5940493,26.7333984375
5940521,24.7802734375
5940555,24.47509765625
5940605,18.310546875
5940646,26.55029296875
5940813,18.24951171875
5941311,19.8974609375
5941324,17.88330078125
5941639,18.98193359375
5941980,17.822265625
5988830,17.15087890625
5988893,19.04296875
5989057,37.353515625
5989121,18.9208984375
5989150,25.146484375
5989171,30.8837890625
5989221,26.611328125
5989245,24.2919921875
5989284,17.9443359375
5989338,17.578125
5989799,18.12744140625
5990896,21.484375
6054225,17.333984375
6054318,19.8974609375
6054340,23.49853515625
6054352,18.310546875
6054387,23.74267578125
6054419,17.27294921875
6054429,24.23095703125
6054457,19.10400390625
6054479,17.15087890625
6054499,20.263671875
6054563,18.24951171875
6055619,18.6767578125
6259296,17.2119140625
6314776,17.578125
6418199,19.22607421875
6507141,20.99609375
6507685,21.17919921875
6507890,21.3623046875
6508681,18.6767578125
6509162,25.0244140625
6509205,18.24951171875
6626610,17.51708984375
6633658,23.01025390625
6633874,27.4658203125
6633888,17.4560546875
6633912,18.61572265625
6633938,17.4560546875
6633995,25.634765625
6635065,17.7001953125
6635265,19.1650390625
6635340,18.5546875
6809811,18.310546875
6868149,19.287109375
6868516,20.8740234375
6869002,20.08056640625
6869573,17.88330078125
7028702,17.88330078125
7028907,23.62060546875
7028925,18.6767578125
7028950,28.564453125
7028963,22.0947265625
7028987,18.73779296875
7029004,21.78955078125
7029133,20.99609375
7030069,17.4560546875
7030204,18.4326171875
7030411,18.98193359375
7030489,18.98193359375
7196389,21.8505859375
7196414,22.88818359375
7196440,20.5078125
7196478,22.0947265625
7196497,22.88818359375
7196532,20.3857421875
7197895,17.822265625
7198103,17.578125
7448394,21.54541015625
7448442,21.97265625
7448514,19.22607421875
7448535,20.69091796875
7448568,18.6767578125
7448589,19.95849609375
7448616,24.10888671875
7448627,24.23095703125
7448758,21.240234375
7449827,18.61572265625
7449862,19.6533203125
7449936,18.98193359375
7450210,22.52197265625
7450448,19.53125
7450809,17.822265625
7609955,17.63916015625
7610164,17.15087890625
7610191,17.9443359375
7610234,19.34814453125
7610270,28.50341796875
7610306,18.00537109375
7610363,18.4326171875
7610424,19.34814453125
7611283,18.12744140625
7611344,19.1650390625
7931809,17.9443359375
7932107,18.85986328125
7932154,23.681640625
7932166,17.7001953125
7932200,17.76123046875
7932219,19.22607421875
7932277,17.15087890625
7932573,21.54541015625
7933475,20.69091796875
7933882,17.4560546875
8169726,17.578125
8169821,20.8740234375
8169847,17.4560546875
8169869,17.822265625
8169908,22.88818359375
8169949,17.333984375
8170071,19.04296875
8171376,17.822265625
8171577,19.1650390625
8777302,33.3251953125
8777347,26.06201171875
8777421,28.50341796875
8777472,17.822265625
8777508,20.01953125
8778758,19.10400390625
9150950,23.193359375
9150969,22.94921875
9151026,25.93994140625
9151039,24.84130859375
9151095,18.1884765625
9151141,18.1884765625
9151195,19.22607421875
9152922,17.51708984375
9305896,26.67236328125
9305911,21.42333984375
9305956,19.83642578125
9305982,26.7333984375
9306007,17.578125
9306060,18.310546875
9307370,17.578125
10543783,18.06640625
10543920,21.484375
10543958,18.49365234375
10544039,20.1416015625
10544754,18.5546875
10545327,18.24951171875
10545698,20.1416015625
11633586,18.9208984375
