11999000,0
185125,15.93017578125
185253,14.09912109375
185332,12.20703125
185375,12.20703125
185484,12.6953125
185511,13.48876953125
185583,12.26806640625
185613,15.7470703125
185882,16.357421875
185976,19.47021484375
186136,13.7939453125
186537,12.51220703125
186584,12.8173828125
187260,12.939453125
187988,13.0615234375
189420,12.5732421875
330426,14.09912109375
330686,12.39013671875
330725,16.66259765625
330902,12.939453125
331041,13.916015625
331348,13.12255859375
331378,13.48876953125
331503,13.671875
331632,15.7470703125
331985,12.39013671875
332428,12.20703125
332772,13.671875
483546,14.83154296875
483681,14.95361328125
483766,12.5732421875
483902,14.34326171875
484028,14.7705078125
484039,14.404296875
484317,13.12255859375
484462,12.75634765625
484614,12.51220703125
484788,13.18359375
484812,13.427734375
485272,14.0380859375
485753,12.939453125
485856,14.09912109375
486780,14.09912109375
488372,13.00048828125
595220,12.39013671875
595302,14.46533203125
595520,13.61083984375
595594,12.5732421875
595630,13.61083984375
595821,13.427734375
595851,16.90673828125
595945,16.05224609375
596020,12.8173828125
596168,16.357421875
596395,12.451171875
596641,13.24462890625
596919,13.85498046875
596958,16.05224609375
597221,13.0615234375
597534,14.5263671875
598028,12.3291015625
757589,13.671875
757754,12.6953125
757902,15.31982421875
757944,13.00048828125
758046,16.9677734375
758163,16.29638671875
758239,15.380859375
758446,14.16015625
758754,16.17431640625
758786,12.26806640625
759271,12.63427734375
759951,17.08984375
884622,15.869140625
884783,17.2119140625
884870,13.97705078125
884905,13.3056640625
884959,12.939453125
885031,13.48876953125
885140,13.3056640625
885159,12.939453125
885207,12.63427734375
885335,12.20703125
885661,13.671875
885836,12.26806640625
886114,12.451171875
886706,14.70947265625
886848,12.5732421875
887271,13.48876953125
1042670,13.671875
1042745,19.287109375
1042865,13.12255859375
1042962,13.36669921875
1043209,12.5732421875
1043448,14.16015625
1043755,14.6484375
1043920,14.2822265625
1044586,17.2119140625
1044666,12.939453125
1045018,12.3291015625
1237717,15.380859375
1237846,23.13232421875
1238028,14.404296875
1238045,13.00048828125
1238106,13.00048828125
1238240,13.85498046875
1238337,12.6953125
1238353,12.20703125
1238415,12.8173828125
1238612,14.0380859375
1238886,15.625
1239054,13.0615234375
1239525,12.3291015625
1239789,13.97705078125
1240686,12.51220703125
1309126,14.6484375
1309254,13.0615234375
1309438,14.5263671875
1309489,12.451171875
1309521,12.63427734375
1309548,16.41845703125
1309767,16.78466796875
1310063,13.0615234375
1310439,13.61083984375
1310681,14.7705078125
1311065,12.63427734375
1311713,17.02880859375
1435644,14.46533203125
1435828,12.75634765625
1435934,15.2587890625
1436050,14.34326171875
1436172,14.95361328125
1436448,13.5498046875
1436626,13.18359375
1436666,12.3291015625
1436822,13.18359375
1437660,14.95361328125
1437875,12.939453125
1438482,14.7705078125
1438944,14.22119140625
1575528,14.16015625
1575688,13.7939453125
1575796,13.916015625
1575994,12.5732421875
1576181,15.7470703125
1576334,18.61572265625
1576522,16.4794921875
1576787,14.70947265625
1661211,12.8173828125
1661316,12.20703125
1661418,13.61083984375
1661540,12.20703125
1661640,14.95361328125
1661756,14.34326171875
1661984,12.451171875
1662281,14.46533203125
1662456,13.24462890625
1663096,12.87841796875
1663460,12.5732421875
1663729,13.12255859375
1727000,12.26806640625
1727133,13.36669921875
1727162,12.8173828125
1727285,12.8173828125
1728090,13.24462890625
1728226,16.78466796875
1728485,12.20703125
1729011,13.671875
1827318,15.869140625
1827434,12.8173828125
1827527,12.20703125
1827610,15.9912109375
1827638,14.2822265625
1828070,15.19775390625
1828190,12.26806640625
1828415,12.51220703125
1828801,15.44189453125
1829129,13.85498046875
1830133,13.97705078125
1830504,12.26806640625
1971787,13.85498046875
1971928,12.87841796875
1972000,12.3291015625
1972195,13.12255859375
1972438,19.4091796875
1972555,15.13671875
1972703,13.3056640625
1973203,12.3291015625
1973667,12.451171875
1973833,13.427734375
1974409,12.75634765625
2109298,12.3291015625
2109471,12.63427734375
2109704,13.24462890625
2109885,16.17431640625
2110355,12.3291015625
2110503,12.39013671875
2110864,15.13671875
2111265,14.892578125
2111991,14.70947265625
2171670,14.83154296875
2171825,12.63427734375
2171889,16.4794921875
2172005,13.24462890625
2172037,15.44189453125
2172621,13.12255859375
2172860,14.34326171875
2173317,17.88330078125
2254698,14.404296875
2255032,13.36669921875
2255131,12.87841796875
2255270,14.5263671875
2255377,12.451171875
2255632,15.56396484375
2255814,14.22119140625
2256305,12.451171875
2256448,13.61083984375
2256601,13.916015625
2256814,15.19775390625
2411672,15.380859375
2411927,14.5263671875
2412017,12.451171875
2412085,12.20703125
2412252,12.451171875
2412270,12.3291015625
2412373,13.97705078125
2412424,15.0146484375
2412675,12.87841796875
2412789,14.70947265625
2412807,14.892578125
2413100,13.00048828125
2413543,13.36669921875
2414022,13.24462890625
2479062,14.2822265625
2479338,13.48876953125
2479377,15.19775390625
2479461,14.09912109375
2479528,12.939453125
2479687,13.427734375
2479745,14.5263671875
2479926,13.427734375
2480049,14.09912109375
2480100,15.5029296875
2481304,13.18359375
2481960,14.6484375
2625000,12.939453125
2625096,13.3056640625
2625249,13.18359375
2625373,14.16015625
2625515,13.7939453125
2625937,20.3857421875
2625997,12.39013671875
2626070,12.20703125
2626608,13.5498046875
2626907,12.939453125
2628302,13.00048828125
2750505,12.26806640625
2750598,14.46533203125
2750801,12.8173828125
2750890,12.39013671875
2751110,12.451171875
2751182,12.39013671875
2751317,13.0615234375
2751602,13.671875
2751830,12.87841796875
2751914,15.2587890625
2752123,14.34326171875
2752260,12.51220703125
2752578,13.00048828125
2753390,13.12255859375
2899170,15.07568359375
2899231,12.63427734375
2899309,12.39013671875
2899487,12.3291015625
2899635,15.0146484375
2899968,12.51220703125
2900011,13.85498046875
2900710,14.2822265625
3010126,13.7939453125
3010261,13.12255859375
3010279,15.380859375
3010415,16.17431640625
3010567,13.3056640625
3010703,14.09912109375
3010824,13.5498046875
3010922,12.51220703125
3010970,12.39013671875
3011450,14.2822265625
3012089,12.75634765625
3012528,12.939453125
3145786,12.26806640625
3145854,16.4794921875
3145915,12.75634765625
3146020,12.26806640625
3146040,13.48876953125
3146116,14.892578125
3146199,12.75634765625
3146223,14.0380859375
3146358,15.5029296875
3146505,13.85498046875
3146654,13.427734375
3146933,13.24462890625
3146963,12.75634765625
3147438,14.0380859375
3147911,13.48876953125
3148191,12.20703125
3165710,14.16015625
3166110,12.451171875
3166429,12.5732421875
3166542,13.00048828125
3167061,14.34326171875
3167259,13.97705078125
3167595,12.20703125
3167845,14.95361328125
3169015,16.4794921875
3169566,13.916015625
3333062,13.12255859375
3333160,13.36669921875
3333203,13.671875
3333281,17.333984375
3333459,12.26806640625
3333526,13.73291015625
3333684,14.5263671875
3333847,12.63427734375
3334111,12.20703125
3334126,13.97705078125
3334346,12.39013671875
3334398,12.26806640625
3334566,19.83642578125
3334758,13.3056640625
3334981,16.845703125
3335460,13.18359375
3428718,14.70947265625
3428835,12.75634765625
3428962,12.8173828125
3429180,12.3291015625
3429297,12.20703125
3429636,12.6953125
3429892,12.63427734375
3429988,12.26806640625
3430286,12.939453125
3430979,12.8173828125
3584625,12.8173828125
3584636,13.73291015625
3584874,13.12255859375
3584986,15.380859375
3585087,16.17431640625
3585158,12.26806640625
3585353,12.75634765625
3585460,16.66259765625
3585567,12.3291015625
3585653,14.7705078125
3586064,13.00048828125
3586286,14.5263671875
3586564,14.09912109375
3587205,12.26806640625
3663674,15.0146484375
3663746,13.18359375
3663828,14.83154296875
3664323,14.22119140625
3664619,12.26806640625
3664884,17.02880859375
3665056,12.6953125
3665358,12.75634765625
3665731,12.26806640625
3667415,14.22119140625
3790629,12.63427734375
3790713,14.22119140625
3790990,15.625
3791139,12.39013671875
3791291,12.39013671875
3791468,12.451171875
3791686,12.3291015625
3791963,13.0615234375
3792096,13.18359375
3792158,14.58740234375
3792306,12.8173828125
3792811,12.39013671875
3793091,12.51220703125
3888869,12.939453125
3889134,12.26806640625
3889175,12.51220703125
3889206,14.58740234375
3889492,12.39013671875
3889841,12.51220703125
3889911,14.58740234375
3890100,12.75634765625
3890408,15.380859375
3891076,12.5732421875
3891681,12.8173828125
4072971,12.87841796875
4073181,14.95361328125
4073300,17.08984375
4073434,12.5732421875
4073677,12.39013671875
4074420,13.0615234375
4074884,12.451171875
4152576,13.61083984375
4152785,13.73291015625
4152969,15.0146484375
4153250,14.0380859375
4153330,13.671875
4153414,13.5498046875
4153836,13.0615234375
4154131,12.87841796875
4154262,12.8173828125
4154461,13.7939453125
4175956,13.0615234375
4176231,15.19775390625
4176665,12.3291015625
4176715,13.24462890625
4177143,15.13671875
4177522,14.892578125
4178488,12.8173828125
4249687,12.26806640625
4249772,16.17431640625
4250114,12.3291015625
4250515,16.05224609375
4250748,16.357421875
4250803,12.3291015625
4251069,12.939453125
4251193,12.51220703125
4251560,16.845703125
4251914,13.916015625
4396223,13.00048828125
4396778,12.63427734375
4396951,15.5029296875
4397122,16.17431640625
4397376,12.75634765625
4397647,13.916015625
4397971,12.3291015625
4398394,12.451171875
4551286,13.36669921875
4551401,15.0146484375
4551420,16.11328125
4551570,12.26806640625
4551663,18.06640625
4551850,15.80810546875
4551861,13.12255859375
4552289,13.61083984375
4552525,14.34326171875
4552788,15.869140625
4553254,13.00048828125
4572951,17.4560546875
4573246,15.44189453125
4573959,15.93017578125
4574511,18.00537109375
4574866,13.18359375
4575015,12.20703125
4575188,12.451171875
4575395,14.0380859375
4741317,13.7939453125
4741369,12.20703125
4741470,15.07568359375
4741524,13.916015625
4741614,12.75634765625
4741773,14.404296875
4741919,15.625
4742345,18.00537109375
4742593,12.451171875
4743423,13.18359375
4743678,12.6953125
4763531,14.0380859375
4763641,13.18359375
4763725,14.0380859375
4763861,12.75634765625
4764092,12.5732421875
4764589,15.625
4764631,13.5498046875
4765084,13.7939453125
4766076,12.939453125
4766735,13.00048828125
4767613,12.451171875
4935689,13.3056640625
4935797,14.2822265625
4936051,13.73291015625
4936205,13.97705078125
4936400,17.2119140625
4936419,14.58740234375
4937798,16.2353515625
4939065,12.451171875
4940901,13.18359375
5126107,13.48876953125
5126280,13.427734375
5126417,13.73291015625
5126552,14.16015625
5126568,15.5029296875
5126620,12.451171875
5126727,13.7939453125
5126875,13.12255859375
5126938,12.6953125
5127151,12.20703125
5127385,15.7470703125
5128166,14.2822265625
5128737,14.6484375
5163198,14.2822265625
5163854,14.46533203125
5163868,12.3291015625
5164029,15.869140625
5164192,12.26806640625
5164381,14.16015625
5164706,13.0615234375
5165211,13.916015625
5165375,12.87841796875
5165724,12.26806640625
5377641,12.20703125
5377668,12.87841796875
5377815,14.2822265625
5377968,12.87841796875
5378079,14.34326171875
5378298,13.0615234375
5378406,15.80810546875
5397123,15.380859375
5397418,12.451171875
5397692,14.34326171875
5397877,12.5732421875
5397986,12.3291015625
5398086,12.451171875
5398389,13.0615234375
5398544,12.87841796875
5399184,13.48876953125
5399198,12.3291015625
5399733,13.7939453125
5400095,12.6953125
5400653,12.3291015625
5435822,14.95361328125
5435948,12.8173828125
5435990,12.51220703125
5436132,13.36669921875
5436305,12.5732421875
5436634,14.6484375
5436780,13.85498046875
5437078,14.7705078125
5437311,16.41845703125
5437564,14.2822265625
5437984,12.87841796875
5438302,14.0380859375
5457327,12.939453125
5457817,13.36669921875
5458828,15.56396484375
5459303,12.63427734375
5459706,13.85498046875
5460231,12.26806640625
5484435,16.17431640625
5484843,13.97705078125
5484868,12.63427734375
5485125,12.5732421875
5485341,13.671875
5486050,12.3291015625
5486964,13.427734375
5680104,16.78466796875
5680178,12.87841796875
5680255,12.87841796875
5680579,14.5263671875
5680649,12.26806640625
5680681,13.427734375
5680782,13.671875
5680916,15.56396484375
5680977,15.625
5681021,12.39013671875
5681244,14.892578125
5681381,15.44189453125
5681441,12.6953125
5681722,14.70947265625
5681887,14.22119140625
5681943,12.8173828125
5682084,16.29638671875
5682416,12.939453125
5682545,14.58740234375
5715732,13.0615234375
5715989,13.24462890625
5716130,12.3291015625
5716206,15.19775390625
5716352,14.16015625
5716500,15.0146484375
5716710,13.00048828125
5717320,12.5732421875
5717522,15.0146484375
5718083,13.916015625
5719072,12.8173828125
5859168,15.56396484375
5859461,14.892578125
5859591,12.451171875
5859859,12.87841796875
5860217,13.7939453125
5860597,13.12255859375
5860899,14.34326171875
5861726,15.07568359375
5884002,13.48876953125
5884325,13.73291015625
5884762,18.98193359375
5885071,16.17431640625
5885598,12.51220703125
5886004,15.0146484375
6069421,16.41845703125
6069714,14.46533203125
6069805,12.6953125
6069864,17.27294921875
6069927,14.34326171875
6069969,14.46533203125
6070276,13.671875
6070386,12.8173828125
6070583,12.63427734375
6070874,13.671875
6071307,12.8173828125
6071327,12.6953125
6072080,12.63427734375
6072510,13.5498046875
6073507,13.3056640625
6088471,13.916015625
6088895,12.3291015625
6089422,12.26806640625
6089504,13.73291015625
6089916,12.20703125
6089989,15.2587890625
6090239,12.6953125
6090418,12.20703125
6090567,12.63427734375
6092299,13.48876953125
6105495,12.451171875
6105802,14.09912109375
6106159,15.56396484375
6106542,12.87841796875
6107065,14.46533203125
6107295,14.2822265625
6107654,12.39013671875
6108931,12.39013671875
6126392,13.24462890625
6126537,14.22119140625
6126638,14.2822265625
6126827,15.93017578125
6127405,12.75634765625
6127613,12.39013671875
6127864,12.75634765625
6128180,12.8173828125
6129259,14.70947265625
6144995,12.451171875
6145987,12.39013671875
6148016,12.5732421875
6148528,13.00048828125
6165952,13.671875
6166686,12.20703125
6183617,14.0380859375
6186784,12.8173828125
6211272,12.8173828125
6211574,14.5263671875
6211784,12.3291015625
6212906,13.3056640625
6213246,12.75634765625
6440628,12.3291015625
6440744,13.3056640625
6440824,12.5732421875
6440968,13.24462890625
6441091,14.404296875
6441202,15.93017578125
6441412,13.48876953125
6442057,15.80810546875
6442388,12.451171875
6442584,12.20703125
6442703,13.00048828125
6443224,13.24462890625
6443561,15.44189453125
6443886,13.48876953125
6460687,14.34326171875
6460760,12.6953125
6460935,12.63427734375
6460982,19.71435546875
6461919,13.12255859375
6462158,13.5498046875
6462819,12.75634765625
6465019,14.70947265625
6573030,18.98193359375
6573128,12.451171875
6573219,14.58740234375
6573401,13.85498046875
6573559,12.939453125
6573789,14.83154296875
6573924,12.87841796875
6574000,14.404296875
6574088,12.26806640625
6574390,15.625
6574655,13.48876953125
6574754,12.20703125
6577165,13.427734375
6729612,13.97705078125
6730070,12.6953125
6730401,13.3056640625
6730683,12.63427734375
6730909,12.87841796875
6731036,13.36669921875
6731121,14.22119140625
6731245,12.26806640625
6731320,12.39013671875
6731875,12.5732421875
6732492,13.3056640625
6826165,12.8173828125
6826343,16.90673828125
6826454,15.13671875
6826599,14.58740234375
6826762,16.9677734375
6827537,14.0380859375
6827731,13.73291015625
6828577,15.2587890625
6850267,12.75634765625
6850338,13.00048828125
6850434,14.404296875
6850557,13.00048828125
6850720,13.48876953125
6851012,12.51220703125
6851229,13.61083984375
6851390,12.6953125
6851850,13.427734375
6852039,13.61083984375
6852132,12.63427734375
6852403,15.9912109375
6852916,15.13671875
6892374,13.427734375
6892608,15.0146484375
6892865,14.83154296875
6893481,14.2822265625
6893664,16.2353515625
6893729,12.87841796875
6893774,16.90673828125
6894013,13.18359375
6894405,13.61083984375
7050562,14.0380859375
7050926,14.16015625
7050948,13.85498046875
7051197,13.0615234375
7051321,12.39013671875
7051758,14.0380859375
7052261,13.00048828125
7052498,13.97705078125
7052700,12.20703125
7052945,12.63427734375
7077528,12.6953125
7078505,14.22119140625
7078562,12.39013671875
7078915,13.85498046875
7079250,13.671875
7079555,13.0615234375
7080048,13.18359375
7096229,13.24462890625
7096565,14.46533203125
7096868,15.869140625
7097162,15.56396484375
7097376,12.8173828125
7097809,13.3056640625
7098041,13.7939453125
7100060,13.671875
7114795,14.34326171875
7114945,13.3056640625
7116050,12.51220703125
7116317,15.80810546875
7116627,16.17431640625
7118595,12.75634765625
7255275,16.29638671875
7255465,15.5029296875
7255588,17.822265625
7256680,14.2822265625
7257253,14.70947265625
7257761,13.3056640625
7257784,14.0380859375
7283598,14.0380859375
7283786,12.87841796875
7284053,12.51220703125
7284147,12.39013671875
7284693,12.6953125
7284975,15.7470703125
7285130,16.2353515625
7285568,13.36669921875
7286301,12.20703125
7286671,12.451171875
7500143,13.916015625
7500478,12.26806640625
7500571,12.451171875
7500689,15.9912109375
7500893,13.0615234375
7501023,12.3291015625
7501112,14.404296875
7501157,15.13671875
7501196,12.20703125
7501316,17.08984375
7501653,12.26806640625
7501766,12.939453125
7502279,14.6484375
7502963,12.20703125
7503250,12.3291015625
7518866,12.20703125
7519167,12.75634765625
7519351,12.6953125
7519446,13.18359375
7519740,15.19775390625
7519945,13.18359375
7520119,15.07568359375
7520257,12.8173828125
7520335,13.48876953125
7520483,14.892578125
7538266,12.39013671875
7538954,12.5732421875
7539128,12.63427734375
7539878,12.75634765625
7540199,15.0146484375
7540754,13.12255859375
7540933,14.46533203125
7697320,14.09912109375
7697588,12.75634765625
7697777,14.46533203125
7697815,13.0615234375
7697994,16.90673828125
7698214,16.4794921875
7698782,12.451171875
7842844,15.0146484375
7842874,12.8173828125
7843018,13.0615234375
7843037,14.95361328125
7843309,14.58740234375
7843348,12.51220703125
7843753,12.939453125
7843948,14.16015625
7844470,13.7939453125
7844725,12.87841796875
7864395,12.451171875
7864558,12.39013671875
7864590,13.3056640625
7865001,14.7705078125
7865172,15.93017578125
7865335,12.75634765625
7865469,12.5732421875
7866326,12.20703125
7893566,14.16015625
7893789,12.87841796875
7893808,13.00048828125
7893836,13.3056640625
7894181,13.12255859375
7894193,13.36669921875
7894504,13.7939453125
7894864,12.63427734375
7895214,13.427734375
7895600,14.0380859375
7896142,13.18359375
7896437,14.16015625
7897349,12.20703125
7915593,14.70947265625
7916351,13.3056640625
7916997,12.451171875
7917054,12.8173828125
7917522,12.6953125
7918328,13.5498046875
7918492,12.87841796875
7934057,12.20703125
7934238,12.8173828125
7934543,12.6953125
7934925,12.63427734375
7936273,14.46533203125
7952950,13.12255859375
7953920,13.85498046875
7954439,13.7939453125
7955143,13.427734375
7955364,13.0615234375
7957071,12.51220703125
7957904,12.8173828125
8177671,15.13671875
8177998,12.6953125
8178141,13.671875
8178172,12.5732421875
8178263,12.3291015625
8178357,13.7939453125
8178443,12.39013671875
8178547,13.61083984375
8178683,13.00048828125
8178782,14.5263671875
8179253,12.87841796875
8179931,13.671875
8269415,12.20703125
8269573,14.70947265625
8269732,12.26806640625
8269788,12.5732421875
8269827,13.3056640625
8270070,15.380859375
8270437,13.5498046875
8270496,13.0615234375
8271192,14.09912109375
8271307,14.46533203125
8271522,14.58740234375
8272176,14.09912109375
8544678,14.34326171875
8544836,15.56396484375
8544919,14.22119140625
8545069,12.87841796875
8545157,14.404296875
8545205,12.51220703125
8545233,12.20703125
8545289,14.46533203125
8545329,14.09912109375
8546146,12.5732421875
8546881,13.73291015625
8547941,14.09912109375
8564857,14.16015625
8565137,12.87841796875
8565203,12.451171875
8565570,12.51220703125
8565648,13.00048828125
8565781,14.404296875
8565904,16.78466796875
8566195,13.427734375
8566476,18.12744140625
8568623,14.0380859375
8569702,12.3291015625
8635342,13.0615234375
8635359,12.63427734375
8635537,12.8173828125
8635663,12.75634765625
8635876,13.0615234375
8636142,13.3056640625
8636253,12.39013671875
8636325,14.404296875
8636530,14.7705078125
8636742,12.5732421875
8636810,13.18359375
8636975,12.75634765625
8637102,12.8173828125
8638514,12.75634765625
8639085,12.39013671875
8781505,13.36669921875
8781680,12.6953125
8781833,14.83154296875
8782026,13.671875
8782436,14.34326171875
8782684,12.6953125
8782919,12.20703125
8783180,13.97705078125
8783678,13.427734375
8784087,12.75634765625
8784290,12.939453125
8902776,12.20703125
8902967,16.2353515625
8903061,13.427734375
8903103,15.9912109375
8903125,13.48876953125
8903222,14.22119140625
8903343,16.41845703125
8903437,12.6953125
8903786,12.5732421875
8904603,12.26806640625
8905036,12.39013671875
8905368,14.09912109375
8905444,12.451171875
8999616,14.16015625
8999832,17.02880859375
8999970,12.939453125
9000041,13.73291015625
9000365,12.5732421875
9000689,16.78466796875
9000919,15.2587890625
9001120,12.8173828125
9001362,16.29638671875
9135199,12.3291015625
9135354,15.7470703125
9135450,12.20703125
9135530,13.24462890625
9135546,12.63427734375
9135635,12.5732421875
9135796,12.26806640625
9135986,15.07568359375
9136121,12.39013671875
9136417,12.939453125
9136635,13.12255859375
9136807,12.51220703125
9137145,17.27294921875
9137314,13.0615234375
9201715,12.8173828125
9201791,12.87841796875
9201929,20.69091796875
9202100,12.3291015625
9202148,13.3056640625
9202377,14.34326171875
9202609,13.916015625
9202758,13.85498046875
9202798,13.18359375
9203032,15.56396484375
9203267,12.5732421875
9203750,13.24462890625
9212277,12.20703125
9350181,12.20703125
9350293,13.24462890625
9350410,13.0615234375
9350601,17.76123046875
9350702,13.48876953125
9351080,14.0380859375
9351241,12.26806640625
9351864,14.5263671875
9368440,13.671875
9368893,12.5732421875
9369169,17.7001953125
9369462,13.24462890625
9369519,15.0146484375
9369606,12.26806640625
9370473,12.39013671875
9371153,13.671875
9372024,13.427734375
9372499,13.0615234375
9467528,14.83154296875
9467770,15.19775390625
9467796,12.939453125
9467906,15.7470703125
9468127,12.39013671875
9468527,13.00048828125
9468547,12.87841796875
9468815,12.451171875
9469090,12.5732421875
9469854,13.97705078125
9470052,13.18359375
9583962,12.3291015625
9583987,13.5498046875
9584013,13.7939453125
9584120,13.916015625
9584363,13.48876953125
9584507,12.6953125
9584705,13.427734375
9585054,15.380859375
9585316,14.0380859375
9585550,12.6953125
9585893,14.2822265625
9586241,13.85498046875
9587639,13.24462890625
9605847,12.8173828125
9605909,12.63427734375
9606511,12.26806640625
9606603,12.451171875
9606864,18.310546875
9607186,12.39013671875
9607298,14.58740234375
9607336,12.26806640625
9607420,12.39013671875
9607555,13.7939453125
9607760,13.427734375
9608226,12.51220703125
9629912,16.41845703125
9630636,14.46533203125
9630804,13.3056640625
9631147,13.85498046875
9632653,12.63427734375
9633062,14.2822265625
9646931,17.15087890625
9647163,12.39013671875
9647857,12.75634765625
9648117,13.73291015625
9649120,14.7705078125
9649461,12.26806640625
9650146,12.26806640625
9863130,15.0146484375
9863250,13.3056640625
9863310,15.80810546875
9863383,12.8173828125
9863452,15.80810546875
9863596,16.78466796875
9863746,12.20703125
9863873,15.93017578125
9864024,14.34326171875
9864129,13.18359375
9864340,13.5498046875
9865508,12.5732421875
9865671,12.3291015625
9866571,13.85498046875
9929830,12.451171875
10027695,13.7939453125
10027803,12.5732421875
10027869,14.6484375
10028059,14.22119140625
10028173,13.916015625
10028644,15.68603515625
10028914,14.95361328125
10029172,14.83154296875
10029461,13.85498046875
10029638,12.26806640625
10049758,12.63427734375
10049837,12.5732421875
10050093,12.3291015625
10050281,12.5732421875
10050401,14.5263671875
10050615,19.34814453125
10075034,12.451171875
10268708,13.671875
10269078,16.54052734375
10269330,12.26806640625
10269433,14.404296875
10269525,12.51220703125
10269722,12.51220703125
10269862,12.939453125
10270081,13.12255859375
10431364,12.3291015625
10431578,12.63427734375
10431867,15.19775390625
10432153,13.0615234375
10432388,13.24462890625
10432473,12.63427734375
10432656,15.19775390625
10433448,12.26806640625
10454366,13.00048828125
10454579,13.48876953125
10454737,13.61083984375
10454952,12.5732421875
10455207,16.66259765625
10455359,12.3291015625
10455393,14.0380859375
10455989,14.7705078125
10456201,13.7939453125
10456719,12.8173828125
10457270,12.8173828125
10458944,13.48876953125
10475829,12.3291015625
10476570,13.5498046875
10476939,12.75634765625
10477153,15.7470703125
10477623,12.51220703125
10478351,13.48876953125
10480167,12.75634765625
10555060,12.75634765625
10555096,13.0615234375
10555192,12.87841796875
10555208,12.75634765625
10555280,12.8173828125
10555467,14.46533203125
10555719,12.6953125
10555845,16.29638671875
10556045,14.0380859375
10556487,13.916015625
10557018,14.0380859375
10557306,15.31982421875
10557878,13.7939453125
10558216,13.24462890625
10598984,14.83154296875
10599279,12.3291015625
10599437,15.9912109375
10599580,13.85498046875
10599620,13.671875
10599758,12.3291015625
10600751,14.09912109375
10601905,12.5732421875
10931264,17.4560546875
10931427,16.78466796875
10931543,13.12255859375
10931692,13.12255859375
10931821,13.18359375
10931855,13.3056640625
10931908,12.6953125
10932144,15.380859375
10932379,14.22119140625
10932406,12.75634765625
10932727,14.58740234375
10933191,14.70947265625
10996865,15.13671875
10997183,18.06640625
10997313,16.4794921875
10997356,13.00048828125
10997483,17.51708984375
10997494,12.39013671875
10997704,12.75634765625
10997938,13.48876953125
10998187,13.00048828125
10998576,13.36669921875
10999065,12.939453125
10999134,12.20703125
11150660,16.11328125
11151057,12.3291015625
11151143,13.5498046875
11151201,12.63427734375
11151333,14.22119140625
11151459,16.41845703125
11151877,12.939453125
11152004,12.51220703125
11152177,12.3291015625
11152418,15.13671875
11172248,13.00048828125
11172471,19.8974609375
11172799,13.12255859375
11173030,15.625
11173262,13.85498046875
11173587,15.93017578125
11174156,19.6533203125
11280561,15.13671875
11280800,14.7705078125
11280933,12.26806640625
11281144,13.12255859375
11281217,14.09912109375
11281501,14.34326171875
11281935,12.8173828125
11282812,13.12255859375
11283162,16.78466796875
11308807,13.0615234375
11309070,18.73779296875
11309272,13.0615234375
11309384,14.16015625
11309958,13.7939453125
11310560,12.8173828125
11332115,13.5498046875
11332210,12.51220703125
11332542,12.939453125
11332730,13.3056640625
11332868,13.24462890625
11333055,13.427734375
11333191,14.5263671875
11333610,13.36669921875
11333883,13.671875
11334079,13.427734375
11335211,17.333984375
11350207,12.63427734375
11350946,13.24462890625
11351510,12.39013671875
11351826,14.09912109375
11352041,12.8173828125
11352112,12.87841796875
11353181,14.46533203125
11355280,12.451171875
11371197,12.5732421875
11371408,15.380859375
11371893,13.00048828125
11372146,14.5263671875
11372987,13.00048828125
11374318,12.39013671875
11375539,12.20703125
11390976,14.34326171875
11392490,13.61083984375
11393008,12.39013671875
11393874,14.892578125
11412364,13.97705078125
11413443,12.20703125
11429388,13.18359375
11429738,12.20703125
11430086,13.73291015625
11431373,13.427734375
11431675,15.625
11432429,12.5732421875
11805482,13.85498046875
11805515,17.51708984375
11805736,16.11328125
11805868,12.26806640625
11806385,13.5498046875
11806722,13.00048828125
11806780,12.39013671875
11807188,15.19775390625
11807278,12.63427734375
11807571,13.18359375
11929508,15.07568359375
11929725,13.5498046875
11930006,13.671875
11930318,17.333984375
11931081,13.12255859375
11931121,13.24462890625
11931969,13.916015625
11932625,12.6953125
