11999000,0
184907,13.24462890625
185255,13.36669921875
185325,13.18359375
185555,16.17431640625
185585,13.18359375
185778,13.7939453125
185815,14.22119140625
185933,14.09912109375
185984,14.22119140625
186115,13.7939453125
186195,15.5029296875
186252,14.70947265625
186359,13.36669921875
186476,15.5029296875
186644,14.404296875
186730,17.7001953125
186861,15.56396484375
186872,17.4560546875
187020,13.12255859375
187126,13.18359375
187306,14.95361328125
187406,13.7939453125
187537,17.9443359375
187784,14.6484375
187884,15.13671875
187914,13.85498046875
188114,17.63916015625
188523,15.869140625
188779,17.76123046875
189882,13.61083984375
190646,14.0380859375
330283,13.7939453125
330573,14.22119140625
330599,13.5498046875
330615,13.36669921875
330775,13.24462890625
330896,15.80810546875
331415,13.5498046875
331659,13.36669921875
331765,13.85498046875
332361,14.2822265625
332503,13.97705078125
332642,14.09912109375
333310,14.0380859375
333367,13.36669921875
333604,16.90673828125
333809,14.34326171875
334562,13.61083984375
334860,16.11328125
335795,14.5263671875
483612,13.7939453125
483634,14.70947265625
483931,13.18359375
483979,14.5263671875
484142,14.6484375
484175,13.97705078125
484739,14.7705078125
484875,14.34326171875
484927,17.08984375
485179,13.73291015625
485315,15.19775390625
485446,13.61083984375
485498,13.61083984375
485835,13.73291015625
485872,15.68603515625
486020,14.7705078125
486044,13.12255859375
486219,17.15087890625
486456,13.427734375
486661,14.58740234375
486960,14.6484375
487329,14.22119140625
488116,14.22119140625
488590,13.48876953125
489251,14.5263671875
595117,15.93017578125
595326,14.83154296875
595375,15.7470703125
595532,13.61083984375
595615,18.310546875
595659,14.5263671875
595708,15.80810546875
595931,15.2587890625
596180,13.97705078125
596305,15.625
596409,14.58740234375
596609,13.24462890625
596690,17.4560546875
596773,15.31982421875
596804,13.24462890625
597132,15.9912109375
597253,20.3857421875
597510,13.61083984375
597773,15.625
598232,14.892578125
598782,15.380859375
599194,13.85498046875
599418,13.671875
757555,13.48876953125
757600,15.7470703125
757655,14.2822265625
757704,13.7939453125
757815,20.01953125
757997,14.892578125
758013,13.18359375
758086,13.916015625
758104,14.5263671875
758154,13.671875
758308,13.18359375
758411,13.916015625
758444,18.37158203125
758549,14.46533203125
758571,13.36669921875
758773,13.671875
758937,14.16015625
759078,13.5498046875
759122,15.07568359375
759446,13.7939453125
759480,13.427734375
760027,15.13671875
760193,14.404296875
760436,13.671875
760790,13.12255859375
760996,13.61083984375
761229,14.0380859375
761448,13.48876953125
761570,16.4794921875
884416,14.6484375
884473,17.2119140625
884663,13.5498046875
884757,15.68603515625
884827,18.85986328125
884839,14.58740234375
884888,13.36669921875
885079,14.16015625
885116,16.17431640625
885225,19.53125
885408,15.31982421875
885444,13.3056640625
885550,16.6015625
885641,15.19775390625
886022,16.05224609375
886054,15.2587890625
886341,13.18359375
886372,15.68603515625
886529,13.5498046875
886822,14.0380859375
887547,14.09912109375
888090,14.16015625
888952,15.19775390625
1042447,15.31982421875
1042629,15.80810546875
1042710,14.46533203125
1042754,13.916015625
1042789,14.6484375
1042857,14.58740234375
1042899,13.85498046875
1042977,16.7236328125
1043104,15.0146484375
1043169,17.63916015625
1043282,14.22119140625
1043479,14.892578125
1043539,13.916015625
1043810,15.93017578125
1043931,14.892578125
1044259,13.61083984375
1044677,15.13671875
1044863,14.7705078125
1044991,14.6484375
1045218,13.12255859375
1045430,15.869140625
1237715,13.85498046875
1237735,13.36669921875
1237819,14.404296875
1237835,13.36669921875
1237960,18.98193359375
1238124,13.3056640625
1238380,13.85498046875
1238470,16.17431640625
1238509,13.61083984375
1238594,15.0146484375
1238680,13.36669921875
1239060,15.19775390625
1239078,15.5029296875
1239405,18.12744140625
1239491,14.46533203125
1239519,13.36669921875
1239766,13.671875
1239983,15.68603515625
1240630,13.61083984375
1240800,17.51708984375
1240884,14.5263671875
1241331,14.16015625
1241476,14.22119140625
1241664,15.56396484375
1308917,16.54052734375
1309116,15.0146484375
1309190,13.427734375
1309301,14.7705078125
1309410,13.85498046875
1309556,13.48876953125
1309582,13.85498046875
1309717,17.88330078125
1309755,13.36669921875
1310296,17.27294921875
1310359,15.31982421875
1310442,14.7705078125
1310529,14.34326171875
1310940,16.4794921875
1311021,15.80810546875
1311264,14.16015625
1311466,18.98193359375
1311609,18.798828125
1311781,13.7939453125
1312126,13.36669921875
1312411,14.6484375
1312938,15.9912109375
1435489,17.578125
1435746,14.892578125
1435772,14.6484375
1435840,18.85986328125
1435903,14.22119140625
1435973,14.2822265625
1436177,18.37158203125
1436430,13.5498046875
1436617,14.404296875
1436962,13.5498046875
1437051,14.83154296875
1437132,16.2353515625
1437234,13.36669921875
1437504,15.56396484375
1437803,14.34326171875
1437893,13.427734375
1439040,15.13671875
1439847,13.5498046875
1575266,14.5263671875
1575634,17.08984375
1575645,15.869140625
1575735,13.916015625
1575773,13.5498046875
1575821,15.625
1575996,13.36669921875
1576186,14.09912109375
1576208,15.7470703125
1576351,15.13671875
1576391,13.3056640625
1576456,13.61083984375
1576513,14.404296875
1576683,21.240234375
1576867,13.18359375
1577133,13.427734375
1577260,13.7939453125
1577292,15.625
1577388,18.98193359375
1577684,13.73291015625
1578173,13.3056640625
1579012,14.5263671875
1579338,14.70947265625
1579719,13.7939453125
1661029,15.07568359375
1661324,13.97705078125
1661355,13.24462890625
1661423,13.97705078125
1661438,13.5498046875
1661515,13.7939453125
1661703,13.12255859375
1661929,13.97705078125
1661954,13.85498046875
1662154,13.3056640625
1662338,13.427734375
1662359,14.46533203125
1662532,18.73779296875
1662707,13.427734375
1662783,13.7939453125
1662826,13.12255859375
1663716,13.48876953125
1663890,13.12255859375
1664253,14.46533203125
1664484,16.17431640625
1664916,16.17431640625
1665876,13.36669921875
1726948,13.24462890625
1726975,13.73291015625
1727164,14.0380859375
1727335,16.05224609375
1727489,14.7705078125
1727624,14.22119140625
1727799,16.2353515625
1727925,15.0146484375
1728285,14.22119140625
1728396,15.13671875
1728574,17.27294921875
1728866,13.12255859375
1729027,16.29638671875
1729064,14.16015625
1729415,16.54052734375
1729633,13.48876953125
1729906,13.916015625
1730285,13.18359375
1730603,15.625
1827236,14.34326171875
1827398,13.48876953125
1827577,14.5263671875
1827612,15.2587890625
1827728,13.18359375
1827792,13.61083984375
1827908,16.17431640625
1827948,21.30126953125
1828062,17.02880859375
1828080,14.892578125
1828205,14.83154296875
1828221,17.15087890625
1828525,13.24462890625
1828720,16.54052734375
1828797,13.18359375
1828898,14.6484375
1829411,15.5029296875
1830147,16.4794921875
1830363,14.5263671875
1971484,18.06640625
1971758,13.85498046875
1971800,14.5263671875
1971917,14.5263671875
1972033,13.48876953125
1972128,13.12255859375
1972161,15.380859375
1972413,14.83154296875
1972684,13.36669921875
1972728,16.90673828125
1972795,14.09912109375
1972847,18.5546875
1973360,14.404296875
1973489,14.70947265625
1973911,13.24462890625
1974467,16.78466796875
1974940,15.07568359375
1975268,14.892578125
2109129,14.7705078125
2109360,13.7939453125
2109481,16.4794921875
2109501,13.85498046875
2109814,14.83154296875
2109896,13.48876953125
2109942,17.2119140625
2110105,19.6533203125
2110177,13.12255859375
2110337,15.869140625
2110428,13.48876953125
2110629,14.2822265625
2111002,13.18359375
2111162,13.24462890625
2111242,15.68603515625
2111539,15.0146484375
2111940,13.18359375
2112808,14.22119140625
2113429,14.16015625
2171490,13.3056640625
2171669,20.8740234375
2171863,14.7705078125
2171883,18.1884765625
2172373,14.95361328125
2172444,13.36669921875
2172494,17.02880859375
2172644,16.11328125
2172732,14.404296875
2172805,15.07568359375
2172933,13.18359375
2173192,17.2119140625
2173465,15.31982421875
2173987,13.48876953125
2174240,13.85498046875
2174525,13.85498046875
2174633,13.18359375
2174719,14.95361328125
2175884,13.427734375
2254522,14.83154296875
2254845,13.85498046875
2254866,13.12255859375
2255010,15.56396484375
2255265,15.5029296875
2255325,13.85498046875
2255474,18.61572265625
2255600,20.01953125
2255735,13.916015625
2255886,13.427734375
2255913,15.80810546875
2255935,13.73291015625
2255996,13.671875
2256160,15.13671875
2256383,13.36669921875
2256402,15.44189453125
2257109,16.05224609375
2257132,13.73291015625
2257802,16.7236328125
2258618,13.73291015625
2411444,13.916015625
2411647,13.24462890625
2411684,15.0146484375
2411718,13.61083984375
2411832,15.93017578125
2411862,13.427734375
2412002,16.78466796875
2412459,13.36669921875
2412941,14.70947265625
2413077,18.1884765625
2413157,13.5498046875
2413317,14.58740234375
2413374,13.24462890625
2413700,15.68603515625
2414204,15.869140625
2414290,13.73291015625
2415041,14.34326171875
2415608,16.2353515625
2479237,17.2119140625
2479275,14.7705078125
2479470,13.36669921875
2479755,13.671875
2479785,16.41845703125
2479872,13.18359375
2479993,15.44189453125
2480166,15.44189453125
2480275,14.0380859375
2480372,14.34326171875
2480409,13.48876953125
2480471,15.7470703125
2480715,18.98193359375
2480858,14.22119140625
2481070,13.36669921875
2481778,14.95361328125
2481994,14.892578125
2482440,13.18359375
2482725,15.7470703125
2483001,13.18359375
2624920,14.22119140625
2625159,14.95361328125
2625409,13.61083984375
2625924,18.9208984375
2625960,13.97705078125
2626090,16.845703125
2626112,13.18359375
2626245,16.11328125
2626391,13.916015625
2626544,20.263671875
2626783,14.892578125
2626843,13.18359375
2626975,16.7236328125
2627159,15.31982421875
2627322,15.68603515625
2627374,13.916015625
2627518,13.36669921875
2627828,14.6484375
2627955,15.2587890625
2628461,13.671875
2629373,13.916015625
2629484,13.48876953125
2750409,13.427734375
2750833,14.70947265625
2750888,14.404296875
2750909,16.7236328125
2751352,13.24462890625
2751379,15.5029296875
2751480,13.36669921875
2751534,14.70947265625
2751625,18.37158203125
2751837,14.6484375
2751880,13.3056640625
2751922,15.7470703125
2752070,13.24462890625
2752246,13.7939453125
2752648,13.61083984375
2753161,14.2822265625
2753209,13.97705078125
2753587,14.22119140625
2753672,13.36669921875
2753992,14.70947265625
2754189,13.48876953125
2754237,13.24462890625
2754664,13.7939453125
2755094,14.2822265625
2898699,14.34326171875
2898889,13.61083984375
2899005,13.671875
2899017,15.93017578125
2899067,13.36669921875
2899154,13.427734375
2899269,13.7939453125
2899456,14.34326171875
2899514,13.916015625
2899593,13.24462890625
2899673,15.31982421875
2899818,18.12744140625
2900007,14.22119140625
2900223,13.7939453125
2900252,14.5263671875
2900515,16.2353515625
2900696,13.85498046875
2900853,14.2822265625
2901021,13.97705078125
2901265,15.625
2901432,13.7939453125
2901877,15.13671875
2902148,14.892578125
2902273,14.2822265625
2902459,13.61083984375
3009979,15.56396484375
3010028,14.0380859375
3010068,15.80810546875
3010200,13.97705078125
3010376,13.61083984375
3010561,14.34326171875
3010598,13.61083984375
3010655,13.916015625
3010747,13.97705078125
3011016,16.6015625
3011148,20.3857421875
3011325,17.2119140625
3011441,14.95361328125
3011522,14.7705078125
3011647,16.357421875
3011730,13.12255859375
3011785,14.0380859375
3011988,13.85498046875
3012560,14.83154296875
3012836,17.63916015625
3013040,17.76123046875
3013740,16.6015625
3145657,14.09912109375
3145755,13.24462890625
3145836,15.80810546875
3145865,16.90673828125
3145987,13.85498046875
3146041,13.12255859375
3146089,14.7705078125
3146265,13.36669921875
3146641,13.916015625
3146768,15.68603515625
3146819,14.34326171875
3146940,16.78466796875
3147065,15.68603515625
3147102,14.16015625
3147189,16.2353515625
3147327,15.56396484375
3147448,13.12255859375
3147494,15.0146484375
3147622,17.88330078125
3147825,13.61083984375
3147853,13.73291015625
3149408,13.73291015625
3150589,13.73291015625
3165123,16.2353515625
3165231,15.31982421875
3165342,14.16015625
3165398,13.671875
3165465,13.48876953125
3165688,15.7470703125
3165945,14.0380859375
3165986,17.2119140625
3166195,13.916015625
3166356,15.7470703125
3166500,13.61083984375
3166895,16.78466796875
3167053,16.05224609375
3167139,14.0380859375
3168053,17.08984375
3332859,15.68603515625
3333013,16.05224609375
3333145,15.19775390625
3333417,13.61083984375
3333627,14.09912109375
3333762,14.404296875
3333800,15.2587890625
3333885,13.18359375
3334135,16.17431640625
3334385,13.24462890625
3334578,13.5498046875
3334932,13.85498046875
3334963,14.58740234375
3335175,14.34326171875
3335469,16.66259765625
3335655,13.73291015625
3335844,13.18359375
3335886,13.7939453125
3336329,13.73291015625
3337949,15.31982421875
3428582,14.22119140625
3428696,19.53125
3428806,14.892578125
3428866,13.427734375
3428886,16.845703125
3429052,14.2822265625
3429110,13.427734375
3429245,13.61083984375
3429410,13.427734375
3429429,15.13671875
3429573,14.2822265625
3429845,15.07568359375
3429952,18.49365234375
3430242,15.380859375
3430328,15.19775390625
3430346,15.19775390625
3430508,14.2822265625
3430731,13.36669921875
3431691,13.18359375
3431909,14.16015625
3432158,13.36669921875
3432320,13.5498046875
3432801,13.61083984375
3584305,13.48876953125
3584607,13.12255859375
3584682,14.46533203125
3584703,13.3056640625
3584760,14.892578125
3584815,15.869140625
3585006,13.3056640625
3585229,15.07568359375
3585379,14.70947265625
3585451,13.671875
3585467,15.7470703125
3585550,13.85498046875
3585642,14.58740234375
3585900,14.5263671875
3586024,13.61083984375
3586184,16.7236328125
3586203,13.85498046875
3586248,14.16015625
3586651,15.07568359375
3586748,13.427734375
3586783,13.12255859375
3587395,13.427734375
3587670,14.0380859375
3587762,13.427734375
3588538,13.48876953125
3663615,14.58740234375
3664048,13.7939453125
3664593,15.56396484375
3664720,13.48876953125
3664888,13.5498046875
3664946,14.2822265625
3664973,13.85498046875
3665251,16.78466796875
3665664,13.5498046875
3665771,13.7939453125
3665922,14.6484375
3665977,13.85498046875
3666150,14.34326171875
3666191,13.61083984375
3666660,15.31982421875
3667599,17.2119140625
3668984,13.61083984375
3790323,14.2822265625
3790405,17.76123046875
3790455,13.5498046875
3790494,13.18359375
3790539,13.97705078125
3790978,14.22119140625
3791137,14.46533203125
3791316,16.11328125
3791576,14.34326171875
3791587,14.2822265625
3791869,14.404296875
3791887,15.13671875
3792089,13.61083984375
3792108,13.3056640625
3792198,13.7939453125
3792544,13.3056640625
3792983,15.31982421875
3793206,15.68603515625
3793797,15.5029296875
3794491,13.7939453125
3794905,15.07568359375
3888890,13.7939453125
3888927,16.11328125
3889109,13.24462890625
3889188,13.24462890625
3889201,17.51708984375
3889359,14.70947265625
3889461,13.18359375
3889496,14.95361328125
3889543,13.7939453125
3889748,13.24462890625
3889939,15.9912109375
3889957,13.18359375
3890068,13.85498046875
3890149,15.13671875
3890162,13.12255859375
3890417,14.404296875
3890560,14.892578125
3890723,13.48876953125
3890881,13.61083984375
3891174,13.671875
3891799,13.12255859375
3892304,13.12255859375
3947353,13.85498046875
4073047,14.16015625
4073132,13.12255859375
4073169,15.44189453125
4073273,13.85498046875
4073295,13.671875
4073448,13.3056640625
4073565,17.15087890625
4073618,13.24462890625
4073775,16.66259765625
4073985,13.97705078125
4074007,16.11328125
4074330,17.9443359375
4074502,15.31982421875
4074637,16.7236328125
4074714,15.13671875
4074795,13.916015625
4074831,15.31982421875
4074891,13.7939453125
4075026,14.22119140625
4075165,13.61083984375
4075326,14.22119140625
4075489,13.3056640625
4075565,13.12255859375
4075793,14.70947265625
4075878,15.13671875
4078238,17.4560546875
4152427,13.18359375
4152567,18.12744140625
4152648,13.7939453125
4152695,15.68603515625
4152872,17.51708984375
4152988,13.85498046875
4153111,15.625
4153219,15.93017578125
4153336,13.61083984375
4153407,13.3056640625
4153516,14.7705078125
4153607,16.66259765625
4153804,17.51708984375
4153857,14.09912109375
4154079,13.916015625
4154432,14.95361328125
4154627,15.80810546875
4155261,14.404296875
4155309,16.54052734375
4155377,14.6484375
4155530,15.31982421875
4155759,13.12255859375
4175466,14.2822265625
4175660,15.380859375
4175843,14.22119140625
4176019,18.12744140625
4176186,14.2822265625
4176389,14.404296875
4176421,14.09912109375
4176498,15.2587890625
4176726,14.22119140625
4176833,17.27294921875
4176927,14.6484375
4177004,13.36669921875
4177098,14.34326171875
4177240,13.916015625
4177349,13.97705078125
4177397,13.916015625
4177742,13.671875
4177820,13.73291015625
4178063,14.0380859375
4178373,13.24462890625
4178820,13.36669921875
4178982,13.5498046875
4179331,13.24462890625
4249489,14.5263671875
4249971,16.66259765625
4250184,14.95361328125
4250477,14.09912109375
4251045,14.70947265625
4251071,13.671875
4251232,16.357421875
4251319,13.85498046875
4251524,13.48876953125
4251675,13.5498046875
4252095,15.2587890625
4252744,14.70947265625
4253546,13.61083984375
4254195,13.18359375
4396277,13.24462890625
4396412,19.71435546875
4396544,14.34326171875
4396619,14.6484375
4396651,14.6484375
4396846,16.6015625
4396881,16.78466796875
4397098,13.85498046875
4397406,14.09912109375
4397632,13.427734375
4397739,16.7236328125
4398183,15.68603515625
4398476,14.09912109375
4398500,14.5263671875
4398662,13.3056640625
4398717,14.34326171875
4398761,15.31982421875
4400204,13.3056640625
4400717,13.671875
4551085,16.357421875
4551243,14.892578125
4551274,15.56396484375
4551571,15.07568359375
4551624,14.09912109375
4551816,16.7236328125
4551982,14.22119140625
4552040,14.95361328125
4552190,16.54052734375
4552256,14.16015625
4552330,14.7705078125
4552606,14.09912109375
4552830,14.2822265625
4552863,16.66259765625
4553228,13.24462890625
4553376,15.380859375
4553902,15.5029296875
4554132,15.0146484375
4554276,13.3056640625
4554365,13.48876953125
4554731,14.6484375
4554935,14.22119140625
4555960,13.97705078125
4572497,15.2587890625
4572677,14.70947265625
4572865,13.671875
4572934,13.7939453125
4573132,14.2822265625
4573339,14.09912109375
4573459,14.83154296875
4573617,15.5029296875
4573770,14.16015625
4573871,14.46533203125
4573919,13.671875
4573961,13.24462890625
4574270,14.58740234375
4574420,14.16015625
4575063,16.845703125
4575528,14.83154296875
4576553,14.95361328125
4741101,16.05224609375
4741308,17.39501953125
4741389,14.46533203125
4741399,14.22119140625
4741501,14.0380859375
4741708,16.4794921875
4741854,14.09912109375
4741979,14.404296875
4742011,13.7939453125
4742106,13.36669921875
4742350,19.4091796875
4742462,17.39501953125
4742663,16.7236328125
4742751,14.5263671875
4742916,14.22119140625
4742964,14.95361328125
4743472,19.22607421875
4743949,15.7470703125
4745162,15.0146484375
4745784,15.07568359375
4763097,16.11328125
4763304,14.5263671875
4763433,21.05712890625
4763613,13.97705078125
4763647,13.7939453125
4763709,13.24462890625
4763849,15.869140625
4763941,13.12255859375
4764514,16.17431640625
4764588,13.61083984375
4764863,13.427734375
4765306,15.31982421875
4765610,14.22119140625
4766151,13.61083984375
4935327,13.916015625
4935404,16.11328125
4935504,13.73291015625
4935604,14.2822265625
4935652,14.5263671875
4935768,13.18359375
4935979,13.3056640625
4936210,15.380859375
4936538,14.5263671875
4936613,15.0146484375
4936738,17.333984375
4936828,14.58740234375
4937035,14.22119140625
4937380,13.12255859375
4937856,17.2119140625
4937934,14.404296875
4938103,15.80810546875
4938483,13.97705078125
4938547,13.73291015625
4938871,16.17431640625
4939617,13.12255859375
4939858,15.0146484375
5126010,13.3056640625
5126199,13.36669921875
5126221,24.23095703125
5126354,14.34326171875
5126414,15.869140625
5126523,13.427734375
5126555,13.5498046875
5126627,16.357421875
5126784,14.16015625
5126956,15.31982421875
5127067,13.24462890625
5127105,15.56396484375
5127171,13.18359375
5127188,13.671875
5127673,21.42333984375
5127769,13.3056640625
5128075,14.16015625
5128315,15.44189453125
5128463,15.9912109375
5128745,13.18359375
5128815,13.73291015625
5129031,18.85986328125
5129079,13.36669921875
5129326,16.29638671875
5129830,14.34326171875
5130495,15.56396484375
5163186,17.02880859375
5163215,13.18359375
5163289,15.80810546875
5163365,14.58740234375
5163527,16.357421875
5163582,16.4794921875
5163720,15.13671875
5163841,14.892578125
5163995,13.3056640625
5164060,16.7236328125
5164159,13.18359375
5164412,14.404296875
5164568,13.61083984375
5164603,13.61083984375
5164752,16.845703125
5164908,13.12255859375
5165084,14.6484375
5165320,13.427734375
5165654,15.5029296875
5165832,13.18359375
5166111,13.24462890625
5166765,17.27294921875
5167156,15.13671875
5377386,13.7939453125
5377768,15.625
5377785,15.0146484375
5377941,16.90673828125
5378007,13.671875
5378168,14.0380859375
5378342,14.5263671875
5378375,15.380859375
5378460,13.18359375
5378545,16.29638671875
5378735,13.671875
5378823,14.16015625
5379048,16.17431640625
5379170,13.3056640625
5379240,14.0380859375
5379416,13.36669921875
5379625,15.2587890625
5379708,13.61083984375
5379917,15.2587890625
5380263,14.95361328125
5381736,13.427734375
5381967,15.0146484375
5382268,14.16015625
5396497,14.70947265625
5396702,15.2587890625
5397133,13.671875
5397324,14.5263671875
5397442,13.12255859375
5397511,13.85498046875
5397547,13.85498046875
5397686,18.24951171875
5397790,13.916015625
5397806,13.671875
5397979,16.9677734375
5398218,16.41845703125
5398308,15.80810546875
5398420,14.09912109375
5398564,14.22119140625
5398727,21.240234375
5398920,14.95361328125
5399455,13.12255859375
5399631,14.7705078125
5399713,14.70947265625
5435474,13.18359375
5435717,16.7236328125
5435773,15.19775390625
5435835,13.73291015625
5435967,14.34326171875
5436286,14.46533203125
5436390,13.73291015625
5436427,14.83154296875
5436457,13.36669921875
5436604,14.95361328125
5436793,14.22119140625
5436953,19.53125
5437219,13.24462890625
5437382,13.97705078125
5437557,16.17431640625
5437573,16.17431640625
5438935,15.07568359375
5456699,15.13671875
5456853,15.93017578125
5457129,16.4794921875
5457303,13.18359375
5457446,20.20263671875
5457567,13.85498046875
5457786,13.7939453125
5457892,14.5263671875
5457927,14.16015625
5458097,18.12744140625
5458239,19.53125
5458440,15.44189453125
5458769,13.916015625
5459002,15.2587890625
5460513,14.22119140625
5483998,14.2822265625
5484476,13.18359375
5484766,13.18359375
5484948,14.404296875
5485334,13.85498046875
5486102,17.2119140625
5486582,14.404296875
5486688,13.18359375
5486902,13.7939453125
5486950,13.61083984375
5487152,15.5029296875
5679866,14.404296875
5679967,13.3056640625
5680147,13.24462890625
5680292,15.19775390625
5680325,15.0146484375
5680463,17.7001953125
5680729,15.07568359375
5680837,18.1884765625
5681001,18.6767578125
5681046,14.404296875
5681142,14.0380859375
5681240,16.6015625
5681364,15.0146484375
5681451,18.1884765625
5681560,13.5498046875
5681651,14.2822265625
5681874,13.18359375
5682108,14.70947265625
5682272,20.01953125
5682390,16.7236328125
5682798,14.7705078125
5683218,14.6484375
5683526,16.11328125
5684318,14.6484375
5715604,16.357421875
5715646,13.24462890625
5715747,15.9912109375
5715770,14.2822265625
5716012,16.66259765625
5716197,16.4794921875
5716368,14.16015625
5716520,14.6484375
5716676,17.39501953125
5716868,14.46533203125
5717045,13.24462890625
5717246,13.36669921875
5717472,13.3056640625
5717741,13.5498046875
5717798,14.404296875
5717917,18.73779296875
5718177,15.13671875
5718531,13.671875
5718842,14.404296875
5719619,13.24462890625
5859081,13.5498046875
5859267,20.01953125
5859369,14.34326171875
5859614,15.13671875
5859795,16.41845703125
5859820,14.70947265625
5859990,15.7470703125
5860039,14.2822265625
5860121,14.09912109375
5860216,14.22119140625
5860472,16.2353515625
5860797,14.95361328125
5860915,13.48876953125
5860951,15.13671875
5861134,19.04296875
5861399,16.29638671875
5861491,16.78466796875
5861617,13.97705078125
5862186,14.22119140625
5862916,14.22119140625
5863295,14.70947265625
5884351,15.31982421875
5884553,13.97705078125
5884724,18.5546875
5884813,13.97705078125
5885050,13.97705078125
5885245,13.916015625
5885344,13.5498046875
5885369,13.24462890625
5885590,14.16015625
5886031,17.02880859375
5886112,13.7939453125
5886306,15.56396484375
5886354,14.2822265625
5886489,15.9912109375
5887388,15.19775390625
5887748,16.41845703125
6069341,15.56396484375
6069354,15.19775390625
6069438,13.97705078125
6069480,14.5263671875
6069548,16.9677734375
6069595,17.15087890625
6069634,13.85498046875
6069661,13.36669921875
6069863,13.916015625
6069957,14.58740234375
6070121,14.16015625
6070162,13.916015625
6070271,13.61083984375
6070398,13.97705078125
6070495,15.07568359375
6070528,17.578125
6070627,14.6484375
6070797,14.5263671875
6070852,13.97705078125
6070969,16.90673828125
6071067,15.5029296875
6071154,13.48876953125
6071219,14.22119140625
6071399,15.80810546875
6071766,14.83154296875
6071866,16.2353515625
6072097,14.0380859375
6072316,13.7939453125
6073048,14.22119140625
6073567,13.427734375
6088438,14.7705078125
6088864,13.24462890625
6088923,13.73291015625
6089211,15.07568359375
6089332,14.46533203125
6090086,13.5498046875
6090238,13.916015625
6090312,13.7939453125
6090533,13.916015625
6090591,13.3056640625
6090717,13.916015625
6090911,14.16015625
6091122,17.27294921875
6091409,13.24462890625
6092347,13.916015625
6092566,14.34326171875
6105002,15.5029296875
6105592,14.6484375
6105679,16.17431640625
6105775,13.48876953125
6106105,13.85498046875
6106425,13.427734375
6106491,13.85498046875
6106664,14.09912109375
6106944,16.17431640625
6107156,13.48876953125
6107325,14.95361328125
6107612,14.5263671875
6107915,14.95361328125
6108158,13.61083984375
6108474,15.93017578125
6108979,14.404296875
6126163,13.916015625
6126364,13.671875
6126628,14.5263671875
6126823,13.36669921875
6126969,16.4794921875
6127022,13.671875
6127120,13.48876953125
6127527,14.892578125
6127851,14.16015625
6128107,14.5263671875
6128818,13.97705078125
6129189,13.48876953125
6144101,13.671875
6144344,13.3056640625
6144706,13.36669921875
6144775,15.93017578125
6144983,13.85498046875
6145157,15.80810546875
6145378,13.916015625
6145725,14.83154296875
6146876,14.22119140625
6164134,13.5498046875
6164150,14.7705078125
6164620,13.12255859375
6164783,18.00537109375
6164987,14.404296875
6165258,16.11328125
6165508,14.892578125
6165693,15.2587890625
6166144,14.46533203125
6166244,13.61083984375
6166867,14.46533203125
6167404,13.12255859375
6167663,15.44189453125
6182713,13.73291015625
6183059,15.68603515625
6183438,15.380859375
6183498,15.869140625
6183720,13.7939453125
6183985,17.822265625
6184372,13.48876953125
6184567,15.5029296875
6184804,17.9443359375
6185297,20.751953125
6186868,14.2822265625
6210568,16.41845703125
6210878,14.6484375
6211133,13.48876953125
6211395,13.36669921875
6211624,13.61083984375
6211893,14.70947265625
6212098,14.2822265625
6212236,15.31982421875
6212473,13.427734375
6212648,14.0380859375
6213738,13.916015625
6214458,13.5498046875
6440478,14.83154296875
6440596,13.671875
6440699,13.12255859375
6440781,13.18359375
6440839,14.58740234375
6440927,15.56396484375
6440988,13.18359375
6441133,13.48876953125
6441420,14.5263671875
6441567,17.333984375
6441625,13.97705078125
6441640,14.16015625
6441759,13.48876953125
6441989,14.70947265625
6442487,14.16015625
6442509,13.18359375
6442561,13.7939453125
6442775,18.6767578125
6442865,14.5263671875
6443098,17.02880859375
6443231,13.24462890625
6443301,13.73291015625
6444060,13.5498046875
6444622,14.70947265625
6460374,13.61083984375
6460646,14.09912109375
6460798,13.85498046875
6461340,15.7470703125
6461482,14.22119140625
6461656,14.95361328125
6461794,13.24462890625
6461900,13.18359375
6462000,17.02880859375
6462163,16.9677734375
6462350,13.61083984375
6462560,15.5029296875
6463920,13.61083984375
6464573,13.24462890625
6573019,14.70947265625
6573069,13.12255859375
6573103,17.822265625
6573235,15.380859375
6573662,13.97705078125
6573802,16.357421875
6573976,15.5029296875
6574159,17.08984375
6574532,14.22119140625
6574938,13.7939453125
6575165,13.18359375
6575240,13.36669921875
6576093,15.2587890625
6729513,15.380859375
6729625,17.02880859375
6729701,13.18359375
6729767,14.22119140625
6729875,14.16015625
6730027,13.18359375
6730152,13.671875
6730202,16.11328125
6730409,18.798828125
6730570,14.0380859375
6730757,14.46533203125
6730834,13.18359375
6730905,15.7470703125
6731170,13.427734375
6731208,16.17431640625
6731233,13.61083984375
6731924,16.9677734375
6732389,14.5263671875
6732910,13.5498046875
6732973,13.61083984375
6733350,14.22119140625
6826176,13.24462890625
6826232,15.625
6826287,13.18359375
6826319,13.18359375
6826395,13.3056640625
6826439,15.869140625
6826558,14.892578125
6826707,16.9677734375
6826804,15.44189453125
6826862,14.5263671875
6827047,13.97705078125
6827127,16.54052734375
6827341,17.08984375
6827540,15.0146484375
6827662,13.48876953125
6828058,13.24462890625
6828261,15.2587890625
6828350,14.16015625
6828473,13.97705078125
6828629,14.892578125
6828871,13.671875
6828891,13.7939453125
6829088,17.39501953125
6830088,13.36669921875
6830553,17.88330078125
6849936,14.0380859375
6850056,13.24462890625
6850222,15.07568359375
6850372,15.93017578125
6850657,14.16015625
6850786,18.6767578125
6850981,13.671875
6851250,13.18359375
6851494,13.7939453125
6851708,13.36669921875
6852700,15.31982421875
6852884,14.7705078125
6853361,13.73291015625
6853756,16.05224609375
6892073,14.70947265625
6892214,14.70947265625
6892251,13.671875
6892295,16.4794921875
6892700,14.0380859375
6892855,20.20263671875
6892903,14.16015625
6892998,16.11328125
6893139,14.46533203125
6893224,18.73779296875
6893518,13.85498046875
6893743,16.29638671875
6893887,15.9912109375
6893937,16.6015625
6894105,16.7236328125
6894781,17.2119140625
6894992,14.46533203125
6895580,15.19775390625
7050356,14.2822265625
7050592,13.97705078125
7051008,19.775390625
7051022,15.93017578125
7051186,16.11328125
7051246,13.7939453125
7051358,15.93017578125
7052163,13.916015625
7052197,16.9677734375
7052343,18.85986328125
7052472,13.12255859375
7052496,13.61083984375
7052529,13.73291015625
7052885,15.31982421875
7053013,14.16015625
7053423,14.58740234375
7054361,13.24462890625
7054557,14.404296875
7054669,13.18359375
7077434,14.6484375
7077544,15.5029296875
7078367,13.3056640625
7078485,15.56396484375
7078652,15.31982421875
7078686,14.09912109375
7078891,15.31982421875
7078943,13.85498046875
7079066,13.73291015625
7079372,16.4794921875
7080199,13.85498046875
7080897,16.66259765625
7096024,14.95361328125
7096191,15.5029296875
7096413,14.34326171875
7096755,17.15087890625
7096947,15.44189453125
7097092,16.357421875
7097223,14.7705078125
7097483,14.5263671875
7097567,14.70947265625
7097615,13.3056640625
7097830,13.427734375
7097843,18.24951171875
7098064,14.46533203125
7098268,14.404296875
7098530,16.2353515625
7098713,16.4794921875
7099672,13.61083984375
7114215,13.36669921875
7114418,15.625
7115002,15.13671875
7115104,13.916015625
7115120,15.2587890625
7115251,13.48876953125
7115303,15.9912109375
7115476,13.5498046875
7115627,13.48876953125
7115896,16.4794921875
7116134,13.61083984375
7116298,13.24462890625
7116538,15.80810546875
7116798,15.56396484375
7117358,14.58740234375
7117776,15.31982421875
7255205,14.2822265625
7255232,15.56396484375
7255412,14.7705078125
7255702,15.44189453125
7255760,13.18359375
7256056,13.36669921875
7256253,13.73291015625
7256461,13.24462890625
7256493,14.16015625
7256623,13.18359375
7256775,13.97705078125
7257860,13.5498046875
7258023,14.70947265625
7258460,14.2822265625
7258614,15.13671875
7258677,14.16015625
7258853,14.404296875
7259442,14.58740234375
7282453,13.12255859375
7282606,13.7939453125
7282809,14.95361328125
7282925,13.18359375
7282985,14.95361328125
7283214,13.5498046875
7283373,17.15087890625
7283481,13.24462890625
7283564,16.17431640625
7283838,13.85498046875
7284294,13.61083984375
7284401,16.05224609375
7284516,16.66259765625
7284839,13.427734375
7284929,14.58740234375
7284949,13.7939453125
7285212,13.73291015625
7285460,13.12255859375
7286642,13.36669921875
7500212,13.18359375
7500279,17.15087890625
7500381,15.2587890625
7500486,15.0146484375
7500531,14.0380859375
7500704,14.7705078125
7500890,22.39990234375
7501060,13.427734375
7501135,13.427734375
7501226,15.31982421875
7501335,13.427734375
7501400,14.34326171875
7501469,18.37158203125
7501574,14.83154296875
7501725,13.61083984375
7501778,14.34326171875
7502152,15.68603515625
7502399,18.24951171875
7502529,17.2119140625
7502786,15.31982421875
7502921,13.85498046875
7503191,14.7705078125
7503809,17.08984375
7505507,14.58740234375
7518675,14.22119140625
7518811,13.48876953125
7518972,15.13671875
7519129,21.78955078125
7519260,13.5498046875
7519391,13.18359375
7519511,15.68603515625
7519656,15.13671875
7519689,15.0146484375
7519740,14.83154296875
7519761,13.97705078125
7519890,16.29638671875
7520162,17.88330078125
7520255,14.892578125
7520373,13.85498046875
7520482,15.380859375
7520744,13.916015625
7520763,13.97705078125
7520884,13.671875
7521065,14.2822265625
7521102,13.18359375
7521273,14.6484375
7521401,17.08984375
7521519,15.13671875
7522431,13.48876953125
7538143,17.02880859375
7538315,13.24462890625
7538475,14.70947265625
7538485,13.73291015625
7538681,14.09912109375
7538878,13.85498046875
7539415,13.12255859375
7539471,13.427734375
7539569,13.36669921875
7539780,15.869140625
7539887,14.22119140625
7539963,13.7939453125
7540072,16.54052734375
7540488,15.0146484375
7540766,15.80810546875
7696865,13.18359375
7697008,16.54052734375
7697034,17.15087890625
7697372,14.09912109375
7697641,13.24462890625
7697742,15.31982421875
7697916,14.0380859375
7698063,17.578125
7698095,14.34326171875
7698294,13.427734375
7698584,13.61083984375
7698611,13.3056640625
7698739,14.6484375
7699043,18.06640625
7699456,13.36669921875
7699494,14.6484375
7699692,14.892578125
7699718,14.2822265625
7699977,14.16015625
7700112,15.2587890625
7700224,14.892578125
7701265,13.427734375
7701677,15.625
7842736,13.5498046875
7842909,15.380859375
7842919,15.07568359375
7842967,13.5498046875
7843108,14.58740234375
7843169,13.427734375
7843390,16.4794921875
7843561,13.671875
7843590,15.625
7843711,19.59228515625
7843778,13.18359375
7843859,17.39501953125
7843976,14.09912109375
7844044,13.36669921875
7844108,13.73291015625
7844350,16.11328125
7844384,13.671875
7844482,14.09912109375
7844519,16.6015625
7844713,18.37158203125
7844853,14.16015625
7845586,13.18359375
7845754,13.12255859375
7845904,15.44189453125
7846453,13.61083984375
7863970,14.22119140625
7864088,14.22119140625
7864121,13.36669921875
7864219,15.44189453125
7864283,13.18359375
7864340,13.12255859375
7864669,14.404296875
7864721,14.16015625
7865172,14.22119140625
7865302,14.70947265625
7865419,15.0146484375
7865640,15.19775390625
7865682,15.625
7865781,13.671875
7866045,13.36669921875
7866115,14.46533203125
7866189,14.09912109375
7867613,21.97265625
7893590,13.61083984375
7893802,13.427734375
7894017,13.3056640625
7894081,13.18359375
7894166,13.12255859375
7894288,15.19775390625
7894312,14.2822265625
7894440,15.7470703125
7894687,13.671875
7894776,17.76123046875
7894962,13.427734375
7895186,14.5263671875
7895407,14.16015625
7896340,14.22119140625
7896789,15.56396484375
7897064,14.16015625
7897499,13.97705078125
7897716,15.2587890625
7915152,13.18359375
7915206,13.427734375
7915281,13.5498046875
7915395,13.3056640625
7915600,18.00537109375
7915917,13.671875
7916080,13.5498046875
7916096,13.61083984375
7916121,13.12255859375
7916262,16.29638671875
7916281,14.09912109375
7916959,14.95361328125
7917173,14.404296875
7917429,13.85498046875
7918690,13.427734375
7919537,13.5498046875
7933077,13.18359375
7933272,13.73291015625
7933402,14.16015625
7933451,13.73291015625
7933684,14.95361328125
7933882,13.18359375
7934107,13.7939453125
7934149,16.05224609375
7934263,14.09912109375
7934457,13.85498046875
7934682,13.97705078125
7935038,13.3056640625
7935207,13.18359375
7935324,13.7939453125
7935450,17.2119140625
7935685,15.31982421875
7936253,14.34326171875
7936642,14.404296875
7937408,14.7705078125
7952826,14.0380859375
7953218,13.18359375
7953470,13.48876953125
7954114,14.16015625
7954403,17.333984375
7954809,13.671875
7954831,16.17431640625
7955489,13.73291015625
7955765,13.48876953125
7955801,14.892578125
7956084,15.625
7956882,14.46533203125
8177481,13.3056640625
8177619,15.5029296875
8177671,13.12255859375
8177712,13.85498046875
8177833,13.36669921875
8177922,14.34326171875
8178161,16.4794921875
8178542,13.61083984375
8178630,13.73291015625
8178902,16.05224609375
8179083,14.34326171875
8179348,14.5263671875
8179453,14.09912109375
8179493,15.869140625
8179777,16.41845703125
8179953,13.18359375
8180327,13.24462890625
8181175,17.51708984375
8181194,15.68603515625
8181514,15.07568359375
8182543,14.34326171875
8269202,13.61083984375
8269370,14.09912109375
8269403,16.90673828125
8269496,15.5029296875
8269611,14.09912109375
8269669,13.916015625
8269772,13.18359375
8269802,13.916015625
8269815,15.380859375
8269867,17.76123046875
8270000,13.18359375
8270054,17.02880859375
8270139,14.5263671875
8270197,20.01953125
8270338,14.5263671875
8270791,16.29638671875
8270846,14.34326171875
8270963,13.3056640625
8271490,13.36669921875
8271562,14.16015625
8271761,14.58740234375
8271993,13.7939453125
8272151,15.93017578125
8272181,13.61083984375
8272769,15.31982421875
8273085,14.0380859375
8273377,15.07568359375
8273821,14.95361328125
8544559,17.88330078125
8544795,15.31982421875
8545076,13.18359375
8545105,17.4560546875
8545166,14.2822265625
8545205,14.0380859375
8545258,13.36669921875
8545298,15.2587890625
8545473,14.34326171875
8545614,13.7939453125
8545634,13.24462890625
8545718,15.13671875
8545822,14.7705078125
8545940,13.97705078125
8545992,15.7470703125
8546051,13.18359375
8546133,13.12255859375
8546225,13.48876953125
8546719,16.05224609375
8547028,16.41845703125
8547746,13.5498046875
8547814,13.36669921875
8547976,13.5498046875
8548381,15.68603515625
8548770,13.61083984375
8549537,14.404296875
8564698,13.48876953125
8564715,14.46533203125
8564843,17.15087890625
8564981,14.46533203125
8565234,13.427734375
8565325,15.68603515625
8565372,13.427734375
8565500,13.5498046875
8565566,14.16015625
8565613,13.97705078125
8565697,14.22119140625
8565804,13.5498046875
8565913,14.70947265625
8565940,14.09912109375
8566124,15.2587890625
8566235,19.775390625
8566414,14.6484375
8566572,13.18359375
8566583,14.2822265625
8566730,13.3056640625
8566944,16.29638671875
8567509,13.427734375
8567847,14.16015625
8568061,13.916015625
8568330,13.3056640625
8568605,15.869140625
8569225,15.625
8569555,14.22119140625
8635321,16.7236328125
8635382,15.56396484375
8635392,13.36669921875
8635506,18.1884765625
8635630,16.6015625
8635808,13.36669921875
8636343,16.845703125
8636460,15.5029296875
8636480,14.6484375
8636767,13.18359375
8637079,14.22119140625
8637244,13.7939453125
8637910,14.7705078125
8638013,13.5498046875
8638323,14.2822265625
8638821,13.24462890625
8639252,14.7705078125
8640195,13.916015625
8781378,14.6484375
8781628,13.73291015625
8781724,13.36669921875
8781765,16.41845703125
8781884,13.85498046875
8782023,14.83154296875
8782268,14.404296875
8782361,14.34326171875
8782699,15.5029296875
8782835,13.3056640625
8782935,15.44189453125
8783135,15.0146484375
8783147,13.427734375
8783416,13.427734375
8783652,16.90673828125
8784113,14.70947265625
8784451,16.7236328125
8784616,13.18359375
8784695,14.2822265625
8785130,13.18359375
8902636,13.916015625
8902898,16.357421875
8902908,13.24462890625
8903006,14.09912109375
8903016,21.66748046875
8903099,14.404296875
8903131,19.34814453125
8903231,13.24462890625
8903273,13.61083984375
8903417,13.85498046875
8903444,13.73291015625
8903590,15.5029296875
8903701,14.0380859375
8903924,14.95361328125
8904107,15.13671875
8904419,14.7705078125
8904635,17.08984375
8904949,13.36669921875
8905285,13.61083984375
8905357,14.09912109375
8905444,13.12255859375
8905707,17.15087890625
8906190,14.22119140625
8906524,17.08984375
8906785,15.13671875
8908057,13.73291015625
8908285,13.36669921875
8999560,15.80810546875
8999585,13.36669921875
8999868,15.80810546875
9000140,16.357421875
9000166,14.404296875
9000293,13.7939453125
9000525,13.427734375
9000601,13.61083984375
9000611,15.380859375
9000778,13.24462890625
9000889,14.7705078125
9001065,13.12255859375
9001221,14.2822265625
9001405,16.17431640625
9001505,13.671875
9001593,14.0380859375
9001963,14.09912109375
9002254,13.671875
9002302,15.07568359375
9002506,19.6533203125
9002664,13.36669921875
9003182,13.36669921875
9003409,13.427734375
9004597,14.34326171875
9134994,18.73779296875
9135257,15.2587890625
9135351,14.22119140625
9135368,16.11328125
9135498,22.52197265625
9135537,15.2587890625
9135564,15.5029296875
9135798,14.83154296875
9136012,16.6015625
9136090,13.3056640625
9136252,19.34814453125
9136373,18.49365234375
9136497,16.7236328125
9137114,13.916015625
9137136,14.0380859375
9137275,13.24462890625
9137447,13.18359375
9137641,13.7939453125
9138004,14.6484375
9138164,16.29638671875
9138309,13.12255859375
9138333,13.7939453125
9138363,16.17431640625
9138467,13.5498046875
9139642,13.85498046875
9201752,13.48876953125
9201939,19.47021484375
9202074,14.58740234375
9202205,13.61083984375
9202265,14.2822265625
9202405,16.29638671875
9202538,13.3056640625
9202825,15.2587890625
9202864,13.61083984375
9202974,15.68603515625
9203071,13.61083984375
9203113,14.6484375
9203159,14.2822265625
9203281,14.5263671875
9203310,13.18359375
9203401,14.83154296875
9204631,13.61083984375
9205839,15.80810546875
9349995,13.916015625
9350195,15.44189453125
9350241,13.97705078125
9350444,16.90673828125
9350593,17.02880859375
9350674,13.671875
9350809,13.61083984375
9350841,14.5263671875
9350916,13.7939453125
9351032,15.0146484375
9351221,13.24462890625
9351281,13.671875
9351349,16.41845703125
9351478,14.70947265625
9351568,14.404296875
9351718,13.85498046875
9351913,13.48876953125
9352151,13.36669921875
9352218,14.09912109375
9352420,13.7939453125
9352631,15.5029296875
9352822,15.380859375
9353078,14.95361328125
9353424,13.97705078125
9353763,13.3056640625
9354083,17.88330078125
9354931,13.5498046875
9367752,15.5029296875
9367965,14.2822265625
9368134,15.44189453125
9368326,13.916015625
9368406,14.0380859375
9368592,13.5498046875
9368737,16.357421875
9368853,13.3056640625
9368900,14.404296875
9369001,16.05224609375
9369110,13.73291015625
9369147,13.12255859375
9369540,13.48876953125
9369901,16.6015625
9370317,14.6484375
9370533,14.5263671875
9370720,14.5263671875
9371047,14.0380859375
9371662,14.83154296875
9467131,13.5498046875
9467347,18.1884765625
9467364,13.48876953125
9467398,13.97705078125
9467449,14.95361328125
9467466,18.24951171875
9467590,14.70947265625
9467815,13.7939453125
9467850,17.63916015625
9467868,14.95361328125
9468195,13.671875
9468531,15.869140625
9468555,18.5546875
9468936,18.9208984375
9469147,13.48876953125
9469360,14.70947265625
9469718,13.48876953125
9469891,14.70947265625
9470743,13.427734375
9470927,14.70947265625
9470997,14.22119140625
9471559,15.625
9583798,16.11328125
9584002,13.61083984375
9584142,15.380859375
9584189,13.36669921875
9584414,16.11328125
9584608,16.78466796875
9584777,14.70947265625
9584913,16.4794921875
9585155,16.78466796875
9585240,13.427734375
9585428,13.3056640625
9585446,13.73291015625
9585525,14.95361328125
9585671,13.24462890625
9585804,14.46533203125
9585891,13.61083984375
9586027,14.892578125
9586087,16.41845703125
9586724,14.83154296875
9586817,14.6484375
9587734,13.61083984375
9588054,13.3056640625
9605427,15.19775390625
9605720,15.56396484375
9605842,13.61083984375
9606342,17.02880859375
9606399,13.427734375
9606533,19.34814453125
9606649,15.5029296875
9606708,14.34326171875
9607147,16.17431640625
9608019,15.5029296875
9608254,16.9677734375
9608580,13.916015625
9609036,13.3056640625
9609984,14.16015625
9629678,18.1884765625
9629848,19.95849609375
9630130,14.7705078125
9630490,18.49365234375
9630667,13.61083984375
9630738,14.46533203125
9630810,16.9677734375
9630996,16.54052734375
9631180,14.70947265625
9631461,20.263671875
9631727,13.61083984375
9631740,14.58740234375
9632143,13.427734375
9632370,16.29638671875
9632941,13.7939453125
9633021,16.78466796875
9633220,14.16015625
9646162,13.3056640625
9646368,13.48876953125
9646559,14.2822265625
9646784,13.24462890625
9647119,20.93505859375
9647776,16.11328125
9648122,14.09912109375
9648263,16.7236328125
9648713,16.05224609375
9648917,14.58740234375
9863093,16.2353515625
9863123,13.427734375
9863446,13.61083984375
9863588,15.13671875
9863941,14.2822265625
9864229,13.61083984375
9864356,13.85498046875
9864376,15.19775390625
9864913,13.3056640625
9865734,17.7001953125
9865962,13.916015625
9867249,13.427734375
9867537,14.22119140625
10027530,13.12255859375
10027737,13.12255859375
10027949,13.427734375
10028041,15.9912109375
10028184,23.193359375
10028293,16.357421875
10028383,14.70947265625
10028639,13.5498046875
10028707,16.54052734375
10028832,13.5498046875
10028915,16.357421875
10029014,14.46533203125
10029387,13.97705078125
10029578,16.6015625
10030031,14.892578125
10030656,13.671875
10030890,15.5029296875
10031072,15.31982421875
10031452,13.36669921875
10031851,13.12255859375
10032269,15.31982421875
10032641,14.22119140625
10049111,13.24462890625
10049297,14.7705078125
10049600,17.822265625
10049625,13.18359375
10049659,13.73291015625
10050249,15.68603515625
10050332,14.2822265625
10050435,15.80810546875
10050682,13.671875
10051088,14.6484375
10051111,17.7001953125
10052157,15.44189453125
10052496,15.68603515625
10052787,13.7939453125
10053381,14.09912109375
10268536,15.380859375
10268669,13.97705078125
10268719,17.9443359375
10268783,14.892578125
10268794,16.29638671875
10268818,15.56396484375
10268829,13.916015625
10269040,15.19775390625
10269132,13.916015625
10269169,15.2587890625
10269188,17.08984375
10269232,14.34326171875
10269248,18.4326171875
10269590,13.916015625
10269680,14.2822265625
10269903,13.916015625
10270138,17.4560546875
10270242,14.16015625
10270272,13.61083984375
10270284,13.97705078125
10270454,16.6015625
10270855,13.48876953125
10270976,18.06640625
10271070,13.916015625
10271408,13.12255859375
10271613,17.822265625
10271731,14.404296875
10271868,16.4794921875
10272423,14.5263671875
10272735,15.7470703125
10273435,13.7939453125
10274276,13.36669921875
10275034,13.916015625
10431331,18.49365234375
10431382,15.625
10431533,16.05224609375
10431620,17.333984375
10431643,13.671875
10431660,16.78466796875
10431715,20.81298828125
10431790,15.7470703125
10431859,14.892578125
10431999,14.46533203125
10432065,13.5498046875
10432137,15.19775390625
10432282,17.39501953125
10432406,19.59228515625
10432550,13.427734375
10432770,13.3056640625
10432870,14.892578125
10433599,16.78466796875
10433731,16.6015625
10433932,15.31982421875
10434184,15.380859375
10434289,13.24462890625
10434689,13.671875
10434834,16.357421875
10435090,13.36669921875
10435960,13.12255859375
10436126,13.61083984375
10436293,14.0380859375
10436636,17.08984375
10437260,14.2822265625
10454381,13.12255859375
10454454,15.7470703125
10454519,14.7705078125
10454559,16.17431640625
10454710,13.24462890625
10454791,15.5029296875
10455111,13.3056640625
10455288,13.12255859375
10455412,13.5498046875
10455481,13.73291015625
10455682,14.892578125
10455990,14.22119140625
10456157,14.7705078125
10456435,14.09912109375
10456677,16.05224609375
10456711,13.61083984375
10457011,13.3056640625
10457919,17.2119140625
10458150,17.27294921875
10458885,14.6484375
10475404,14.46533203125
10475544,13.97705078125
10475650,13.85498046875
10476044,14.2822265625
10476121,14.83154296875
10476198,13.916015625
10476376,14.70947265625
10476667,14.7705078125
10476882,14.83154296875
10477016,15.9912109375
10477580,13.85498046875
10477608,13.3056640625
10477766,15.0146484375
10478017,13.12255859375
10478797,13.671875
10479057,13.671875
10554762,17.27294921875
10555047,13.73291015625
10555094,21.17919921875
10555143,14.22119140625
10555194,13.73291015625
10555222,15.93017578125
10555370,14.2822265625
10555442,16.7236328125
10555468,14.5263671875
10555544,14.2822265625
10555584,13.85498046875
10555737,18.85986328125
10555928,13.5498046875
10556040,14.0380859375
10556198,16.05224609375
10556240,13.427734375
10556327,14.22119140625
10556640,15.80810546875
10556805,13.73291015625
10556947,16.66259765625
10557420,13.3056640625
10557609,17.7001953125
10557872,13.73291015625
10558292,19.4091796875
10558541,14.892578125
10559089,15.9912109375
10559638,13.5498046875
10560502,15.380859375
10598784,15.56396484375
10598958,18.24951171875
10599095,13.48876953125
10599161,13.24462890625
10599285,18.6767578125
10599681,14.70947265625
10599878,15.19775390625
10600033,13.7939453125
10600148,13.85498046875
10600400,15.80810546875
10600586,15.869140625
10600900,18.85986328125
10601065,15.380859375
10601317,20.8740234375
10601698,15.93017578125
10601986,15.380859375
10602202,13.24462890625
10602404,13.73291015625
10603038,13.3056640625
10931038,13.12255859375
10931460,15.5029296875
10931607,16.17431640625
10931703,18.49365234375
10932227,13.916015625
10932343,14.83154296875
10932586,14.34326171875
10932703,16.78466796875
10932754,14.22119140625
10932922,14.34326171875
10932974,13.61083984375
10933058,15.44189453125
10933334,15.625
10933409,14.5263671875
10933842,13.3056640625
10933918,13.24462890625
10934159,14.95361328125
10934297,14.5263671875
10934377,15.869140625
10934697,13.916015625
10934929,15.07568359375
10935022,13.61083984375
10935344,17.63916015625
10935390,14.2822265625
10935747,14.46533203125
10935859,15.7470703125
10936035,19.775390625
10936303,13.12255859375
10936610,14.404296875
10936930,14.22119140625
10937223,13.85498046875
10937957,13.85498046875
10996855,19.34814453125
10996958,14.83154296875
10997027,17.02880859375
10997106,16.05224609375
10997175,15.0146484375
10997258,15.44189453125
10997330,13.12255859375
10997357,13.5498046875
10997438,14.2822265625
10997515,13.48876953125
10997607,13.48876953125
10997632,14.404296875
10997729,15.869140625
10997876,16.54052734375
10997910,13.916015625
10998011,15.5029296875
10998214,13.671875
10998308,17.15087890625
10999274,20.263671875
10999783,18.1884765625
10999805,13.73291015625
11000232,17.2119140625
11000289,13.97705078125
11000456,14.58740234375
11000633,13.73291015625
11001155,15.07568359375
11001390,15.13671875
11001900,13.48876953125
11002354,15.13671875
11150351,13.24462890625
11150540,13.73291015625
11150691,25.08544921875
11150748,13.12255859375
11150866,14.70947265625
11150930,13.916015625
11151112,13.916015625
11151251,20.44677734375
11151372,16.845703125
11151402,14.16015625
11151540,16.29638671875
11151623,15.68603515625
11151698,13.427734375
11151783,15.7470703125
11151941,13.3056640625
11152092,14.70947265625
11152256,13.24462890625
11152350,14.95361328125
11152372,13.24462890625
11152457,13.427734375
11152936,15.07568359375
11152962,14.34326171875
11153064,13.85498046875
11153102,13.61083984375
11153458,13.48876953125
11153473,20.1416015625
11154434,14.09912109375
11154672,17.51708984375
11155055,15.13671875
11155566,15.13671875
11155923,15.68603515625
11156193,14.404296875
11156545,17.08984375
11172181,14.09912109375
11172301,14.6484375
11172401,15.2587890625
11172832,17.2119140625
11172854,15.80810546875
11172958,16.845703125
11172986,18.00537109375
11173070,14.0380859375
11173101,14.09912109375
11173517,16.05224609375
11173699,20.81298828125
11173819,13.916015625
11173983,16.7236328125
11174063,13.61083984375
11174193,16.2353515625
11174401,14.83154296875
11174451,13.73291015625
11174953,16.66259765625
11175087,13.671875
11175142,13.61083984375
11175354,13.97705078125
11175425,14.0380859375
11175611,15.80810546875
11175830,15.93017578125
11176152,15.9912109375
11176632,13.48876953125
11177709,14.404296875
11280192,14.892578125
11280501,14.2822265625
11280632,15.380859375
11280759,15.0146484375
11280865,13.85498046875
11280905,13.427734375
11280965,14.46533203125
11281039,13.3056640625
11281127,19.53125
11281187,15.0146484375
11281277,13.85498046875
11281376,15.2587890625
11281559,21.91162109375
11281690,16.90673828125
11282069,13.427734375
11282288,17.88330078125
11282475,13.18359375
11282661,17.08984375
11283027,16.4794921875
11283117,15.0146484375
11283414,13.61083984375
11283663,15.13671875
11283897,14.16015625
11284062,17.333984375
11284199,15.19775390625
11284386,13.427734375
11284821,13.73291015625
11285521,15.7470703125
11286022,15.5029296875
11307719,13.18359375
11308076,14.34326171875
11308379,20.44677734375
11308490,14.892578125
11308591,13.61083984375
11308740,17.88330078125
11309059,13.3056640625
11309137,13.73291015625
11309320,13.24462890625
11309427,13.73291015625
11309707,14.46533203125
11309933,21.66748046875
11310121,13.48876953125
11310211,16.4794921875
11310420,15.7470703125
11310609,13.73291015625
11310840,14.70947265625
11311100,14.22119140625
11311666,14.09912109375
11312200,13.48876953125
11332125,15.9912109375
11332248,13.97705078125
11332273,16.6015625
11332386,13.427734375
11332538,19.47021484375
11332562,13.427734375
11332698,21.728515625
11332872,14.22119140625
11332894,14.34326171875
11333043,13.3056640625
11333605,13.36669921875
11334316,15.44189453125
11335016,13.7939453125
11335875,13.73291015625
11336197,15.7470703125
11336471,14.09912109375
11350225,14.404296875
11350603,13.5498046875
11350641,15.13671875
11350828,19.04296875
11351010,17.15087890625
11351058,13.48876953125
11351753,13.73291015625
11351788,13.24462890625
11352208,14.95361328125
11352435,16.845703125
11352655,13.5498046875
11353180,13.24462890625
11353392,13.12255859375
11354590,14.46533203125
11355135,14.46533203125
11370132,15.56396484375
11370489,15.13671875
11370677,15.31982421875
11370850,15.68603515625
11371079,16.66259765625
11371285,14.16015625
11371462,14.09912109375
11371583,13.671875
11371701,15.380859375
11372004,14.5263671875
11373251,13.5498046875
11373503,14.09912109375
11373814,15.0146484375
11389349,15.31982421875
11389611,14.0380859375
11389777,16.845703125
11389951,15.07568359375
11390209,17.4560546875
11390616,14.6484375
11390786,14.83154296875
11391048,15.625
11391319,14.70947265625
11391631,13.61083984375
11392209,14.34326171875
11393001,15.68603515625
11395052,13.5498046875
11411627,13.5498046875
11411781,13.916015625
11412215,16.78466796875
11412465,15.07568359375
11412592,14.5263671875
11412695,16.05224609375
11412906,15.07568359375
11412958,13.427734375
11413649,15.31982421875
11413855,13.916015625
11414967,16.66259765625
11428723,13.97705078125
11428947,13.61083984375
11429230,13.7939453125
11429669,13.7939453125
11430170,17.39501953125
11430848,13.73291015625
11431806,13.427734375
11432216,15.19775390625
11805279,17.9443359375
11805353,14.404296875
11805418,13.36669921875
11805633,13.18359375
11805695,14.46533203125
11805725,18.4326171875
11805867,14.7705078125
11805884,14.892578125
11805963,17.39501953125
11806216,13.36669921875
11806451,17.51708984375
11806673,14.46533203125
11806733,14.46533203125
11806774,14.34326171875
11807162,14.0380859375
11807408,13.5498046875
11807481,13.3056640625
11807814,15.56396484375
11808151,15.44189453125
11808393,14.404296875
11808550,14.46533203125
11809416,13.3056640625
11809551,13.12255859375
11809785,13.3056640625
11811338,15.869140625
11929047,13.18359375
11929084,13.85498046875
11929132,13.427734375
11929177,13.61083984375
11929238,13.18359375
11929254,15.07568359375
11929368,13.12255859375
11929511,13.18359375
11929571,14.83154296875
11929611,14.5263671875
11929633,13.73291015625
11929741,20.751953125
11929865,15.93017578125
11929977,15.9912109375
11930088,17.7001953125
11930200,14.2822265625
11930285,13.24462890625
11930366,13.48876953125
11930508,14.2822265625
11930573,13.5498046875
11930886,13.427734375
11931030,13.36669921875
11931079,14.6484375
11931358,14.16015625
11931677,13.916015625
11932070,14.95361328125
11932313,13.18359375
11932401,16.29638671875
11932556,13.3056640625
11932705,14.5263671875
11932841,14.34326171875
11933013,14.16015625
11933521,15.2587890625
11934384,13.48876953125
11935324,14.46533203125
