11999000,0
185061,16.05224609375
185232,14.0380859375
185309,13.61083984375
185348,15.80810546875
185562,17.9443359375
185587,13.12255859375
185683,20.08056640625
185737,14.892578125
185811,16.78466796875
186386,14.09912109375
330272,13.7939453125
330542,13.24462890625
330724,15.31982421875
330743,17.2119140625
330939,14.6484375
331115,15.68603515625
331226,15.68603515625
332394,13.85498046875
333825,15.44189453125
483438,14.404296875
483621,15.56396484375
483646,14.892578125
483802,13.18359375
483938,29.23583984375
484128,19.95849609375
484259,16.17431640625
484596,13.671875
486794,14.70947265625
595296,13.5498046875
595386,14.58740234375
595570,13.85498046875
595652,19.83642578125
595835,19.775390625
596128,14.58740234375
757707,13.427734375
758046,22.15576171875
758068,15.07568359375
758203,16.2353515625
758321,14.0380859375
758346,14.892578125
758511,15.5029296875
758710,13.12255859375
758753,13.12255859375
884539,14.16015625
884570,15.19775390625
884664,14.0380859375
884836,13.5498046875
884945,21.17919921875
885072,22.5830078125
885222,13.671875
887081,14.404296875
1042589,14.5263671875
1043105,22.705078125
1043262,21.484375
1043395,15.2587890625
1043732,13.97705078125
1044058,13.12255859375
1045367,18.49365234375
1237616,14.58740234375
1237724,13.73291015625
1237845,13.427734375
1237896,13.24462890625
1237987,25.390625
1238053,13.36669921875
1238070,13.5498046875
1238103,13.671875
1238212,24.96337890625
1238367,19.22607421875
1238683,13.61083984375
1309025,14.09912109375
1309354,14.16015625
1309425,16.11328125
1309439,18.73779296875
1309617,24.4140625
1309772,15.869140625
1310012,13.36669921875
1310709,13.24462890625
1435819,14.5263671875
1435840,13.427734375
1436154,27.52685546875
1436327,18.98193359375
1436482,15.07568359375
1436624,16.6015625
1437081,13.3056640625
1575480,14.09912109375
1575876,14.22119140625
1575968,18.6767578125
1575978,16.7236328125
1576132,20.751953125
1576281,18.12744140625
1576794,14.892578125
1578325,19.95849609375
1661295,15.869140625
1661709,14.22119140625
1661760,25.81787109375
1661955,22.3388671875
1662093,20.99609375
1662804,14.58740234375
1664281,13.671875
1727560,21.66748046875
1727649,14.58740234375
1727719,18.6767578125
1727884,22.216796875
1728065,17.2119140625
1827685,24.169921875
1827978,25.45166015625
1828177,20.81298828125
1828328,14.404296875
1828458,14.2822265625
1971580,13.48876953125
1971704,15.0146484375
1972045,16.17431640625
1972155,13.916015625
1972179,26.18408203125
1972373,20.6298828125
1972516,16.66259765625
1972863,14.404296875
2109404,14.58740234375
2109653,13.73291015625
2109799,14.09912109375
2109881,18.85986328125
2109988,15.869140625
2110162,14.6484375
2111521,13.12255859375
2172116,22.15576171875
2172326,14.0380859375
2172340,20.99609375
2172505,22.94921875
2172632,15.869140625
2254836,15.19775390625
2255117,13.48876953125
2255337,19.34814453125
2255558,25.87890625
2255597,14.46533203125
2255869,14.16015625
2255960,14.83154296875
2256036,15.68603515625
2411567,13.7939453125
2412144,22.03369140625
2412240,13.18359375
2412287,15.5029296875
2412415,17.2119140625
2412516,13.48876953125
2479333,14.58740234375
2479723,15.0146484375
2479759,19.4091796875
2479787,14.58740234375
2479971,22.39990234375
2480144,19.47021484375
2480337,15.869140625
2480348,18.5546875
2480547,13.48876953125
2624863,14.58740234375
2625118,13.5498046875
2625488,20.56884765625
2625658,20.99609375
2625715,13.18359375
2625816,15.56396484375
2625985,17.2119140625
2626079,16.17431640625
2750481,13.61083984375
2750609,15.9912109375
2750913,26.85546875
2751243,28.25927734375
2751258,13.12255859375
2751446,15.625
2751464,13.24462890625
2751905,13.12255859375
2898850,13.24462890625
2898927,14.34326171875
2899010,14.2822265625
2899030,13.18359375
2899111,13.7939453125
2899139,17.76123046875
2899288,13.5498046875
2899355,26.2451171875
2899506,22.76611328125
2899602,14.22119140625
2899664,20.6298828125
2901467,13.427734375
3010212,13.12255859375
3010262,14.09912109375
3010307,14.7705078125
3010413,22.8271484375
3010652,20.69091796875
3010801,16.7236328125
3011097,13.427734375
3011445,13.5498046875
3145695,14.5263671875
3145720,15.2587890625
3145779,15.7470703125
3145862,15.2587890625
3146107,14.83154296875
3146201,19.83642578125
3146325,16.6015625
3146395,20.93505859375
3146515,20.3857421875
3148138,15.13671875
3165088,13.24462890625
3165942,20.20263671875
3166160,18.98193359375
3167312,13.916015625
3333434,13.36669921875
3333534,18.61572265625
3333738,20.69091796875
3333881,14.892578125
3333924,13.5498046875
3334699,14.70947265625
3336251,14.7705078125
3428749,16.7236328125
3428818,15.56396484375
3428906,15.80810546875
3429191,20.56884765625
3429362,22.03369140625
3429546,17.63916015625
3429706,16.6015625
3429870,13.18359375
3431526,13.48876953125
3584436,13.916015625
3584531,14.22119140625
3584626,14.22119140625
3585018,25.146484375
3585083,13.85498046875
3585149,22.216796875
3585294,14.404296875
3585314,13.5498046875
3585427,13.427734375
3585461,17.822265625
3663803,13.5498046875
3663990,13.3056640625
3664017,13.36669921875
3664191,20.69091796875
3664402,22.4609375
3664438,13.36669921875
3664734,13.12255859375
3665140,13.85498046875
3665202,13.12255859375
3790699,14.404296875
3790914,25.32958984375
3791069,15.625
3791227,17.88330078125
3792326,13.36669921875
3792992,13.48876953125
3888739,13.427734375
3888840,13.916015625
3889018,13.85498046875
3889369,19.287109375
3889582,20.8740234375
3889729,15.13671875
3889887,15.31982421875
3890023,13.48876953125
4072960,13.73291015625
4073076,13.671875
4073454,19.775390625
4073662,18.9208984375
4073822,19.8974609375
4152648,20.3857421875
4153009,13.3056640625
4153068,18.49365234375
4153249,13.5498046875
4153275,19.34814453125
4153449,14.16015625
4154656,13.427734375
4176370,25.20751953125
4176629,17.2119140625
4176883,19.1650390625
4177068,14.95361328125
4177872,13.5498046875
4179250,14.70947265625
4249695,14.70947265625
4250068,14.58740234375
4250415,15.13671875
4250597,24.47509765625
4250801,19.775390625
4250954,14.404296875
4251077,14.5263671875
4396250,13.36669921875
4396309,14.46533203125
4396416,15.31982421875
4396622,20.81298828125
4396722,14.404296875
4396836,18.5546875
4396993,16.845703125
4551392,14.22119140625
4551632,14.70947265625
4551717,14.70947265625
4551797,22.64404296875
4551957,26.0009765625
4552083,20.08056640625
4552900,15.0146484375
4553094,15.44189453125
4554393,13.85498046875
4573300,14.16015625
4573401,13.916015625
4573437,26.18408203125
4573538,13.18359375
4573684,14.09912109375
4573744,21.78955078125
4573941,15.07568359375
4574076,15.2587890625
4741366,15.56396484375
4741783,19.6533203125
4741993,20.69091796875
4742153,13.427734375
4742336,13.73291015625
4744065,13.427734375
4763249,13.24462890625
4763952,13.48876953125
4764042,18.00537109375
4764357,15.31982421875
4764410,13.5498046875
4764549,17.15087890625
4764598,15.0146484375
4765922,13.3056640625
4935909,21.78955078125
4936030,20.751953125
4936180,15.13671875
4936220,13.916015625
4936336,16.29638671875
4937795,13.48876953125
5126363,14.22119140625
5126514,20.263671875
5126686,23.37646484375
5126832,15.93017578125
5127415,15.31982421875
5127858,13.12255859375
5128701,13.12255859375
5163318,16.2353515625
5163603,13.18359375
5163622,20.99609375
5163844,17.27294921875
5164040,19.53125
5164176,17.15087890625
5167287,13.3056640625
5377715,16.4794921875
5377806,13.48876953125
5377969,14.6484375
5378023,23.8037109375
5378165,13.12255859375
5378325,13.916015625
5378357,21.3623046875
5378504,16.357421875
5379328,15.19775390625
5380546,14.83154296875
5381026,15.07568359375
5397576,17.578125
5397822,20.08056640625
5398009,17.39501953125
5399307,13.12255859375
5400992,13.427734375
5436223,16.357421875
5436250,22.64404296875
5436519,19.83642578125
5436697,20.263671875
5436900,15.380859375
5436929,13.24462890625
5437248,13.61083984375
5457849,19.95849609375
5458262,20.32470703125
5458458,14.09912109375
5458692,13.12255859375
5484938,18.1884765625
5485231,23.193359375
5485508,19.1650390625
5485744,16.9677734375
5486786,14.09912109375
5679947,14.09912109375
5680170,13.3056640625
5680407,13.85498046875
5680581,16.357421875
5680733,20.263671875
5680818,13.12255859375
5680851,15.2587890625
5681224,13.671875
5681538,14.16015625
5683785,13.671875
5716298,14.09912109375
5716325,19.1650390625
5716536,22.15576171875
5716735,22.0947265625
5717889,13.36669921875
5859053,13.3056640625
5859610,23.92578125
5859760,20.6298828125
5859938,18.85986328125
5860392,14.09912109375
5860640,14.6484375
5884001,14.404296875
5884582,22.64404296875
5884887,18.00537109375
5885051,13.24462890625
5888551,13.671875
6069280,13.5498046875
6069556,16.78466796875
6069794,15.13671875
6069988,17.578125
6070151,13.73291015625
6071028,13.73291015625
6088446,13.36669921875
6088644,14.2822265625
6088756,15.68603515625
6089051,21.66748046875
6089095,13.18359375
6089339,23.8037109375
6089533,14.34326171875
6090296,13.7939453125
6105424,13.61083984375
6105688,14.404296875
6106227,23.49853515625
6106540,16.90673828125
6106738,17.2119140625
6107521,13.24462890625
6126733,19.287109375
6126942,13.85498046875
6127020,19.8974609375
6127270,15.80810546875
6127532,13.916015625
6144346,13.24462890625
6144944,13.916015625
6145319,23.25439453125
6145739,16.66259765625
6146015,15.93017578125
6146300,14.95361328125
6146933,13.18359375
6164847,16.4794921875
6165304,21.3623046875
6165634,15.07568359375
6165925,15.80810546875
6166137,15.93017578125
6183184,13.12255859375
6184387,21.05712890625
6184917,19.71435546875
6185272,15.44189453125
6185543,14.34326171875
6211092,13.85498046875
6211277,14.09912109375
6211893,14.34326171875
6212400,20.99609375
6212642,18.12744140625
6212941,19.4091796875
6213246,14.892578125
6213310,14.2822265625
6440819,13.61083984375
6441082,28.13720703125
6441158,14.58740234375
6441286,21.17919921875
6441432,13.7939453125
6441564,13.36669921875
6442583,13.97705078125
6460842,22.88818359375
6461217,20.263671875
6461407,15.5029296875
6462662,13.5498046875
6572854,14.892578125
6572948,14.34326171875
6573038,14.6484375
6573232,13.24462890625
6573492,15.7470703125
6573517,21.30126953125
6573739,24.10888671875
6573896,19.10400390625
6574084,15.0146484375
6729481,13.671875
6729664,13.18359375
6729751,13.3056640625
6729952,25.20751953125
6730192,20.81298828125
6730493,14.95361328125
6731237,13.427734375
6826257,13.7939453125
6826331,14.16015625
6826607,14.5263671875
6826717,21.728515625
6826904,19.10400390625
6827050,20.56884765625
6827102,13.48876953125
6827187,18.5546875
6828356,13.427734375
6849650,13.85498046875
6849930,14.34326171875
6850417,17.02880859375
6850637,21.1181640625
6850845,13.3056640625
6892294,16.845703125
6892834,21.3623046875
6893082,17.76123046875
6893299,16.9677734375
6893456,14.70947265625
6893991,14.70947265625
6894234,14.70947265625
7050536,13.97705078125
7050974,14.34326171875
7051090,18.00537109375
7051242,16.17431640625
7051383,17.4560546875
7052035,13.7939453125
7052241,13.36669921875
7054436,15.5029296875
7077416,14.70947265625
7077946,19.47021484375
7078221,19.775390625
7078357,13.48876953125
7078395,14.95361328125
7078556,15.625
7079510,13.97705078125
7079817,13.12255859375
7096900,15.13671875
7097144,13.18359375
7097408,15.93017578125
7114404,13.5498046875
7114525,13.85498046875
7114786,14.95361328125
7115039,14.0380859375
7115333,21.240234375
7115656,19.287109375
7115934,14.5263671875
7116129,13.24462890625
7116337,13.61083984375
7255091,14.09912109375
7255673,25.0244140625
7255974,25.81787109375
7256146,13.36669921875
7256269,16.6015625
7256928,13.73291015625
7283071,13.671875
7283463,16.845703125
7283697,20.263671875
7283892,20.44677734375
7284055,15.0146484375
7500198,13.85498046875
7500625,18.1884765625
7500708,14.95361328125
7500805,18.1884765625
7500945,14.70947265625
7504510,14.2822265625
7519096,13.61083984375
7519181,13.61083984375
7519415,13.85498046875
7519446,16.7236328125
7519535,13.916015625
7519635,14.09912109375
7519863,16.17431640625
7520515,13.3056640625
7520586,14.34326171875
7538851,16.2353515625
7539085,20.08056640625
7539294,20.93505859375
7539470,14.404296875
7540758,13.24462890625
7696812,13.61083984375
7696913,13.85498046875
7696992,13.73291015625
7697394,20.8740234375
7697515,13.916015625
7697751,15.07568359375
7697922,13.85498046875
7698954,13.427734375
7842913,14.09912109375
7842943,21.728515625
7843131,18.73779296875
7846672,13.18359375
7863930,19.71435546875
7864081,14.7705078125
7864140,14.22119140625
7864177,14.892578125
7864415,17.08984375
7864970,15.44189453125
7893747,13.12255859375
7894282,20.5078125
7894549,17.333984375
7894669,13.3056640625
7894753,15.869140625
7895118,13.48876953125
7915817,19.04296875
7916069,18.61572265625
7916103,14.404296875
7916207,14.22119140625
7916323,16.17431640625
7916560,13.916015625
7933379,13.916015625
7933477,22.705078125
7933876,18.37158203125
7934057,14.70947265625
7934210,16.66259765625
7934419,13.18359375
7953203,13.48876953125
7953440,18.310546875
7953776,18.61572265625
7954084,16.845703125
8177469,15.7470703125
8177652,14.2822265625
8177896,20.93505859375
8177970,13.36669921875
8178042,14.5263671875
8178175,13.18359375
8178636,13.12255859375
8180053,13.97705078125
8269483,16.2353515625
8269634,15.625
8269708,19.47021484375
8269840,21.240234375
8269883,13.3056640625
8270026,14.09912109375
8270071,19.6533203125
8270232,14.7705078125
8544840,13.24462890625
8544912,15.19775390625
8545015,14.09912109375
8545039,24.84130859375
8545193,18.37158203125
8545301,13.18359375
8548217,13.24462890625
8549158,13.7939453125
8564917,13.61083984375
8565150,20.263671875
8565242,14.22119140625
8565397,16.4794921875
8565582,18.4326171875
8565772,16.05224609375
8570989,13.48876953125
8635445,13.36669921875
8635814,14.16015625
8635829,17.39501953125
8636044,23.01025390625
8636240,23.681640625
8636563,13.916015625
8637787,13.18359375
8665850,18.310546875
8782070,18.98193359375
8782248,18.49365234375
8782349,15.68603515625
8782388,15.19775390625
8782720,13.427734375
8783133,15.07568359375
8902891,13.916015625
8902983,14.404296875
8903030,13.24462890625
8903220,19.53125
8903270,13.427734375
8903314,16.17431640625
8903383,19.775390625
8903567,21.484375
8903798,15.380859375
8903910,14.95361328125
8999614,17.9443359375
8999713,13.916015625
8999800,13.427734375
8999971,14.46533203125
9000063,13.18359375
9000074,19.6533203125
9000141,14.6484375
9000263,20.1416015625
9000380,13.85498046875
9000517,13.427734375
9001948,15.625
9002247,13.427734375
9002522,13.12255859375
9135073,14.5263671875
9135258,13.427734375
9135417,13.916015625
9135443,21.240234375
9135594,15.44189453125
9135619,14.404296875
9135682,13.12255859375
9135763,17.822265625
9135793,14.7705078125
9136262,13.97705078125
9201705,15.07568359375
9202089,20.93505859375
9202216,13.24462890625
9202285,13.36669921875
9202333,24.7802734375
9202454,18.00537109375
9202620,13.73291015625
9203944,13.7939453125
9350089,16.90673828125
9350273,14.2822265625
9350352,15.625
9350392,20.20263671875
9350604,26.42822265625
9350651,13.916015625
9350774,15.19775390625
9350870,13.3056640625
9351721,14.7705078125
9368345,18.310546875
9368611,20.263671875
9368789,21.8505859375
9369214,13.5498046875
9392520,19.10400390625
9467511,14.58740234375
9467645,22.8271484375
9467692,13.85498046875
9467784,17.88330078125
9467834,17.76123046875
9468052,18.06640625
9468191,14.58740234375
9468392,13.85498046875
9468580,13.916015625
9469629,15.2587890625
9470281,13.12255859375
9584047,14.46533203125
9584398,21.6064453125
9584588,19.71435546875
9584726,19.22607421875
9584742,13.427734375
9584882,13.97705078125
9588494,14.6484375
9605555,13.36669921875
9606113,22.4609375
9606278,14.83154296875
9606352,23.49853515625
9606591,17.63916015625
9606977,14.892578125
9608188,13.18359375
9608549,14.892578125
9630354,17.333984375
9630584,23.13232421875
9630825,14.5263671875
9631091,14.34326171875
9631255,13.61083984375
9647179,18.9208984375
9647541,20.99609375
9647901,15.9912109375
9648143,13.5498046875
9863148,13.5498046875
9863314,19.22607421875
9863533,22.88818359375
9863685,13.12255859375
9864839,13.7939453125
10027723,15.5029296875
10027806,14.7705078125
10027918,24.10888671875
10028067,23.4375
10028193,16.29638671875
10032644,14.0380859375
10049414,19.22607421875
10049661,13.73291015625
10049835,14.2822265625
10049897,16.11328125
10051341,14.6484375
10268739,15.44189453125
10268807,13.671875
10268942,23.92578125
10269042,15.625
10269139,17.76123046875
10269296,13.24462890625
10431542,13.3056640625
10431590,14.404296875
10431706,26.0009765625
10431785,13.48876953125
10431857,20.263671875
10431961,16.41845703125
10436306,15.13671875
10454372,19.10400390625
10454621,23.25439453125
10454783,19.10400390625
10475971,17.02880859375
10476106,19.83642578125
10476210,18.49365234375
10476317,24.47509765625
10476524,21.78955078125
10555015,13.61083984375
10555216,15.13671875
10555391,15.07568359375
10555429,19.8974609375
10555658,23.8037109375
10555833,20.32470703125
10556015,18.9208984375
10598772,14.22119140625
10598827,13.73291015625
10599026,30.3955078125
10599288,20.93505859375
10599453,14.6484375
10599643,16.845703125
10600341,14.34326171875
10615225,16.6015625
10931248,13.427734375
10931347,14.5263671875
10931424,14.70947265625
10931559,19.6533203125
10931724,25.87890625
10931833,13.61083984375
10931953,15.19775390625
10934395,13.97705078125
10996871,14.16015625
10997074,15.68603515625
10997303,20.20263671875
10997416,15.56396484375
10997486,24.59716796875
10997667,17.76123046875
10997808,13.97705078125
10998674,13.5498046875
10998824,13.36669921875
10998978,13.48876953125
11150722,13.24462890625
11150899,24.84130859375
11150933,14.0380859375
11150986,14.70947265625
11151137,14.95361328125
11151268,15.07568359375
11151831,13.24462890625
11153660,13.3056640625
11172227,13.48876953125
11172323,13.36669921875
11172535,19.22607421875
11172787,22.27783203125
11172870,14.09912109375
11172974,20.44677734375
11173107,13.12255859375
11280786,13.97705078125
11280848,19.22607421875
11281042,19.83642578125
11281203,14.6484375
11281683,13.671875
11283545,14.2822265625
11284793,13.7939453125
11285828,13.36669921875
11308292,15.7470703125
11308510,16.29638671875
11308733,20.3857421875
11308933,14.16015625
11331778,14.34326171875
11332373,20.08056640625
11332476,14.83154296875
11332665,21.8505859375
11332871,17.4560546875
11350248,13.3056640625
11351212,13.3056640625
11351381,20.3857421875
11351668,18.798828125
11351947,15.5029296875
11370947,19.47021484375
11371326,19.53125
11371589,17.08984375
11372312,16.41845703125
11389785,14.09912109375
11389944,13.3056640625
11390151,18.98193359375
11390532,18.1884765625
11390856,14.58740234375
11391123,15.07568359375
11411096,14.404296875
11412114,17.02880859375
11412336,19.1650390625
11412590,15.0146484375
11412996,14.6484375
11428355,14.7705078125
11429062,17.822265625
11429563,14.58740234375
11429810,14.892578125
11442626,15.56396484375
11805316,24.169921875
11805376,15.5029296875
11805545,20.751953125
11805681,17.15087890625
11929216,15.13671875
11929296,13.671875
11929309,13.73291015625
11929395,17.9443359375
11929458,13.61083984375
11929652,23.681640625
11929803,14.34326171875
11929920,14.5263671875
11930205,13.3056640625
