11999000,0
331265,16.05224609375
1042976,15.07568359375
1726889,15.07568359375
1827437,14.5263671875
2109167,14.0380859375
2110106,14.58740234375
2171951,15.625
2254574,14.0380859375
2411705,15.07568359375
2413074,14.892578125
2478990,14.34326171875
3165377,14.2822265625
3585102,15.44189453125
3663930,15.68603515625
4176462,14.7705078125
4551308,14.22119140625
4551375,14.5263671875
4551686,13.97705078125
4572808,14.09912109375
5126640,14.09912109375
5377942,14.09912109375
5378008,14.2822265625
5436936,14.22119140625
5486229,15.80810546875
6070780,17.76123046875
6211176,14.404296875
7050683,14.58740234375
7077870,14.404296875
7842547,15.5029296875
7864166,14.22119140625
8178974,15.80810546875
8565026,14.0380859375
8904527,14.46533203125
9606185,15.68603515625
10454307,15.2587890625
11331939,15.80810546875
11372263,14.83154296875
11413533,14.16015625
