11999000,0
86503,75.50048828125
86524,75.01220703125
86561,78.857421875
86584,79.16259765625
86604,64.51416015625
86654,66.95556640625
86700,65.12451171875
101785,63.65966796875
101819,66.95556640625
278692,67.07763671875
278710,66.34521484375
278746,69.64111328125
278799,65.49072265625
300946,66.22314453125
301206,61.46240234375
485033,72.3876953125
485132,86.9140625
485240,65.36865234375
485307,73.1201171875
485351,66.89453125
485375,67.138671875
621038,66.0400390625
621087,65.36865234375
621209,65.4296875
621435,67.68798828125
694533,61.82861328125
694556,71.10595703125
694598,72.6318359375
694722,76.96533203125
694769,69.51904296875
694975,61.09619140625
761322,70.6787109375
761379,62.92724609375
761415,61.5234375
761561,68.78662109375
762430,60.36376953125
864953,68.29833984375
864983,65.85693359375
865050,70.556640625
865076,64.208984375
865135,63.4765625
865205,64.51416015625
865291,65.7958984375
895974,61.09619140625
896000,67.2607421875
896058,65.185546875
896079,64.94140625
932507,61.1572265625
952292,61.21826171875
952345,63.1103515625
952410,69.580078125
952433,69.76318359375
965930,67.9931640625
965978,62.43896484375
996705,63.1103515625
996779,82.03125
996824,72.81494140625
996834,80.810546875
1144398,65.91796875
1144475,61.6455078125
1144511,62.07275390625
1144607,65.73486328125
1144635,66.58935546875
1299324,64.27001953125
1299345,71.4111328125
1299430,65.0634765625
1299441,69.3359375
1299534,73.73046875
1469366,63.29345703125
1469402,74.03564453125
1469454,66.89453125
1469470,72.93701171875
1469573,61.767578125
1543781,62.68310546875
1543803,60.97412109375
1543823,77.94189453125
1628670,62.98828125
1628697,67.87109375
1628771,64.39208984375
1628846,61.58447265625
1628918,65.61279296875
1652301,70.61767578125
1652316,60.791015625
1652344,62.01171875
1652562,65.49072265625
1652610,60.36376953125
1669502,73.8525390625
1669782,66.7724609375
1670004,65.91796875
1684457,60.24169921875
1712649,62.255859375
1712675,62.92724609375
1712689,64.39208984375
1712737,64.51416015625
1726570,63.232421875
1739700,60.9130859375
1739742,61.8896484375
1755172,60.9130859375
1773363,64.02587890625
1797479,60.6689453125
1797785,69.3359375
2162290,69.88525390625
2162321,64.8193359375
2162367,76.59912109375
2162380,74.462890625
2162395,76.47705078125
2162417,64.88037109375
2162442,69.580078125
2162472,64.0869140625
2179428,64.39208984375
2179453,63.78173828125
2179479,72.509765625
2179633,63.3544921875
2179991,69.2138671875
2345881,74.70703125
2345911,72.69287109375
2345955,60.24169921875
2346020,78.67431640625
2429679,65.673828125
2429856,60.72998046875
2543308,60.791015625
2543363,75.98876953125
2543380,67.32177734375
2543430,77.7587890625
2543446,71.22802734375
2543480,72.81494140625
2613776,89.599609375
2613824,64.75830078125
2613881,60.97412109375
2613903,62.6220703125
2613949,61.8896484375
2706906,61.4013671875
2706949,62.6220703125
2707029,81.54296875
2707043,74.15771484375
2707075,60.302734375
2707097,66.71142578125
2797351,71.59423828125
2797379,73.05908203125
2797415,61.4013671875
2797427,79.1015625
2797482,62.98828125
2797509,67.2607421875
2812791,63.17138671875
2812807,69.64111328125
2812853,68.54248046875
2813135,63.4765625
2933208,63.4765625
2933257,63.41552734375
2933293,99.9755859375
2933329,76.84326171875
3001623,61.82861328125
3001649,61.279296875
3001667,63.41552734375
3001686,72.08251953125
3001720,71.044921875
3001750,62.92724609375
3001772,74.8291015625
3001965,61.8896484375
3078706,72.75390625
3078771,70.00732421875
3078894,64.63623046875
3078920,82.09228515625
3078950,62.01171875
3161394,73.91357421875
3161434,72.75390625
3161457,77.7587890625
3161480,63.78173828125
3161513,69.580078125
3161551,67.9931640625
3161595,84.228515625
3161634,79.2236328125
3161681,60.546875
3218496,60.546875
3218550,68.05419921875
3218610,60.6689453125
3218682,60.72998046875
3242126,61.34033203125
3242157,62.8662109375
3242198,66.83349609375
3279837,67.44384765625
3279891,63.04931640625
3279983,62.98828125
3280021,67.138671875
3280090,76.0498046875
3500233,69.39697265625
3500313,64.3310546875
3500462,61.58447265625
3550088,61.58447265625
3550536,64.94140625
3711168,78.61328125
3711266,72.44873046875
3711287,70.37353515625
3756361,63.5986328125
3756412,60.97412109375
3847895,60.302734375
3847997,72.44873046875
3848022,68.78662109375
3848050,82.275390625
3848219,60.24169921875
3968980,69.9462890625
3968992,61.95068359375
3969051,93.8720703125
3969068,73.79150390625
3969110,68.42041015625
4052190,75.98876953125
4211169,66.40625
4211248,63.04931640625
4211273,61.4013671875
4211290,80.078125
4211746,61.767578125
4322224,61.70654296875
4322270,74.15771484375
4322284,62.31689453125
4322327,62.1337890625
4322397,62.01171875
4322484,65.61279296875
4434540,60.4248046875
4434601,83.43505859375
4434712,62.3779296875
4434793,65.61279296875
4569527,62.19482421875
4569585,62.56103515625
4569635,71.77734375
4569659,61.279296875
4627968,60.546875
4628015,65.185546875
4628043,62.744140625
4628129,63.4765625
4628159,60.60791015625
4628198,65.61279296875
4628301,66.7724609375
4690993,62.01171875
4691019,63.17138671875
4691042,63.90380859375
4691173,65.0634765625
4691210,61.279296875
4691221,67.07763671875
4691323,63.720703125
4770030,64.02587890625
4770091,78.06396484375
4770125,71.10595703125
4770150,66.5283203125
4770246,61.279296875
5002708,62.68310546875
5002777,65.7958984375
5002793,64.75830078125
5016947,62.56103515625
5157086,72.1435546875
5157112,62.68310546875
5157165,69.580078125
5157190,91.1865234375
5157202,73.974609375
5157230,89.41650390625
5157242,60.4248046875
5157295,60.36376953125
5157339,66.46728515625
5157419,89.66064453125
5177152,65.0634765625
5177298,74.8291015625
5177390,61.34033203125
5280315,68.4814453125
5280405,75.01220703125
5384823,63.232421875
5384865,65.5517578125
5384928,66.0400390625
5384945,60.546875
5385023,66.10107421875
5484154,71.22802734375
5484179,61.03515625
5484252,67.68798828125
5484313,72.32666015625
5520731,63.41552734375
5520768,67.3828125
5520829,64.5751953125
5571256,81.60400390625
5571309,62.92724609375
5571409,61.8896484375
5634203,63.8427734375
5634237,62.92724609375
5718634,67.07763671875
5718669,60.302734375
5718720,70.86181640625
5718752,61.34033203125
5718806,72.75390625
5718911,63.78173828125
5719105,69.15283203125
5838597,64.697265625
5838649,69.76318359375
5983923,72.69287109375
5983939,65.4296875
5983970,75.439453125
5984046,64.453125
5984194,73.6083984375
6098662,61.34033203125
6098743,62.5
6098817,69.64111328125
6098827,67.138671875
6132450,62.19482421875
6132471,70.4345703125
6132484,61.1572265625
6132573,61.21826171875
6132647,69.27490234375
6132665,63.96484375
6164754,63.29345703125
6164782,66.83349609375
6191057,64.75830078125
6191115,62.98828125
6341723,61.34033203125
6341873,68.78662109375
6342044,60.6689453125
6471471,60.9130859375
6471498,75.927734375
6471549,63.78173828125
6471604,65.12451171875
6471751,64.51416015625
6532396,66.0400390625
6532461,67.0166015625
6597070,64.14794921875
6597207,78.55224609375
6624896,60.97412109375
6624945,63.96484375
6625073,65.00244140625
6625097,63.4765625
6625123,62.5
6729410,67.93212890625
6729514,88.7451171875
6811586,65.3076171875
6811617,65.0634765625
6811635,61.58447265625
6811706,65.12451171875
6885386,64.88037109375
6885421,77.57568359375
6961915,60.60791015625
6962020,76.84326171875
6962074,68.84765625
6962120,63.1103515625
6962190,66.95556640625
6962956,63.232421875
7031558,67.3828125
7031678,68.90869140625
7056743,70.9228515625
7185258,64.697265625
7185317,68.29833984375
7234641,63.90380859375
7234710,65.185546875
7234754,61.03515625
7261245,70.12939453125
7261473,60.72998046875
7287363,69.27490234375
7421362,66.7724609375
7421395,84.77783203125
7462985,60.6689453125
7463020,61.03515625
7463093,71.35009765625
7557249,62.31689453125
7557263,62.98828125
7557309,62.01171875
7557350,66.71142578125
7557403,68.17626953125
7557494,64.27001953125
7688816,61.46240234375
7688941,63.90380859375
7688999,67.7490234375
7689032,76.0498046875
7689110,60.6689453125
7689143,62.56103515625
7702271,64.453125
7740120,63.232421875
7740172,73.54736328125
7740348,70.9228515625
7828053,77.81982421875
7828084,62.744140625
7828148,69.27490234375
7828171,61.8896484375
7893704,65.00244140625
7893729,65.673828125
7893753,70.6787109375
7893781,61.4013671875
7957603,89.53857421875
7957636,64.63623046875
7957719,67.2607421875
7979487,62.19482421875
7979556,62.744140625
7979706,67.3828125
8012110,63.65966796875
8052003,63.5986328125
8052016,63.53759765625
8261876,60.4248046875
8261909,91.30859375
8261956,65.185546875
8262121,60.85205078125
8278186,70.12939453125
8278267,61.6455078125
8294384,67.81005859375
8374343,61.21826171875
8374459,67.68798828125
8374482,61.767578125
8559638,75.3173828125
8559650,78.2470703125
8559683,64.697265625
8559730,61.46240234375
8559796,67.19970703125
8723003,65.12451171875
8723051,77.7587890625
8723064,68.4814453125
8723096,60.4248046875
8723130,60.85205078125
8996605,66.5283203125
8996634,80.74951171875
8996665,63.1103515625
8996687,64.75830078125
8996738,73.1201171875
8996842,64.02587890625
9130344,61.1572265625
9130429,65.00244140625
9130482,61.95068359375
9130574,68.2373046875
9157812,73.3642578125
9157858,60.48583984375
9157897,61.4013671875
9157928,63.4765625
9341204,69.76318359375
9341290,64.27001953125
9402445,62.19482421875
9402534,62.744140625
9402587,68.29833984375
9402673,74.40185546875
9548410,73.30322265625
9548473,90.51513671875
9548490,65.61279296875
9548506,62.19482421875
9548543,66.71142578125
9548570,74.3408203125
9548626,60.60791015625
9564154,64.3310546875
9564700,60.85205078125
9580791,81.54296875
9580856,65.4296875
9580889,73.1201171875
9597912,67.87109375
9597965,66.10107421875
9613187,67.138671875
9627059,60.9130859375
9642396,67.9931640625
9667485,63.04931640625
9681440,60.97412109375
9681489,72.998046875
9705465,71.533203125
9705704,60.97412109375
10016434,65.49072265625
10016492,78.91845703125
10016571,76.59912109375
10016612,63.8427734375
10016637,67.87109375
10031476,62.8662109375
10031543,60.85205078125
10031641,65.5517578125
10031688,60.546875
10210484,100.9521484375
10210504,71.96044921875
10210549,61.279296875
10210575,60.4248046875
10223563,64.3310546875
10223602,63.8427734375
10223741,71.77734375
10223835,62.07275390625
10272356,80.38330078125
10272384,68.84765625
10272469,68.84765625
10272563,65.97900390625
10299103,63.5986328125
10299172,63.78173828125
10299327,70.98388671875
10315355,65.49072265625
10315534,62.07275390625
10315575,65.5517578125
10316264,60.6689453125
10330405,64.63623046875
10330532,64.88037109375
10504579,66.40625
10504659,67.56591796875
10504671,81.48193359375
10519428,72.75390625
10708346,65.97900390625
10708361,66.89453125
10708488,77.0263671875
10708511,66.71142578125
10852369,84.9609375
10852385,68.7255859375
10852424,95.03173828125
10852451,63.65966796875
10852483,64.697265625
10852590,63.4765625
10870809,63.4765625
10870909,63.53759765625
10870941,75.98876953125
10900112,69.15283203125
10900228,71.22802734375
10922387,65.73486328125
10922621,65.4296875
10977075,65.4296875
10977122,62.5
11100105,61.1572265625
11100146,73.2421875
11100213,63.41552734375
11100283,62.19482421875
11100314,63.65966796875
11100386,62.744140625
11131625,60.36376953125
11328723,62.07275390625
11328827,68.78662109375
11344364,61.21826171875
11494800,60.60791015625
11494847,66.22314453125
11494892,62.68310546875
11494964,60.546875
11510207,65.85693359375
11510264,61.767578125
11510296,75.98876953125
11659013,69.15283203125
11659091,75.74462890625
11659128,72.021484375
11711239,64.5751953125
11711293,78.2470703125
11711372,66.0400390625
11711507,62.98828125
11907333,60.4248046875
11907387,91.4306640625
11907428,74.951171875
11907465,63.65966796875
11907487,63.3544921875
11907584,67.2607421875
11921760,61.5234375
11921788,60.546875
11921864,63.65966796875
11921885,60.546875
11922344,61.03515625
11939113,60.85205078125
11939133,63.96484375
11939150,64.02587890625
11939206,67.138671875
11960369,60.60791015625
11977630,64.14794921875
11977676,64.208984375
