11999000,0
86503,56.82373046875
86541,55.72509765625
86589,55.23681640625
86650,65.00244140625
101827,55.0537109375
101911,52.1240234375
101927,52.490234375
278651,57.92236328125
278793,57.373046875
300841,52.6123046875
300955,52.42919921875
485221,66.162109375
620954,55.6640625
620973,54.19921875
621005,75.927734375
621103,62.56103515625
694581,53.64990234375
694605,58.89892578125
694916,72.509765625
761284,53.22265625
761445,53.466796875
761517,52.67333984375
864958,57.80029296875
864993,51.81884765625
865015,54.87060546875
865217,54.50439453125
895916,74.52392578125
896194,55.96923828125
912771,56.5185546875
912965,61.5234375
932435,52.978515625
952359,61.34033203125
965946,53.8330078125
996644,54.74853515625
996694,55.48095703125
1144393,54.99267578125
1144414,52.1240234375
1144457,55.23681640625
1144493,54.13818359375
1144512,55.11474609375
1146405,57.12890625
1299269,65.673828125
1299386,60.4248046875
1299435,52.001953125
1469378,58.04443359375
1469439,54.443359375
1469455,56.5185546875
1469513,55.17578125
1471221,53.7109375
1543599,56.640625
1543746,56.640625
1543757,52.67333984375
1543869,65.0634765625
1628686,57.9833984375
1628765,68.42041015625
1628808,56.70166015625
1652317,59.814453125
1652587,54.19921875
1669581,51.8798828125
1670271,54.99267578125
1698126,52.3681640625
1713747,51.94091796875
1739626,58.16650390625
1755393,54.26025390625
1773472,63.78173828125
1797355,56.94580078125
2162306,53.40576171875
2162327,70.98388671875
2162369,53.5888671875
2162475,57.12890625
2162539,52.978515625
2345926,57.0068359375
2346008,53.40576171875
2429629,52.8564453125
2429669,53.03955078125
2429914,52.79541015625
2429949,61.1572265625
2543369,55.2978515625
2543393,60.85205078125
2543471,56.15234375
2613652,53.16162109375
2613749,57.92236328125
2613825,54.5654296875
2613947,56.57958984375
2706960,64.453125
2797308,54.50439453125
2797398,58.10546875
2797517,53.89404296875
2933160,56.7626953125
3002178,62.5
3078684,54.0771484375
3078744,57.7392578125
3078788,53.22265625
3078930,63.29345703125
3078978,54.443359375
3161379,53.16162109375
3161483,60.6689453125
3161547,56.45751953125
3218770,62.98828125
3279883,58.59375
3279935,52.1240234375
3280099,67.3828125
3500664,62.6220703125
3550372,54.0771484375
3711140,54.50439453125
3711197,51.94091796875
3711275,56.15234375
3756309,57.06787109375
3756384,53.7109375
3848051,59.02099609375
3968990,65.24658203125
3969077,53.03955078125
4052134,61.58447265625
4322238,52.001953125
4322457,52.67333984375
4434493,57.0068359375
4434552,54.13818359375
4434643,53.64990234375
4434844,52.3681640625
4569635,76.23291015625
4628017,57.43408203125
4628051,53.466796875
4628076,55.23681640625
4628105,65.49072265625
4628202,54.443359375
4628239,54.5654296875
4628479,53.5888671875
4691173,57.373046875
4691301,53.16162109375
4770043,52.3681640625
4770092,67.32177734375
4770106,55.72509765625
4770170,54.3212890625
4770239,61.70654296875
4772957,54.74853515625
5002695,55.60302734375
5002749,56.396484375
5002895,52.24609375
5016818,51.81884765625
5157107,58.41064453125
5157199,52.6123046875
5177213,53.3447265625
5177577,55.0537109375
5280353,54.5654296875
5280407,56.640625
5280443,52.24609375
5384986,51.8798828125
5385029,53.466796875
5385105,54.26025390625
5385133,52.734375
5385292,51.81884765625
5484234,66.83349609375
5484257,53.03955078125
5484393,58.10546875
5520684,53.77197265625
5520743,53.40576171875
5520775,55.7861328125
5520794,59.326171875
5571351,55.17578125
5571417,55.35888671875
5634120,65.4296875
5634144,53.77197265625
5634280,58.2275390625
5634357,54.6875
5718714,54.8095703125
5718740,54.01611328125
5718804,62.3779296875
5718936,54.26025390625
5838581,60.546875
5838702,61.82861328125
5984026,61.34033203125
5984160,53.03955078125
6132642,53.955078125
6164740,63.1103515625
6164942,54.01611328125
6191051,59.5703125
6191131,52.978515625
6341817,56.0302734375
6341847,52.001953125
6342034,53.22265625
6356948,63.53759765625
6357101,53.3447265625
6357143,60.302734375
6471476,53.22265625
6471557,52.06298828125
6532470,56.0302734375
6597094,66.650390625
6597165,56.2744140625
6597182,52.978515625
6597255,52.91748046875
6729336,56.57958984375
6885222,54.19921875
6885380,52.18505859375
6885508,56.33544921875
7031622,53.52783203125
7056892,54.6875
7057038,52.1240234375
7185247,53.466796875
7185328,54.26025390625
7185489,55.84716796875
7234531,54.87060546875
7234649,54.62646484375
7287098,55.908203125
7288272,54.50439453125
7421179,69.64111328125
7421257,54.26025390625
7463070,53.40576171875
7557306,61.4013671875
7557372,55.7861328125
7689040,52.42919921875
7689075,53.03955078125
7702286,52.18505859375
7702360,52.6123046875
7740063,56.640625
7827978,53.03955078125
7828118,66.650390625
7828156,62.1337890625
7893657,53.52783203125
7893768,68.54248046875
7893932,52.3681640625
7957604,56.0302734375
7958017,56.45751953125
7979352,53.03955078125
8012006,54.6875
8051969,55.419921875
8261841,59.814453125
8261895,53.1005859375
8262486,52.18505859375
8277947,52.001953125
8278266,52.42919921875
8374274,51.7578125
8374404,52.001953125
8559545,52.24609375
8559811,52.001953125
8723066,51.94091796875
8723102,56.45751953125
8996611,52.06298828125
8996686,57.12890625
8996860,51.7578125
9157753,53.466796875
9157789,57.55615234375
9157831,60.97412109375
9157879,53.89404296875
9157919,58.53271484375
9157963,51.81884765625
9158215,53.1005859375
9341201,52.67333984375
9341258,63.232421875
9402472,57.43408203125
9548507,68.17626953125
9548636,52.55126953125
9548733,55.7861328125
9564230,53.466796875
9597836,55.60302734375
9642508,52.978515625
10016404,52.24609375
10016438,55.35888671875
10016618,53.955078125
10031462,55.5419921875
10031739,53.466796875
10210294,52.3681640625
10210346,53.3447265625
10210420,54.443359375
10299097,57.9833984375
10299173,54.443359375
10317423,52.1240234375
10330441,51.81884765625
10330722,55.17578125
10504598,58.4716796875
10504706,55.60302734375
10519250,54.19921875
10519502,54.8095703125
10708407,56.94580078125
10708713,62.07275390625
10852266,54.931640625
10852395,51.94091796875
10852418,59.99755859375
10922623,53.28369140625
10977072,63.1103515625
11100192,52.490234375
11100251,64.63623046875
11100275,58.59375
11131831,55.84716796875
11131886,55.11474609375
11328704,60.791015625
11328837,53.3447265625
11344411,53.40576171875
11344450,56.0302734375
11344463,52.1240234375
11494801,82.09228515625
11907412,55.84716796875
11907482,56.640625
11907627,52.978515625
11921764,65.3076171875
11921914,54.5654296875
11977993,52.1240234375
11993805,55.72509765625
