11999000,0
86408,53.7109375
86441,54.01611328125
86501,60.72998046875
86532,65.7958984375
86553,64.453125
86575,55.35888671875
86592,55.0537109375
86607,81.48193359375
86644,76.84326171875
86667,59.814453125
86709,57.80029296875
86825,57.373046875
87005,60.24169921875
101739,64.94140625
101774,91.00341796875
101785,65.12451171875
101821,63.96484375
101863,55.96923828125
101966,64.88037109375
102028,56.21337890625
102066,54.5654296875
102588,53.7109375
278609,73.66943359375
278622,81.48193359375
278660,59.02099609375
278716,55.17578125
278734,59.75341796875
278767,53.8330078125
278789,65.24658203125
278825,69.2138671875
278878,64.453125
300841,60.9130859375
300933,59.14306640625
300988,53.52783203125
301040,67.5048828125
301126,54.13818359375
301154,56.70166015625
301187,56.33544921875
301275,58.10546875
301922,57.12890625
485042,57.92236328125
485067,54.38232421875
485089,67.2607421875
485120,64.14794921875
485138,56.70166015625
485182,60.11962890625
485209,59.99755859375
485262,66.0400390625
485281,53.955078125
485381,62.01171875
485458,58.2275390625
620917,90.51513671875
620941,53.7109375
620961,58.16650390625
621001,56.94580078125
621019,57.2509765625
621158,53.3447265625
694555,68.2373046875
694593,71.533203125
694638,55.6640625
694659,57.06787109375
694756,61.58447265625
694834,68.42041015625
694871,58.837890625
696170,60.302734375
761377,57.9833984375
761401,57.373046875
761419,58.65478515625
761443,57.861328125
761485,75.98876953125
761529,53.955078125
761541,61.1572265625
864951,60.6689453125
864988,69.4580078125
865024,73.1201171875
865050,54.931640625
865070,77.63671875
865088,58.89892578125
865110,81.48193359375
865124,66.5283203125
865236,54.26025390625
865379,56.0302734375
895883,67.68798828125
895893,59.2041015625
895918,61.34033203125
895957,66.58935546875
895978,57.31201171875
896021,76.72119140625
896052,53.8330078125
896089,73.1201171875
896139,53.40576171875
912723,54.0771484375
912809,65.12451171875
912945,57.80029296875
913023,55.419921875
932466,53.955078125
932477,66.5283203125
932492,61.279296875
932629,58.77685546875
952313,60.85205078125
952401,60.85205078125
952420,53.22265625
952558,59.9365234375
952605,55.48095703125
965834,54.931640625
965939,56.70166015625
966183,53.28369140625
996662,53.64990234375
996755,60.4248046875
996843,56.2744140625
996862,54.3212890625
996919,57.43408203125
1144406,66.95556640625
1144439,54.99267578125
1144493,54.8095703125
1144526,60.11962890625
1144593,61.767578125
1144672,54.931640625
1144718,58.7158203125
1299266,60.302734375
1299298,54.5654296875
1299325,90.51513671875
1299347,54.3212890625
1299390,54.99267578125
1299410,56.2744140625
1299447,58.89892578125
1299489,55.48095703125
1299524,62.31689453125
1299542,68.7255859375
1469367,69.9462890625
1469408,63.5986328125
1469451,57.373046875
1469488,54.74853515625
1469536,61.279296875
1469681,54.62646484375
1543608,59.02099609375
1543714,56.70166015625
1543741,64.02587890625
1543777,56.09130859375
1543966,56.15234375
1544018,53.89404296875
1628621,61.6455078125
1628639,62.31689453125
1628669,53.3447265625
1628694,65.00244140625
1628727,69.27490234375
1628746,55.60302734375
1628765,66.71142578125
1628795,64.63623046875
1628857,59.02099609375
1628898,63.3544921875
1628919,57.55615234375
1652273,53.7109375
1652295,56.82373046875
1652323,63.65966796875
1652349,65.00244140625
1652537,56.57958984375
1652902,63.90380859375
1669382,57.12890625
1669436,53.52783203125
1669474,68.4814453125
1669485,67.32177734375
1669763,57.7392578125
1669948,65.97900390625
1670137,59.50927734375
1684463,60.302734375
1684490,57.92236328125
1697815,76.11083984375
1697867,68.7255859375
1697878,62.1337890625
1697903,67.56591796875
1697970,62.3779296875
1712689,57.861328125
1712712,54.99267578125
1713512,54.50439453125
1726431,55.908203125
1726523,64.63623046875
1726664,60.72998046875
1726842,54.0771484375
1739638,62.56103515625
1739656,64.14794921875
1739695,63.720703125
1755183,53.466796875
1755202,67.93212890625
1755289,54.6875
1773233,56.0302734375
1773348,57.31201171875
1797775,54.99267578125
2162294,66.162109375
2162305,62.43896484375
2162340,81.1767578125
2162377,64.5751953125
2162395,60.36376953125
2162420,53.7109375
2162500,63.29345703125
2162549,59.9365234375
2162978,53.40576171875
2179288,63.41552734375
2179301,55.17578125
2179382,56.15234375
2179477,62.5
2179592,55.60302734375
2179646,60.72998046875
2345795,54.5654296875
2345847,65.12451171875
2345871,79.40673828125
2345887,66.0400390625
2345953,69.580078125
2346066,59.9365234375
2429561,53.52783203125
2429613,62.744140625
2429637,60.97412109375
2429659,64.0869140625
2429696,62.68310546875
2429752,67.07763671875
2429823,53.955078125
2429881,54.13818359375
2429932,54.74853515625
2430032,57.9833984375
2543333,74.15771484375
2543349,56.884765625
2543375,63.17138671875
2543409,61.8896484375
2543432,54.01611328125
2543461,70.61767578125
2543502,58.59375
2543530,55.6640625
2543558,54.38232421875
2543606,55.17578125
2613655,54.87060546875
2613690,61.09619140625
2613714,67.626953125
2613738,62.8662109375
2613814,61.70654296875
2613831,54.6875
2706959,62.6220703125
2706991,63.96484375
2707004,57.92236328125
2707056,54.62646484375
2707098,53.8330078125
2707143,63.65966796875
2707265,53.28369140625
2708088,56.82373046875
2797323,70.25146484375
2797356,65.36865234375
2797377,54.3212890625
2797455,53.64990234375
2797541,53.22265625
2797571,56.7626953125
2797595,63.65966796875
2812800,63.232421875
2812922,68.4814453125
2812956,60.48583984375
2813236,57.18994140625
2933139,64.63623046875
2933192,57.43408203125
2933245,66.5283203125
2933291,55.11474609375
2933325,61.6455078125
2933348,58.77685546875
2933379,59.814453125
2933401,60.72998046875
2933530,58.2275390625
3001570,54.13818359375
3001626,57.06787109375
3001655,62.07275390625
3001676,57.7392578125
3001814,68.2373046875
3001866,54.87060546875
3001930,59.2041015625
3001947,54.01611328125
3078688,63.65966796875
3078720,64.0869140625
3078748,93.20068359375
3078765,64.5751953125
3078832,76.416015625
3078894,55.0537109375
3079075,63.3544921875
3079129,58.41064453125
3079685,57.06787109375
3161350,60.48583984375
3161396,53.466796875
3161427,75.37841796875
3161482,63.65966796875
3161526,64.0869140625
3161546,63.17138671875
3161619,61.58447265625
3161691,57.12890625
3218504,59.08203125
3218560,83.55712890625
3218586,53.28369140625
3218612,60.85205078125
3218672,53.64990234375
3218815,67.7490234375
3218873,62.31689453125
3242115,60.791015625
3242199,70.49560546875
3242233,58.2275390625
3242313,59.63134765625
3242363,57.80029296875
3242425,57.55615234375
3242436,58.59375
3242595,55.17578125
3279860,53.40576171875
3280010,56.33544921875
3280023,59.63134765625
3280123,53.5888671875
3500238,73.3642578125
3500267,76.23291015625
3500293,54.931640625
3500305,66.83349609375
3500391,59.63134765625
3500427,54.3212890625
3500470,57.7392578125
3550163,62.19482421875
3550212,57.0068359375
3550226,76.7822265625
3550268,55.5419921875
3550324,53.5888671875
3550466,59.6923828125
3550591,55.72509765625
3711124,59.9365234375
3711232,59.08203125
3711260,72.69287109375
3711293,67.07763671875
3711309,58.2275390625
3711331,69.7021484375
3711416,58.53271484375
3756236,59.08203125
3756310,71.6552734375
3756346,53.955078125
3756370,53.64990234375
3756385,54.3212890625
3756491,58.2275390625
3756625,56.82373046875
3756671,56.09130859375
3756781,58.28857421875
3847979,70.61767578125
3847990,54.5654296875
3848050,66.46728515625
3848126,59.26513671875
3848190,53.40576171875
3969004,70.49560546875
3969017,56.0302734375
3969049,53.22265625
3969097,54.38232421875
3969119,67.2607421875
3969202,63.65966796875
3969261,53.52783203125
4052034,62.1337890625
4052045,58.349609375
4052145,61.09619140625
4052169,55.96923828125
4052311,61.6455078125
4211117,82.21435546875
4211175,53.5888671875
4211252,59.38720703125
4211274,62.07275390625
4211489,62.1337890625
4211528,56.2744140625
4322305,59.5703125
4322324,54.6875
4322388,62.3779296875
4322431,54.0771484375
4322446,58.349609375
4434492,61.58447265625
4434522,61.279296875
4434542,62.80517578125
4434589,57.2509765625
4434599,54.6875
4434653,56.82373046875
4434685,53.5888671875
4434729,55.48095703125
4434769,65.24658203125
4569541,60.11962890625
4569576,54.87060546875
4569605,53.3447265625
4569617,53.77197265625
4569674,55.6640625
4569726,55.0537109375
4570041,60.72998046875
4627961,56.94580078125
4628007,57.06787109375
4628103,64.208984375
4628118,68.359375
4628136,62.07275390625
4628170,62.8662109375
4628199,61.34033203125
4628218,59.26513671875
4629097,53.52783203125
4690964,58.65478515625
4691015,73.2421875
4691088,61.21826171875
4691106,64.75830078125
4691151,65.73486328125
4691311,53.7109375
4770008,56.70166015625
4770020,81.6650390625
4770071,56.0302734375
4770456,67.138671875
5002789,71.8994140625
5002827,54.26025390625
5003140,54.8095703125
5003294,62.68310546875
5016802,58.349609375
5016848,69.64111328125
5016915,53.89404296875
5016948,55.7861328125
5017026,57.43408203125
5017044,54.99267578125
5157053,53.466796875
5157131,54.0771484375
5157171,54.01611328125
5157198,63.3544921875
5157230,65.00244140625
5157326,63.90380859375
5157384,53.40576171875
5177128,53.3447265625
5177219,55.419921875
5177279,53.89404296875
5177308,56.94580078125
5177340,54.87060546875
5280356,60.60791015625
5280378,72.20458984375
5280419,56.396484375
5280448,78.4912109375
5280610,61.5234375
5384831,73.05908203125
5384866,85.38818359375
5384904,54.5654296875
5384940,61.8896484375
5384979,63.78173828125
5385029,77.1484375
5385198,61.4013671875
5385319,59.02099609375
5484117,53.466796875
5484150,67.93212890625
5484180,87.95166015625
5484219,53.22265625
5484254,74.21875
5484313,61.09619140625
5520651,73.54736328125
5520683,67.138671875
5520724,62.07275390625
5520785,59.02099609375
5520825,56.884765625
5520842,53.28369140625
5520920,55.7861328125
5571176,56.0302734375
5571247,53.5888671875
5571269,68.05419921875
5571283,54.99267578125
5571301,59.26513671875
5634158,57.12890625
5634192,68.17626953125
5634241,53.22265625
5634272,58.16650390625
5718676,56.2744140625
5718722,65.24658203125
5718749,62.07275390625
5718901,60.4248046875
5719027,56.0302734375
5719389,55.908203125
5838519,53.64990234375
5838537,64.453125
5838575,62.744140625
5838593,64.14794921875
5838635,71.2890625
5838772,53.40576171875
5838891,55.72509765625
5983920,54.3212890625
5983971,59.75341796875
5984021,57.861328125
5984074,56.70166015625
5984112,63.1103515625
6098668,55.35888671875
6098690,63.3544921875
6098726,54.50439453125
6098737,57.67822265625
6098762,59.63134765625
6098786,73.2421875
6098814,54.0771484375
6098950,55.17578125
6132396,54.01611328125
6132431,58.2275390625
6132478,57.55615234375
6132507,57.9833984375
6132615,69.39697265625
6132785,59.02099609375
6133196,54.26025390625
6164628,57.861328125
6164660,54.50439453125
6164707,55.35888671875
6164783,78.91845703125
6164825,55.11474609375
6165099,58.41064453125
6165687,55.72509765625
6190988,54.62646484375
6191046,60.791015625
6191081,55.5419921875
6191164,67.7490234375
6191277,64.208984375
6191512,64.697265625
6341724,54.8095703125
6341744,57.67822265625
6341783,56.33544921875
6341833,61.82861328125
6341868,58.349609375
6341902,62.19482421875
6341976,57.67822265625
6341989,55.17578125
6357020,54.5654296875
6357046,58.9599609375
6357073,68.29833984375
6357101,59.6923828125
6357120,65.0634765625
6357738,53.955078125
6471460,64.3310546875
6471474,61.58447265625
6471527,58.4716796875
6471544,57.373046875
6471566,63.17138671875
6471646,56.2744140625
6471686,60.48583984375
6472888,53.466796875
6532322,57.4951171875
6532346,62.68310546875
6532375,56.94580078125
6532458,58.41064453125
6532595,53.22265625
6532666,54.13818359375
6597100,59.326171875
6597150,81.97021484375
6597165,69.15283203125
6597194,54.8095703125
6597234,61.767578125
6597277,54.19921875
6597306,59.50927734375
6597804,66.71142578125
6624990,68.29833984375
6625010,70.98388671875
6625078,53.466796875
6625289,54.443359375
6729294,54.443359375
6729423,73.486328125
6729450,56.45751953125
6729527,72.998046875
6811529,64.39208984375
6811617,63.90380859375
6811675,53.77197265625
6811700,55.72509765625
6811738,56.94580078125
6885297,53.955078125
6885381,59.38720703125
6885404,54.62646484375
6885449,61.82861328125
6885494,61.09619140625
6885554,58.2275390625
6885582,61.1572265625
6885717,57.06787109375
6885794,53.8330078125
6886623,65.185546875
6961909,53.8330078125
6961950,58.16650390625
6961966,63.53759765625
6962011,53.22265625
6962053,54.74853515625
6962078,67.138671875
6962103,59.326171875
6962168,59.50927734375
6962347,56.5185546875
7031527,55.17578125
7031547,60.05859375
7031588,61.1572265625
7031620,70.6787109375
7031670,53.466796875
7031703,54.6875
7031715,54.01611328125
7031783,62.31689453125
7056714,58.2275390625
7056739,61.767578125
7056789,66.2841796875
7056821,64.27001953125
7056857,56.94580078125
7185248,54.3212890625
7185264,53.40576171875
7185327,65.12451171875
7185351,59.75341796875
7185369,59.326171875
7185469,56.09130859375
7185506,54.3212890625
7234493,53.5888671875
7234526,71.47216796875
7234555,67.81005859375
7234636,55.72509765625
7234672,54.0771484375
7235182,59.50927734375
7261235,57.6171875
7261245,57.06787109375
7261271,57.7392578125
7261372,58.4716796875
7287068,65.97900390625
7287122,72.81494140625
7287291,63.53759765625
7287353,54.443359375
7421205,60.05859375
7421229,67.7490234375
7421256,69.4580078125
7421276,55.7861328125
7421332,65.0634765625
7421348,54.13818359375
7421370,54.38232421875
7421448,66.650390625
7462983,54.3212890625
7463020,53.955078125
7463041,63.1103515625
7463072,54.26025390625
7463134,56.57958984375
7463261,55.35888671875
7463338,60.85205078125
7479166,54.3212890625
7479236,67.5048828125
7479292,53.3447265625
7479330,53.3447265625
7479414,58.2275390625
7557183,53.28369140625
7557193,59.9365234375
7557221,59.326171875
7557266,70.49560546875
7557298,63.53759765625
7557320,53.52783203125
7688922,58.89892578125
7688953,54.26025390625
7689027,56.884765625
7702207,57.06787109375
7702330,75.5615234375
7702352,53.5888671875
7702587,64.63623046875
7740081,56.2744140625
7740095,65.4296875
7740119,61.6455078125
7740170,66.83349609375
7828031,64.51416015625
7828041,54.3212890625
7828093,60.546875
7828111,54.99267578125
7828173,58.4716796875
7828188,60.791015625
7828294,54.3212890625
7828578,54.62646484375
7893668,61.70654296875
7893746,60.85205078125
7893771,57.55615234375
7893811,58.04443359375
7894090,53.28369140625
7957606,66.7724609375
7957637,74.27978515625
7957734,55.419921875
7957813,57.4951171875
7979389,57.31201171875
7979413,54.01611328125
7979458,77.0263671875
7979500,53.5888671875
7979662,53.22265625
8011982,53.955078125
8012020,56.57958984375
8012095,55.5419921875
8012123,53.8330078125
8012149,67.07763671875
8012161,53.955078125
8012368,57.4951171875
8051969,57.373046875
8052100,57.2509765625
8261859,58.41064453125
8261882,53.40576171875
8261982,65.12451171875
8262026,56.21337890625
8262067,57.373046875
8262120,55.2978515625
8278030,65.61279296875
8278092,62.43896484375
8278208,74.15771484375
8278320,55.60302734375
8294304,64.453125
8294320,53.8330078125
8294757,65.24658203125
8374390,65.00244140625
8374403,72.75390625
8374445,59.6923828125
8374457,65.85693359375
8374491,57.861328125
8374553,55.23681640625
8374587,53.7109375
8374621,57.67822265625
8375952,53.3447265625
8559573,57.2509765625
8559596,57.18994140625
8559670,68.4814453125
8559692,54.19921875
8559746,59.99755859375
8559772,61.21826171875
8559864,54.5654296875
8559912,54.931640625
8722998,61.767578125
8723015,54.443359375
8723039,62.98828125
8723088,56.94580078125
8723116,86.9140625
8723166,58.53271484375
8723185,59.814453125
8723332,54.5654296875
8996583,56.5185546875
8996608,57.6171875
8996640,54.99267578125
8996671,56.70166015625
8996769,61.6455078125
8996883,55.419921875
9130249,67.87109375
9130368,68.29833984375
9130392,79.77294921875
9130425,58.4716796875
9130467,63.5986328125
9130477,55.48095703125
9130565,66.83349609375
9130620,58.59375
9130701,56.7626953125
9157802,58.7158203125
9157874,60.4248046875
9157917,63.4765625
9341157,58.04443359375
9341192,55.419921875
9341205,55.11474609375
9341236,54.3212890625
9341280,55.35888671875
9341322,63.4765625
9341352,54.0771484375
9341420,54.99267578125
9402416,55.35888671875
9402463,69.15283203125
9402478,58.2275390625
9402543,64.8193359375
9402584,55.60302734375
9402594,56.70166015625
9402659,62.07275390625
9402687,62.43896484375
9402829,54.50439453125
9402851,54.26025390625
9548398,53.40576171875
9548523,74.64599609375
9548548,58.16650390625
9548598,58.04443359375
9548610,70.25146484375
9548630,63.04931640625
9564094,56.884765625
9564134,66.22314453125
9564194,68.4814453125
9564212,58.89892578125
9564241,67.93212890625
9564260,53.40576171875
9564384,54.5654296875
9580751,57.2509765625
9580809,62.56103515625
9580827,56.15234375
9580903,73.42529296875
9580985,57.7392578125
9581217,54.38232421875
9597847,62.68310546875
9598170,60.24169921875
9613101,74.8291015625
9613135,55.23681640625
9613308,65.5517578125
9613708,70.00732421875
9627012,54.99267578125
9627075,55.5419921875
9642347,76.904296875
9642375,62.6220703125
9642401,60.546875
9642527,57.92236328125
9654741,56.2744140625
9654761,53.3447265625
9654790,55.7861328125
9667428,59.4482421875
9667448,67.32177734375
9667482,60.48583984375
9667495,56.45751953125
9681364,53.52783203125
9681431,58.89892578125
9681487,72.998046875
9705329,53.955078125
9705373,53.5888671875
9705479,55.84716796875
9705577,54.8095703125
10016402,57.31201171875
10016435,61.1572265625
10016458,79.65087890625
10016564,60.6689453125
10031459,59.6923828125
10031496,55.908203125
10031552,63.65966796875
10031636,62.8662109375
10210345,68.90869140625
10210370,69.091796875
10210393,55.2978515625
10210441,78.857421875
10210453,57.373046875
10210526,56.884765625
10210544,69.580078125
10223546,57.06787109375
10223567,63.96484375
10223588,72.998046875
10223641,55.7861328125
10223662,66.34521484375
10223815,59.2041015625
10223910,57.92236328125
10223934,60.546875
10272338,57.861328125
10272372,64.27001953125
10272390,56.2744140625
10272426,62.92724609375
10272477,54.38232421875
10272621,67.44384765625
10272674,59.6923828125
10299062,60.302734375
10299088,59.38720703125
10299139,53.22265625
10299209,57.31201171875
10315338,57.9833984375
10315426,56.2744140625
10315475,53.52783203125
10315895,57.43408203125
10315985,53.466796875
10330390,57.55615234375
10330464,53.7109375
10330638,57.0068359375
10504623,61.6455078125
10504639,54.19921875
10504706,70.25146484375
10504718,58.9599609375
10504741,54.38232421875
10504759,61.46240234375
10504796,60.302734375
10504858,53.955078125
10519118,66.0400390625
10519137,65.3076171875
10519168,57.861328125
10519506,67.32177734375
10708342,62.43896484375
10708360,53.955078125
10708423,67.626953125
10708436,58.349609375
10708518,55.419921875
10708547,53.64990234375
10708597,59.08203125
10852280,55.908203125
10852327,64.51416015625
10852363,54.99267578125
10852382,58.7158203125
10852430,75.68359375
10852526,59.26513671875
10852650,53.52783203125
10870819,53.466796875
10870843,59.08203125
10870890,59.08203125
10870915,55.35888671875
10870936,58.89892578125
10871078,57.4951171875
10871200,55.23681640625
10871276,54.99267578125
10899861,57.92236328125
10899889,64.0869140625
10899912,56.82373046875
10899924,68.115234375
10899952,60.24169921875
10899988,54.8095703125
10900110,66.0400390625
10900151,59.4482421875
10900236,68.17626953125
10922443,62.80517578125
10922565,56.33544921875
10922646,56.82373046875
10922706,57.4951171875
10977120,70.37353515625
10977152,60.05859375
10977261,59.814453125
10977379,62.01171875
10977503,53.8330078125
11100099,53.40576171875
11100135,71.59423828125
11100164,74.951171875
11100192,63.29345703125
11100218,61.5234375
11131539,59.38720703125
11131605,58.53271484375
11131659,63.78173828125
11131690,53.3447265625
11131823,63.65966796875
11328625,55.72509765625
11328760,69.88525390625
11328770,64.5751953125
11328838,69.76318359375
11329121,61.70654296875
11344374,67.3828125
11344396,61.46240234375
11344570,55.7861328125
11344624,55.2978515625
11344672,61.58447265625
11494728,56.45751953125
11494802,53.77197265625
11494860,71.35009765625
11494910,71.96044921875
11510323,61.46240234375
11510338,56.396484375
11510661,58.7158203125
11658918,56.45751953125
11658929,54.931640625
11658966,87.82958984375
11658995,88.92822265625
11659014,54.8095703125
11659072,55.17578125
11659184,56.82373046875
11659228,58.4716796875
11711253,59.87548828125
11711275,53.22265625
11711424,54.443359375
11711443,66.83349609375
11907352,53.5888671875
11907378,59.63134765625
11907411,62.5
11907428,75.439453125
11907452,55.5419921875
11921764,57.6171875
11921822,55.7861328125
11921841,59.87548828125
11921859,70.86181640625
11921886,54.19921875
11922170,53.22265625
11939116,56.15234375
11939410,64.453125
11939810,53.64990234375
11939840,53.52783203125
11960224,54.50439453125
11960280,55.5419921875
11960326,73.6083984375
11960413,56.0302734375
11960507,55.5419921875
11960629,54.3212890625
11977626,57.92236328125
11977681,53.89404296875
11978091,58.28857421875
11978108,59.326171875
11993522,56.396484375
11993535,55.60302734375
11993595,59.4482421875
