11999000,0
101972,40.46630859375
278553,43.64013671875
278630,41.8701171875
278729,40.283203125
278739,39.85595703125
300861,40.58837890625
300913,41.259765625
301072,47.7294921875
485111,40.46630859375
620961,42.1142578125
694656,46.875
761438,43.15185546875
761584,48.64501953125
865055,43.64013671875
865075,46.32568359375
895874,40.95458984375
895949,47.8515625
896043,42.236328125
932647,42.1142578125
952352,41.015625
1144476,40.95458984375
1299289,42.48046875
1299602,40.771484375
1543724,40.10009765625
1543784,46.875
1628664,43.51806640625
1628732,49.62158203125
1652379,51.26953125
1697845,45.71533203125
1726451,45.47119140625
2162304,40.8935546875
2345883,41.44287109375
2346011,42.3583984375
2429783,40.22216796875
2543367,39.6728515625
2543423,55.35888671875
2706952,47.05810546875
2707015,43.701171875
2812830,40.10009765625
2933325,43.64013671875
3001645,40.52734375
3078712,41.68701171875
3161707,39.73388671875
3218593,39.61181640625
3218680,43.39599609375
3242155,44.43359375
3500282,40.0390625
3500446,43.701171875
3756354,47.05810546875
3968990,49.01123046875
4052078,48.64501953125
4211136,43.02978515625
4211306,48.7060546875
4211356,40.283203125
4322359,40.22216796875
4569621,42.236328125
4627997,44.0673828125
4628101,45.5322265625
4770019,40.283203125
4770041,47.9736328125
5002751,40.52734375
5002818,44.0673828125
5002902,45.47119140625
5016903,39.97802734375
5017115,40.22216796875
5280365,55.48095703125
5280527,40.1611328125
5384809,45.654296875
5384827,40.71044921875
5484213,40.0390625
5484340,40.1611328125
5520699,39.61181640625
5571180,47.91259765625
5571276,45.83740234375
5571307,41.68701171875
5634121,39.73388671875
5718847,48.33984375
5718922,43.88427734375
5983996,44.677734375
5984009,47.4853515625
6098879,48.583984375
6190976,45.166015625
6471513,39.61181640625
6729317,50.59814453125
6811614,42.78564453125
6885319,39.97802734375
6962076,51.20849609375
7031570,43.51806640625
7031707,42.78564453125
7031794,39.85595703125
7056719,46.69189453125
7421223,41.19873046875
7479256,44.3115234375
7689008,47.18017578125
7689031,40.4052734375
7979465,42.78564453125
8012127,42.78564453125
8052027,39.6728515625
8052176,43.0908203125
8278022,41.19873046875
8278100,46.08154296875
8374500,39.97802734375
8559612,48.828125
8559635,39.61181640625
8723015,41.19873046875
8723053,39.85595703125
8723132,40.71044921875
8723257,40.71044921875
9341227,41.19873046875
9341257,45.2880859375
9402720,40.83251953125
9548477,44.921875
9548545,43.02978515625
10031571,42.8466796875
10031806,42.29736328125
10210417,42.6025390625
10272499,44.98291015625
10299161,42.17529296875
10504843,39.85595703125
10852355,42.41943359375
10852476,45.2880859375
10922383,44.37255859375
10977166,40.52734375
11328791,43.76220703125
11561947,40.10009765625
11658984,42.724609375
11907534,46.630859375
11939139,40.1611328125
