11998000,0
619,21.97265625
3572,23.74267578125
11605,23.37646484375
15079,22.3388671875
21394,22.52197265625
57784,26.06201171875
93644,23.5595703125
96768,22.52197265625
113793,21.6064453125
128100,25.20751953125
134367,21.6064453125
142517,26.9775390625
216751,23.0712890625
219042,24.23095703125
229646,21.484375
246208,25.57373046875
246322,22.27783203125
248708,21.91162109375
253582,21.728515625
260217,58.65478515625
260236,35.94970703125
260249,35.94970703125
260261,21.66748046875
260278,32.28759765625
260305,28.01513671875
260318,26.611328125
260340,36.1328125
260368,26.4892578125
260382,28.1982421875
260424,32.1044921875
260439,37.9638671875
260476,32.28759765625
260486,23.98681640625
260646,22.216796875
260900,28.4423828125
261085,25.0244140625
261194,22.5830078125
261281,22.94921875
261314,21.42333984375
261325,31.92138671875
261396,23.01025390625
261462,22.5830078125
261538,24.71923828125
261567,22.3388671875
261724,23.5595703125
261778,22.15576171875
261812,23.4375
261865,32.77587890625
261931,23.25439453125
261974,22.94921875
262062,26.79443359375
262155,21.78955078125
262183,22.39990234375
262495,24.35302734375
263292,28.6865234375
263655,34.24072265625
274077,29.541015625
274109,49.01123046875
274131,64.453125
274161,51.81884765625
274175,41.015625
274195,29.541015625
274221,24.5361328125
274235,31.8603515625
274250,42.6025390625
274273,33.02001953125
274285,30.76171875
274310,39.794921875
274323,23.5595703125
274335,41.19873046875
274379,38.2080078125
274400,22.03369140625
274434,26.0009765625
274474,22.88818359375
274526,39.61181640625
274540,31.6162109375
274591,23.62060546875
274625,23.01025390625
274689,23.3154296875
274755,32.2265625
274787,22.76611328125
274850,26.9775390625
275035,32.28759765625
275122,23.92578125
275150,23.98681640625
275188,22.27783203125
275219,22.88818359375
275235,22.4609375
275299,22.76611328125
275365,28.25927734375
275386,24.47509765625
275420,22.88818359375
275488,23.5595703125
275536,30.2734375
275552,22.15576171875
275581,32.71484375
275682,25.32958984375
275787,25.08544921875
275915,21.78955078125
291003,35.82763671875
291025,22.88818359375
291042,38.63525390625
291060,37.90283203125
291086,37.353515625
291122,29.47998046875
291142,35.888671875
291173,28.6865234375
291186,27.587890625
291221,51.69677734375
291254,29.541015625
291268,26.123046875
291305,37.65869140625
291329,23.74267578125
291348,39.0625
291376,31.18896484375
291391,45.0439453125
291455,23.01025390625
291467,21.78955078125
291504,24.658203125
291593,35.15625
291607,36.31591796875
291652,21.78955078125
291700,26.42822265625
291732,24.84130859375
291841,30.517578125
291964,25.0244140625
292053,25.5126953125
292120,22.88818359375
292163,28.4423828125
292176,25.08544921875
292276,29.4189453125
292287,26.9775390625
292418,21.728515625
292480,22.03369140625
292520,25.5126953125
292629,21.728515625
292640,23.193359375
292843,25.634765625
364007,21.66748046875
422063,23.01025390625
422081,41.32080078125
422099,37.90283203125
422110,50.72021484375
422128,53.1005859375
422148,53.89404296875
422176,33.8134765625
422192,34.5458984375
422217,22.64404296875
422228,24.10888671875
422250,39.36767578125
422285,30.45654296875
422298,22.52197265625
422335,21.66748046875
422385,31.92138671875
422398,21.91162109375
422426,26.18408203125
422515,32.2265625
422608,25.5126953125
422644,27.52685546875
422720,27.2216796875
422837,26.42822265625
422924,21.42333984375
423010,22.94921875
423082,21.728515625
423153,37.9638671875
423185,28.6865234375
423211,22.52197265625
423245,23.4375
423288,30.70068359375
423307,31.005859375
423467,30.3955078125
423514,33.8134765625
423609,24.71923828125
423679,21.484375
423709,24.96337890625
423774,29.96826171875
423859,23.86474609375
423906,22.15576171875
424029,22.39990234375
424113,22.8271484375
424210,26.91650390625
424430,31.6162109375
425089,26.18408203125
433054,21.66748046875
436030,27.03857421875
436081,22.94921875
436103,40.771484375
436129,50.10986328125
436163,47.2412109375
436178,41.32080078125
436228,33.26416015625
436270,37.59765625
436291,25.634765625
436310,28.13720703125
436339,23.8037109375
436349,24.71923828125
436381,26.0009765625
436421,33.38623046875
436442,35.33935546875
436459,25.390625
436515,22.64404296875
436539,30.82275390625
436550,30.6396484375
436571,22.5830078125
436589,24.5361328125
436636,29.052734375
436800,23.13232421875
436874,35.21728515625
436967,28.86962890625
436994,29.96826171875
437068,21.728515625
437110,22.03369140625
437227,32.28759765625
437252,24.35302734375
437287,22.88818359375
437495,26.42822265625
437612,25.57373046875
437834,24.2919921875
437957,23.86474609375
438097,22.52197265625
438163,22.88818359375
438488,21.78955078125
438500,25.7568359375
450857,22.8271484375
451009,45.22705078125
451120,28.9306640625
451143,45.71533203125
451174,35.0341796875
451231,66.0400390625
451252,26.9775390625
451262,23.92578125
451282,32.89794921875
451342,34.1796875
451373,43.5791015625
451407,44.0673828125
451455,37.29248046875
451484,28.50341796875
451529,21.91162109375
451599,25.390625
451657,25.0244140625
451690,21.66748046875
451719,25.146484375
451741,27.587890625
451784,24.47509765625
451867,41.6259765625
451886,21.8505859375
451944,35.21728515625
451957,23.98681640625
452040,27.77099609375
452053,23.37646484375
452225,22.216796875
452250,21.484375
452383,21.8505859375
452487,22.76611328125
452660,22.15576171875
452873,24.2919921875
453011,23.98681640625
453087,27.77099609375
467288,23.0712890625
469391,24.96337890625
469519,22.27783203125
469999,23.25439453125
470344,27.099609375
470383,32.3486328125
470428,48.9501953125
470695,23.37646484375
470810,25.81787109375
471090,27.40478515625
471208,27.64892578125
471923,23.3154296875
472110,22.0947265625
472174,21.728515625
472345,22.3388671875
490857,22.94921875
503651,30.8837890625
503937,22.0947265625
504214,22.705078125
504302,22.5830078125
504318,28.01513671875
504333,33.8134765625
504370,48.9501953125
504385,45.166015625
504412,26.123046875
504425,26.9775390625
504440,22.3388671875
504471,41.56494140625
504502,21.78955078125
504533,30.45654296875
504555,23.681640625
504607,21.54541015625
504644,27.4658203125
504665,22.94921875
504685,25.2685546875
504704,22.94921875
504743,31.6162109375
504762,24.35302734375
504904,26.42822265625
504958,22.3388671875
505057,22.03369140625
505161,21.54541015625
505370,23.92578125
505416,23.193359375
505456,23.25439453125
505506,24.59716796875
505534,27.587890625
505544,23.681640625
505571,21.54541015625
505611,21.6064453125
505631,28.564453125
505657,24.96337890625
505689,23.74267578125
505771,24.2919921875
505782,21.91162109375
505839,21.91162109375
505878,26.18408203125
505927,23.62060546875
506015,27.40478515625
506420,21.8505859375
506495,21.728515625
506935,35.94970703125
521585,24.10888671875
521784,23.74267578125
522106,28.25927734375
522274,26.67236328125
522409,23.681640625
522503,42.8466796875
522525,26.91650390625
522560,52.1240234375
522572,40.1611328125
522599,60.302734375
522615,51.81884765625
522636,22.15576171875
522679,46.0205078125
522703,23.193359375
522742,58.4716796875
522769,73.30322265625
522819,28.6865234375
522844,24.23095703125
522876,27.16064453125
522896,25.81787109375
522923,37.7197265625
522970,21.91162109375
522987,23.25439453125
523007,34.66796875
523026,23.5595703125
523117,33.3251953125
523130,24.0478515625
523187,22.39990234375
523226,23.92578125
523453,30.57861328125
523516,24.7802734375
523562,25.57373046875
523607,25.2685546875
523692,23.3154296875
523768,24.0478515625
523812,24.169921875
523921,21.66748046875
524003,21.8505859375
524050,26.55029296875
524250,24.84130859375
524426,21.78955078125
524461,23.49853515625
524740,25.0244140625
524770,22.64404296875
539423,23.62060546875
539694,52.18505859375
539911,27.2216796875
540005,25.634765625
540032,67.626953125
540065,25.390625
540081,31.005859375
540109,27.77099609375
540144,23.92578125
540162,37.41455078125
540178,52.978515625
540208,36.2548828125
540245,22.216796875
540258,28.80859375
540282,30.8837890625
540323,29.35791015625
540367,41.07666015625
540408,23.01025390625
540433,24.90234375
540446,24.10888671875
540485,25.0244140625
540577,22.03369140625
540646,23.49853515625
540817,24.35302734375
540879,22.88818359375
540896,25.57373046875
541033,22.39990234375
541080,25.57373046875
541260,21.728515625
541309,28.6865234375
541333,22.15576171875
541358,23.3154296875
541500,22.4609375
541544,22.03369140625
542788,21.66748046875
543417,43.64013671875
557190,22.94921875
557979,22.4609375
558171,48.33984375
569026,22.39990234375
572373,23.92578125
586084,22.0947265625
635331,23.681640625
641999,21.66748046875
642367,23.3154296875
672276,23.3154296875
675264,21.91162109375
677815,23.4375
694980,21.42333984375
722279,22.27783203125
736377,24.96337890625
739454,21.54541015625
750714,23.37646484375
769243,23.92578125
779397,23.5595703125
787454,22.705078125
910351,23.0712890625
923569,22.15576171875
969321,21.8505859375
1022504,21.8505859375
1023294,30.3955078125
1023352,42.6025390625
1023369,25.0244140625
1023381,26.55029296875
1023394,26.611328125
1023404,31.005859375
1023429,58.10546875
1023440,35.5224609375
1023453,28.99169921875
1023476,32.71484375
1023509,27.4658203125
1023542,23.86474609375
1023561,38.63525390625
1023580,41.50390625
1023594,23.681640625
1023608,26.7333984375
1023624,26.79443359375
1023656,59.63134765625
1023703,24.658203125
1023724,22.0947265625
1023776,24.84130859375
1023807,31.06689453125
1023843,22.27783203125
1023894,31.18896484375
1023931,21.8505859375
1024003,21.66748046875
1024038,24.35302734375
1024132,26.06201171875
1024159,22.705078125
1024220,21.91162109375
1024326,32.470703125
1024359,21.728515625
1024431,27.2216796875
1024466,23.193359375
1024536,31.6162109375
1024571,26.06201171875
1024650,25.87890625
1024665,36.19384765625
1024751,21.6064453125
1024818,22.64404296875
1024843,21.728515625
1024871,24.10888671875
1024916,28.01513671875
1024945,29.4189453125
1025033,25.146484375
1025093,24.59716796875
1025154,21.6064453125
1025219,22.76611328125
1025251,22.5830078125
1025436,31.67724609375
1025888,21.6064453125
1026312,24.0478515625
1122297,27.34375
1159734,22.27783203125
1209201,52.67333984375
1213764,23.8037109375
1215626,21.91162109375
1241480,21.91162109375
1247111,21.97265625
1252716,54.99267578125
1272780,25.146484375
1302012,23.193359375
1302423,24.71923828125
1303996,22.3388671875
1342994,23.5595703125
1343681,23.37646484375
1350339,22.88818359375
1350594,21.78955078125
1350885,36.2548828125
1350920,55.60302734375
1350943,49.6826171875
1350974,43.64013671875
1350991,27.16064453125
1351010,50.96435546875
1351027,31.43310546875
1351095,26.0009765625
1351113,30.33447265625
1351150,28.25927734375
1351188,22.39990234375
1351238,31.79931640625
1351300,25.93994140625
1351349,23.01025390625
1351395,23.0712890625
1351474,22.76611328125
1351553,26.91650390625
1351564,23.98681640625
1351623,25.634765625
1351645,23.4375
1351713,23.681640625
1351862,29.6630859375
1351899,24.23095703125
1351961,22.4609375
1352075,22.03369140625
1352107,22.64404296875
1352203,24.4140625
1352363,28.564453125
1352399,24.169921875
1352409,22.3388671875
1352465,21.8505859375
1352583,23.3154296875
1352615,28.3203125
1352721,23.86474609375
1352777,25.08544921875
1352821,25.45166015625
1352903,29.47998046875
1353038,29.60205078125
1354171,22.52197265625
1367261,23.13232421875
1478784,22.4609375
1479008,27.7099609375
1479040,58.349609375
1479054,52.79541015625
1479085,36.62109375
1479115,35.0341796875
1479145,44.43359375
1479185,36.68212890625
1479207,35.15625
1479233,44.189453125
1479287,39.73388671875
1479308,26.2451171875
1479322,23.8037109375
1479372,33.99658203125
1479409,22.8271484375
1479465,22.8271484375
1479809,29.1748046875
1479856,22.3388671875
1479906,22.03369140625
1479965,28.4423828125
1479992,25.2685546875
1480087,38.2080078125
1480114,22.216796875
1480231,23.4375
1480335,29.23583984375
1480410,25.45166015625
1480440,32.3486328125
1480457,36.43798828125
1480548,23.5595703125
1480563,26.42822265625
1480627,24.96337890625
1480795,28.86962890625
1481002,27.16064453125
1481058,30.029296875
1481996,21.97265625
1536407,22.4609375
1561431,49.8046875
1592472,47.79052734375
1633471,21.78955078125
1641801,47.119140625
1643881,21.484375
1659061,21.78955078125
1675820,45.5322265625
1678924,23.37646484375
1699889,24.71923828125
1700315,24.35302734375
1700339,34.85107421875
1700355,42.96875
1700373,60.05859375
1700399,45.0439453125
1700422,31.67724609375
1700438,41.1376953125
1700457,32.04345703125
1700480,36.92626953125
1700511,57.2509765625
1700547,25.08544921875
1700575,21.97265625
1700654,28.50341796875
1700695,21.728515625
1700868,22.5830078125
1700929,24.84130859375
1701146,25.32958984375
1701255,24.47509765625
1701336,24.71923828125
1701363,35.82763671875
1701558,22.15576171875
1701636,25.7568359375
1701708,23.49853515625
1701744,37.78076171875
1701862,33.447265625
1701906,24.0478515625
1701974,29.23583984375
1702018,23.0712890625
1702606,21.54541015625
1703125,23.0712890625
1711372,21.484375
1712484,48.33984375
1720320,23.681640625
1720360,26.42822265625
1720378,65.97900390625
1720399,36.0107421875
1720445,50.84228515625
1720459,33.75244140625
1720475,23.92578125
1720494,43.88427734375
1720516,48.4619140625
1720528,33.935546875
1720569,23.74267578125
1720581,35.7666015625
1720596,34.48486328125
1720633,34.11865234375
1720670,29.1748046875
1720793,24.169921875
1720813,28.74755859375
1720863,26.91650390625
1720903,33.935546875
1720990,22.3388671875
1721154,21.78955078125
1721242,28.25927734375
1721336,21.42333984375
1721452,24.10888671875
1721513,22.3388671875
1721579,27.03857421875
1721597,22.3388671875
1721616,21.8505859375
1721723,23.193359375
1721736,26.611328125
1721906,21.97265625
1721961,22.64404296875
1722034,22.76611328125
1722192,29.72412109375
1722410,23.49853515625
1722631,22.216796875
1722721,21.91162109375
1735612,47.119140625
1749907,54.50439453125
1792850,22.5830078125
1819990,49.98779296875
1845332,21.54541015625
1871040,21.91162109375
1880431,21.484375
1881085,22.216796875
1929486,22.52197265625
1947246,22.27783203125
1954713,22.3388671875
1960110,23.25439453125
1981887,22.0947265625
1993232,23.8037109375
1993490,22.52197265625
2000049,25.93994140625
2000074,51.7578125
2000086,79.16259765625
2000110,45.47119140625
2000135,57.06787109375
2000150,45.166015625
2000176,28.1982421875
2000196,38.330078125
2000217,30.2734375
2000247,23.37646484375
2000274,26.85546875
2000288,28.6865234375
2000329,25.87890625
2000363,32.89794921875
2000397,27.7099609375
2000433,23.49853515625
2000465,39.1845703125
2000492,21.728515625
2000865,28.38134765625
2000934,23.13232421875
2001005,21.66748046875
2001028,22.39990234375
2001102,22.4609375
2001114,25.7568359375
2001240,28.1982421875
2001371,22.705078125
2001399,33.75244140625
2001462,31.6162109375
2001499,22.27783203125
2001537,29.296875
2001570,23.8037109375
2001622,26.2451171875
2001649,34.7900390625
2001763,26.9775390625
2001787,22.52197265625
2001817,22.705078125
2001880,22.39990234375
2001928,22.15576171875
2001951,23.49853515625
2002155,27.89306640625
2002220,21.6064453125
2002468,21.6064453125
2002887,21.484375
2016809,51.20849609375
2024197,23.193359375
2025538,24.4140625
2102767,21.484375
2107531,22.8271484375
2107596,22.88818359375
2108568,23.681640625
2108620,22.216796875
2109046,22.03369140625
2109094,22.52197265625
2109281,24.90234375
2109301,26.123046875
2109334,85.87646484375
2109352,43.76220703125
2109370,48.583984375
2109391,39.12353515625
2109405,26.18408203125
2109441,25.7568359375
2109456,37.7197265625
2109481,32.65380859375
2109526,29.47998046875
2109581,31.8603515625
2109591,27.83203125
2109672,23.74267578125
2109712,25.7568359375
2109730,29.60205078125
2109799,30.33447265625
2109857,27.16064453125
2109925,22.03369140625
2109955,25.93994140625
2110011,24.71923828125
2110183,27.9541015625
2110198,25.08544921875
2110308,27.64892578125
2110329,22.0947265625
2110422,30.1513671875
2110586,26.123046875
2110663,22.64404296875
2110718,30.33447265625
2110745,23.681640625
2110762,29.23583984375
2110788,21.42333984375
2110846,22.27783203125
2110879,23.0712890625
2110946,21.91162109375
2111048,28.80859375
2111110,26.7333984375
2111252,22.52197265625
2111270,27.77099609375
2111551,22.27783203125
2112214,22.52197265625
2131932,21.6064453125
2190567,22.64404296875
2203158,22.3388671875
2222049,23.74267578125
2222234,25.390625
2222259,35.70556640625
2222275,60.9130859375
2222301,47.54638671875
2222321,35.2783203125
2222345,29.35791015625
2222360,22.0947265625
2222384,33.447265625
2222405,35.64453125
2222447,21.97265625
2222468,22.88818359375
2222504,24.169921875
2222556,23.8037109375
2222587,24.47509765625
2222671,30.517578125
2222754,25.0244140625
2222902,22.3388671875
2223046,26.85546875
2223088,25.390625
2223183,22.216796875
2223195,23.86474609375
2223307,31.31103515625
2223345,21.97265625
2223440,23.62060546875
2223476,31.3720703125
2223558,28.38134765625
2223626,22.705078125
2223646,24.0478515625
2223691,23.01025390625
2223708,27.099609375
2223773,22.94921875
2223795,38.2080078125
2223854,27.2216796875
2223949,23.3154296875
2223997,22.0947265625
2224089,23.86474609375
2224199,21.97265625
2239115,24.84130859375
2239202,22.3388671875
2239335,22.76611328125
2239569,26.18408203125
2239656,28.4423828125
2239670,42.236328125
2239697,47.9736328125
2239725,62.68310546875
2239737,47.7294921875
2239764,38.330078125
2239787,60.85205078125
2239815,43.0908203125
2239851,22.03369140625
2239873,21.42333984375
2239895,34.72900390625
2239940,28.13720703125
2239966,27.7099609375
2239976,30.94482421875
2240005,21.728515625
2240031,23.86474609375
2240083,23.62060546875
2240135,25.32958984375
2240240,28.3203125
2240328,31.67724609375
2240442,25.32958984375
2240544,22.27783203125
2240555,21.728515625
2240681,21.97265625
2240848,23.86474609375
2240948,25.87890625
2241011,23.49853515625
2241062,22.27783203125
2241110,30.1513671875
2241223,24.23095703125
2241278,24.7802734375
2241299,27.7099609375
2241564,22.64404296875
2241593,25.2685546875
2242195,23.8037109375
2296741,48.64501953125
2309853,22.27783203125
2348396,21.78955078125
2352760,21.42333984375
2353536,25.20751953125
2354652,22.3388671875
2366316,50.23193359375
2379973,22.705078125
2398020,21.91162109375
2404809,50.9033203125
2406241,24.23095703125
2422439,23.193359375
2429897,22.4609375
2453787,54.01611328125
2454396,21.66748046875
2454652,23.49853515625
2463112,23.4375
2467136,22.52197265625
2472000,22.64404296875
2482813,21.6064453125
2485574,22.8271484375
2501626,22.5830078125
2522612,23.8037109375
2532018,21.78955078125
2536146,22.88818359375
2536601,24.23095703125
2539754,21.91162109375
2546948,23.8037109375
2608451,23.37646484375
2624150,22.0947265625
2641745,63.90380859375
2641771,41.93115234375
2641801,54.38232421875
2641830,46.69189453125
2641862,48.27880859375
2641875,35.888671875
2641923,35.70556640625
2641953,29.78515625
2641968,25.0244140625
2641996,32.1044921875
2642022,27.03857421875
2642063,28.9306640625
2642109,27.83203125
2642161,22.0947265625
2642216,31.06689453125
2642229,22.03369140625
2642290,24.0478515625
2642481,24.84130859375
2642496,24.2919921875
2642608,24.90234375
2642727,29.541015625
2642831,25.7568359375
2642864,23.25439453125
2642963,27.587890625
2642996,26.06201171875
2643116,41.07666015625
2643221,32.3486328125
2643247,23.13232421875
2643336,22.39990234375
2643376,25.57373046875
2643388,24.71923828125
2643553,28.564453125
2643608,22.216796875
2643870,21.54541015625
2644621,24.4140625
2660538,22.76611328125
2660624,51.08642578125
2661388,24.96337890625
2661426,34.11865234375
2661455,22.8271484375
2661472,70.49560546875
2661495,38.51318359375
2661534,37.65869140625
2661559,46.142578125
2661581,53.52783203125
2661611,39.00146484375
2661674,32.65380859375
2661709,32.958984375
2661729,24.4140625
2661768,33.26416015625
2661780,29.541015625
2661804,21.42333984375
2661844,28.86962890625
2662035,22.52197265625
2662061,22.39990234375
2662101,29.84619140625
2662115,32.40966796875
2662207,23.0712890625
2662239,23.4375
2662265,24.71923828125
2662376,22.27783203125
2662450,30.33447265625
2662469,27.77099609375
2662563,23.8037109375
2662576,23.3154296875
2662701,26.4892578125
2662721,24.7802734375
2662793,23.01025390625
2662963,27.03857421875
2663001,21.97265625
2663090,22.94921875
2663152,23.98681640625
2679897,46.7529296875
2703465,50.35400390625
2717804,48.9501953125
2723163,49.25537109375
2727800,21.91162109375
2769347,51.3916015625
2788531,21.484375
2818714,55.17578125
2821898,22.3388671875
2823931,21.6064453125
2861236,22.52197265625
2866049,21.6064453125
2867014,32.65380859375
2867027,24.658203125
2867037,73.42529296875
2867073,62.6220703125
2867087,32.28759765625
2867118,45.47119140625
2867136,24.35302734375
2867149,40.71044921875
2867187,45.71533203125
2867221,37.29248046875
2867233,46.2646484375
2867283,29.4189453125
2867364,21.78955078125
2867398,25.390625
2867434,24.23095703125
2867444,22.0947265625
2867514,26.7333984375
2867536,22.8271484375
2867683,21.78955078125
2867811,21.66748046875
2867846,24.23095703125
2867972,21.484375
2868043,24.96337890625
2868113,24.90234375
2868175,21.42333984375
2868276,21.54541015625
2868314,21.91162109375
2868365,23.13232421875
2868391,24.169921875
2868430,41.68701171875
2868444,29.23583984375
2868480,26.42822265625
2868563,31.92138671875
2868582,25.32958984375
2868738,22.705078125
2868772,25.81787109375
2868814,24.35302734375
2868844,24.7802734375
2868997,28.25927734375
2869031,22.15576171875
2869116,23.193359375
2869397,25.87890625
2869600,21.97265625
2941761,49.98779296875
2952942,23.25439453125
2962543,21.6064453125
2975849,49.560546875
2987414,22.03369140625
2992197,24.84130859375
2999859,55.419921875
3017072,23.25439453125
3024080,48.52294921875
3032397,25.93994140625
3035841,24.0478515625
3037515,22.76611328125
3074379,21.484375
3075828,48.095703125
3075901,22.705078125
3088599,23.193359375
3126274,22.0947265625
3132123,46.2646484375
3133625,21.66748046875
3156392,46.69189453125
3164682,22.15576171875
3164736,66.2841796875
3164763,37.04833984375
3164792,60.85205078125
3164813,48.52294921875
3164831,34.3017578125
3164851,61.82861328125
3164873,39.85595703125
3164891,25.20751953125
3164907,21.54541015625
3164938,27.77099609375
3164964,22.216796875
3164982,25.20751953125
3165053,30.09033203125
3165120,29.60205078125
3165139,31.55517578125
3165174,25.87890625
3165216,22.705078125
3165469,22.76611328125
3165490,32.53173828125
3165508,22.88818359375
3165637,21.6064453125
3165822,27.83203125
3165835,22.705078125
3165963,22.64404296875
3165982,21.66748046875
3166021,26.18408203125
3166182,31.67724609375
3166221,26.3671875
3166234,25.2685546875
3166247,22.15576171875
3166328,25.45166015625
3166386,22.216796875
3166479,25.81787109375
3166611,22.94921875
3166716,25.634765625
3166791,22.15576171875
3166838,22.03369140625
3166887,22.216796875
3166950,21.8505859375
3167047,25.57373046875
3167258,22.39990234375
3180999,28.076171875
3181038,26.85546875
3181058,24.90234375
3181087,44.677734375
3181103,38.39111328125
3181123,57.4951171875
3181155,49.25537109375
3181183,33.87451171875
3181203,31.67724609375
3181251,34.5458984375
3181290,29.84619140625
3181319,28.13720703125
3181338,31.92138671875
3181360,24.71923828125
3181373,24.47509765625
3181405,28.564453125
3181433,23.86474609375
3181461,24.47509765625
3181488,24.658203125
3181593,31.1279296875
3181620,38.330078125
3181636,21.97265625
3181667,24.658203125
3181709,24.5361328125
3181808,23.13232421875
3181823,22.27783203125
3181909,25.69580078125
3181970,35.58349609375
3182067,34.24072265625
3182214,23.74267578125
3182277,28.1982421875
3182531,23.3154296875
3182696,26.85546875
3182739,27.40478515625
3182884,22.76611328125
3182998,21.97265625
3183138,22.705078125
3183164,26.67236328125
3183470,28.86962890625
3183573,37.4755859375
3198036,44.00634765625
3200441,24.7802734375
3201124,21.8505859375
3201633,23.74267578125
3202096,24.23095703125
3202519,23.13232421875
3217261,48.095703125
3240528,22.15576171875
3275137,48.9501953125
3289527,50.84228515625
3304002,22.3388671875
3321951,51.7578125
3324112,22.0947265625
3341875,48.76708984375
3366699,24.96337890625
3366941,64.8193359375
3366959,42.724609375
3366985,36.0107421875
3367009,37.59765625
3367034,41.1376953125
3367050,40.283203125
3367065,51.94091796875
3367110,26.79443359375
3367140,47.66845703125
3367169,21.8505859375
3367197,36.43798828125
3367237,21.97265625
3367288,26.42822265625
3367312,30.70068359375
3367360,26.611328125
3367399,23.37646484375
3367424,26.2451171875
3367465,27.83203125
3367568,24.10888671875
3367643,23.74267578125
3367730,25.69580078125
3367784,24.90234375
3367887,30.517578125
3368149,27.64892578125
3368171,22.64404296875
3368220,33.87451171875
3368248,21.8505859375
3368339,26.3671875
3368386,23.5595703125
3368449,27.52685546875
3368523,23.62060546875
3368664,23.74267578125
3368684,23.62060546875
3368706,28.86962890625
3368802,23.4375
3369125,22.64404296875
3369421,27.52685546875
3369757,23.193359375
3369787,23.8037109375
3370348,29.72412109375
3383868,21.728515625
3383923,29.23583984375
3383968,55.0537109375
3383994,32.71484375
3384023,31.1279296875
3384058,33.5693359375
3384076,56.15234375
3384101,49.98779296875
3384120,30.82275390625
3384165,35.21728515625
3384184,22.5830078125
3384211,25.634765625
3384241,32.40966796875
3384269,27.77099609375
3384298,23.25439453125
3384343,26.123046875
3384410,21.42333984375
3384420,22.39990234375
3384647,23.5595703125
3384889,28.1982421875
3384992,34.912109375
3385050,21.6064453125
3385133,29.4189453125
3385224,22.0947265625
3385248,21.6064453125
3385375,29.60205078125
3385519,34.11865234375
3385634,21.66748046875
3385675,23.8037109375
3385744,24.90234375
3404534,22.88818359375
3405256,30.029296875
3405498,45.8984375
3405542,35.888671875
3405574,28.50341796875
3405598,22.03369140625
3405690,23.0712890625
3405743,23.86474609375
3405774,35.82763671875
3405802,33.14208984375
3405831,35.33935546875
3405849,26.91650390625
3405879,47.4853515625
3405894,23.92578125
3405929,23.86474609375
3405952,27.03857421875
3405973,24.90234375
3406010,22.4609375
3406048,30.82275390625
3406064,32.53173828125
3406079,25.2685546875
3406107,22.5830078125
3406128,22.27783203125
3406148,23.74267578125
3406172,24.90234375
3406221,26.30615234375
3406262,22.705078125
3406293,41.80908203125
3406365,26.67236328125
3406417,26.06201171875
3406569,31.67724609375
3406581,28.4423828125
3406730,30.33447265625
3406774,22.705078125
3406973,22.03369140625
3407101,21.97265625
3407143,28.86962890625
3407349,21.42333984375
3407628,21.42333984375
3407670,23.92578125
3407746,21.66748046875
3407819,21.78955078125
3409956,41.1376953125
3431351,24.10888671875
3458618,25.45166015625
3474510,48.828125
3495539,50.72021484375
3523643,27.40478515625
3547746,21.54541015625
3596374,22.94921875
3615301,23.13232421875
3644844,21.54541015625
3645619,21.728515625
3649548,22.0947265625
3695620,23.62060546875
3729222,22.3388671875
3741419,21.91162109375
3757825,22.52197265625
3760053,23.8037109375
3770574,22.8271484375
3809435,21.97265625
3809981,57.06787109375
3818262,30.3955078125
3821432,23.5595703125
3822332,29.60205078125
3822364,65.7958984375
3822376,43.3349609375
3822404,59.99755859375
3822422,50.537109375
3822439,29.35791015625
3822461,25.390625
3822476,22.705078125
3822486,26.18408203125
3822500,45.0439453125
3822519,24.84130859375
3822566,34.72900390625
3822605,26.2451171875
3822635,23.4375
3822669,24.4140625
3822732,25.45166015625
3822775,23.0712890625
3822961,22.39990234375
3823289,22.94921875
3823403,24.10888671875
3823525,21.42333984375
3823552,21.97265625
3823604,21.54541015625
3823665,22.52197265625
3823692,25.32958984375
3823723,28.50341796875
3823783,30.33447265625
3823912,26.55029296875
3823955,23.62060546875
3823986,23.86474609375
3824022,31.18896484375
3824145,29.9072265625
3824376,25.390625
3824695,22.94921875
3824855,25.87890625
3825000,24.71923828125
3834524,48.583984375
3841034,21.8505859375
3841327,21.91162109375
3841428,47.4853515625
3841449,48.4619140625
3841464,28.74755859375
3841493,38.9404296875
3841524,30.09033203125
3841550,30.3955078125
3841571,39.00146484375
3841595,53.16162109375
3841637,30.517578125
3841669,40.1611328125
3841699,28.99169921875
3841722,30.2734375
3841740,23.86474609375
3841780,26.9775390625
3841855,27.16064453125
3841874,22.705078125
3841935,21.91162109375
3841952,22.94921875
3842066,39.4287109375
3842083,22.03369140625
3842237,22.15576171875
3842321,33.02001953125
3842408,21.484375
3842425,23.49853515625
3842520,31.6162109375
3842545,23.98681640625
3842644,29.35791015625
3842696,22.216796875
3842830,21.484375
3842896,23.0712890625
3843052,24.84130859375
3843076,21.6064453125
3843123,25.0244140625
3843213,33.935546875
3843793,29.23583984375
3855692,45.83740234375
3860596,22.39990234375
3865643,49.74365234375
3873678,21.484375
3879860,52.67333984375
3894699,56.21337890625
3918354,45.7763671875
3928923,21.78955078125
3935365,49.8046875
3956704,47.2412109375
3959804,25.08544921875
3974462,48.64501953125
3976194,22.94921875
3977740,54.26025390625
3991600,50.96435546875
4001705,55.35888671875
4007359,52.67333984375
4027992,45.47119140625
4030282,47.4853515625
4039579,43.02978515625
4043802,53.1005859375
4052724,46.44775390625
4068694,46.56982421875
4070018,21.97265625
4080387,48.583984375
4082180,25.146484375
4085183,43.701171875
4094273,41.93115234375
4099405,25.87890625
4109769,47.54638671875
4128726,51.1474609375
4131574,21.97265625
4149553,32.77587890625
4149566,22.39990234375
4149599,73.18115234375
4149624,44.921875
4149645,47.119140625
4149665,22.0947265625
4149691,49.1943359375
4149705,32.40966796875
4149730,44.12841796875
4149780,25.69580078125
4149887,36.9873046875
4149917,26.123046875
4150002,23.4375
4150058,33.26416015625
4150133,28.076171875
4150212,26.30615234375
4150269,26.55029296875
4150366,22.5830078125
4150501,25.7568359375
4150744,26.2451171875
4150782,26.3671875
4150824,24.59716796875
4150915,23.98681640625
4150930,24.4140625
4150974,26.611328125
4151099,21.6064453125
4151135,21.484375
4151174,29.9072265625
4151261,21.91162109375
4151342,22.27783203125
4151407,21.6064453125
4151507,22.64404296875
4151544,22.15576171875
4151672,24.4140625
4151813,23.4375
4151944,21.91162109375
4152353,22.3388671875
4163273,47.8515625
4167778,47.8515625
4169950,24.4140625
4173545,22.3388671875
4200152,53.466796875
4217815,51.81884765625
4234621,21.78955078125
4238711,48.9501953125
4251463,51.33056640625
4262177,49.86572265625
4273295,23.74267578125
4277550,49.4384765625
4288970,48.2177734375
4292344,22.03369140625
4295381,47.54638671875
4305932,43.51806640625
4313711,22.94921875
4325004,50.6591796875
4334123,22.94921875
4343388,49.072265625
4351756,42.54150390625
4351769,52.91748046875
4351794,31.18896484375
4351812,22.64404296875
4351831,53.28369140625
4351855,22.94921875
4351869,46.56982421875
4351888,47.4853515625
4351904,28.076171875
4351927,26.3671875
4351956,39.12353515625
4352055,21.484375
4352094,21.6064453125
4352158,24.10888671875
4352178,23.193359375
4352216,24.2919921875
4352249,21.91162109375
4352320,23.37646484375
4352360,23.49853515625
4352541,27.03857421875
4352746,27.83203125
4352800,28.564453125
4352827,29.23583984375
4352844,21.78955078125
4352940,25.390625
4353021,36.31591796875
4353037,27.83203125
4353147,37.29248046875
4353168,26.7333984375
4353208,29.6630859375
4353230,23.37646484375
4353255,27.34375
4353271,21.91162109375
4353302,21.54541015625
4353331,23.49853515625
4353369,25.81787109375
4353402,30.94482421875
4353466,25.0244140625
4353526,25.7568359375
4353698,23.37646484375
4353983,21.8505859375
4354238,22.4609375
4354712,31.25
4354959,21.78955078125
4364146,21.728515625
4365833,46.81396484375
4368954,21.484375
4373372,58.837890625
4373383,23.13232421875
4373409,32.65380859375
4373420,61.09619140625
4373453,35.5224609375
4373470,46.38671875
4373482,21.54541015625
4373515,38.6962890625
4373538,47.42431640625
4373549,33.0810546875
4373590,35.58349609375
4373621,48.828125
4373638,30.517578125
4373659,24.90234375
4373699,23.74267578125
4373720,22.94921875
4373742,22.39990234375
4373762,24.0478515625
4373860,22.94921875
4373961,28.3203125
4374005,26.91650390625
4374044,25.146484375
4374113,22.03369140625
4374162,23.86474609375
4374283,21.8505859375
4374313,26.67236328125
4374365,21.728515625
4374407,21.42333984375
4374422,26.3671875
4374456,24.90234375
4374562,28.6865234375
4374613,28.01513671875
4374736,25.20751953125
4374802,23.5595703125
4374873,23.8037109375
4374915,21.728515625
4374962,21.6064453125
4375119,23.98681640625
4375165,22.216796875
4375554,23.681640625
4380728,48.7060546875
4393623,22.216796875
4394643,23.8037109375
4397940,48.583984375
4402427,21.728515625
4406088,23.5595703125
4411482,51.3916015625
4428833,48.03466796875
4458601,46.630859375
4469062,50.048828125
4471339,22.0947265625
4481881,50.47607421875
4494301,45.71533203125
4509117,48.76708984375
4526647,43.15185546875
4530506,44.677734375
4567142,49.01123046875
4575978,22.8271484375
4576536,22.8271484375
4584537,24.4140625
4586092,51.513671875
4586616,22.88818359375
4586789,21.6064453125
4607800,46.875
4627416,47.18017578125
4663784,22.52197265625
4667517,49.62158203125
4671659,22.8271484375
4686728,32.3486328125
4686748,39.55078125
4686760,53.22265625
4686780,69.580078125
4686793,51.94091796875
4686823,49.25537109375
4686854,29.296875
4686869,39.306640625
4686897,41.56494140625
4686937,38.0859375
4686947,21.6064453125
4686963,28.01513671875
4686977,22.15576171875
4687020,39.85595703125
4687042,22.0947265625
4687074,28.38134765625
4687107,22.88818359375
4687128,28.076171875
4687178,37.109375
4687462,21.484375
4687723,26.42822265625
4687799,30.21240234375
4687840,24.71923828125
4687879,28.13720703125
4687977,27.16064453125
4688034,24.23095703125
4688062,24.23095703125
4688074,21.6064453125
4688111,23.13232421875
4688121,27.03857421875
4688144,30.76171875
4688259,29.23583984375
4688306,22.0947265625
4688436,24.84130859375
4688480,21.97265625
4688695,22.64404296875
4688868,26.67236328125
4688934,22.94921875
4689397,21.728515625
4689668,23.01025390625
4690075,32.71484375
4697481,25.2685546875
4704466,21.8505859375
4704517,46.5087890625
4704677,22.3388671875
4704772,50.23193359375
4704794,23.01025390625
4704807,51.3916015625
4704825,36.0107421875
4704843,41.68701171875
4704874,39.306640625
4704900,34.912109375
4704919,64.8193359375
4704946,25.45166015625
4704986,23.92578125
4705016,29.9072265625
4705035,24.84130859375
4705050,28.86962890625
4705085,32.71484375
4705106,35.46142578125
4705134,32.470703125
4705191,33.14208984375
4705229,21.728515625
4705290,30.57861328125
4705320,31.92138671875
4705382,25.57373046875
4705402,28.01513671875
4705577,22.0947265625
4705593,23.3154296875
4705651,22.64404296875
4705740,21.6064453125
4705791,21.97265625
4705994,23.37646484375
4706050,25.57373046875
4706137,26.9775390625
4706258,24.47509765625
4706282,23.193359375
4706431,21.484375
4706469,22.5830078125
4706529,23.62060546875
4722808,25.7568359375
4723377,22.5830078125
4723845,22.64404296875
4724222,25.57373046875
4724585,24.7802734375
4724943,22.64404296875
4725033,51.1474609375
4727760,21.8505859375
4733704,46.630859375
4750240,21.66748046875
4764524,21.54541015625
4786794,46.20361328125
4814503,49.74365234375
4846337,48.88916015625
4847198,21.54541015625
4922190,21.66748046875
4964862,21.484375
4987024,22.15576171875
4988928,22.8271484375
5005898,56.94580078125
5006009,27.52685546875
5043384,23.92578125
5045846,22.15576171875
5046175,23.193359375
5046860,24.71923828125
5046896,71.71630859375
5046909,61.767578125
5046933,25.57373046875
5046954,48.583984375
5046977,36.80419921875
5046999,33.75244140625
5047012,34.36279296875
5047056,55.419921875
5047081,29.84619140625
5047109,22.15576171875
5047150,24.71923828125
5047182,44.37255859375
5047253,28.076171875
5047277,21.66748046875
5047308,21.66748046875
5047340,22.94921875
5047386,24.90234375
5047402,25.0244140625
5047463,31.8603515625
5047668,23.5595703125
5047763,28.38134765625
5047938,24.5361328125
5048026,30.33447265625
5048112,28.62548828125
5048159,23.3154296875
5048215,23.62060546875
5048262,22.15576171875
5048310,22.3388671875
5048414,22.5830078125
5048456,35.0341796875
5048534,26.611328125
5048580,25.57373046875
5048789,25.08544921875
5048800,27.4658203125
5048887,28.1982421875
5048902,23.49853515625
5048960,22.4609375
5049030,23.681640625
5049177,22.52197265625
5049205,25.93994140625
5049399,22.8271484375
5049442,22.0947265625
5049859,24.169921875
5062355,47.91259765625
5063603,21.484375
5063773,22.0947265625
5063799,40.771484375
5063824,49.62158203125
5063848,40.46630859375
5063880,43.76220703125
5063898,34.24072265625
5063915,37.353515625
5063953,40.22216796875
5063964,45.0439453125
5063988,39.24560546875
5064029,39.12353515625
5064070,32.53173828125
5064086,31.25
5064123,27.16064453125
5064133,28.62548828125
5064157,26.0009765625
5064190,24.71923828125
5064204,26.2451171875
5064299,25.7568359375
5064322,25.20751953125
5064377,30.33447265625
5064391,27.28271484375
5064544,24.4140625
5064763,22.52197265625
5064941,24.7802734375
5064990,25.87890625
5065142,34.11865234375
5065209,25.2685546875
5065281,23.49853515625
5065320,21.54541015625
5065346,21.8505859375
5065441,26.67236328125
5065692,22.03369140625
5065784,22.52197265625
5065958,24.35302734375
5066002,21.42333984375
5066221,24.90234375
5072258,43.02978515625
5080035,21.97265625
5080489,23.62060546875
5081126,24.0478515625
5081718,24.658203125
5082112,24.658203125
5082500,26.123046875
5083241,23.681640625
5083272,22.03369140625
5083471,45.71533203125
5083829,21.6064453125
5094399,52.490234375
5102529,46.142578125
5114188,21.42333984375
5166618,43.9453125
5178702,49.74365234375
5196896,21.42333984375
5208515,22.27783203125
5208971,47.54638671875
5214288,47.2412109375
5236069,21.728515625
5248818,47.18017578125
5269851,24.84130859375
5269882,34.24072265625
5269896,32.5927734375
5269930,48.583984375
5269944,25.93994140625
5269968,28.50341796875
5269983,38.26904296875
5270013,28.076171875
5270046,36.7431640625
5270061,31.18896484375
5270080,21.66748046875
5270101,22.27783203125
5270126,37.53662109375
5270137,25.634765625
5270205,23.37646484375
5270235,23.5595703125
5270273,25.390625
5270363,21.54541015625
5270523,24.96337890625
5270778,23.681640625
5270794,21.54541015625
5270878,23.13232421875
5270914,23.49853515625
5270960,22.3388671875
5271025,24.169921875
5271054,22.216796875
5271109,22.52197265625
5271122,30.8837890625
5271238,25.57373046875
5271286,23.37646484375
5271380,21.91162109375
5271395,26.3671875
5271425,23.5595703125
5271467,29.6630859375
5271478,22.52197265625
5271546,22.4609375
5271575,22.52197265625
5271606,21.91162109375
5271674,22.94921875
5271771,22.88818359375
5271864,23.62060546875
5272097,22.15576171875
5272150,21.66748046875
5274529,37.04833984375
5283926,23.62060546875
5286837,23.49853515625
5287388,22.88818359375
5287426,22.88818359375
5287469,28.9306640625
5287498,60.1806640625
5287523,55.11474609375
5287575,30.2734375
5287600,57.06787109375
5287629,27.587890625
5287653,35.2783203125
5287677,27.587890625
5287709,29.78515625
5287721,33.99658203125
5287767,39.6728515625
5287798,31.005859375
5287809,21.484375
5287842,32.958984375
5287939,30.1513671875
5287961,24.47509765625
5288088,22.76611328125
5288160,23.5595703125
5288213,23.8037109375
5288231,23.5595703125
5288285,24.4140625
5288391,25.634765625
5288558,38.330078125
5288717,30.76171875
5288764,24.4140625
5288827,21.97265625
5288922,23.5595703125
5288934,22.03369140625
5289035,26.7333984375
5289055,21.728515625
5289128,22.8271484375
5289354,21.484375
5289490,23.62060546875
5289765,21.42333984375
5291567,43.45703125
5291941,35.64453125
5292166,22.216796875
5307741,24.96337890625
5309606,23.4375
5309877,23.13232421875
5310495,26.123046875
5310852,42.41943359375
5310971,24.35302734375
5311386,26.91650390625
5311448,28.564453125
5311492,31.3720703125
5311504,31.8603515625
5311535,34.97314453125
5311573,35.70556640625
5311605,48.52294921875
5311640,31.005859375
5311653,40.95458984375
5311689,25.81787109375
5311720,27.099609375
5311737,23.01025390625
5311788,23.5595703125
5311798,23.0712890625
5311839,33.69140625
5311858,37.59765625
5311889,22.52197265625
5311903,35.2783203125
5311949,24.169921875
5311997,27.03857421875
5312042,25.87890625
5312078,22.15576171875
5312114,31.06689453125
5312168,22.15576171875
5312281,21.97265625
5312453,21.728515625
5312565,24.4140625
5312856,23.01025390625
5313024,21.66748046875
5313211,25.5126953125
5313222,23.193359375
5313258,22.4609375
5313288,27.4658203125
5313404,22.76611328125
5313792,26.7333984375
5339509,46.0205078125
5340332,24.90234375
5353753,22.03369140625
5354852,21.78955078125
5374846,43.8232421875
5384272,44.98291015625
5390921,47.9736328125
5401446,53.466796875
5410534,42.8466796875
5416171,21.8505859375
5417428,24.59716796875
5422791,21.91162109375
5435296,47.30224609375
5448262,22.4609375
5460444,45.0439453125
5464507,24.4140625
5465305,23.49853515625
5495667,23.13232421875
5499436,21.42333984375
5525658,22.0947265625
5537358,22.39990234375
5627734,22.64404296875
5649567,23.5595703125
5669454,35.64453125
5669465,43.45703125
5669491,33.99658203125
5669503,26.42822265625
5669513,33.3251953125
5669542,46.9970703125
5669553,30.1513671875
5669568,21.78955078125
5669596,49.6826171875
5669638,45.59326171875
5669675,25.7568359375
5669706,25.2685546875
5669758,47.30224609375
5669819,41.07666015625
5669837,22.39990234375
5669865,25.45166015625
5669880,25.32958984375
5669936,31.3720703125
5670112,25.45166015625
5670501,23.25439453125
5670533,21.97265625
5670547,25.7568359375
5670564,23.25439453125
5670633,23.4375
5670660,25.81787109375
5670770,22.15576171875
5670906,24.7802734375
5670926,25.32958984375
5671044,35.7666015625
5671059,21.728515625
5671120,23.193359375
5671155,22.8271484375
5671247,30.76171875
5671263,21.484375
5671355,22.3388671875
5671403,22.8271484375
5671445,21.484375
5671500,23.49853515625
5672042,26.91650390625
5672246,24.59716796875
5673230,23.5595703125
5688949,22.03369140625
5689227,24.90234375
5696795,26.30615234375
5697662,24.4140625
5715168,45.654296875
5751412,53.955078125
5782279,24.23095703125
5810307,49.62158203125
5824023,22.15576171875
5824432,22.705078125
5849291,47.66845703125
5878204,51.1474609375
5902914,48.095703125
5945143,48.9501953125
5959572,48.03466796875
5971302,47.607421875
5977397,23.0712890625
5978761,21.54541015625
5989414,50.10986328125
6019069,22.3388671875
6041986,46.44775390625
6088724,22.5830078125
6089789,21.42333984375
6090506,24.10888671875
6092648,47.66845703125
6098831,23.62060546875
6104406,45.34912109375
6115365,23.92578125
6134264,21.91162109375
6162629,25.390625
6172943,44.49462890625
6177624,44.189453125
6198244,23.25439453125
6231205,22.216796875
6255207,21.42333984375
6273006,72.1435546875
6273017,63.53759765625
6273062,54.99267578125
6273090,63.8427734375
6273108,24.96337890625
6273134,48.88916015625
6273160,35.2783203125
6273189,25.32958984375
6273235,24.23095703125
6273281,26.30615234375
6273325,23.37646484375
6273408,23.49853515625
6273475,21.66748046875
6273517,21.97265625
6273687,23.86474609375
6273755,26.2451171875
6273974,25.390625
6274323,22.03369140625
6274346,22.216796875
6274365,28.6865234375
6274450,21.66748046875
6274502,27.9541015625
6274540,29.60205078125
6274563,21.66748046875
6274663,26.7333984375
6274699,29.1748046875
6274781,23.01025390625
6275035,32.89794921875
6275158,26.91650390625
6275185,23.193359375
6275556,23.62060546875
6275839,24.84130859375
6279290,41.80908203125
6286994,48.15673828125
6292149,40.0390625
6292161,34.60693359375
6292201,69.27490234375
6292222,38.0859375
6292252,61.5234375
6292286,37.353515625
6292300,46.69189453125
6292331,28.4423828125
6292342,26.123046875
6292364,25.45166015625
6292391,35.33935546875
6292414,22.27783203125
6292434,32.2265625
6292466,30.029296875
6292494,41.259765625
6292519,33.26416015625
6292531,24.35302734375
6292547,23.49853515625
6292566,22.94921875
6292587,32.2265625
6292632,21.97265625
6292656,23.01025390625
6292707,26.67236328125
6292778,22.52197265625
6292960,30.8837890625
6293057,22.64404296875
6293071,22.52197265625
6293111,21.66748046875
6293145,30.09033203125
6293198,23.681640625
6293267,23.4375
6293373,26.06201171875
6293396,27.7099609375
6293407,21.42333984375
6293497,29.11376953125
6293522,22.64404296875
6293828,26.0009765625
6294011,22.0947265625
6294576,25.57373046875
6309474,21.91162109375
6310032,24.169921875
6310583,24.23095703125
6311012,23.25439453125
6311405,22.3388671875
6311797,21.91162109375
6319457,48.33984375
6346373,21.54541015625
6399615,22.15576171875
6469804,21.97265625
6597878,22.94921875
6597889,81.48193359375
6597919,38.4521484375
6597937,44.49462890625
6597963,62.255859375
6597974,30.33447265625
6598002,23.5595703125
6598030,57.7392578125
6598040,26.0009765625
6598057,21.54541015625
6598068,21.97265625
6598088,26.55029296875
6598109,26.67236328125
6598183,22.88818359375
6598265,23.681640625
6598282,23.3154296875
6598322,24.2919921875
6598387,21.42333984375
6598566,29.72412109375
6598630,26.2451171875
6598774,24.90234375
6598877,26.79443359375
6598968,24.7802734375
6599056,23.92578125
6599102,30.57861328125
6599225,24.71923828125
6599288,25.87890625
6599380,28.4423828125
6599406,21.8505859375
6599422,26.9775390625
6599532,26.55029296875
6599614,23.13232421875
6599762,25.0244140625
6599812,21.8505859375
6599873,24.169921875
6600146,21.728515625
6600341,21.6064453125
6601025,24.4140625
6606203,40.8935546875
6615038,26.3671875
6615059,24.47509765625
6615077,36.9873046875
6615098,22.94921875
6615118,28.01513671875
6615149,29.72412109375
6615167,40.1611328125
6615179,31.005859375
6615193,23.25439453125
6615220,37.90283203125
6615256,24.90234375
6615278,40.52734375
6615317,37.41455078125
6615338,26.42822265625
6615359,33.02001953125
6615391,30.09033203125
6615409,29.11376953125
6615434,30.3955078125
6615469,26.67236328125
6615498,33.447265625
6615546,24.5361328125
6615591,21.8505859375
6615612,25.7568359375
6615713,27.77099609375
6615726,25.390625
6615765,23.01025390625
6615979,24.10888671875
6616217,22.03369140625
6616281,28.13720703125
6616331,27.03857421875
6616426,23.8037109375
6616541,22.0947265625
6616875,23.13232421875
6617056,23.01025390625
6617642,21.66748046875
6628788,45.10498046875
6637430,23.13232421875
6638033,43.02978515625
6638534,24.2919921875
6639157,22.27783203125
6689383,41.93115234375
6699880,41.748046875
6701829,42.41943359375
6712187,46.630859375
6716850,47.91259765625
6743168,45.0439453125
6749955,24.0478515625
6766755,23.98681640625
6780684,22.52197265625
6847653,49.98779296875
6864442,21.42333984375
6867333,45.166015625
6875895,47.7294921875
6879562,40.6494140625
6879576,32.958984375
6879612,46.9970703125
6879630,33.5693359375
6879649,39.794921875
6879664,32.3486328125
6879685,27.89306640625
6879721,29.72412109375
6879744,31.43310546875
6879754,39.1845703125
6879790,45.5322265625
6879827,23.92578125
6879875,27.03857421875
6879918,27.52685546875
6879967,26.06201171875
6879993,24.47509765625
6880078,31.8603515625
6880241,21.6064453125
6880432,30.2734375
6880669,25.81787109375
6880797,33.8134765625
6880835,23.25439453125
6880941,35.94970703125
6880957,24.0478515625
6881081,21.91162109375
6881104,29.4189453125
6881120,24.658203125
6881131,24.7802734375
6881228,27.89306640625
6881251,22.76611328125
6881409,23.5595703125
6881444,24.2919921875
6881464,33.447265625
6881638,22.52197265625
6881750,25.57373046875
6881999,24.0478515625
6882055,22.27783203125
6882243,35.64453125
6882304,27.34375
6882551,26.7333984375
6897776,21.97265625
6897787,31.982421875
6897851,52.30712890625
6897881,24.2919921875
6897892,28.1982421875
6897914,24.35302734375
6897936,22.52197265625
6897963,32.470703125
6897993,56.7626953125
6898025,45.8984375
6898056,24.90234375
6898084,30.57861328125
6898126,45.59326171875
6898192,30.09033203125
6898223,30.2734375
6898254,27.52685546875
6898308,25.93994140625
6898355,22.5830078125
6898402,21.78955078125
6898442,25.57373046875
6898556,21.78955078125
6898607,30.57861328125
6898677,21.42333984375
6898888,21.54541015625
6898976,22.0947265625
6899158,42.05322265625
6899373,21.728515625
6899427,23.98681640625
6899542,24.2919921875
6899656,27.52685546875
6899864,21.91162109375
6900279,21.6064453125
6920825,46.5087890625
6921570,22.27783203125
6921690,42.48046875
6921729,28.1982421875
6921792,26.2451171875
6921825,24.5361328125
6921839,23.74267578125
6921852,46.630859375
6921885,25.0244140625
6921898,26.0009765625
6921925,33.63037109375
6921942,36.4990234375
6921957,22.3388671875
6922021,50.84228515625
6922045,23.681640625
6922069,25.634765625
6922087,21.8505859375
6922164,25.69580078125
6922208,31.1279296875
6922223,34.1796875
6922266,22.03369140625
6922338,22.52197265625
6922390,22.5830078125
6922458,25.634765625
6922506,22.76611328125
6922559,24.5361328125
6922703,26.3671875
6922781,21.728515625
6922848,25.57373046875
6922932,22.39990234375
6922980,24.7802734375
6923079,22.3388671875
6923193,21.91162109375
6923221,23.25439453125
6933555,39.55078125
6940564,40.52734375
6944181,41.1376953125
6950597,22.3388671875
6953367,41.50390625
6955311,21.728515625
6964361,39.48974609375
6970202,46.875
6977396,23.3154296875
6979711,46.142578125
6985227,42.66357421875
6989950,45.10498046875
7001636,23.681640625
7005754,45.83740234375
7011822,49.4384765625
7021882,50.048828125
7028824,50.1708984375
7034074,48.9501953125
7036106,36.31591796875
7045139,47.7294921875
7054162,44.00634765625
7066604,39.61181640625
7070767,43.0908203125
7080862,47.4853515625
7085224,45.34912109375
7099488,43.51806640625
7107076,21.8505859375
7117679,42.48046875
7123383,48.828125
7132771,51.69677734375
7136390,46.630859375
7148461,44.921875
7156536,41.44287109375
7166710,42.41943359375
7177347,45.0439453125
7181742,45.5322265625
7194682,21.97265625
7195034,42.236328125
7208408,43.212890625
7219792,43.5791015625
7230448,48.4619140625
7243900,45.47119140625
7253727,47.30224609375
7256567,24.90234375
7261308,48.52294921875
7268623,28.564453125
7275542,44.0673828125
7280927,41.8701171875
7283596,44.37255859375
7291238,50.9033203125
7295994,43.9453125
7299663,39.24560546875
7304640,45.22705078125
7304705,22.39990234375
7309936,42.05322265625
7310917,35.2783203125
7310927,22.0947265625
7310957,46.08154296875
7310981,42.236328125
7310993,42.724609375
7311017,23.01025390625
7311047,25.93994140625
7311074,39.4287109375
7311129,38.6962890625
7311158,46.32568359375
7311171,34.60693359375
7311204,25.7568359375
7311216,27.16064453125
7311244,31.8603515625
7311306,27.7099609375
7311393,23.13232421875
7311465,23.74267578125
7311641,23.49853515625
7311794,23.681640625
7312296,23.5595703125
7312335,24.84130859375
7312362,27.28271484375
7312404,21.484375
7312453,28.74755859375
7312533,24.169921875
7312553,28.99169921875
7312622,21.97265625
7312666,21.78955078125
7312696,21.91162109375
7312746,25.0244140625
7312888,23.193359375
7312987,23.5595703125
7313097,21.78955078125
7313215,28.1982421875
7314792,40.283203125
7319672,42.724609375
7323209,47.2412109375
7329483,48.33984375
7330000,24.96337890625
7330099,22.39990234375
7330644,22.3388671875
7331156,22.27783203125
7331252,23.13232421875
7331531,24.90234375
7331880,24.0478515625
7332207,23.5595703125
7334708,42.41943359375
7338529,46.0205078125
7345532,46.9970703125
7348281,46.32568359375
7352779,22.52197265625
7355739,44.3115234375
7362632,50.1708984375
7366683,41.93115234375
7375442,51.26953125
7377844,44.921875
7380387,43.88427734375
7384737,42.29736328125
7385551,22.03369140625
7387311,45.71533203125
7392440,42.6025390625
7394902,43.15185546875
7398630,41.68701171875
7400596,41.44287109375
7409331,50.59814453125
7411820,39.48974609375
7416605,44.61669921875
7420869,44.921875
7429511,45.83740234375
7430693,48.64501953125
7433882,43.0908203125
7437569,47.7294921875
7444958,43.88427734375
7447835,48.64501953125
7448282,21.42333984375
7451610,39.6728515625
7452977,46.56982421875
7457637,45.59326171875
7462221,47.36328125
7466158,42.05322265625
7471360,47.4853515625
7473540,45.71533203125
7476787,50.23193359375
7483647,45.5322265625
7487758,41.8701171875
7489822,42.78564453125
7493367,40.95458984375
7497598,43.51806640625
7501489,51.81884765625
7504796,49.86572265625
7507047,47.8515625
7510862,43.39599609375
7514515,41.80908203125
7516142,43.64013671875
7518516,44.61669921875
7523476,48.9501953125
7525124,45.47119140625
7527955,44.3115234375
7529188,48.9501953125
7531401,46.142578125
7533218,42.90771484375
7534701,43.51806640625
7537375,21.54541015625
7538008,43.9453125
7539771,46.44775390625
7540827,47.18017578125
7542502,43.212890625
7543486,46.7529296875
7547490,49.072265625
7548996,42.17529296875
7551397,41.56494140625
7552821,47.2412109375
7554282,42.724609375
7557172,44.677734375
7557667,29.78515625
7557704,37.7197265625
7557733,49.560546875
7557753,32.16552734375
7557774,44.73876953125
7557799,46.7529296875
7557826,62.3779296875
7557868,31.494140625
7557908,32.1044921875
7557955,29.052734375
7557996,21.42333984375
7558013,32.2265625
7558079,34.66796875
7558129,23.3154296875
7558204,23.74267578125
7558245,23.0712890625
7558278,22.03369140625
7558592,22.76611328125
7558763,22.64404296875
7558782,24.23095703125
7558901,22.52197265625
7558942,22.0947265625
7558976,23.62060546875
7559046,22.705078125
7559189,22.705078125
7559245,22.39990234375
7559314,23.49853515625
7559498,25.2685546875
7559519,32.958984375
7559563,22.216796875
7559943,27.40478515625
7560541,22.15576171875
7560655,24.5361328125
7564788,39.9169921875
7567142,46.08154296875
7569904,43.0908203125
7571069,43.51806640625
7573863,39.00146484375
7577624,41.19873046875
7578718,41.50390625
7579554,41.1376953125
7579968,27.89306640625
7580464,41.6259765625
7580539,28.25927734375
7581123,21.66748046875
7581463,43.27392578125
7581595,22.03369140625
7581650,23.193359375
7582011,21.91162109375
7582399,24.59716796875
7582762,21.8505859375
7583127,27.2216796875
7584154,44.3115234375
7587730,40.1611328125
7588725,45.71533203125
7589728,46.32568359375
7592226,42.96875
7593134,41.44287109375
7596302,44.86083984375
7598157,41.68701171875
7600159,28.86962890625
7602952,42.3583984375
7603942,44.49462890625
7605775,39.36767578125
7606637,38.4521484375
7610251,44.7998046875
7611537,43.3349609375
7613668,45.41015625
7614954,44.98291015625
7615900,43.701171875
7616914,48.52294921875
7618381,39.00146484375
7623538,44.677734375
7624478,38.57421875
7625555,46.875
7626427,40.1611328125
7627400,51.57470703125
7633536,43.64013671875
7634298,44.25048828125
7635026,46.38671875
7636082,43.212890625
7637099,38.63525390625
7640001,43.212890625
7640839,41.50390625
7643814,37.4755859375
7645299,22.5830078125
7645491,52.3681640625
7646615,45.5322265625
7647564,42.724609375
7648632,44.43359375
7649743,42.78564453125
7652230,44.00634765625
7654172,41.3818359375
7654983,44.12841796875
7657709,35.15625
7659081,41.6259765625
7660223,41.80908203125
7661545,46.7529296875
7662794,45.41015625
7665300,44.7998046875
7667057,44.25048828125
7667986,42.8466796875
7669632,45.0439453125
7671086,42.66357421875
7672025,38.63525390625
7672916,46.142578125
7676279,42.90771484375
7678004,46.5087890625
7679274,38.2080078125
7680240,41.56494140625
7681318,41.259765625
7682264,40.771484375
7684695,40.52734375
7687996,38.75732421875
7688812,41.68701171875
7690064,42.96875
7691602,25.7568359375
7694681,38.9404296875
7695461,44.86083984375
7696487,38.9404296875
7697614,46.630859375
7698526,46.142578125
7699892,38.39111328125
7702731,39.9169921875
7704411,42.41943359375
7709282,48.095703125
7710498,46.142578125
7712522,48.15673828125
7715001,27.64892578125
7715903,45.41015625
7716865,44.37255859375
7718034,42.3583984375
7721395,46.32568359375
7723395,44.3115234375
7725313,43.39599609375
7726410,46.0205078125
7728057,46.0205078125
7728892,40.771484375
7730597,40.1611328125
7731704,43.212890625
7733457,43.9453125
7734283,43.701171875
7735327,48.64501953125
7738806,46.81396484375
7739683,29.296875
7739789,38.51318359375
7740558,45.654296875
7741541,43.76220703125
7742589,46.38671875
7744506,44.12841796875
7745515,45.166015625
7746685,40.8935546875
7747937,42.3583984375
7748628,36.68212890625
7749535,40.0390625
7752894,40.58837890625
7753590,42.724609375
7754874,44.43359375
7757997,41.8701171875
7758946,46.0205078125
7759924,41.6259765625
7764292,40.771484375
7765362,45.654296875
7766342,38.9404296875
7767368,45.47119140625
7768263,45.10498046875
7769345,47.42431640625
7770858,38.0859375
7771556,22.27783203125
7771841,39.00146484375
7775138,44.5556640625
7776262,43.88427734375
7776835,42.3583984375
7777944,43.8232421875
7779138,36.31591796875
7780799,45.5322265625
7783265,42.54150390625
7787076,41.015625
7787828,44.921875
7790469,48.40087890625
7791645,45.2880859375
7792625,45.0439453125
7793524,39.73388671875
7794955,39.0625
7796903,42.66357421875
7797815,42.1142578125
7800818,47.7294921875
7801557,50.35400390625
7802522,39.24560546875
7806701,44.49462890625
7807772,45.8984375
7808790,41.9921875
7811823,41.68701171875
7813058,45.5322265625
7813347,22.76611328125
7815433,47.36328125
7817482,41.93115234375
7818374,45.5322265625
7819290,42.17529296875
7822705,48.9501953125
7823525,46.2646484375
7825521,41.68701171875
7827734,46.38671875
7829018,40.83251953125
7829808,41.44287109375
7830723,44.0673828125
7831321,46.08154296875
7834294,45.47119140625
7835165,42.1142578125
7837433,42.3583984375
7838775,44.7998046875
7839823,41.68701171875
7840846,43.15185546875
7841806,40.8935546875
7842674,36.7431640625
7844850,38.6962890625
7845715,42.17529296875
7848650,43.39599609375
7850441,44.49462890625
7851155,48.15673828125
7852034,41.44287109375
7853585,41.32080078125
7854977,44.37255859375
7856175,41.3818359375
7858724,40.83251953125
7859747,40.0390625
7860677,41.93115234375
7863015,45.41015625
7864213,40.10009765625
7866156,47.2412109375
7870831,48.76708984375
7871615,38.57421875
7873044,38.2080078125
7874278,39.9169921875
7875473,40.22216796875
7876563,40.71044921875
7878993,45.7763671875
7879886,44.3115234375
7881602,38.63525390625
7882251,36.0107421875
7882282,44.921875
7882311,56.884765625
7882324,45.71533203125
7882348,50.72021484375
7882360,31.79931640625
7882397,60.48583984375
7882411,51.45263671875
7882428,23.8037109375
7882448,33.203125
7882485,22.94921875
7882502,28.74755859375
7882525,35.09521484375
7882621,28.564453125
7882648,36.07177734375
7882699,28.62548828125
7882728,26.42822265625
7882751,28.1982421875
7882945,21.484375
7883034,24.169921875
7883192,29.78515625
7883275,27.89306640625
7883336,23.92578125
7883448,33.203125
7883763,21.91162109375
7883876,21.728515625
7883912,22.216796875
7883959,24.23095703125
7884123,22.4609375
7884272,22.64404296875
7884295,23.01025390625
7884317,26.4892578125
7884555,21.484375
7884801,23.13232421875
7884856,23.3154296875
7885916,26.55029296875
7886742,31.25
7887456,34.36279296875
7888220,33.5693359375
7889104,37.29248046875
7890216,39.61181640625
7892247,38.14697265625
7896548,41.8701171875
7897506,40.95458984375
7902837,34.36279296875
7903699,42.1142578125
7904647,42.48046875
7905532,43.8232421875
7907589,25.2685546875
7908356,27.52685546875
7908960,22.216796875
7909418,23.62060546875
7909833,24.0478515625
7910195,21.97265625
7910584,22.15576171875
7910930,23.92578125
7911263,25.2685546875
7911986,43.39599609375
7913213,41.32080078125
7915134,43.5791015625
7916685,42.96875
7917387,47.119140625
7920063,40.46630859375
7922336,46.5087890625
7924840,40.95458984375
7926119,41.32080078125
7927016,47.7294921875
7930239,43.45703125
7931339,43.212890625
7932380,44.5556640625
7933730,42.724609375
7938804,44.0673828125
7939685,41.748046875
7943091,43.0908203125
7945015,43.9453125
7950184,43.5791015625
7951009,44.12841796875
7953170,45.166015625
7954001,43.64013671875
7957274,39.12353515625
7958546,44.73876953125
7959408,40.52734375
7962427,41.19873046875
7963460,46.20361328125
7964149,42.54150390625
7965146,47.18017578125
7970038,47.7294921875
7971108,42.29736328125
7972283,38.39111328125
7973729,42.78564453125
7976331,40.6494140625
7977532,41.80908203125
7980258,46.32568359375
7981109,50.72021484375
7983411,46.38671875
7984745,45.166015625
7985898,40.8935546875
7989719,41.8701171875
7990737,40.283203125
7991605,45.7763671875
7995479,39.24560546875
7997408,44.0673828125
8000834,39.0625
8001727,42.41943359375
8005530,36.92626953125
8008322,44.00634765625
8009499,38.9404296875
8011585,46.7529296875
8012606,44.25048828125
8014925,42.78564453125
8019283,38.9404296875
8020299,41.07666015625
8022023,42.17529296875
8023007,43.8232421875
8026142,39.9169921875
8027075,39.00146484375
8030034,48.095703125
8031630,47.4853515625
8034243,41.748046875
8035214,44.7998046875
8036251,43.76220703125
8037296,44.61669921875
8039936,42.05322265625
8042048,46.5087890625
8043131,43.8232421875
8044123,39.4287109375
8045388,45.166015625
8047842,41.1376953125
8052944,42.41943359375
8053497,40.4052734375
8057300,48.4619140625
8057960,40.58837890625
8058849,47.05810546875
8061380,38.6962890625
8064171,41.1376953125
8068215,45.166015625
8069338,24.2919921875
8070001,43.212890625
8072864,43.51806640625
8073732,48.76708984375
8075285,39.97802734375
8076448,46.38671875
8077495,38.818359375
8079431,40.46630859375
8080144,43.212890625
8082486,42.3583984375
8084358,42.236328125
8085268,43.212890625
8086589,43.0908203125
8087357,42.90771484375
8089416,36.376953125
8091610,51.8798828125
8092941,45.34912109375
8093923,43.0908203125
8095205,40.71044921875
8098256,41.07666015625
8099224,41.32080078125
8102812,39.55078125
8103864,44.25048828125
8104619,37.53662109375
8109060,41.93115234375
8112452,43.15185546875
8113351,24.7802734375
8113809,39.97802734375
8113890,23.3154296875
8113911,41.50390625
8113940,48.9501953125
8113962,47.36328125
8113975,33.14208984375
8113993,38.87939453125
8114022,42.17529296875
8114062,28.564453125
8114073,27.2216796875
8114111,21.728515625
8114141,22.39990234375
8114195,29.72412109375
8114269,22.64404296875
8114286,22.0947265625
8114304,22.15576171875
8114466,27.587890625
8114662,22.64404296875
8114730,24.4140625
8115127,26.9775390625
8115192,22.0947265625
8115380,22.4609375
8115435,26.06201171875
8115510,24.4140625
8115578,21.484375
8115614,22.5830078125
8115897,22.216796875
8115928,31.18896484375
8116027,24.2919921875
8116318,21.6064453125
8116344,22.15576171875
8116894,21.97265625
8117227,21.97265625
8119008,35.7666015625
8119746,34.423828125
8123448,38.4521484375
8124459,39.85595703125
8126962,42.236328125
8127756,40.83251953125
8128830,37.4755859375
8129628,37.9638671875
8130640,41.9921875
8133190,25.5126953125
8133782,33.26416015625
8133989,43.88427734375
8134239,22.0947265625
8134779,41.015625
8134931,21.6064453125
8134965,22.3388671875
8135281,21.97265625
8135305,22.27783203125
8135404,24.4140625
8135488,29.1748046875
8135539,25.146484375
8135600,53.466796875
8135615,27.40478515625
8135640,31.8603515625
8135656,37.65869140625
8135680,42.54150390625
8135698,23.49853515625
8135719,26.2451171875
8135733,26.85546875
8135753,22.3388671875
8135778,39.24560546875
8135808,24.59716796875
8135821,22.94921875
8135890,30.57861328125
8135928,28.86962890625
8135955,21.42333984375
8136064,26.7333984375
8136089,23.4375
8136140,23.681640625
8136173,26.0009765625
8136207,22.88818359375
8136219,23.92578125
8136257,23.86474609375
8136289,24.4140625
8136342,22.0947265625
8136402,22.3388671875
8136554,21.6064453125
8136723,27.4658203125
8136810,32.3486328125
8138053,22.03369140625
8143916,43.0908203125
8149285,40.10009765625
8152877,44.921875
8153759,40.6494140625
8154861,41.93115234375
8157110,48.33984375
8159704,47.54638671875
8160664,42.17529296875
8162823,42.41943359375
8163936,40.4052734375
8166186,21.42333984375
8168152,35.82763671875
8169075,41.32080078125
8170106,42.54150390625
8173477,40.46630859375
8176536,41.9921875
8179061,45.41015625
8180886,50.4150390625
8182057,36.07177734375
8183424,45.41015625
8184209,44.61669921875
8185108,44.49462890625
8190803,32.8369140625
8191059,21.484375
8191637,40.0390625
8195508,40.6494140625
8197734,45.10498046875
8198510,39.794921875
8200421,42.66357421875
8202794,40.0390625
8203942,41.259765625
8205744,47.36328125
8208291,43.0908203125
8209336,40.1611328125
8210858,43.3349609375
8211855,40.1611328125
8223719,44.49462890625
8224792,47.79052734375
8225675,43.39599609375
8226662,38.63525390625
8232024,43.39599609375
8237198,39.61181640625
8239673,38.9404296875
8240458,39.73388671875
8241522,36.7431640625
8251861,44.5556640625
8252640,42.17529296875
8254711,46.93603515625
8260683,46.142578125
8262347,44.25048828125
8263435,42.17529296875
8265079,38.75732421875
8266229,47.54638671875
8267181,46.5087890625
8267936,38.2080078125
8270169,44.921875
8275871,40.52734375
8280695,44.3115234375
8282508,48.76708984375
8289894,39.48974609375
8290920,41.748046875
8295542,22.15576171875
8296295,27.2216796875
8297327,42.8466796875
8300358,47.91259765625
8301140,43.39599609375
8307836,42.41943359375
8311576,25.2685546875
8312510,41.1376953125
8315701,23.98681640625
8316553,49.8046875
8320977,45.34912109375
8322585,38.51318359375
8323543,41.259765625
8324658,39.36767578125
8327115,47.18017578125
8331914,43.76220703125
8332880,40.6494140625
8334638,46.630859375
8336205,39.36767578125
8338408,48.15673828125
8342587,41.1376953125
8345241,48.40087890625
8346277,41.1376953125
8350390,42.54150390625
8351288,43.39599609375
8353629,48.03466796875
8355800,36.43798828125
8361424,39.24560546875
8365863,42.54150390625
8366876,45.0439453125
8367890,45.95947265625
8374355,36.376953125
8376362,44.61669921875
8377228,43.701171875
8378055,42.66357421875
8378976,41.19873046875
8385375,42.41943359375
8388012,40.34423828125
8391361,43.88427734375
8392553,44.37255859375
8393530,45.83740234375
8401836,38.9404296875
8404169,41.68701171875
8407790,44.43359375
8409275,43.9453125
8411249,45.47119140625
8412184,44.7998046875
8418686,40.22216796875
8423050,45.2880859375
8427367,44.49462890625
8431697,40.58837890625
8435538,51.7578125
8437699,42.6025390625
8439023,41.3818359375
8441558,49.6826171875
8444675,48.095703125
8449268,41.50390625
8454296,41.1376953125
8455692,42.05322265625
8469438,45.41015625
8471479,45.166015625
8472521,42.724609375
8482578,47.54638671875
8507959,44.86083984375
8511497,43.9453125
8515508,46.44775390625
8520146,47.42431640625
8521035,38.02490234375
8521052,51.20849609375
8521082,53.22265625
8521101,30.94482421875
8521130,43.88427734375
8521148,30.2734375
8521160,21.91162109375
8521188,24.90234375
8521229,28.80859375
8521270,47.05810546875
8521391,27.77099609375
8521465,25.20751953125
8521490,22.4609375
8521526,22.216796875
8521651,23.0712890625
8521702,26.67236328125
8521864,25.32958984375
8521937,22.03369140625
8521961,28.13720703125
8522028,25.93994140625
8522311,27.83203125
8522455,32.71484375
8522470,21.8505859375
8522551,22.705078125
8522593,23.01025390625
8522654,27.16064453125
8522716,24.10888671875
8522791,23.74267578125
8522925,27.03857421875
8523076,27.099609375
8523555,23.3154296875
8534446,21.91162109375
8534886,46.2646484375
8539615,44.12841796875
8539929,30.1513671875
8539978,27.2216796875
8540019,37.17041015625
8540059,22.216796875
8540092,35.09521484375
8540110,43.45703125
8540124,24.84130859375
8540156,45.71533203125
8540172,29.23583984375
8540200,28.13720703125
8540214,26.55029296875
8540239,32.04345703125
8540251,25.32958984375
8540276,30.70068359375
8540323,38.818359375
8540353,32.5927734375
8540378,24.84130859375
8540400,29.11376953125
8540413,26.30615234375
8540451,22.76611328125
8540514,25.45166015625
8540530,25.81787109375
8540617,25.7568359375
8540640,23.37646484375
8540770,23.681640625
8540789,22.5830078125
8540977,21.54541015625
8541038,22.216796875
8541145,22.27783203125
8541201,31.55517578125
8541296,25.45166015625
8541395,22.0947265625
8541512,21.42333984375
8541641,21.97265625
8541658,23.37646484375
8541984,21.6064453125
8542293,23.193359375
8542576,29.23583984375
8562832,44.3115234375
8566293,23.92578125
8571456,33.14208984375
8580072,51.6357421875
8580888,43.0908203125
8592027,43.5791015625
8598708,45.7763671875
8601549,21.484375
8604816,47.42431640625
8606004,47.30224609375
8616828,44.921875
8617845,42.1142578125
8620289,42.78564453125
8623551,46.875
8627429,41.8701171875
8630957,41.8701171875
8631808,41.50390625
8635042,39.00146484375
8639826,43.5791015625
8646251,49.74365234375
8648219,48.15673828125
8649012,39.73388671875
8662080,37.353515625
8664889,40.71044921875
8672308,45.654296875
8675561,49.4384765625
8677932,42.8466796875
8689306,22.5830078125
8701683,22.15576171875
8730189,46.93603515625
8745242,45.5322265625
8779731,50.47607421875
8780454,46.5087890625
8827369,26.0009765625
8833766,21.97265625
8833798,24.71923828125
8833825,32.470703125
8833858,42.236328125
8833872,30.45654296875
8833891,23.98681640625
8833907,24.23095703125
8833922,32.77587890625
8833951,47.54638671875
8833979,28.9306640625
8833999,27.16064453125
8834016,38.26904296875
8834045,22.94921875
8834106,32.40966796875
8834129,26.4892578125
8834166,26.79443359375
8834236,26.4892578125
8834308,22.03369140625
8834340,29.96826171875
8834374,23.3154296875
8834401,21.728515625
8834433,22.52197265625
8834482,29.541015625
8834573,24.35302734375
8834648,28.13720703125
8834777,21.6064453125
8835108,30.1513671875
8835172,24.5361328125
8835227,27.28271484375
8835347,21.42333984375
8835391,22.0947265625
8835439,21.484375
8835480,23.49853515625
8835500,25.0244140625
8835543,24.658203125
8835714,27.28271484375
8835927,26.18408203125
8836591,21.728515625
8836930,22.88818359375
8837477,27.40478515625
8838081,39.97802734375
8850462,21.54541015625
8852719,22.5830078125
8853205,23.62060546875
8853409,24.23095703125
8853527,36.62109375
8853742,45.95947265625
8853861,22.705078125
8853874,37.04833984375
8853939,23.86474609375
8853951,44.25048828125
8853983,26.2451171875
8854013,22.27783203125
8854042,28.1982421875
8854065,35.70556640625
8854081,30.45654296875
8854113,26.123046875
8854123,28.99169921875
8854165,23.37646484375
8854190,22.88818359375
8854211,21.484375
8854225,22.0947265625
8854251,22.88818359375
8854305,27.34375
8854339,31.8603515625
8854357,22.64404296875
8854398,28.50341796875
8854464,24.658203125
8854510,32.1044921875
8854538,26.7333984375
8854608,21.42333984375
8854647,22.15576171875
8854687,28.80859375
8854803,25.2685546875
8854869,21.78955078125
8854959,28.3203125
8855115,24.47509765625
8855226,22.216796875
8855268,21.484375
8855304,25.08544921875
8855382,23.01025390625
8855436,21.484375
8855564,22.216796875
8855694,22.4609375
8855909,21.97265625
8856021,24.169921875
8860913,36.62109375
8861758,35.09521484375
8879796,44.00634765625
8882388,23.8037109375
8892025,47.42431640625
8892809,45.71533203125
8894903,23.193359375
8904659,21.8505859375
8905694,46.7529296875
8919912,45.59326171875
8921236,41.93115234375
8938249,45.166015625
8951249,21.91162109375
8968250,22.03369140625
8970740,46.32568359375
8971539,47.18017578125
8983228,45.0439453125
8991161,46.5087890625
8995780,22.8271484375
9002755,21.97265625
9014189,49.13330078125
9014886,44.12841796875
9038226,41.80908203125
9041196,46.20361328125
9048014,22.216796875
9048180,23.98681640625
9081744,45.0439453125
9082478,23.193359375
9083362,31.43310546875
9083383,21.6064453125
9083399,34.5458984375
9083431,40.6494140625
9083448,69.7021484375
9083476,25.0244140625
9083502,50.10986328125
9083526,23.92578125
9083573,33.203125
9083591,25.2685546875
9083606,25.08544921875
9083671,25.87890625
9083718,29.23583984375
9083744,24.169921875
9083810,27.77099609375
9083832,22.15576171875
9083914,22.76611328125
9084173,21.728515625
9084415,25.87890625
9084502,27.9541015625
9084662,21.66748046875
9084731,23.681640625
9084741,29.9072265625
9084867,27.40478515625
9084893,25.0244140625
9084919,22.705078125
9084970,28.50341796875
9085120,22.39990234375
9085387,22.88818359375
9087563,29.78515625
9094153,42.724609375
9094986,25.634765625
9102159,25.87890625
9104234,22.27783203125
9104624,24.96337890625
9123479,45.83740234375
9127268,43.39599609375
9180291,44.00634765625
9180848,46.142578125
9184154,46.630859375
9203601,46.5087890625
9246629,45.0439453125
9247251,51.3916015625
9287755,44.7998046875
9288396,51.3916015625
9291932,50.9033203125
9298799,47.54638671875
9373281,44.49462890625
9415257,61.767578125
9415277,22.4609375
9415298,26.85546875
9415321,58.59375
9415355,57.9833984375
9415366,47.18017578125
9415380,31.67724609375
9415403,40.83251953125
9415418,32.8369140625
9415444,25.32958984375
9415468,28.076171875
9415523,27.099609375
9415587,24.0478515625
9415618,26.611328125
9415646,23.37646484375
9415674,21.484375
9415735,24.84130859375
9415766,29.72412109375
9415844,21.484375
9416406,31.55517578125
9416432,24.23095703125
9416653,25.390625
9416833,22.5830078125
9416923,27.2216796875
9417231,22.0947265625
9417260,22.705078125
9417373,21.66748046875
9417411,21.42333984375
9418353,21.484375
9421619,46.08154296875
9422401,40.771484375
9433705,43.701171875
9436883,21.66748046875
9437585,23.193359375
9438081,24.2919921875
9438487,22.64404296875
9438832,22.15576171875
9445253,21.66748046875
9448280,25.146484375
9448510,21.66748046875
9448687,33.63037109375
9448735,21.91162109375
9448777,21.6064453125
9448793,22.8271484375
9448822,36.4990234375
9448843,58.7158203125
9448869,24.47509765625
9448910,26.2451171875
9448929,52.978515625
9448947,24.5361328125
9448967,22.88818359375
9449001,22.03369140625
9449032,32.5927734375
9449068,32.53173828125
9449078,22.27783203125
9449131,23.3154296875
9449220,33.14208984375
9449238,22.52197265625
9449336,22.0947265625
9449347,23.92578125
9449541,22.8271484375
9449845,24.658203125
9449962,23.13232421875
9450066,25.69580078125
9450178,23.25439453125
9450236,23.681640625
9450383,25.2685546875
9450575,22.4609375
9451075,26.611328125
9451131,22.27783203125
9451562,27.34375
9451930,23.13232421875
9452161,34.36279296875
9459546,40.4052734375
9466147,44.25048828125
9474657,42.6025390625
9476187,39.24560546875
9485816,40.1611328125
9495588,47.119140625
9512175,31.1279296875
9529290,22.64404296875
9541432,43.02978515625
9546851,21.42333984375
9559923,54.99267578125
9572079,43.02978515625
9585290,45.2880859375
9588740,45.0439453125
9591849,46.69189453125
9607050,42.1142578125
9612568,43.701171875
9622188,42.236328125
9626119,50.9033203125
9631079,37.353515625
9631096,40.4052734375
9631140,57.31201171875
9631173,50.23193359375
9631192,27.77099609375
9631218,36.4990234375
9631241,40.6494140625
9631260,46.44775390625
9631310,35.82763671875
9631339,26.123046875
9631368,22.0947265625
9631387,27.587890625
9631430,22.8271484375
9631513,21.42333984375
9631532,33.447265625
9631788,24.59716796875
9631823,21.78955078125
9632091,31.1279296875
9632190,24.169921875
9632253,24.71923828125
9632360,26.2451171875
9632483,22.5830078125
9632509,22.705078125
9632859,21.66748046875
9632988,27.099609375
9633289,25.87890625
9633959,23.01025390625
9637866,44.61669921875
9645618,41.015625
9646939,42.236328125
9655479,44.677734375
9656269,43.3349609375
9660316,22.15576171875
9666834,45.166015625
9671646,44.7998046875
9676361,23.4375
9686378,47.54638671875
9697507,36.43798828125
9702256,39.306640625
9704274,46.20361328125
9719263,43.8232421875
9726645,44.49462890625
9742105,45.34912109375
9753908,43.39599609375
9778830,43.64013671875
9780494,39.6728515625
9781268,45.7763671875
9783477,22.216796875
9796380,45.8984375
9807296,48.33984375
9818967,45.95947265625
9825528,43.8232421875
9844516,46.0205078125
9854108,45.47119140625
9859808,38.51318359375
9861172,31.18896484375
9861215,61.8896484375
9861237,25.146484375
9861264,23.3154296875
9861322,39.61181640625
9861354,33.3251953125
9861367,46.630859375
9861391,26.3671875
9861423,25.390625
9861450,24.23095703125
9861488,22.88818359375
9861527,28.076171875
9861693,23.0712890625
9861752,23.86474609375
9861823,22.15576171875
9861890,21.78955078125
9861911,24.96337890625
9862097,26.85546875
9862361,22.76611328125
9862568,24.0478515625
9862642,23.98681640625
9862676,24.2919921875
9862771,24.23095703125
9862883,24.47509765625
9863100,21.97265625
9863127,24.4140625
9863222,23.49853515625
9863591,22.5830078125
9863658,22.15576171875
9863799,24.5361328125
9874372,47.607421875
9881587,54.74853515625
9886081,42.6025390625
9889300,45.47119140625
9903479,39.61181640625
9912570,45.5322265625
9915780,22.15576171875
9919588,45.95947265625
9928659,41.6259765625
9940546,40.10009765625
9951472,45.5322265625
9953599,21.54541015625
9966851,41.80908203125
9979607,23.0712890625
9986315,46.2646484375
9997602,47.91259765625
10044333,38.57421875
10078583,35.46142578125
10078618,31.25
10078643,39.61181640625
10078654,41.93115234375
10078682,78.4912109375
10078704,41.32080078125
10078735,35.888671875
10078749,31.67724609375
10078775,50.59814453125
10078802,36.376953125
10078813,29.6630859375
10078882,24.0478515625
10078913,29.35791015625
10078940,24.658203125
10078969,23.3154296875
10079046,29.9072265625
10079069,21.6064453125
10079529,23.62060546875
10079788,22.27783203125
10079935,33.935546875
10079957,22.8271484375
10080081,26.91650390625
10080164,22.94921875
10080240,25.2685546875
10080281,21.6064453125
10080393,23.86474609375
10080492,23.74267578125
10080514,22.3388671875
10080556,21.6064453125
10080711,26.3671875
10081132,21.8505859375
10094988,45.654296875
10095050,23.86474609375
10099749,22.216796875
10100370,45.71533203125
10100873,24.5361328125
10101361,23.37646484375
10102227,22.52197265625
10109952,38.51318359375
10122462,47.36328125
10133998,38.330078125
10150178,46.81396484375
10158537,47.18017578125
10167110,23.01025390625
10175446,46.7529296875
10196434,53.466796875
10209797,21.66748046875
10210666,22.27783203125
10210857,47.30224609375
10216016,41.6259765625
10222810,43.64013671875
10232692,43.51806640625
10257264,43.51806640625
10318835,48.52294921875
10318848,33.69140625
10318882,30.82275390625
10318905,23.4375
10318929,47.42431640625
10318952,27.64892578125
10318980,32.89794921875
10319013,46.875
10319025,51.69677734375
10319052,25.5126953125
10319072,53.3447265625
10319111,24.7802734375
10319142,22.03369140625
10319205,23.3154296875
10319253,29.9072265625
10319283,22.4609375
10319313,21.91162109375
10319369,22.39990234375
10319741,21.6064453125
10319996,26.42822265625
10320100,21.6064453125
10320223,22.94921875
10320246,24.658203125
10320287,22.64404296875
10320479,21.6064453125
10320534,24.5361328125
10320682,23.193359375
10320768,23.0712890625
10320808,22.8271484375
10320849,24.4140625
10320916,21.78955078125
10321083,21.42333984375
10321314,23.49853515625
10321826,26.7333984375
10322208,35.400390625
10322306,26.55029296875
10322758,32.04345703125
10323205,34.60693359375
10323901,36.7431640625
10330846,39.1845703125
10333981,43.701171875
10339615,22.52197265625
10344987,22.39990234375
10390237,23.8037109375
10437188,21.66748046875
10482355,79.16259765625
10482374,41.50390625
10482403,25.20751953125
10482419,27.4658203125
10482446,41.93115234375
10482464,39.6728515625
10482486,41.9921875
10482500,26.123046875
10482519,52.6123046875
10482591,22.76611328125
10482601,21.728515625
10482617,21.728515625
10482665,21.6064453125
10482690,25.32958984375
10482713,26.18408203125
10482740,21.8505859375
10482770,25.93994140625
10482823,23.13232421875
10482852,23.4375
10482930,21.8505859375
10482969,22.03369140625
10483187,24.59716796875
10483342,24.35302734375
10483423,26.30615234375
10483491,22.705078125
10483530,22.27783203125
10483636,25.634765625
10484002,23.74267578125
10484082,29.23583984375
10484260,24.23095703125
10484307,22.03369140625
10484330,23.13232421875
10484435,21.42333984375
10484624,23.01025390625
10484679,26.2451171875
10484804,24.23095703125
10486170,29.11376953125
10489286,37.109375
10495350,22.8271484375
10505648,35.46142578125
10505904,41.6259765625
10506037,32.2265625
10506136,22.15576171875
10506157,34.0576171875
10506176,28.86962890625
10506200,22.94921875
10506244,37.2314453125
10506257,23.0712890625
10506279,28.3203125
10506300,25.45166015625
10506331,30.82275390625
10506376,22.39990234375
10506413,33.63037109375
10506430,30.57861328125
10506469,29.541015625
10506492,25.20751953125
10506515,38.51318359375
10506555,22.4609375
10506654,23.49853515625
10506698,31.31103515625
10506718,30.517578125
10506759,26.79443359375
10506942,24.658203125
10507070,24.169921875
10507130,23.5595703125
10507216,28.564453125
10507237,21.42333984375
10507327,22.0947265625
10507407,24.2919921875
10507735,21.97265625
10507754,24.23095703125
10507821,24.0478515625
10507840,22.216796875
10508131,24.23095703125
10515559,39.55078125
10527408,21.78955078125
10547351,22.27783203125
10551322,22.27783203125
10551764,22.27783203125
10628148,52.18505859375
10628170,36.2548828125
10628237,31.494140625
10628260,42.1142578125
10628270,46.38671875
10628292,27.4658203125
10628322,26.18408203125
10628336,22.94921875
10628373,54.19921875
10628394,42.48046875
10628404,24.84130859375
10628431,31.31103515625
10628447,22.3388671875
10628492,28.4423828125
10628528,25.32958984375
10628561,23.193359375
10628574,22.5830078125
10628644,26.30615234375
10628686,27.587890625
10628711,22.88818359375
10628813,24.47509765625
10629064,29.6630859375
10629145,23.98681640625
10629277,23.681640625
10629347,23.98681640625
10629506,25.57373046875
10629735,21.42333984375
10629817,23.86474609375
10629845,22.0947265625
10629904,21.91162109375
10630035,29.47998046875
10630084,22.88818359375
10630172,27.2216796875
10630222,22.27783203125
10630295,22.3388671875
10631531,27.03857421875
10633038,29.84619140625
10646762,21.66748046875
10687422,21.91162109375
10753267,24.5361328125
10914814,34.60693359375
10914828,39.306640625
10914854,22.5830078125
10914895,39.9169921875
10914937,28.25927734375
10914965,33.02001953125
10914987,37.29248046875
10915015,38.2080078125
10915036,26.91650390625
10915067,24.658203125
10915095,33.14208984375
10915120,27.7099609375
10915162,27.9541015625
10915181,22.0947265625
10915212,34.97314453125
10915291,28.6865234375
10915343,22.52197265625
10915393,26.18408203125
10915429,30.2734375
10915605,21.78955078125
10915656,24.35302734375
10915731,22.3388671875
10915791,22.64404296875
10916020,24.90234375
10916135,21.97265625
10916188,22.64404296875
10916227,23.8037109375
10916279,21.78955078125
10916492,25.93994140625
10916670,26.85546875
10916786,21.42333984375
10916822,25.146484375
10916839,22.3388671875
10917154,23.13232421875
10917432,21.66748046875
10944518,41.6259765625
11199736,21.728515625
11204677,23.49853515625
11229838,33.69140625
11229882,45.0439453125
11229909,35.15625
11229961,27.52685546875
11229992,57.9833984375
11230022,32.40966796875
11230045,26.30615234375
11230070,45.83740234375
11230103,43.39599609375
11230133,27.64892578125
11230173,26.85546875
11230189,27.34375
11230215,26.30615234375
11230429,22.15576171875
11230449,23.13232421875
11230480,22.4609375
11230546,33.99658203125
11231032,22.88818359375
11231165,23.01025390625
11231195,29.6630859375
11231306,21.42333984375
11231352,22.705078125
11231374,26.3671875
11231384,28.86962890625
11231476,26.2451171875
11231495,23.8037109375
11231573,24.4140625
11231684,26.55029296875
11231698,22.76611328125
11231885,23.0712890625
11231926,25.87890625
11232158,22.52197265625
11232309,26.85546875
11249574,22.3388671875
11339616,21.6064453125
11532492,44.0673828125
11540886,22.8271484375
11596262,40.283203125
11623621,24.2919921875
11633337,71.1669921875
11633360,23.98681640625
11633390,30.029296875
11633421,59.14306640625
11633445,31.67724609375
11633478,63.8427734375
11633493,23.86474609375
11633533,29.11376953125
11633572,35.15625
11633609,38.0859375
11633620,25.146484375
11633673,22.94921875
11633703,25.7568359375
11633758,25.08544921875
11633838,25.45166015625
11634289,24.47509765625
11634484,21.42333984375
11634870,22.0947265625
11635114,28.62548828125
11635218,21.54541015625
11635266,24.5361328125
11635620,22.27783203125
11635766,24.84130859375
11692389,21.728515625
11696125,45.654296875
11709325,42.8466796875
11742361,22.88818359375
11772679,45.166015625
11790705,44.3115234375
11818196,41.07666015625
11827917,40.58837890625
11835742,49.1943359375
11850935,43.9453125
11874013,45.41015625
11923868,44.43359375
11936012,40.71044921875
11950479,31.18896484375
11950515,55.0537109375
11950534,53.22265625
11950571,28.50341796875
11950601,54.3212890625
11950643,41.32080078125
11950670,47.2412109375
11950688,33.63037109375
11950701,36.56005859375
11950715,28.38134765625
11950733,26.7333984375
11950786,36.7431640625
11950800,41.80908203125
11950858,24.23095703125
11950889,26.42822265625
11950919,24.5361328125
11950979,23.49853515625
11951022,22.52197265625
11951037,23.25439453125
11951726,27.4658203125
11951825,23.98681640625
11951936,24.2919921875
11951978,21.42333984375
11952050,21.484375
11952071,23.98681640625
11952207,26.123046875
11952325,21.66748046875
11952452,22.76611328125
11952567,24.90234375
11952633,25.69580078125
11952658,24.10888671875
11953014,24.2919921875
11953162,23.3154296875
11954512,21.54541015625
11958276,33.99658203125
11971557,26.06201171875
11972099,56.33544921875
11972162,23.3154296875
11973321,21.8505859375
11978944,22.27783203125
11984483,46.142578125
11985187,23.0712890625
11985541,37.9638671875
11985900,24.71923828125
11985964,21.8505859375
11986210,26.123046875
11986472,33.50830078125
11986815,43.39599609375
11987009,29.541015625
11987042,21.54541015625
11987173,22.52197265625
11987388,26.42822265625
11987720,31.55517578125
11987805,29.1748046875
11987893,30.2734375
11987911,24.90234375
11987936,41.56494140625
11987975,32.470703125
11987999,25.2685546875
11988032,38.9404296875
11988077,43.51806640625
11988087,31.3720703125
11988116,37.78076171875
11988127,25.87890625
11988172,48.03466796875
11988220,23.3154296875
11988255,32.470703125
11988266,22.3388671875
11988304,37.78076171875
11988334,27.587890625
11988365,22.3388671875
11988383,21.484375
11988429,33.87451171875
11988449,28.50341796875
11988476,40.4052734375
11988510,27.16064453125
11988554,21.8505859375
11988572,23.01025390625
11988645,24.59716796875
11988738,32.89794921875
11988790,22.52197265625
11988817,24.10888671875
11988911,24.658203125
11988985,22.8271484375
11989069,21.484375
11989120,26.30615234375
11989392,22.03369140625
