11999000,0
7474,92.6513671875
44452,35.09521484375
44504,34.36279296875
44646,46.142578125
44685,34.66796875
44709,82.33642578125
44721,34.60693359375
44749,70.61767578125
44764,65.4296875
44780,35.21728515625
44797,36.62109375
44827,43.15185546875
44846,54.8095703125
44896,35.70556640625
44921,38.39111328125
45061,36.92626953125
45745,56.640625
45756,37.7197265625
45869,51.513671875
45897,38.75732421875
45926,35.21728515625
45983,36.1328125
46192,34.36279296875
46332,85.205078125
46638,42.8466796875
69224,99.54833984375
76287,102.47802734375
96708,96.5576171875
108044,93.3837890625
148114,84.77783203125
148741,95.39794921875
162896,40.6494140625
162950,38.2080078125
163009,99.7314453125
163029,63.1103515625
163059,44.43359375
163080,43.02978515625
163110,42.96875
163121,43.8232421875
163152,49.25537109375
163169,41.19873046875
163197,39.0625
163254,57.92236328125
163275,41.1376953125
163307,34.48486328125
163340,42.05322265625
164221,51.69677734375
164340,38.6962890625
164366,48.583984375
164393,55.84716796875
164532,52.30712890625
164604,36.9873046875
164931,35.64453125
165180,35.09521484375
188774,94.54345703125
194862,99.7314453125
221306,81.6650390625
222668,88.623046875
231724,93.3837890625
268969,91.6748046875
317888,36.376953125
318039,104.248046875
318057,43.88427734375
318073,33.87451171875
318096,79.4677734375
318108,37.841796875
318137,48.03466796875
318151,45.59326171875
318169,42.29736328125
318188,50.1708984375
318226,34.36279296875
318303,35.09521484375
318321,33.50830078125
319062,38.75732421875
319245,49.8046875
319329,35.0341796875
319429,62.3779296875
319485,38.9404296875
319584,43.3349609375
319756,34.97314453125
319833,35.15625
319938,35.94970703125
333126,39.4287109375
351955,95.0927734375
355508,82.82470703125
374837,82.58056640625
375257,90.27099609375
398970,91.552734375
399414,96.49658203125
488487,92.28515625
488853,97.35107421875
492722,38.6962890625
492809,36.4990234375
492872,79.16259765625
492889,59.2041015625
492903,71.4111328125
492928,64.208984375
492956,55.0537109375
492969,50.9033203125
492982,42.41943359375
492993,47.79052734375
493032,47.36328125
493047,39.9169921875
493078,40.71044921875
493094,40.46630859375
493142,33.8134765625
493156,35.15625
493352,35.64453125
493970,44.43359375
494060,49.8046875
494209,49.1943359375
494227,45.0439453125
494290,41.80908203125
494351,35.33935546875
494398,64.3310546875
494442,37.04833984375
494528,36.0107421875
494566,60.60791015625
494635,44.7998046875
494653,34.85107421875
494674,42.236328125
495085,35.58349609375
495170,73.79150390625
518056,82.33642578125
523175,90.02685546875
534516,93.68896484375
534833,88.37890625
549825,87.646484375
550340,90.576171875
579593,95.27587890625
583414,86.73095703125
583875,92.8955078125
609027,39.0625
609119,44.7998046875
609133,95.0927734375
609178,67.81005859375
609191,64.3310546875
609211,47.36328125
609227,39.55078125
609250,39.1845703125
609263,56.2744140625
609276,39.24560546875
609303,36.80419921875
609332,44.921875
609363,33.87451171875
609411,37.9638671875
610195,40.4052734375
610391,48.52294921875
610415,36.0107421875
610531,38.2080078125
610571,57.9833984375
637235,38.51318359375
713383,36.1328125
713455,34.24072265625
713527,37.9638671875
713574,36.7431640625
713589,131.65283203125
713607,43.15185546875
713647,53.40576171875
713681,52.1240234375
713719,40.4052734375
713770,42.90771484375
713910,33.935546875
714522,34.1796875
714701,65.00244140625
714736,40.6494140625
714877,34.72900390625
714895,56.2744140625
714973,34.36279296875
715093,41.80908203125
715123,78.857421875
715317,45.95947265625
715339,70.068359375
737417,41.44287109375
741614,95.64208984375
791319,45.71533203125
791533,33.8134765625
791713,99.7314453125
791724,66.34521484375
791754,81.11572265625
791790,38.02490234375
791808,44.49462890625
791850,53.64990234375
791934,50.048828125
792026,42.3583984375
792207,34.60693359375
792659,36.1328125
792878,89.2333984375
793141,56.640625
793189,34.60693359375
793275,37.353515625
793397,80.38330078125
793445,35.15625
793527,37.17041015625
815269,87.5244140625
819649,98.69384765625
835671,96.13037109375
841473,92.28515625
877300,93.20068359375
880660,88.31787109375
906147,101.37939453125
906823,88.5009765625
994927,35.0341796875
995057,72.93701171875
995067,71.22802734375
995106,34.0576171875
995133,48.76708984375
995145,58.349609375
995164,52.6123046875
995186,38.02490234375
995208,66.58935546875
995230,35.33935546875
995249,45.34912109375
995290,37.04833984375
995324,36.7431640625
996175,36.68212890625
996357,66.2841796875
996430,41.68701171875
996459,34.36279296875
996542,35.70556640625
996570,66.5283203125
996602,49.560546875
996748,56.45751953125
997513,35.46142578125
1026866,93.32275390625
1059984,92.46826171875
1092118,37.353515625
1092281,36.31591796875
1094722,45.34912109375
1112052,38.818359375
1112133,35.33935546875
1112163,75.0732421875
1112217,33.99658203125
1112239,38.39111328125
1112267,75.927734375
1112291,47.79052734375
1112311,53.22265625
1112325,45.95947265625
1112358,48.828125
1112376,45.166015625
1112393,36.56005859375
1112421,33.75244140625
1112458,34.97314453125
1112494,33.87451171875
1112559,38.0859375
1112995,35.33935546875
1113253,35.0341796875
1113285,39.00146484375
1113500,33.50830078125
1113530,38.87939453125
1113609,61.46240234375
1113629,33.87451171875
1113976,34.5458984375
1140556,89.111328125
1165437,95.947265625
1166022,81.97021484375
1209359,43.8232421875
1209580,76.96533203125
1209590,38.63525390625
1209617,35.70556640625
1209647,46.81396484375
1209667,37.41455078125
1209685,55.96923828125
1209707,46.69189453125
1209764,68.42041015625
1209784,44.00634765625
1209802,39.4287109375
1209842,34.24072265625
1209969,38.4521484375
1210771,35.70556640625
1210854,55.5419921875
1211050,52.001953125
1211249,35.70556640625
1211802,37.9638671875
1219600,47.18017578125
1219716,41.56494140625
1219745,48.88916015625
1219781,44.61669921875
1219808,47.66845703125
1219855,42.724609375
1219865,36.865234375
1219899,46.44775390625
1219912,55.23681640625
1219950,70.068359375
1219964,37.65869140625
1219995,38.2080078125
1220027,39.4287109375
1220061,46.38671875
1220081,35.7666015625
1220115,36.43798828125
1220149,41.3818359375
1220512,36.376953125
1220616,46.2646484375
1220766,52.734375
1220931,36.4990234375
1220991,74.0966796875
1221020,37.7197265625
1221124,34.11865234375
1221280,33.75244140625
1221312,35.82763671875
1243772,87.7685546875
1253160,33.447265625
1253214,96.435546875
1257714,97.96142578125
1269264,90.576171875
1273378,90.02685546875
1283001,89.41650390625
1290627,85.693359375
1308449,92.34619140625
1419165,90.14892578125
1419759,90.39306640625
1461840,89.7216796875
1466319,36.2548828125
1466412,48.15673828125
1466437,59.08203125
1466467,71.10595703125
1466487,75.13427734375
1466517,49.9267578125
1466555,41.07666015625
1466569,33.50830078125
1466609,34.0576171875
1466720,33.75244140625
1467610,37.4755859375
1467631,36.68212890625
1467662,33.8134765625
1467736,37.4755859375
1467848,51.57470703125
1467932,38.51318359375
1468018,43.27392578125
1468205,60.36376953125
1492583,94.90966796875
1508892,92.34619140625
1514288,90.02685546875
1536215,35.33935546875
1539174,93.20068359375
1553344,93.3837890625
1614937,87.95166015625
1615423,86.42578125
1653719,50.72021484375
1653864,89.41650390625
1653906,59.326171875
1653936,59.50927734375
1653957,42.29736328125
1653999,33.87451171875
1654026,34.3017578125
1654037,34.60693359375
1654071,35.58349609375
1654124,33.447265625
1654825,35.46142578125
1654853,35.7666015625
1654928,35.94970703125
1654962,40.283203125
1655080,36.7431640625
1655101,57.9833984375
1655155,34.0576171875
1655168,41.1376953125
1655247,59.9365234375
1655272,36.43798828125
1655377,33.935546875
1655403,45.0439453125
1689171,95.8251953125
1705918,92.1630859375
1708232,90.9423828125
1736897,87.2802734375
1759814,89.599609375
1760236,93.32275390625
1764057,35.15625
1764191,43.9453125
1764386,33.5693359375
1764440,33.69140625
1764480,112.060546875
1764507,37.29248046875
1764535,69.7021484375
1764548,54.99267578125
1764580,47.607421875
1764592,45.71533203125
1764607,36.865234375
1764626,40.283203125
1764674,46.2646484375
1764693,40.6494140625
1764727,38.57421875
1765596,37.353515625
1765661,36.68212890625
1765715,42.48046875
1765805,58.04443359375
1765848,37.2314453125
1765910,47.79052734375
1766022,66.0400390625
1766048,34.423828125
1766320,34.60693359375
1766468,34.60693359375
1789914,95.21484375
1802634,101.13525390625
1803752,94.6044921875
1839857,96.61865234375
1890312,95.21484375
1925317,35.5224609375
1925562,80.2001953125
1925589,72.32666015625
1925612,50.23193359375
1925635,34.72900390625
1925650,54.443359375
1925681,42.1142578125
1925709,38.87939453125
1925728,44.49462890625
1925739,35.64453125
1925762,38.87939453125
1925822,34.423828125
1925847,33.69140625
1926719,42.96875
1926729,35.0341796875
1926840,49.86572265625
1926865,36.376953125
1926904,35.70556640625
1926960,51.26953125
1926989,61.767578125
1927068,42.29736328125
1927096,33.87451171875
1927187,59.02099609375
1927246,35.21728515625
1958798,90.8203125
1964196,40.10009765625
2056984,90.27099609375
2060357,93.44482421875
2117668,46.20361328125
2117712,39.0625
2117755,116.39404296875
2117767,56.2744140625
2117805,105.77392578125
2117822,57.4951171875
2117838,38.2080078125
2117854,48.9501953125
2117879,34.912109375
2117898,33.69140625
2117923,47.2412109375
2117966,33.87451171875
2118024,40.771484375
2118041,34.85107421875
2118127,42.1142578125
2118816,51.69677734375
2118964,41.6259765625
2119136,61.8896484375
2119199,36.19384765625
2119270,56.82373046875
2119453,35.0341796875
2119486,60.72998046875
2155392,85.02197265625
2159492,36.4990234375
2159539,36.92626953125
2159570,34.7900390625
2159700,41.8701171875
2159717,81.97021484375
2159738,63.04931640625
2159821,43.39599609375
2159843,46.5087890625
2159858,61.03515625
2159882,75.439453125
2159909,51.025390625
2159928,70.556640625
2159943,48.03466796875
2159960,33.75244140625
2159984,69.76318359375
2160023,49.8046875
2160049,48.64501953125
2160094,41.6259765625
2160104,41.3818359375
2160141,37.41455078125
2160166,37.7197265625
2160285,36.1328125
2160726,37.2314453125
2160884,36.1328125
2160993,75.37841796875
2161203,35.888671875
2161636,33.935546875
2181762,93.994140625
2192840,34.5458984375
2192949,36.56005859375
2193485,94.1162109375
2197233,93.56689453125
2237621,90.087890625
2245755,78.369140625
2285263,83.0078125
2305443,33.63037109375
2305512,35.2783203125
2305607,39.85595703125
2305637,96.19140625
2305690,56.0302734375
2305713,78.55224609375
2305732,34.912109375
2305746,47.05810546875
2305784,49.9267578125
2305801,43.0908203125
2305822,38.0859375
2305867,36.31591796875
2305896,38.87939453125
2305931,43.51806640625
2305968,36.9873046875
2306845,51.69677734375
2307034,34.85107421875
2307050,62.19482421875
2307070,36.9873046875
2307259,73.05908203125
2307314,34.24072265625
2307400,43.64013671875
2307437,53.7109375
2328836,100.40283203125
2332637,84.8388671875
2350262,93.994140625
2363864,93.994140625
2368519,92.8955078125
2385025,91.85791015625
2400931,89.599609375
2480032,36.0107421875
2480072,91.1865234375
2480105,43.15185546875
2480126,80.4443359375
2480163,58.53271484375
2480184,63.232421875
2480204,37.04833984375
2480261,36.62109375
2480301,36.4990234375
2480311,34.66796875
2480488,33.63037109375
2480657,35.94970703125
2481245,44.86083984375
2481283,35.94970703125
2481387,44.677734375
2481583,61.82861328125
2481762,62.01171875
2502828,96.61865234375
2511160,39.12353515625
2529054,88.56201171875
2550603,95.39794921875
2605777,86.36474609375
2612441,34.912109375
2641481,35.7666015625
2641584,35.46142578125
2641663,34.1796875
2641693,77.57568359375
2641715,53.28369140625
2641734,39.9169921875
2641745,59.75341796875
2641770,70.25146484375
2641789,74.27978515625
2641801,51.26953125
2641825,58.53271484375
2641838,35.888671875
2641910,44.921875
2641929,34.5458984375
2641947,34.0576171875
2642906,62.01171875
2642937,34.36279296875
2643032,36.31591796875
2643046,37.78076171875
2643292,62.98828125
2652710,39.85595703125
2652996,42.90771484375
2653034,36.19384765625
2653088,79.28466796875
2653104,79.40673828125
2653122,41.07666015625
2653168,72.20458984375
2653193,46.56982421875
2653213,48.27880859375
2653267,45.166015625
2653287,71.59423828125
2653346,33.8134765625
2653360,42.78564453125
2653436,35.33935546875
2653532,35.2783203125
2653861,38.2080078125
2653999,43.212890625
2654229,61.5234375
2654261,33.5693359375
2654538,37.109375
2676203,90.576171875
2679701,95.52001953125
2688794,89.7216796875
2693397,101.86767578125
2703718,87.5244140625
2708627,92.22412109375
2723557,88.623046875
2741916,86.0595703125
2779411,34.85107421875
2779572,34.60693359375
2782032,92.34619140625
2782640,89.41650390625
2846401,82.09228515625
2851592,83.80126953125
2898280,34.72900390625
2898399,48.64501953125
2898451,53.1005859375
2898468,65.00244140625
2898491,47.42431640625
2898514,54.19921875
2898535,38.2080078125
2898578,42.96875
2898594,37.353515625
2898629,34.423828125
2898644,33.935546875
2898692,38.330078125
2898868,36.1328125
2899550,39.1845703125
2899592,36.56005859375
2899651,34.72900390625
2899760,36.9873046875
2899783,59.4482421875
2899947,41.6259765625
2900025,57.6171875
2900124,37.2314453125
2900159,61.58447265625
2900296,46.5087890625
2909206,53.77197265625
2909228,72.75390625
2909256,53.03955078125
2909301,103.6376953125
2909334,47.79052734375
2909361,51.08642578125
2909428,51.3916015625
2909486,36.31591796875
2909518,47.8515625
2909658,34.0576171875
2910117,52.001953125
2910281,57.18994140625
2910634,72.69287109375
2910772,34.36279296875
2910822,39.0625
2910906,71.22802734375
2932822,93.93310546875
2941694,84.89990234375
2945859,92.10205078125
2956551,95.3369140625
2966456,97.96142578125
2967092,88.623046875
2977197,90.2099609375
2980817,81.54296875
2991689,83.8623046875
2995169,89.111328125
3007393,92.59033203125
3008642,90.8203125
3009609,90.9423828125
3023410,93.505859375
3026867,100.76904296875
3038985,87.09716796875
3039587,95.3369140625
3040161,93.44482421875
3085063,96.435546875
3085597,98.14453125
3091258,95.21484375
3129659,95.703125
3133146,88.68408203125
3156425,33.50830078125
3156516,41.32080078125
3156579,97.2900390625
3156592,73.8525390625
3156631,75.927734375
3156643,44.98291015625
3156664,58.28857421875
3156682,56.70166015625
3156713,47.54638671875
3156744,39.00146484375
3156796,34.36279296875
3156807,41.93115234375
3156972,34.5458984375
3157685,46.20361328125
3157751,39.85595703125
3157783,62.98828125
3157998,43.64013671875
3158136,53.03955078125
3158336,68.359375
3159224,37.17041015625
3168198,80.26123046875
3168222,96.00830078125
3168252,45.59326171875
3168266,41.44287109375
3168282,39.00146484375
3168298,79.65087890625
3168334,49.74365234375
3168363,45.8984375
3168393,50.84228515625
3168411,38.87939453125
3168429,38.818359375
3168446,36.19384765625
3168461,40.10009765625
3168514,33.5693359375
3168532,36.31591796875
3169102,47.30224609375
3169298,57.0068359375
3169491,79.52880859375
3169841,34.423828125
3169963,71.044921875
3188887,86.0595703125
3191851,96.6796875
3201673,91.1865234375
3206952,48.095703125
3217669,97.47314453125
3221566,96.19140625
3234123,98.876953125
3234680,92.8955078125
3237866,87.5244140625
3247625,101.98974609375
3251688,97.65625
3265170,92.529296875
3270187,96.61865234375
3285082,89.111328125
3321442,37.59765625
3321513,33.63037109375
3321528,66.34521484375
3321558,89.29443359375
3321573,38.9404296875
3321604,95.0927734375
3321629,51.57470703125
3321639,42.6025390625
3321663,35.0341796875
3321686,55.908203125
3321730,36.62109375
3321778,37.29248046875
3321850,36.1328125
3322565,35.0341796875
3322724,39.61181640625
3322738,33.87451171875
3322856,46.0205078125
3323000,63.41552734375
3323184,71.96044921875
3323194,55.48095703125
3323646,34.48486328125
3324007,34.912109375
3324312,38.75732421875
3348226,88.80615234375
3348638,89.66064453125
3363771,95.76416015625
3365415,93.1396484375
3389145,91.61376953125
3389732,90.4541015625
3404321,90.02685546875
3404706,92.59033203125
3405179,87.46337890625
3425396,95.3369140625
3426065,88.43994140625
3443529,46.5087890625
3443603,34.11865234375
3443664,80.26123046875
3443707,48.828125
3443741,59.14306640625
3443755,63.4765625
3443784,49.13330078125
3443805,110.83984375
3443822,68.17626953125
3443854,44.86083984375
3443875,63.65966796875
3443895,47.7294921875
3443956,37.17041015625
3443990,46.2646484375
3444099,33.935546875
3444743,33.63037109375
3444856,38.0859375
3444970,53.77197265625
3445073,39.36767578125
3445093,40.283203125
3445197,37.04833984375
3445310,70.61767578125
3453799,42.6025390625
3454018,36.43798828125
3454044,59.63134765625
3454106,80.6884765625
3454128,46.20361328125
3454153,45.22705078125
3454169,66.5283203125
3454188,60.24169921875
3454214,39.12353515625
3454241,39.0625
3454261,34.60693359375
3454287,51.7578125
3454324,45.41015625
3454346,40.0390625
3454391,37.53662109375
3454429,37.9638671875
3454466,33.63037109375
3454517,34.36279296875
3454643,36.62109375
3454686,34.3017578125
3454754,35.5224609375
3454979,42.1142578125
3455567,75.3173828125
3474829,91.30859375
3485813,89.599609375
3494360,95.64208984375
3496119,94.482421875
3505089,88.19580078125
3505558,96.37451171875
3509719,96.19140625
3520645,101.62353515625
3523917,84.9609375
3524567,91.1865234375
3534031,83.49609375
3538362,94.54345703125
3549364,94.05517578125
3549982,97.35107421875
3559893,34.36279296875
3563586,88.9892578125
3564957,96.5576171875
3589331,89.9658203125
3593924,93.3837890625
3716257,43.27392578125
3716337,36.43798828125
3716409,45.83740234375
3716423,112.36572265625
3716470,63.4765625
3716481,55.2978515625
3716500,41.93115234375
3716527,59.9365234375
3716593,39.00146484375
3716637,49.560546875
3716669,33.69140625
3716739,39.9169921875
3717573,38.75732421875
3717617,52.67333984375
3717796,35.15625
3717814,51.8798828125
3717825,34.0576171875
3717984,57.06787109375
3718079,36.92626953125
3718144,52.42919921875
3718368,66.5283203125
3718594,37.90283203125
3718833,36.56005859375
3742815,95.52001953125
3758321,89.2333984375
3796329,41.56494140625
3796348,80.50537109375
3796386,91.00341796875
3796410,75.62255859375
3796422,68.90869140625
3796445,37.90283203125
3796468,34.11865234375
3796481,67.5048828125
3796495,46.56982421875
3796526,34.423828125
3796541,51.33056640625
3796568,41.80908203125
3796828,34.72900390625
3797427,49.8046875
3797577,52.30712890625
3797693,34.24072265625
3797749,62.56103515625
3797881,44.61669921875
3797899,34.7900390625
3817172,93.56689453125
3823680,98.44970703125
3836689,93.44482421875
3837078,100.76904296875
3841228,88.134765625
3856470,90.576171875
3857063,96.3134765625
3869923,97.65625
3875104,85.0830078125
3893280,40.8935546875
3899017,93.32275390625
3902530,88.68408203125
3921627,63.65966796875
3949721,35.0341796875
3949857,38.02490234375
3950618,107.2998046875
3950637,60.11962890625
3950670,92.71240234375
3950683,35.888671875
3950721,43.5791015625
3950745,39.9169921875
3950810,37.59765625
3950824,47.8515625
3950854,41.56494140625
3951786,49.560546875
3951864,50.6591796875
3951961,36.9873046875
3952020,39.306640625
3952059,36.1328125
3952150,56.33544921875
3952199,46.0205078125
3952591,33.50830078125
3975999,91.30859375
3978650,84.28955078125
3990150,92.529296875
3992089,88.134765625
4006567,98.44970703125
4020096,88.31787109375
4021543,93.56689453125
4028197,93.32275390625
4040574,40.771484375
4040691,39.36767578125
4041211,34.0576171875
4041246,112.85400390625
4041279,37.41455078125
4041305,95.21484375
4041328,39.1845703125
4041354,43.27392578125
4041376,44.3115234375
4041421,53.466796875
4041472,40.1611328125
4041506,35.64453125
4041573,38.75732421875
4041809,37.2314453125
4042473,62.744140625
4042483,45.2880859375
4042593,37.841796875
4042666,54.38232421875
4042760,34.11865234375
4042829,37.109375
4042874,61.767578125
4053094,40.0390625
4053217,47.66845703125
4053282,98.5107421875
4053345,53.3447265625
4053358,62.31689453125
4053374,52.24609375
4053411,55.11474609375
4053433,46.875
4053450,53.7109375
4053487,34.85107421875
4053517,65.24658203125
4053536,45.5322265625
4053637,35.400390625
4053653,34.11865234375
4053978,34.36279296875
4054235,39.12353515625
4054508,64.02587890625
4054611,33.99658203125
4054767,75.25634765625
4054972,62.01171875
4054985,34.24072265625
4078842,95.8251953125
4081856,102.47802734375
4084002,81.0546875
4088472,92.71240234375
4096517,91.796875
4099471,91.00341796875
4108969,86.9140625
4118215,90.576171875
4118916,93.68896484375
4119478,89.35546875
4121402,95.64208984375
4130287,93.44482421875
4131007,90.75927734375
4131655,95.88623046875
4140899,93.017578125
4141319,97.71728515625
4144619,93.68896484375
4149503,90.2099609375
4160575,91.73583984375
4161199,83.6181640625
4161648,98.44970703125
4175713,95.27587890625
4176062,87.2802734375
4177373,86.48681640625
4186629,89.29443359375
4186997,96.13037109375
4189219,87.82958984375
4189950,88.68408203125
4203393,99.9755859375
4204311,97.900390625
4207693,99.4873046875
4211414,88.92822265625
4212013,97.5341796875
4223205,47.05810546875
4223979,86.181640625
4232674,93.994140625
4245107,101.6845703125
4245730,91.6748046875
4259188,97.900390625
4263951,88.31787109375
4300193,42.96875
4300256,35.7666015625
4300284,61.767578125
4300296,68.66455078125
4300345,41.32080078125
4300355,73.91357421875
4300389,58.2275390625
4300458,42.1142578125
4300484,39.73388671875
4300527,35.7666015625
4300540,33.935546875
4301356,48.095703125
4301457,36.4990234375
4301533,34.5458984375
4301641,42.6025390625
4301669,33.50830078125
4301829,50.1708984375
4301992,61.46240234375
4302298,73.3642578125
4302397,36.62109375
4320843,84.47265625
4321368,89.599609375
4321936,90.27099609375
4331935,92.59033203125
4332868,90.88134765625
4333509,90.9423828125
4346114,85.44921875
4347328,84.228515625
4348041,91.30859375
4360443,93.3837890625
4360853,87.21923828125
4361273,80.810546875
4361800,84.16748046875
4371024,93.1396484375
4371652,95.64208984375
4378610,92.8955078125
4388191,86.60888671875
4388694,38.330078125
4400371,89.66064453125
4414824,96.61865234375
4417326,98.14453125
4419129,38.4521484375
4443348,96.25244140625
4443807,88.9892578125
4459587,99.30419921875
4460146,97.5341796875
4465083,33.75244140625
4465220,33.50830078125
4465237,76.0498046875
4465247,54.19921875
4465281,40.283203125
4465294,55.5419921875
4465314,39.0625
4465347,47.66845703125
4465388,47.18017578125
4465399,54.38232421875
4465436,38.87939453125
4465454,34.97314453125
4466359,59.99755859375
4466377,34.85107421875
4466486,45.47119140625
4466600,36.2548828125
4466653,59.26513671875
4466792,51.513671875
4466824,36.19384765625
4466919,36.92626953125
4481249,33.99658203125
4481550,93.93310546875
4482121,94.29931640625
4493193,88.8671875
4496084,86.24267578125
4504264,90.14892578125
4504603,88.2568359375
4515726,94.78759765625
4518728,83.80126953125
4527257,94.05517578125
4527676,89.7216796875
4533590,91.12548828125
4551306,89.7216796875
4551677,94.17724609375
4555609,82.763671875
4556088,88.9892578125
4569336,90.576171875
4570072,85.51025390625
4576120,35.46142578125
4576283,34.912109375
4586653,99.54833984375
4587221,88.8671875
4588425,90.8203125
4602687,98.388671875
4603514,90.9423828125
4619916,90.4541015625
4620553,95.0927734375
4621064,86.5478515625
4621521,93.017578125
4634569,99.12109375
4635061,93.56689453125
4638637,91.12548828125
4660584,41.68701171875
4661218,85.9375
4666929,35.15625
4672480,52.67333984375
4672492,48.88916015625
4672523,80.74951171875
4672547,45.47119140625
4672573,57.4951171875
4672613,52.978515625
4672679,41.44287109375
4672696,37.65869140625
4672741,37.4755859375
4673722,39.85595703125
4673735,52.06298828125
4673849,40.83251953125
4673862,59.50927734375
4673914,40.52734375
4673950,52.490234375
4673987,33.75244140625
4673998,39.36767578125
4674042,33.63037109375
4674155,44.86083984375
4674186,36.0107421875
4674380,58.16650390625
4674390,36.31591796875
4674447,40.83251953125
4674598,71.1669921875
4674861,86.85302734375
4675139,35.09521484375
4694836,89.17236328125
4704813,79.4677734375
4705248,87.70751953125
4709728,94.482421875
4718442,85.9375
4722660,93.56689453125
4725750,37.841796875
4726004,49.86572265625
4726043,85.99853515625
4726082,43.3349609375
4726107,46.56982421875
4726122,59.08203125
4726152,37.9638671875
4726182,55.60302734375
4726203,68.05419921875
4726216,33.447265625
4726253,49.9267578125
4726281,61.21826171875
4726420,35.2783203125
4726450,38.02490234375
4726517,38.02490234375
4727233,53.89404296875
4727419,67.07763671875
4727496,35.33935546875
4727610,74.951171875
4727637,35.7666015625
4727689,49.8046875
4727712,33.447265625
4727954,34.423828125
4742934,99.609375
4752246,91.9189453125
4752612,76.96533203125
4755622,86.42578125
4759509,88.92822265625
4768511,93.32275390625
4772403,91.85791015625
4778275,88.37890625
4779077,86.5478515625
4780931,92.041015625
4792735,85.9375
4793249,95.3369140625
4793715,82.763671875
4802705,94.17724609375
4803140,85.205078125
4806110,88.43994140625
4815260,99.365234375
4815670,92.83447265625
4818097,88.07373046875
4828569,91.796875
4830620,89.05029296875
4840659,85.5712890625
4841055,95.3369140625
4842892,87.158203125
4851694,83.251953125
4872789,98.5107421875
4873258,91.97998046875
4873709,96.19140625
4889939,37.04833984375
4890031,36.4990234375
4890100,38.75732421875
4890132,69.76318359375
4890168,74.0966796875
4890191,39.12353515625
4890211,47.607421875
4890237,106.50634765625
4890258,43.51806640625
4890277,48.7060546875
4890293,46.2646484375
4890325,39.6728515625
4890339,35.58349609375
4891296,38.0859375
4891367,41.9921875
4891378,36.31591796875
4891463,35.15625
4891491,56.396484375
4891625,53.22265625
4891810,34.60693359375
4891830,50.1708984375
4892055,56.57958984375
4892260,68.115234375
4913171,82.82470703125
4923444,91.97998046875
4930715,100.4638671875
4933444,93.505859375
4941823,95.88623046875
4945976,96.86279296875
4959633,90.9423828125
4962959,98.5107421875
4973649,92.22412109375
4974161,92.22412109375
4975946,93.017578125
4988010,86.24267578125
4988501,85.8154296875
4994568,101.6845703125
5006435,98.6328125
5008100,90.39306640625
5022075,96.25244140625
5028570,93.1396484375
5064060,35.21728515625
5064120,38.51318359375
5064193,34.5458984375
5064205,42.41943359375
5064224,40.22216796875
5064235,49.6826171875
5064289,59.14306640625
5064306,37.53662109375
5064327,42.6025390625
5064372,44.37255859375
5064417,37.2314453125
5065309,34.60693359375
5065402,39.61181640625
5065525,35.70556640625
5065553,34.24072265625
5065627,35.94970703125
5065698,52.24609375
5065810,37.7197265625
5065829,63.17138671875
5066093,40.58837890625
5066575,34.24072265625
5086061,83.43505859375
5097541,96.435546875
5098022,93.32275390625
5101707,98.9990234375
5103738,100.03662109375
5115367,84.28955078125
5115785,84.41162109375
5125846,92.7734375
5126354,90.75927734375
5141083,96.435546875
5154961,84.1064453125
5155223,89.599609375
5157760,86.12060546875
5159546,89.35546875
5213058,89.78271484375
5213523,87.82958984375
5236667,43.45703125
5236734,38.26904296875
5236799,39.9169921875
5236823,126.28173828125
5236876,59.9365234375
5236890,69.64111328125
5236915,40.46630859375
5236925,46.142578125
5236952,40.52734375
5236976,72.75390625
5237066,41.748046875
5237114,36.92626953125
5237209,36.376953125
5237855,34.85107421875
5237980,34.0576171875
5238115,39.55078125
5238155,34.1796875
5238245,36.43798828125
5238312,50.10986328125
5238346,41.07666015625
5238380,35.58349609375
5238551,69.580078125
5238567,40.8935546875
5254595,90.576171875
5264555,89.7216796875
5264908,88.8671875
5265643,84.228515625
5275653,94.78759765625
5276112,94.66552734375
5276751,79.9560546875
5286761,93.75
5290350,85.63232421875
5299077,86.85302734375
5305950,97.22900390625
5316739,88.31787109375
5317109,84.228515625
5359680,90.2099609375
5360353,98.08349609375
5363433,81.9091796875
5405486,37.109375
5405579,33.447265625
5405625,34.36279296875
5405647,35.7666015625
5405687,59.4482421875
5405717,50.47607421875
5405729,51.26953125
5405740,34.66796875
5405762,43.76220703125
5405793,37.17041015625
5405813,35.7666015625
5405853,52.30712890625
5405876,41.50390625
5405937,33.87451171875
5406660,36.19384765625
5406689,45.41015625
5406795,44.73876953125
5406892,34.72900390625
5406937,36.2548828125
5406956,53.22265625
5406981,33.38623046875
5407093,34.1796875
5407114,46.20361328125
5407308,67.81005859375
5407534,69.4580078125
5407824,66.162109375
5408493,35.2783203125
5425940,91.36962890625
5432519,93.505859375
5443901,95.88623046875
5455993,91.1865234375
5456509,91.1865234375
5463302,90.39306640625
5465871,101.1962890625
5484994,42.05322265625
5487015,90.75927734375
5487655,93.505859375
5525725,84.8388671875
5527032,88.2568359375
5527805,87.46337890625
5552805,90.88134765625
5553326,84.228515625
5599191,87.09716796875
5601158,86.0595703125
5606643,89.2333984375
5644447,94.90966796875
5657263,48.76708984375
5657400,85.99853515625
5657425,92.8955078125
5657462,80.4443359375
5657472,61.8896484375
5657489,64.14794921875
5657506,63.8427734375
5657550,34.97314453125
5657565,36.31591796875
5657578,36.1328125
5657589,34.1796875
5657612,40.83251953125
5657683,54.26025390625
5658560,37.65869140625
5658617,35.15625
5658752,42.96875
5658778,44.61669921875
5658896,50.4150390625
5658939,34.72900390625
5659020,45.95947265625
5659031,42.48046875
5659142,44.3115234375
5659236,34.0576171875
5659325,79.16259765625
5659558,77.69775390625
5659713,35.0341796875
5659779,68.7255859375
5659968,40.83251953125
5679446,72.32666015625
5688113,88.43994140625
5688557,94.3603515625
5698292,87.158203125
5700464,87.40234375
5701102,96.61865234375
5710014,98.08349609375
5710489,86.73095703125
5712763,85.205078125
5722582,81.84814453125
5723491,86.9140625
5724106,91.1865234375
5734697,98.20556640625
5737987,89.05029296875
5740011,92.83447265625
5751572,94.05517578125
5753503,91.4306640625
5755533,91.49169921875
5765300,100.2197265625
5766026,84.3505859375
5766644,64.0869140625
5767297,98.08349609375
5775823,92.83447265625
5776287,94.90966796875
5776864,84.1064453125
5786729,90.576171875
5787235,81.4208984375
5788780,84.53369140625
5788851,39.12353515625
5789046,36.0107421875
5789131,49.4384765625
5789153,44.86083984375
5789187,60.4248046875
5789215,45.654296875
5789243,37.59765625
5789271,50.537109375
5789301,37.2314453125
5789467,33.447265625
5790133,37.353515625
5790324,47.54638671875
5790433,41.32080078125
5790571,52.978515625
5790628,36.68212890625
5790758,64.94140625
5790834,36.2548828125
5790894,43.27392578125
5791232,33.87451171875
5792003,36.7431640625
5805640,89.53857421875
5811962,92.71240234375
5812440,89.84375
5812961,78.43017578125
5819454,90.88134765625
5820112,85.0830078125
5822549,89.41650390625
5829503,97.900390625
5829976,83.06884765625
5830557,94.54345703125
5832929,94.6044921875
5833428,83.19091796875
5835610,77.63671875
5844100,81.97021484375
5847039,89.78271484375
5853709,91.00341796875
5854034,88.56201171875
5854445,60.546875
5855729,95.21484375
5856411,83.1298828125
5862838,82.58056640625
5863492,92.22412109375
5866218,81.72607421875
5870958,95.5810546875
5871823,97.71728515625
5875280,89.7216796875
5881603,83.6181640625
5881950,87.40234375
5882504,89.7216796875
5887620,95.703125
5895264,98.14453125
5895864,87.5244140625
5896528,81.0546875
5898962,89.35546875
5899530,88.8671875
5905779,85.87646484375
5906362,88.19580078125
5906889,89.41650390625
5907283,86.669921875
5913164,90.75927734375
5913582,86.3037109375
5919980,88.07373046875
5920270,89.78271484375
5922560,92.1630859375
5925376,83.1298828125
5928379,86.36474609375
5935043,89.41650390625
5935469,91.61376953125
5936299,95.0927734375
5936930,88.19580078125
5942032,89.84375
5942587,87.646484375
5943185,85.26611328125
5947434,80.50537109375
5954024,95.76416015625
5954949,88.0126953125
5958900,84.16748046875
5964380,86.181640625
5964819,85.51025390625
5965047,36.865234375
5965139,36.0107421875
5965180,69.76318359375
5965201,33.63037109375
5965221,34.1796875
5965237,57.31201171875
5965275,43.5791015625
5965317,52.06298828125
5965330,38.330078125
5965356,43.88427734375
5965382,45.47119140625
5965396,33.8134765625
5965429,33.935546875
5965442,34.85107421875
5965479,37.90283203125
5965536,33.38623046875
5966295,33.447265625
5966431,37.65869140625
5966666,35.70556640625
5966773,58.53271484375
5966794,41.50390625
5966963,45.5322265625
5967015,37.59765625
5967154,39.00146484375
5967169,63.3544921875
5967380,70.068359375
5967607,33.38623046875
5968250,33.99658203125
5981286,98.93798828125
5985245,97.83935546875
5990015,82.21435546875
5990500,83.49609375
5991158,82.09228515625
5992456,93.994140625
5995526,94.66552734375
5997098,84.3505859375
5999311,87.82958984375
6004664,96.37451171875
6005072,87.21923828125
6005427,79.58984375
6006050,83.1298828125
6010292,95.703125
6013860,86.669921875
6014413,93.994140625
6014926,94.54345703125
6015538,86.73095703125
6016571,83.31298828125
6019180,77.880859375
6019897,88.37890625
6022619,90.2099609375
6023161,98.81591796875
6025834,95.8251953125
6030804,86.24267578125
6031245,91.9189453125
6031805,96.5576171875
6033094,85.14404296875
6033784,88.0126953125
6035124,91.85791015625
6038365,90.63720703125
6038917,93.56689453125
6040041,85.14404296875
6040659,89.90478515625
6041112,84.16748046875
6044323,95.03173828125
6044965,83.0078125
6049469,82.6416015625
6050023,80.50537109375
6050660,83.43505859375
6051289,87.7685546875
6051788,81.48193359375
6053078,92.1630859375
6054964,89.9658203125
6055776,84.53369140625
6058518,90.8203125
6060778,85.38818359375
6061856,90.4541015625
6062386,91.9189453125
6064717,93.32275390625
6065349,89.35546875
6065938,90.51513671875
6069111,33.75244140625
6069937,85.5712890625
6071375,79.77294921875
6071927,96.49658203125
6072737,91.4306640625
6074062,84.65576171875
6075502,89.7216796875
6077905,84.53369140625
6078891,85.26611328125
6080308,86.5478515625
6081245,85.26611328125
6081783,82.763671875
6083779,92.7734375
6084297,90.33203125
6085035,84.53369140625
6086070,82.03125
6087626,86.48681640625
6088489,97.5341796875
6090484,79.16259765625
6092240,83.740234375
6093016,84.47265625
6093561,82.8857421875
6093959,42.66357421875
6094819,79.4677734375
6095786,88.7451171875
6096366,76.96533203125
6096978,86.0595703125
6097556,80.2001953125
6098860,79.52880859375
6099318,84.8388671875
6101185,82.03125
6102138,89.2333984375
6102627,87.82958984375
6104499,87.34130859375
6105163,86.3037109375
6105990,80.26123046875
6106611,86.24267578125
6107751,92.4072265625
6108355,83.55712890625
6108961,89.7216796875
6111464,81.23779296875
6112086,78.79638671875
6113490,93.93310546875
6114359,81.298828125
6115827,78.18603515625
6117741,88.68408203125
6118477,82.21435546875
6118889,83.31298828125
6119764,92.46826171875
6120383,78.91845703125
6120798,91.9189453125
6121272,86.24267578125
6121715,34.1796875
6121751,78.79638671875
6121803,34.85107421875
6121828,51.7578125
6121859,132.568359375
6121882,88.07373046875
6121912,46.7529296875
6121925,54.931640625
6121963,35.15625
6121998,37.9638671875
6122023,55.6640625
6122870,36.31591796875
6123046,44.12841796875
6123172,42.54150390625
6123221,48.40087890625
6123252,33.69140625
6123291,39.4287109375
6123301,42.3583984375
6123324,52.06298828125
6123394,44.73876953125
6123522,52.91748046875
6123729,36.2548828125
6123759,65.97900390625
6123944,38.87939453125
6124006,74.0966796875
6124300,62.8662109375
6124599,75.86669921875
6125463,79.16259765625
6130572,79.1015625
6131277,91.12548828125
6131840,83.0078125
6132387,75.0732421875
6134868,87.58544921875
6136049,87.40234375
6136694,91.4306640625
6137286,40.771484375
6139025,84.77783203125
6139621,92.4072265625
6140243,86.42578125
6140820,80.74951171875
6141448,84.5947265625
6142043,73.30322265625
6142957,81.54296875
6144024,85.8154296875
6145075,81.9091796875
6145972,78.06396484375
6146565,84.65576171875
6147226,80.56640625
6148097,80.87158203125
6149040,80.87158203125
6149652,81.35986328125
6150162,81.48193359375
6151263,91.064453125
6151927,92.34619140625
6153019,85.14404296875
6153428,80.74951171875
6154006,88.134765625
6154394,79.04052734375
6154974,77.08740234375
6155520,82.82470703125
6157477,86.42578125
6158102,85.3271484375
6158561,91.30859375
6158907,81.11572265625
6159419,73.974609375
6159963,91.1865234375
6160655,81.60400390625
6161102,75.62255859375
6161588,86.24267578125
6162043,89.7216796875
6163933,83.984375
6164527,42.8466796875
6165209,84.228515625
6165794,72.509765625
6166335,88.68408203125
6167156,80.810546875
6168060,86.12060546875
6168999,94.970703125
6169495,82.82470703125
6170157,87.34130859375
6170714,83.43505859375
6171486,77.69775390625
6173304,80.38330078125
6174075,85.0830078125
6174599,80.38330078125
6175445,80.74951171875
6176053,75.74462890625
6176860,80.99365234375
6177284,87.09716796875
6177773,82.03125
6178317,93.68896484375
6178980,76.59912109375
6179643,81.787109375
6180201,76.11083984375
6180953,85.205078125
6181756,79.9560546875
6182557,83.740234375
6183054,78.67431640625
6183626,78.06396484375
6184170,76.2939453125
6185556,82.8857421875
6186275,83.19091796875
6186916,84.47265625
6187420,73.30322265625
6187903,81.97021484375
6188431,88.0126953125
6189011,75.927734375
6189540,86.73095703125
6190149,94.7265625
6190696,80.74951171875
6192610,78.61328125
6193018,77.33154296875
6193665,83.1298828125
6194850,83.984375
6195714,84.77783203125
6196419,85.02197265625
6197035,81.48193359375
6197581,81.787109375
6198018,82.58056640625
6198587,74.64599609375
6199094,90.51513671875
6199846,83.49609375
6200669,89.7216796875
6201094,76.96533203125
6201945,75.439453125
6202648,81.787109375
6203120,82.6416015625
6203652,80.810546875
6204204,74.462890625
6205576,81.787109375
6206198,89.41650390625
6207898,78.30810546875
6208265,76.66015625
6208868,88.07373046875
6209572,88.19580078125
6210070,88.9892578125
6210584,74.52392578125
6210976,79.1015625
6211503,36.19384765625
6213513,82.6416015625
6214110,82.82470703125
6214627,85.9375
6215210,82.21435546875
6215639,79.52880859375
6216294,83.6181640625
6216891,81.48193359375
6217733,83.6181640625
6218483,81.787109375
6219038,43.64013671875
6219615,81.298828125
6220310,75.0732421875
6220913,83.984375
6222247,82.21435546875
6222811,83.55712890625
6223272,85.8154296875
6223857,88.43994140625
6224542,83.31298828125
6225868,84.716796875
6226602,82.94677734375
6227329,81.60400390625
6228391,82.51953125
6228904,81.4208984375
6229475,75.68359375
6230575,73.54736328125
6231805,83.55712890625
6232465,77.63671875
6233043,83.31298828125
6233696,80.078125
6235522,83.31298828125
6236323,87.7685546875
6237183,88.0126953125
6237726,85.8154296875
6238259,77.63671875
6238785,82.33642578125
6239719,79.77294921875
6240350,77.33154296875
6241225,88.134765625
6241605,82.70263671875
6243703,88.56201171875
6244812,84.53369140625
6245375,82.763671875
6245828,75.13427734375
6246454,80.13916015625
6247372,88.07373046875
6247915,77.08740234375
6248223,81.48193359375
6249185,86.0595703125
6250470,88.68408203125
6251313,79.7119140625
6251743,84.8388671875
6252166,81.11572265625
6252947,77.392578125
6253510,91.064453125
6253936,85.44921875
6254596,78.4912109375
6256303,84.04541015625
6256963,84.89990234375
6257327,85.0830078125
6257837,92.041015625
6258425,75.927734375
6258850,82.33642578125
6259362,81.72607421875
6260202,85.205078125
6260665,83.92333984375
6261209,80.99365234375
6262820,79.4677734375
6263312,83.19091796875
6263772,91.9189453125
6264416,77.33154296875
6266981,88.7451171875
6267389,87.40234375
6267790,85.02197265625
6268272,78.43017578125
6269786,81.9091796875
6270185,88.2568359375
6271431,88.623046875
6271956,95.27587890625
6272866,91.6748046875
6273252,78.7353515625
6274722,40.22216796875
6275423,82.03125
6275904,79.89501953125
6276294,70.98388671875
6277180,80.38330078125
6279001,91.796875
6279532,80.62744140625
6280311,39.6728515625
6281160,93.8720703125
6282651,87.7685546875
6283444,83.19091796875
6284029,70.98388671875
6284624,81.298828125
6285382,82.3974609375
6287105,90.51513671875
6288812,88.92822265625
6289579,82.45849609375
6290044,75.13427734375
6290454,45.654296875
6291196,84.65576171875
6291589,83.740234375
6292211,74.462890625
6292689,82.51953125
6293612,83.67919921875
6294368,86.669921875
6296459,83.8623046875
6296908,89.66064453125
6297525,85.44921875
6298624,84.16748046875
6299105,90.39306640625
6299659,85.63232421875
6300059,35.21728515625
6300085,80.13916015625
6300105,36.0107421875
6300147,47.54638671875
6300169,51.69677734375
6300189,33.75244140625
6300213,51.57470703125
6300236,43.27392578125
6300260,43.45703125
6300333,37.04833984375
6300343,36.376953125
6300396,37.53662109375
6300450,35.46142578125
6301319,35.7666015625
6301402,37.7197265625
6301438,33.75244140625
6301572,63.04931640625
6301671,41.19873046875
6301752,63.53759765625
6301768,40.0390625
6301963,51.33056640625
6302196,72.6318359375
6302491,69.3359375
6302804,78.9794921875
6303465,74.70703125
6308598,86.181640625
6309083,83.55712890625
6311176,78.9794921875
6313765,84.716796875
6314782,85.99853515625
6315224,84.716796875
6315718,79.2236328125
6317921,81.72607421875
6318384,88.5009765625
6318871,85.14404296875
6319940,77.392578125
6321434,86.24267578125
6321924,77.0263671875
6322603,86.3037109375
6324601,92.95654296875
6325129,81.9091796875
6325678,77.0263671875
6326206,83.3740234375
6329070,78.9794921875
6329577,78.125
6330921,74.951171875
6331350,87.34130859375
6331834,69.64111328125
6332503,77.392578125
6333507,72.8759765625
6334126,77.94189453125
6334759,87.7685546875
6336063,79.52880859375
6338522,85.9375
6339127,88.623046875
6339648,89.53857421875
6340121,81.11572265625
6340967,36.2548828125
6341644,80.322265625
6342098,77.57568359375
6342991,80.9326171875
6344735,88.9892578125
6346345,82.70263671875
6346786,79.9560546875
6347376,82.45849609375
6348008,83.251953125
6349163,80.62744140625
6350206,88.0126953125
6350879,84.3505859375
6351590,83.92333984375
6352550,76.171875
6353647,80.4443359375
6355006,84.716796875
6355481,73.66943359375
6355990,87.21923828125
6357217,87.40234375
6357841,85.26611328125
6358464,77.69775390625
6359016,79.345703125
6361264,89.599609375
6362538,86.3037109375
6363145,82.58056640625
6363727,81.298828125
6364411,72.44873046875
6365957,82.45849609375
6366418,84.28955078125
6368130,76.11083984375
6368923,79.4677734375
6369323,76.72119140625
6370013,85.3271484375
6370483,87.34130859375
6373543,85.38818359375
6374566,75.927734375
6375850,88.9892578125
6376828,84.16748046875
6377384,76.0498046875
6378125,77.7587890625
6378823,87.09716796875
6380136,84.8388671875
6381564,85.5712890625
6382132,41.93115234375
6384061,80.38330078125
6384601,79.9560546875
6385184,74.70703125
6385718,81.72607421875
6387174,78.79638671875
6387643,77.81982421875
6389084,81.9091796875
6391498,88.37890625
6392166,76.72119140625
6392759,40.283203125
6393693,83.67919921875
6396082,86.36474609375
6398112,74.89013671875
6398879,78.0029296875
6399465,77.69775390625
6400639,78.30810546875
6401096,71.22802734375
6401881,76.5380859375
6404444,83.92333984375
6405072,80.13916015625
6406365,78.0029296875
6407415,88.0126953125
6409123,92.28515625
6409599,78.67431640625
6412968,77.392578125
6413568,86.5478515625
6414268,79.40673828125
6415266,71.1669921875
6415933,83.80126953125
6417431,76.7822265625
6418090,87.0361328125
6419825,89.53857421875
6420439,76.171875
6421013,75.8056640625
6421964,81.11572265625
6422623,78.30810546875
6424118,85.63232421875
6424213,38.57421875
6424275,34.7900390625
6424377,75.439453125
6424414,45.41015625
6424435,63.53759765625
6424457,63.29345703125
6424488,41.015625
6424514,38.75732421875
6424532,40.1611328125
6424543,38.2080078125
6424570,34.60693359375
6424632,34.48486328125
6425290,35.400390625
6425545,36.376953125
6425626,44.189453125
6425669,39.55078125
6425728,37.109375
6425752,47.9736328125
6425814,57.7392578125
6425852,41.93115234375
6425960,66.10107421875
6426217,66.7724609375
6426553,71.77734375
6426829,71.83837890625
6435153,85.38818359375
6436151,85.205078125
6436959,86.0595703125
6437520,72.08251953125
6438040,83.49609375
6441587,87.2802734375
6442163,81.787109375
6443229,80.56640625
6443982,82.33642578125
6447356,77.1484375
6447972,87.09716796875
6448532,77.63671875
6450604,88.92822265625
6452036,71.1669921875
6453373,85.0830078125
6453858,77.0263671875
6455569,83.49609375
6456315,73.30322265625
6456842,78.67431640625
6457515,76.904296875
6459206,81.9091796875
6459840,81.84814453125
6461470,82.275390625
6462016,77.33154296875
6463163,80.2001953125
6464968,77.880859375
6465560,82.58056640625
6467816,88.0126953125
6468458,78.67431640625
6470095,80.99365234375
6470962,87.58544921875
6471901,83.19091796875
6472597,79.1015625
6474821,83.251953125
6476530,89.35546875
6476932,84.77783203125
6477924,86.181640625
6478677,81.11572265625
6480374,78.61328125
6481059,78.30810546875
6481625,78.55224609375
6484418,85.75439453125
6485024,84.47265625
6485692,75.01220703125
6486374,88.0126953125
6487092,82.70263671875
6491547,81.54296875
6492266,89.53857421875
6493193,72.44873046875
6495518,82.45849609375
6496642,89.599609375
6498473,87.46337890625
6500871,84.89990234375
6501341,43.39599609375
6501716,82.3974609375
6503302,87.21923828125
6503782,85.14404296875
6504163,78.4912109375
6506064,80.322265625
6507616,81.84814453125
6511446,92.6513671875
6512001,81.60400390625
6512711,50.1708984375
6515101,84.41162109375
6517103,81.6650390625
6517833,81.84814453125
6519395,88.134765625
6520193,83.43505859375
6521285,83.0078125
6521802,83.43505859375
6522718,85.87646484375
6525273,81.97021484375
6525921,81.298828125
6526427,91.1865234375
6528887,78.30810546875
6533587,84.04541015625
6534181,83.49609375
6534797,85.0830078125
6535810,85.44921875
6538804,90.88134765625
6539634,83.0078125
6542069,82.09228515625
6542509,87.40234375
6545044,88.31787109375
6548240,82.6416015625
6548888,87.158203125
6549318,47.9736328125
6549933,83.31298828125
6552400,89.9658203125
6552974,75.86669921875
6555671,91.552734375
6557973,84.65576171875
6558558,94.54345703125
6559500,87.34130859375
6561336,84.65576171875
6561923,83.3740234375
6562533,80.50537109375
6562573,40.52734375
6562661,61.21826171875
6562688,60.791015625
6562716,49.13330078125
6562735,78.55224609375
6562779,54.26025390625
6562791,36.19384765625
6562804,45.7763671875
6562842,40.22216796875
6562891,39.97802734375
6563908,40.71044921875
6563921,39.794921875
6563969,38.75732421875
6564052,35.2783203125
6564177,48.88916015625
6564191,34.912109375
6564347,40.83251953125
6564495,38.330078125
6564576,65.36865234375
6564628,49.25537109375
6564782,42.1142578125
6565032,77.33154296875
6574728,83.06884765625
6575224,84.47265625
6579124,87.5244140625
6582935,84.41162109375
6583405,88.92822265625
6585087,88.8671875
6586053,86.669921875
6590819,80.2001953125
6591591,89.599609375
6592182,84.53369140625
6592951,75.8056640625
6597808,89.53857421875
6598960,87.09716796875
6599458,90.02685546875
6603596,37.59765625
6604159,83.6181640625
6604626,88.56201171875
6605098,83.43505859375
6607845,81.298828125
6612222,74.52392578125
6612812,83.8623046875
6614648,86.0595703125
6616898,79.833984375
6620263,88.9892578125
6621597,86.9140625
6624546,86.12060546875
6627554,83.740234375
6627957,74.52392578125
6628564,77.69775390625
6631983,88.623046875
6632497,87.7685546875
6635936,77.880859375
6636356,83.984375
6637550,86.97509765625
6642444,91.9189453125
6643103,86.36474609375
6643732,86.3037109375
6643867,38.39111328125
6644007,77.392578125
6644157,89.599609375
6644183,67.626953125
6644198,35.09521484375
6644234,52.24609375
6644247,53.8330078125
6644284,67.56591796875
6644297,53.03955078125
6644345,37.90283203125
6644376,35.82763671875
6644409,50.23193359375
6645190,35.5224609375
6645438,40.46630859375
6645453,47.18017578125
6645610,51.81884765625
6645750,36.7431640625
6645771,35.64453125
6645812,58.28857421875
6646055,57.80029296875
6646099,35.5224609375
6646299,71.35009765625
6646574,40.52734375
6646615,76.0498046875
6660034,86.73095703125
6666905,79.1015625
6667504,71.22802734375
6670294,87.40234375
6673927,80.322265625
6675197,90.88134765625
6675915,88.0126953125
6676494,77.45361328125
6681395,90.88134765625
6684919,81.1767578125
6690279,93.8720703125
6691927,89.4775390625
6699221,100.5859375
6703089,91.12548828125
6703599,78.7353515625
6705795,84.65576171875
6708868,89.84375
6714351,78.43017578125
6717934,85.3271484375
6718526,77.1484375
6720365,79.833984375
6733140,92.83447265625
6733792,94.05517578125
6734302,86.7919921875
6739436,92.6513671875
6743529,90.63720703125
6745942,85.99853515625
6748395,81.60400390625
6752841,86.0595703125
6753346,85.44921875
6758390,97.10693359375
6770131,90.14892578125
6779404,94.42138671875
6786004,75.8056640625
6786717,81.298828125
6796423,60.36376953125
6803527,90.39306640625
6819561,85.8154296875
6835540,86.181640625
6862357,36.31591796875
6862383,36.9873046875
6862430,105.95703125
6862454,53.1005859375
6862483,82.94677734375
6862515,79.58984375
6862528,51.45263671875
6862554,45.654296875
6862579,42.6025390625
6862598,51.08642578125
6862611,36.62109375
6862651,38.87939453125
6863580,55.908203125
6863590,34.423828125
6863633,37.7197265625
6863784,33.75244140625
6863829,46.08154296875
6864016,50.537109375
6864039,48.88916015625
6864243,62.92724609375
6864434,61.21826171875
6864716,74.64599609375
6864948,76.416015625
6997048,41.6259765625
7085589,33.935546875
7085711,34.60693359375
7085752,52.6123046875
7085762,38.02490234375
7085802,49.560546875
7085824,52.978515625
7085856,35.58349609375
7085868,41.32080078125
7085900,33.5693359375
7085921,33.69140625
7085951,35.400390625
7086245,37.353515625
7086749,38.330078125
7086881,42.66357421875
7086962,42.29736328125
7087075,40.6494140625
7087209,46.56982421875
7087248,36.07177734375
7087316,39.9169921875
7087356,53.3447265625
7087550,47.9736328125
7087564,59.08203125
7087739,53.22265625
7087751,37.59765625
7087788,61.6455078125
7127346,49.1943359375
7291214,36.19384765625
7291378,33.447265625
7291437,93.26171875
7291461,39.4287109375
7291486,81.1767578125
7291510,40.83251953125
7291537,62.744140625
7291576,61.09619140625
7291591,41.1376953125
7291622,35.46142578125
7292524,34.7900390625
7292578,35.64453125
7292639,35.70556640625
7292770,41.44287109375
7292820,35.46142578125
7292885,42.1142578125
7292908,35.33935546875
7292922,36.4990234375
7292999,44.677734375
7293080,42.724609375
7293132,41.44287109375
7293283,35.09521484375
7293333,43.45703125
7293379,36.1328125
7293467,36.2548828125
7293490,56.0302734375
7293595,35.400390625
7293932,36.43798828125
7500214,39.55078125
7500232,122.86376953125
7500250,41.3818359375
7500278,97.5341796875
7500290,36.43798828125
7500300,34.3017578125
7500328,50.537109375
7500353,34.24072265625
7500369,55.35888671875
7500400,33.5693359375
7500484,39.48974609375
7500574,33.8134765625
7501373,36.1328125
7501457,35.64453125
7501467,56.21337890625
7501607,52.734375
7501743,49.6826171875
7501763,34.72900390625
7501944,42.90771484375
7501994,35.94970703125
7502107,56.2744140625
7502333,39.0625
7502539,66.162109375
7544673,97.5341796875
7566241,83.8623046875
7566617,80.810546875
7569286,89.2333984375
7585317,98.388671875
7585561,85.99853515625
7608724,88.37890625
7608934,87.58544921875
7620400,83.92333984375
7620696,92.7734375
7620956,85.87646484375
7646505,95.0927734375
7646812,85.8154296875
7664103,83.49609375
7664409,100.9521484375
7685257,92.4072265625
7685542,81.97021484375
7698626,93.68896484375
7698904,88.07373046875
7714359,104.67529296875
7714663,82.58056640625
7715006,84.28955078125
7729494,79.9560546875
7732904,80.6884765625
7733152,92.71240234375
7775173,86.9140625
7775421,94.05517578125
7775899,80.078125
7776259,92.46826171875
7789854,42.3583984375
7789989,35.94970703125
7790010,34.36279296875
7790020,127.685546875
7790067,79.89501953125
7790097,82.8857421875
7790131,35.5224609375
7790141,55.908203125
7790163,41.50390625
7790195,37.65869140625
7790300,34.1796875
7791279,33.69140625
7791361,41.93115234375
7791371,43.5791015625
7791461,33.5693359375
7791551,39.00146484375
7791581,38.87939453125
7791603,39.6728515625
7791690,39.24560546875
7791899,51.20849609375
7802046,83.3740234375
7802059,54.6875
7802074,41.93115234375
7802128,34.48486328125
7802155,64.208984375
7802199,37.41455078125
7802218,40.6494140625
7802245,68.84765625
7802267,49.6826171875
7802311,48.7060546875
7802337,37.41455078125
7802355,37.59765625
7802390,37.78076171875
7802410,39.55078125
7802437,33.75244140625
7802474,43.76220703125
7802501,45.2880859375
7802861,34.11865234375
7803246,43.64013671875
7803430,52.06298828125
7803573,60.9130859375
7803724,34.5458984375
7803854,75.01220703125
7803900,35.09521484375
7803939,33.447265625
7804330,71.83837890625
7828479,90.4541015625
7830755,93.81103515625
7831110,93.017578125
7832518,79.16259765625
7836603,97.412109375
7837062,88.31787109375
7845390,93.8720703125
7845908,85.38818359375
7846339,82.94677734375
7850223,84.9609375
7851562,85.5712890625
7852004,83.49609375
7852503,87.21923828125
7853050,77.45361328125
7854236,90.6982421875
7856926,81.11572265625
7859276,83.80126953125
7860656,86.24267578125
7861154,87.7685546875
7865267,96.923828125
7865648,78.9794921875
7868558,82.51953125
7868964,93.6279296875
7869369,87.40234375
7875528,86.42578125
7876997,83.67919921875
7877430,93.6279296875
7881184,90.63720703125
7882500,81.84814453125
7882906,91.00341796875
7883386,85.63232421875
7887538,80.56640625
7887939,81.787109375
7890189,77.2705078125
7890490,82.58056640625
7894689,88.0126953125
7895327,76.904296875
7895705,91.064453125
7897218,39.73388671875
7898489,77.63671875
7900636,83.31298828125
7901072,86.9140625
7902283,84.89990234375
7903229,82.09228515625
7904240,90.14892578125
7909215,87.82958984375
7910539,89.4775390625
7911035,83.19091796875
7912912,93.32275390625
7914442,85.44921875
7915007,83.80126953125
7918787,81.35986328125
7920291,91.49169921875
7920712,96.3134765625
7921859,86.73095703125
7922341,84.716796875
7922828,81.9091796875
7923336,91.9189453125
7924030,41.19873046875
7924539,76.59912109375
7929306,77.392578125
7929542,85.02197265625
7931825,85.8154296875
7932330,87.82958984375
7935322,92.46826171875
7935897,79.345703125
7936690,89.66064453125
7938337,88.8671875
7938765,87.70751953125
7939191,80.99365234375
7939786,88.8671875
7942100,87.34130859375
7942813,85.9375
7943492,90.8203125
7943986,85.14404296875
7944663,80.6884765625
7945354,87.158203125
7945883,81.54296875
7947737,85.63232421875
7947976,79.16259765625
7952511,94.05517578125
7953171,89.90478515625
7953850,86.48681640625
7955483,85.51025390625
7956801,86.181640625
7958597,76.72119140625
7959097,86.97509765625
7959453,94.7265625
7960982,84.28955078125
7961259,87.646484375
7963017,82.70263671875
7964948,86.181640625
7965617,84.53369140625
7966128,81.298828125
7966830,80.13916015625
7968410,82.1533203125
7968865,40.4052734375
7969669,79.77294921875
7970166,87.82958984375
7971530,89.90478515625
7973021,89.78271484375
7974897,89.66064453125
7975843,79.16259765625
7976723,82.33642578125
7977200,85.0830078125
7977946,87.0361328125
7978576,80.50537109375
7981993,86.36474609375
7982625,89.35546875
7983997,82.58056640625
7984686,83.984375
7986235,85.63232421875
7987201,80.38330078125
7987705,79.2236328125
7988328,87.46337890625
7989019,86.73095703125
7989588,79.65087890625
7990170,88.9892578125
7990636,89.90478515625
7991983,80.38330078125
7992700,74.462890625
7993988,81.84814453125
7995034,78.61328125
7997418,80.56640625
7997902,42.6025390625
7998397,90.087890625
7999011,84.65576171875
7999304,84.41162109375
8001273,86.9140625
8003339,93.56689453125
8003961,82.275390625
8004458,83.19091796875
8005712,83.8623046875
8006359,78.06396484375
8007507,82.275390625
8008018,78.2470703125
8010713,83.3740234375
8011287,39.85595703125
8011829,88.5009765625
8012693,83.1298828125
8013535,77.5146484375
8014160,83.67919921875
8015337,88.623046875
8016119,81.1767578125
8017454,93.07861328125
8018102,89.90478515625
8018764,85.87646484375
8019289,68.42041015625
8020182,86.3037109375
8021414,95.88623046875
8022528,83.3740234375
8023023,86.3037109375
8024325,84.716796875
8024848,86.3037109375
8026571,86.36474609375
8026987,81.84814453125
8027727,79.4677734375
8027768,33.447265625
8029515,81.84814453125
8030290,78.0029296875
8031018,85.9375
8031544,83.984375
8033474,89.4775390625
8034591,46.5087890625
8034997,84.9609375
8037398,87.82958984375
8037878,89.599609375
8040656,92.529296875
8041240,79.345703125
8041869,81.35986328125
8042674,89.66064453125
8043440,79.1015625
8044161,81.4208984375
8044748,77.0263671875
8045336,87.09716796875
8046103,35.94970703125
8046146,33.8134765625
8046169,87.09716796875
8046190,64.94140625
8046212,68.9697265625
8046244,49.560546875
8046267,42.90771484375
8046286,47.119140625
8046340,39.55078125
8046372,41.50390625
8046408,39.61181640625
8047374,45.5322265625
8047411,33.8134765625
8047508,39.0625
8047547,34.912109375
8047582,35.21728515625
8047736,35.33935546875
8047787,36.43798828125
8047805,48.76708984375
8047941,63.4765625
8048145,35.400390625
8048220,36.1328125
8048252,64.63623046875
8048494,74.462890625
8048538,36.7431640625
8048744,69.3359375
8049014,69.4580078125
8049309,75.98876953125
8049630,78.61328125
8050053,80.74951171875
8057721,84.28955078125
8058342,78.9794921875
8060840,89.2333984375
8062130,87.0361328125
8063016,79.65087890625
8064163,77.5146484375
8064528,76.11083984375
8065012,78.43017578125
8067362,76.84326171875
8067817,83.43505859375
8068356,80.38330078125
8070858,85.5712890625
8071692,90.88134765625
8072379,82.3974609375
8073098,80.078125
8074867,83.92333984375
8075518,89.41650390625
8077032,88.07373046875
8077642,88.9892578125
8078546,92.4072265625
8079286,82.21435546875
8081558,79.16259765625
8082155,78.369140625
8082578,74.64599609375
8084882,87.95166015625
8085414,82.82470703125
8087169,83.55712890625
8087848,88.8671875
8089512,84.716796875
8089998,93.81103515625
8092512,85.63232421875
8094131,82.58056640625
8094974,92.46826171875
8095585,77.0263671875
8096182,79.7119140625
8097012,81.23779296875
8098737,76.2939453125
8099433,81.97021484375
8099962,36.07177734375
8102771,81.787109375
8103334,74.951171875
8104664,56.09130859375
8105795,89.41650390625
8106353,41.015625
8108180,83.740234375
8108721,84.47265625
8109281,84.41162109375
8109843,74.5849609375
8111034,86.24267578125
8112590,84.77783203125
8113464,86.42578125
8113917,79.65087890625
8114669,87.34130859375
8115187,81.72607421875
8115731,77.1484375
8117175,83.92333984375
8119784,89.4775390625
8120421,74.70703125
8121739,86.48681640625
8122264,78.79638671875
8123051,83.31298828125
8125326,89.4775390625
8126130,83.67919921875
8127034,79.52880859375
8127719,80.50537109375
8128480,85.63232421875
8129181,79.345703125
8130825,73.2421875
8131644,85.63232421875
8132212,87.646484375
8132968,87.46337890625
8134264,78.55224609375
8136264,69.03076171875
8136824,88.43994140625
8137530,86.12060546875
8138401,74.89013671875
8140369,86.73095703125
8140947,85.02197265625
8142803,85.26611328125
8143489,85.9375
8144213,51.7578125
8144979,84.65576171875
8145723,77.69775390625
8147285,82.09228515625
8149312,83.1298828125
8149837,41.50390625
8151878,88.9892578125
8154897,89.17236328125
8155392,80.74951171875
8157416,80.13916015625
8157950,83.3740234375
8158585,85.02197265625
8160197,86.73095703125
8160423,33.63037109375
8160512,73.974609375
8160526,38.818359375
8160541,61.8896484375
8160570,34.66796875
8160597,47.7294921875
8160609,40.8935546875
8160635,55.908203125
8160648,37.4755859375
8160674,46.93603515625
8160707,54.01611328125
8160746,36.865234375
8160803,41.56494140625
8160908,41.50390625
8161387,40.10009765625
8161486,35.7666015625
8161572,40.771484375
8161666,35.09521484375
8161853,37.04833984375
8161967,35.7666015625
8162013,46.7529296875
8162140,51.7578125
8162158,34.11865234375
8162256,49.4384765625
8162324,62.3779296875
8162542,64.51416015625
8162772,38.330078125
8162809,72.32666015625
8163026,37.65869140625
8163062,73.18115234375
8163333,71.533203125
8163652,79.28466796875
8164649,71.83837890625
8170555,84.77783203125
8174864,94.05517578125
8175397,80.56640625
8180325,89.599609375
8180827,80.9326171875
8182222,90.8203125
8183566,81.84814453125
8184251,40.8935546875
8184841,82.763671875
8185464,77.08740234375
8187053,86.60888671875
8190184,73.66943359375
8190945,86.97509765625
8191599,78.61328125
8192321,79.77294921875
8193281,84.5947265625
8196416,85.9375
8198520,89.599609375
8199553,85.75439453125
8200710,90.33203125
8201257,78.91845703125
8201671,88.56201171875
8204629,89.111328125
8205426,90.39306640625
8206903,82.45849609375
8207925,84.53369140625
8209609,81.72607421875
8210206,78.67431640625
8212720,84.28955078125
8213493,84.41162109375
8215007,82.82470703125
8215544,76.5380859375
8216606,90.14892578125
8218564,77.0263671875
8219181,78.61328125
8220680,82.763671875
8221440,92.34619140625
8222156,75.62255859375
8222625,79.2236328125
8223242,83.740234375
8226912,87.0361328125
8227932,88.134765625
8229405,83.55712890625
8232191,84.65576171875
8233129,84.1064453125
8234113,79.04052734375
8236209,88.0126953125
8238860,83.740234375
8239544,77.69775390625
8240014,80.74951171875
8242450,75.74462890625
8243067,80.9326171875
8245433,86.181640625
8247965,86.24267578125
8248664,85.26611328125
8249718,93.93310546875
8250591,75.68359375
8251247,85.0830078125
8254170,81.60400390625
8254966,88.2568359375
8256229,87.646484375
8257432,80.4443359375
8259108,79.4677734375
8261605,86.73095703125
8262186,81.54296875
8265061,80.078125
8266739,86.42578125
8267356,77.0263671875
8269091,85.51025390625
8269651,79.9560546875
8270355,76.72119140625
8271267,80.322265625
8271894,77.1484375
8274336,75.0732421875
8276768,84.41162109375
8277974,38.6962890625
8278442,78.79638671875
8279587,89.78271484375
8280602,91.00341796875
8283999,83.92333984375
8287289,99.91455078125
8288617,80.74951171875
8289158,79.28466796875
8289885,89.9658203125
8292676,82.51953125
8294276,83.740234375
8295414,73.42529296875
8296433,88.19580078125
8297405,82.51953125
8298143,76.2939453125
8299222,76.7822265625
8303654,85.3271484375
8306661,91.796875
8307365,81.298828125
8311496,98.388671875
8312110,92.8955078125
8312877,78.55224609375
8313583,83.43505859375
8315373,80.6884765625
8316273,86.7919921875
8316988,82.09228515625
8321274,80.322265625
8322302,85.63232421875
8323448,83.6181640625
8326594,75.8056640625
8327315,78.67431640625
8328117,82.51953125
8330186,77.2705078125
8331827,85.205078125
8332847,78.2470703125
8336002,90.2099609375
8336482,46.9970703125
8337534,83.19091796875
8339279,81.97021484375
8340402,80.2001953125
8341556,90.2099609375
8342211,87.2802734375
8344985,87.158203125
8346955,88.31787109375
8349022,82.03125
8349827,86.3037109375
8352749,85.14404296875
8353637,88.07373046875
8358113,87.0361328125
8358807,83.55712890625
8359492,79.65087890625
8361345,78.79638671875
8362590,84.47265625
8363627,87.646484375
8368493,86.0595703125
8369634,86.7919921875
8373761,79.04052734375
8375475,92.041015625
8376404,78.91845703125
8382110,87.5244140625
8383507,92.041015625
8387754,77.0263671875
8388351,87.46337890625
8390568,84.3505859375
8391570,88.31787109375
8394299,88.8671875
8396811,84.716796875
8400796,90.8203125
8401672,81.23779296875
8406537,79.1015625
8407665,84.5947265625
8408419,88.7451171875
8412176,88.07373046875
8414814,85.26611328125
8415445,79.2236328125
8419037,85.693359375
8419472,33.63037109375
8419569,82.275390625
8419581,42.3583984375
8419613,35.888671875
8419634,78.9794921875
8419653,34.0576171875
8419666,47.91259765625
8419695,71.2890625
8419709,45.41015625
8419736,49.01123046875
8419768,35.15625
8419804,36.4990234375
8419854,40.10009765625
8421016,38.57421875
8421151,37.41455078125
8421311,45.2880859375
8421452,34.912109375
8421524,37.29248046875
8421680,55.2978515625
8421962,62.92724609375
8422161,42.3583984375
8422302,75.01220703125
8422429,36.4990234375
8422595,58.2275390625
8422681,38.87939453125
8422939,73.2421875
8423323,74.64599609375
8435296,82.3974609375
8441643,81.23779296875
8443139,92.529296875
8445066,49.8046875
8449710,91.064453125
8452353,85.63232421875
8454784,91.49169921875
8459048,88.19580078125
8459992,80.13916015625
8460649,86.12060546875
8462983,86.5478515625
8465617,83.67919921875
8469362,91.9189453125
8470584,81.60400390625
8474843,84.04541015625
8477489,80.2001953125
8479622,88.623046875
8484371,82.8857421875
8485979,81.9091796875
8490050,86.12060546875
8495325,84.9609375
8498167,89.78271484375
8506924,86.9140625
8507367,81.84814453125
8509176,88.8671875
8512374,79.345703125
8514433,76.66015625
8524904,96.923828125
8526521,89.41650390625
8534862,90.39306640625
8538237,88.134765625
8540660,76.7822265625
8546933,92.4072265625
8554059,95.03173828125
8561126,89.9658203125
8570908,99.18212890625
8573051,96.37451171875
8577328,88.37890625
8591365,83.740234375
8600230,85.38818359375
8610516,78.857421875
8696451,36.865234375
8696501,36.56005859375
8696542,134.21630859375
8696584,48.4619140625
8696610,46.32568359375
8696635,63.41552734375
8696664,35.15625
8696683,34.36279296875
8696724,39.61181640625
8696840,33.63037109375
8696905,37.109375
8697802,38.51318359375
8697898,34.48486328125
8697976,43.88427734375
8698043,36.80419921875
8698091,40.83251953125
8698116,49.13330078125
8698233,34.60693359375
8698305,49.1943359375
8698326,36.7431640625
8698434,37.78076171875
8698541,61.03515625
8698571,34.48486328125
8698797,61.6455078125
8699164,67.44384765625
8699372,58.16650390625
8699929,35.94970703125
8729711,40.771484375
8730164,87.58544921875
8740349,36.7431640625
8908666,44.43359375
8908831,58.7158203125
8908842,95.5810546875
8908868,54.6875
8908883,59.75341796875
8908894,33.99658203125
8908906,46.875
8908936,39.24560546875
8908996,34.912109375
8909041,39.4287109375
8909881,35.09521484375
8909991,33.447265625
8910104,38.14697265625
8910114,54.3212890625
8910258,48.2177734375
8910389,52.001953125
8910500,45.83740234375
8910522,40.34423828125
8910577,37.78076171875
8910642,62.255859375
8910722,34.36279296875
8910872,61.767578125
8911182,33.50830078125
8911451,33.8134765625
8912510,33.99658203125
9060592,36.9873046875
9060739,36.68212890625
9060850,106.0791015625
9060879,58.59375
9060898,61.5234375
9060920,51.57470703125
9060944,98.57177734375
9060986,41.07666015625
9061006,51.7578125
9061027,50.10986328125
9061075,34.36279296875
9061987,35.46142578125
9062013,34.11865234375
9062132,37.353515625
9062237,43.02978515625
9062316,34.97314453125
9062423,40.6494140625
9062454,43.45703125
9062662,52.18505859375
9062891,55.23681640625
9237151,46.0205078125
9237260,38.6962890625
9237424,72.509765625
9237434,42.48046875
9237445,61.4013671875
9237479,84.89990234375
9237531,41.07666015625
9237557,39.36767578125
9237585,33.935546875
9237799,38.2080078125
9237818,36.43798828125
9238527,38.14697265625
9238600,35.888671875
9238700,33.63037109375
9238816,37.2314453125
9238830,46.56982421875
9239035,47.54638671875
9239172,40.83251953125
9239295,58.2275390625
9239358,40.71044921875
9239475,42.48046875
9239660,64.5751953125
9239680,33.447265625
9240226,73.54736328125
9282683,84.716796875
9367203,36.1328125
9367389,83.43505859375
9367420,39.0625
9367430,39.36767578125
9367467,70.73974609375
9367487,51.8798828125
9367517,55.96923828125
9367538,54.38232421875
9367554,49.8046875
9367577,38.14697265625
9367643,37.29248046875
9367660,41.8701171875
9367702,42.1142578125
9368529,35.400390625
9368747,43.39599609375
9368762,37.353515625
9368892,43.0908203125
9369029,34.912109375
9369146,40.95458984375
9369336,59.814453125
9370036,66.71142578125
9370310,44.25048828125
9405175,83.55712890625
9405794,89.7216796875
9407177,84.77783203125
9425833,94.7265625
9426193,90.02685546875
9426570,45.0439453125
9427048,88.134765625
9438690,85.51025390625
9439010,83.8623046875
9439469,92.4072265625
9440675,97.16796875
9455501,91.85791015625
9455747,86.97509765625
9456030,85.38818359375
9456331,88.31787109375
9456642,80.6884765625
9456949,79.4677734375
9457263,84.41162109375
9469973,91.1865234375
9470376,78.0029296875
9482844,88.37890625
9483203,91.552734375
9483538,94.17724609375
9483925,85.02197265625
9484332,36.43798828125
9498197,81.6650390625
9498756,88.68408203125
9513011,80.26123046875
9513363,82.3974609375
9514013,90.14892578125
9514446,85.02197265625
9532280,92.28515625
9532551,86.73095703125
9532876,87.46337890625
9533241,88.31787109375
9533625,95.5810546875
9548802,98.57177734375
9549220,77.5146484375
9549614,79.345703125
9556146,35.0341796875
9556338,36.2548828125
9556359,166.9921875
9556375,36.80419921875
9556406,84.228515625
9556436,70.61767578125
9556449,45.83740234375
9556478,72.8759765625
9556495,47.9736328125
9556512,36.68212890625
9556534,45.10498046875
9556562,34.912109375
9556601,42.1142578125
9557425,33.75244140625
9557500,33.38623046875
9557595,37.841796875
9557616,37.29248046875
9557731,45.8984375
9557806,39.36767578125
9557836,41.32080078125
9557979,33.50830078125
9558115,49.86572265625
9558304,42.66357421875
9558465,51.26953125
9558489,37.9638671875
9559016,34.36279296875
9559235,35.58349609375
9583915,84.41162109375
9584282,91.36962890625
9587259,89.4775390625
9596574,78.857421875
9596819,86.97509765625
9597092,76.7822265625
9597451,79.1015625
9597938,91.24755859375
9604801,90.27099609375
9605088,83.55712890625
9605422,86.12060546875
9605848,80.4443359375
9606253,84.89990234375
9606562,83.31298828125
9606866,85.8154296875
9615997,90.576171875
9616278,82.6416015625
9619316,91.49169921875
9619871,79.7119140625
9620444,84.47265625
9620877,78.369140625
9621315,88.7451171875
9621850,78.18603515625
9629343,84.04541015625
9632691,42.29736328125
9633107,86.60888671875
9633540,82.6416015625
9634012,76.47705078125
9634497,85.0830078125
9634968,94.1162109375
9635336,83.67919921875
9635729,79.7119140625
9641765,94.05517578125
9642142,83.92333984375
9645338,91.30859375
9645709,82.21435546875
9646486,72.08251953125
9647119,86.42578125
9647505,83.251953125
9647901,36.56005859375
9648412,88.80615234375
9654909,90.9423828125
9655291,92.28515625
9655872,86.5478515625
9656258,84.716796875
9656631,78.125
9661631,90.2099609375
9662015,83.1298828125
9663485,82.33642578125
9664292,81.84814453125
9668805,79.40673828125
9669132,85.8154296875
9669518,77.880859375
9669820,82.94677734375
9670151,77.33154296875
9670534,81.97021484375
9671079,88.07373046875
9671553,91.97998046875
9674162,81.787109375
9674885,82.275390625
9675345,94.29931640625
9678041,91.49169921875
9680754,77.7587890625
9681922,81.4208984375
9682707,85.99853515625
9684779,87.7685546875
9686144,85.26611328125
9686427,83.0078125
9686898,86.42578125
9687425,78.61328125
9687981,91.4306640625
9690423,35.64453125
9692051,86.12060546875
9692528,91.064453125
9693000,79.7119140625
9693613,82.45849609375
9694256,86.181640625
9694749,83.06884765625
9697488,85.63232421875
9698039,88.7451171875
9701415,83.6181640625
9701914,91.6748046875
9702427,78.369140625
9703738,76.0498046875
9704384,80.26123046875
9704892,83.31298828125
9705379,77.20947265625
9705930,86.36474609375
9708051,89.7216796875
9711033,84.8388671875
9711644,40.0390625
9712166,86.73095703125
9713527,90.4541015625
9714094,85.44921875
9714472,84.28955078125
9715275,75.13427734375
9715832,77.2705078125
9716543,82.09228515625
9717100,91.73583984375
9717776,71.8994140625
9718286,71.533203125
9718933,79.40673828125
9719871,72.20458984375
9720707,85.99853515625
9721449,79.28466796875
9722005,83.3740234375
9723697,82.03125
9724357,85.38818359375
9724872,76.47705078125
9725785,78.55224609375
9728164,80.6884765625
9728905,85.38818359375
9729681,82.82470703125
9731779,84.716796875
9732239,91.6748046875
9732759,85.9375
9734188,86.97509765625
9734775,80.4443359375
9735552,41.015625
9735629,84.1064453125
9735679,38.26904296875
9735692,43.64013671875
9735712,35.70556640625
9735734,34.0576171875
9735747,45.47119140625
9735763,57.6171875
9735781,51.1474609375
9735809,43.3349609375
9735831,42.236328125
9735963,34.24072265625
9736982,35.2783203125
9737023,34.0576171875
9737042,36.19384765625
9737179,42.66357421875
9737191,43.64013671875
9737412,41.80908203125
9737442,35.21728515625
9737467,49.98779296875
9737499,36.07177734375
9737653,70.25146484375
9737885,45.166015625
9738037,34.60693359375
9738120,53.466796875
9738340,69.580078125
9738667,63.232421875
9738998,83.92333984375
9739302,70.556640625
9739646,67.32177734375
9740135,73.1201171875
9748666,81.9091796875
9750738,78.125
9751489,80.078125
9752011,81.72607421875
9755024,83.19091796875
9755545,89.599609375
9756094,84.53369140625
9757016,81.6650390625
9758115,86.9140625
9758531,87.70751953125
9759120,78.06396484375
9761492,86.12060546875
9762750,86.85302734375
9763348,88.56201171875
9763887,83.1298828125
9764632,83.3740234375
9765140,39.55078125
9765657,91.1865234375
9766075,77.2705078125
9766643,85.87646484375
9767237,80.56640625
9768413,79.2236328125
9768985,72.75390625
9769620,79.40673828125
9770118,81.1767578125
9770637,78.67431640625
9771226,73.18115234375
9771773,84.28955078125
9772342,77.45361328125
9773224,75.1953125
9774718,82.09228515625
9777124,80.078125
9777544,80.50537109375
9778074,81.0546875
9778607,78.67431640625
9779075,73.974609375
9779627,74.70703125
9780155,44.189453125
9780833,77.08740234375
9781539,85.5712890625
9782202,70.25146484375
9782903,85.205078125
9783364,88.80615234375
9783995,84.89990234375
9786274,90.9423828125
9786838,77.33154296875
9788496,81.1767578125
9789060,83.3740234375
9789623,85.205078125
9790216,74.70703125
9790807,79.28466796875
9791398,78.30810546875
9792068,33.447265625
9792734,78.7353515625
9793325,82.45849609375
9793955,82.03125
9794412,73.42529296875
9794932,78.18603515625
9795542,80.13916015625
9797755,88.5009765625
9798457,75.74462890625
9798913,74.27978515625
9799524,79.16259765625
9800057,80.74951171875
9800583,81.4208984375
9801140,78.4912109375
9801717,39.97802734375
9802474,78.18603515625
9803111,87.09716796875
9803620,83.6181640625
9804187,82.21435546875
9805462,81.298828125
9806039,78.0029296875
9808777,81.97021484375
9809422,88.43994140625
9809961,82.33642578125
9810493,78.0029296875
9811371,80.4443359375
9811871,79.16259765625
9812751,84.16748046875
9813184,87.21923828125
9813727,81.35986328125
9814261,80.74951171875
9814741,78.06396484375
9815372,84.65576171875
9816147,80.56640625
9816635,73.2421875
9817805,80.078125
9818309,84.3505859375
9819489,81.54296875
9819919,80.01708984375
9820369,77.880859375
9820972,80.62744140625
9821674,75.74462890625
9822377,82.8857421875
9822913,77.45361328125
9823552,82.45849609375
9824137,36.1328125
9827833,78.2470703125
9828479,87.95166015625
9829087,83.19091796875
9829601,79.77294921875
9830082,78.55224609375
9830593,89.29443359375
9831290,79.16259765625
9831856,82.09228515625
9832444,72.69287109375
9832982,82.3974609375
9833531,74.21875
9834253,80.4443359375
9834704,80.56640625
9835143,80.13916015625
9835597,69.76318359375
9836073,75.8056640625
9836700,74.27978515625
9837217,75.01220703125
9838217,81.84814453125
9838759,75.86669921875
9839554,86.60888671875
9840200,80.99365234375
9840683,79.1015625
9841598,71.533203125
9843486,90.6982421875
9844162,82.45849609375
9844679,78.125
9845291,81.35986328125
9845844,76.2939453125
9846417,74.76806640625
9846859,79.77294921875
9849152,72.57080078125
9849811,91.30859375
9850271,72.75390625
9850711,92.041015625
9852278,87.7685546875
9852720,79.40673828125
9854433,79.2236328125
9854827,78.857421875
9856800,69.51904296875
9857414,78.857421875
9858146,74.27978515625
9860406,41.93115234375
9860911,79.4677734375
9861371,82.3974609375
9861812,79.52880859375
9862316,72.20458984375
9863125,81.1767578125
9863752,45.71533203125
9864327,79.40673828125
9864984,80.56640625
9865653,84.1064453125
9866407,88.8671875
9866978,73.66943359375
9867649,77.69775390625
9868227,74.64599609375
9869453,78.369140625
9870079,77.880859375
9870674,80.62744140625
9871213,77.0263671875
9871700,82.82470703125
9872253,75.3173828125
9873982,91.00341796875
9874512,76.11083984375
9875096,78.55224609375
9876537,81.48193359375
9877934,83.740234375
9878507,80.99365234375
9879009,78.369140625
9880113,78.30810546875
9880702,78.9794921875
9881307,87.82958984375
9881745,80.322265625
9882342,78.125
9882976,78.43017578125
9883420,85.693359375
9885659,83.31298828125
9886222,81.35986328125
9886784,83.67919921875
9887210,77.33154296875
9888150,85.99853515625
9888652,75.1953125
9890248,85.02197265625
9890848,85.63232421875
9891452,78.06396484375
9892287,74.03564453125
9893677,35.94970703125
9894323,70.86181640625
9896294,86.36474609375
9896742,83.55712890625
9898269,81.54296875
9898823,83.6181640625
9900439,76.35498046875
9900988,79.28466796875
9901414,78.67431640625
9902700,78.06396484375
9903217,82.51953125
9903663,74.5849609375
9904224,70.00732421875
9904798,68.42041015625
9905290,77.45361328125
9905761,89.111328125
9908576,89.78271484375
9909064,80.01708984375
9910283,81.84814453125
9910978,81.0546875
9911964,36.62109375
9912415,85.693359375
9912873,82.03125
9913430,76.66015625
9915847,77.69775390625
9916477,78.857421875
9917073,82.51953125
9919363,76.2939453125
9919982,77.392578125
9921116,84.3505859375
9921689,76.171875
9922282,86.97509765625
9922965,84.1064453125
9923599,73.3642578125
9926403,87.82958984375
9927031,72.69287109375
9928642,80.01708984375
9929345,73.1201171875
9929900,79.833984375
9930616,78.79638671875
9931292,79.40673828125
9931873,82.09228515625
9933141,77.45361328125
9933748,78.91845703125
9934715,77.57568359375
9935376,79.2236328125
9936579,79.16259765625
9937118,80.13916015625
9937868,75.74462890625
9939618,81.84814453125
9940286,76.72119140625
9943089,82.51953125
9943561,84.1064453125
9944168,84.1064453125
9944711,85.8154296875
9945480,78.369140625
9946096,89.05029296875
9946652,79.16259765625
9947345,49.6826171875
9948013,81.72607421875
9951498,89.05029296875
9952044,82.45849609375
9952550,88.5009765625
9953553,78.43017578125
9954169,79.28466796875
9954808,75.439453125
9956386,83.8623046875
9957044,86.85302734375
9958537,82.8857421875
9959220,86.12060546875
9960019,75.62255859375
9960647,74.21875
9961118,83.8623046875
9961132,33.50830078125
9961162,44.98291015625
9961218,41.80908203125
9961246,73.42529296875
9961256,41.44287109375
9961304,89.2333984375
9961314,70.556640625
9961336,34.85107421875
9961349,39.48974609375
9961376,38.26904296875
9961392,35.82763671875
9961423,38.0859375
9961490,39.85595703125
9961524,35.21728515625
9962376,41.3818359375
9962453,36.07177734375
9962599,38.4521484375
9962669,35.33935546875
9962737,40.771484375
9962839,38.4521484375
9962870,38.330078125
9963015,36.07177734375
9963072,42.54150390625
9963171,39.794921875
9963235,34.3017578125
9963250,40.0390625
9963455,50.6591796875
9963551,35.5224609375
9963708,58.53271484375
9963870,33.87451171875
9963963,58.2275390625
9964102,39.48974609375
9964183,33.5693359375
9964248,71.77734375
9964522,67.81005859375
9964818,71.533203125
9964900,34.0576171875
9965281,71.2890625
9965713,71.83837890625
9974520,90.33203125
9975250,80.2001953125
9977254,81.23779296875
9977714,78.30810546875
9978119,78.369140625
9978554,79.345703125
9981847,76.7822265625
9982227,71.2890625
9983379,80.4443359375
9983967,80.99365234375
9984711,83.6181640625
9985177,81.11572265625
9986170,78.91845703125
9986720,82.70263671875
9989313,87.46337890625
9989799,76.35498046875
9990510,81.1767578125
9991101,74.5849609375
9994441,80.50537109375
9995215,85.205078125
9995791,77.08740234375
9997100,74.15771484375
9998486,82.275390625
9999306,76.11083984375
9999856,75.3173828125
10000547,73.54736328125
10001775,82.3974609375
10002378,79.9560546875
10006083,79.1015625
10006619,82.3974609375
10008334,87.2802734375
10008950,82.94677734375
10010653,73.79150390625
10011335,85.26611328125
10011836,74.70703125
10012274,82.94677734375
10014046,87.40234375
10014603,70.556640625
10015267,83.6181640625
10016232,74.462890625
10018389,81.11572265625
10018865,83.8623046875
10019638,75.98876953125
10020240,77.7587890625
10021690,35.888671875
10021793,77.880859375
10022384,77.69775390625
10023018,74.89013671875
10027047,89.84375
10027630,81.23779296875
10028141,40.283203125
10029402,77.1484375
10030552,84.8388671875
10032627,74.89013671875
10033921,77.33154296875
10034591,80.01708984375
10035302,81.54296875
10035866,85.02197265625
10040035,80.322265625
10040504,80.74951171875
10041302,82.58056640625
10041932,44.3115234375
10042496,78.91845703125
10043000,78.18603515625
10044558,75.37841796875
10045655,77.880859375
10046733,73.2421875
10049459,78.9794921875
10050056,80.62744140625
10050657,76.904296875
10052582,78.9794921875
10054095,81.787109375
10056696,85.205078125
10057163,77.0263671875
10057766,74.64599609375
10059038,77.2705078125
10059656,76.72119140625
10060730,72.93701171875
10062745,85.8154296875
10065922,95.21484375
10066412,76.72119140625
10066968,85.38818359375
10067469,82.94677734375
10070761,89.78271484375
10071753,81.1767578125
10073737,81.97021484375
10074252,78.61328125
10074859,78.55224609375
10078533,76.72119140625
10078959,83.8623046875
10079442,81.84814453125
10081861,89.84375
10084412,78.369140625
10086578,86.60888671875
10087172,76.23291015625
10089452,73.6083984375
10089881,84.28955078125
10091447,73.2421875
10092249,77.2705078125
10092890,88.92822265625
10096453,77.57568359375
10097008,83.1298828125
10099638,79.77294921875
10100219,84.65576171875
10100880,84.16748046875
10101449,82.1533203125
10102026,78.79638671875
10102814,84.47265625
10108982,78.857421875
10109494,80.26123046875
10112905,87.34130859375
10113420,79.16259765625
10114826,79.833984375
10115297,82.33642578125
10115820,79.52880859375
10119038,83.49609375
10119540,82.70263671875
10121475,87.158203125
10123671,80.50537109375
10125352,85.26611328125
10128129,85.3271484375
10128679,80.87158203125
10129136,83.92333984375
10134323,87.890625
10134879,82.09228515625
10135460,78.06396484375
10138164,82.1533203125
10138664,85.693359375
10139316,84.228515625
10142297,38.26904296875
10143369,87.95166015625
10145479,69.2138671875
10147634,91.552734375
10152094,79.4677734375
10153605,80.9326171875
10154135,80.078125
10155937,79.345703125
10156578,79.28466796875
10157789,71.044921875
10160675,82.03125
10161253,77.880859375
10164456,72.6318359375
10165065,80.50537109375
10165434,36.1328125
10165556,84.1064453125
10167647,91.49169921875
10173521,94.66552734375
10174689,80.2001953125
10175285,80.4443359375
10178162,40.52734375
10180529,88.68408203125
10185202,88.8671875
10186745,90.6982421875
10188882,80.38330078125
10192889,82.70263671875
10194743,81.1767578125
10198194,85.8154296875
10198495,42.54150390625
10198530,113.76953125
10198561,94.23828125
10198583,104.43115234375
10198614,62.6220703125
10198653,41.07666015625
10198669,34.66796875
10198742,34.7900390625
10199707,34.24072265625
10199834,36.865234375
10199931,39.4287109375
10199969,37.65869140625
10200045,38.9404296875
10200067,36.9873046875
10200144,36.7431640625
10200333,34.11865234375
10200396,35.5224609375
10200479,45.59326171875
10200661,36.92626953125
10200676,60.791015625
10200836,68.42041015625
10201046,37.04833984375
10201108,69.7021484375
10201321,60.48583984375
10201566,70.9228515625
10201880,66.83349609375
10202033,33.38623046875
10202138,67.7490234375
10202522,74.76806640625
10212786,89.111328125
10214619,82.94677734375
10221215,85.0830078125
10222237,80.810546875
10224831,87.646484375
10227719,83.984375
10230647,77.94189453125
10231103,86.42578125
10232304,82.09228515625
10236084,87.95166015625
10241574,89.35546875
10244155,78.61328125
10248654,92.59033203125
10253493,87.82958984375
10254081,81.6650390625
10261486,79.89501953125
10265037,88.07373046875
10267604,91.49169921875
10268171,77.63671875
10272686,80.99365234375
10274775,86.5478515625
10282667,82.82470703125
10283337,82.51953125
10301956,83.740234375
10302819,91.1865234375
10305975,95.64208984375
10309526,80.6884765625
10315379,88.5009765625
10320803,89.29443359375
10335994,98.14453125
10428833,94.17724609375
10552100,39.48974609375
10552159,38.818359375
10552239,42.48046875
10552274,50.78125
10552306,90.63720703125
10552337,74.52392578125
10552350,77.33154296875
10552380,65.4296875
10552406,35.888671875
10552440,53.1005859375
10552512,33.935546875
10552629,34.912109375
10553507,34.423828125
10553668,43.45703125
10553946,35.70556640625
10554001,34.912109375
10554104,49.01123046875
10554248,48.88916015625
10554271,34.24072265625
10554388,43.8232421875
10554542,34.423828125
10554747,45.83740234375
10555599,67.81005859375
10711149,42.3583984375
10711187,59.814453125
10711201,87.646484375
10711231,60.60791015625
10711257,46.7529296875
10711274,56.57958984375
10711299,46.9970703125
10711324,34.48486328125
10711394,33.63037109375
10712437,33.8134765625
10712538,54.0771484375
10712668,41.44287109375
10712855,38.75732421875
10712882,49.25537109375
10712937,33.87451171875
10713060,47.4853515625
10713134,45.10498046875
10713288,33.50830078125
10713300,67.19970703125
10713484,51.513671875
10713650,78.9794921875
10713685,39.00146484375
10713872,38.51318359375
10714336,34.1796875
10996510,54.26025390625
10996558,45.5322265625
10996603,106.14013671875
10996638,61.95068359375
10996653,45.10498046875
10996671,64.94140625
10996697,51.20849609375
10996718,39.73388671875
10996771,41.6259765625
10996843,35.400390625
10997966,36.2548828125
10998053,36.376953125
10998175,38.63525390625
10998236,35.33935546875
10998301,39.97802734375
10998402,38.14697265625
10998422,48.9501953125
10998556,42.8466796875
10998632,42.236328125
10998776,40.8935546875
10999044,35.5224609375
10999074,41.6259765625
10999510,65.4296875
10999718,33.5693359375
11000090,62.98828125
11000330,36.2548828125
11185752,36.2548828125
11238132,39.1845703125
11238271,76.7822265625
11238288,77.7587890625
11238310,43.88427734375
11238327,44.86083984375
11238338,56.396484375
11238356,44.43359375
11238373,43.02978515625
11238398,54.8095703125
11238415,39.36767578125
11238472,41.748046875
11239267,39.306640625
11239678,35.400390625
11239747,35.888671875
11239848,36.43798828125
11239926,34.7900390625
11239960,33.447265625
11240079,34.0576171875
11240167,38.330078125
11240283,36.62109375
11240298,49.1943359375
11240381,34.7900390625
11240401,38.6962890625
11240475,42.41943359375
11240493,35.2783203125
11240602,55.7861328125
11240765,38.51318359375
11241271,81.84814453125
11241505,39.61181640625
11329032,87.890625
11329452,85.14404296875
11364526,96.435546875
11364932,90.02685546875
11406022,90.087890625
11457122,42.724609375
11457196,43.39599609375
11457221,77.1484375
11457231,73.91357421875
11457265,72.69287109375
11457292,66.2841796875
11457308,58.65478515625
11457325,47.05810546875
11457353,55.96923828125
11458671,38.14697265625
11458709,36.80419921875
11458896,52.6123046875
11458906,38.39111328125
11459014,45.83740234375
11459086,34.48486328125
11459158,40.10009765625
11459315,47.119140625
11459486,69.9462890625
11459652,60.4248046875
11511023,95.15380859375
11528191,81.84814453125
11528499,97.47314453125
11528869,84.5947265625
11529672,82.33642578125
11530083,84.9609375
11540780,93.6279296875
11550954,94.78759765625
11564623,96.8017578125
11564967,80.13916015625
11565341,83.6181640625
11590033,84.77783203125
11591059,94.23828125
11592152,89.111328125
11592704,84.228515625
11611022,83.3740234375
11675670,96.5576171875
11676240,84.28955078125
11703087,100.15869140625
11708793,36.07177734375
11708910,61.58447265625
11708950,34.97314453125
11708962,81.48193359375
11708995,52.79541015625
11709021,36.7431640625
11709040,34.97314453125
11709050,57.92236328125
11709086,36.43798828125
11710384,33.87451171875
11710506,36.4990234375
11710524,34.5458984375
11710618,42.54150390625
11710673,34.60693359375
11710757,34.66796875
11710834,34.66796875
11710864,34.423828125
11710905,43.45703125
11710954,33.38623046875
11711101,49.25537109375
11711298,57.55615234375
11711508,64.208984375
11747104,92.8955078125
11750517,91.796875
11750850,91.064453125
11761677,87.09716796875
11762076,94.6044921875
11767900,85.14404296875
11775772,85.02197265625
11776624,85.0830078125
11778266,43.27392578125
11780884,83.49609375
11791187,85.9375
11791528,86.73095703125
11791881,90.75927734375
11792291,90.14892578125
11792716,87.5244140625
11803179,90.51513671875
11803513,96.19140625
11810358,34.24072265625
11814343,93.56689453125
11814767,86.9140625
11825111,82.70263671875
11825396,83.06884765625
11825881,89.7216796875
11826385,79.16259765625
11838474,85.99853515625
11839175,90.9423828125
11849532,90.51513671875
11849899,84.1064453125
11850320,88.0126953125
11850813,91.24755859375
11852711,89.599609375
11859690,93.3837890625
11860065,77.7587890625
11869719,90.51513671875
11870000,96.5576171875
11870474,86.97509765625
11877711,95.21484375
11886259,78.55224609375
11886595,88.9892578125
11886914,94.8486328125
11887408,91.064453125
11896097,89.78271484375
11896642,90.88134765625
11906527,91.49169921875
11906891,80.078125
11908432,81.11572265625
11908985,93.1396484375
11916750,93.32275390625
11917129,92.22412109375
11917549,88.43994140625
11921937,94.6044921875
11929434,96.74072265625
11929741,88.7451171875
11930129,86.0595703125
11930552,85.26611328125
11938935,83.251953125
11939279,79.40673828125
11939630,89.41650390625
11941246,78.79638671875
11946452,81.4208984375
11946907,89.35546875
11957157,96.6796875
11959680,39.85595703125
11970559,36.56005859375
11970605,43.701171875
11970617,117.431640625
11970654,75.13427734375
11970667,46.2646484375
11970703,49.560546875
11970716,36.80419921875
11970736,45.0439453125
11970761,33.447265625
11972132,35.15625
11972145,39.12353515625
11972263,34.7900390625
11972299,41.015625
11972363,36.80419921875
11972590,50.96435546875
11972790,57.0068359375
11973002,58.59375
11973192,56.7626953125
11973389,55.908203125
