11999000,0
44778,48.33984375
44825,38.2080078125
44931,47.7294921875
45037,37.29248046875
163102,41.259765625
163166,38.330078125
163256,46.0205078125
163352,47.18017578125
318164,45.47119140625
318179,40.1611328125
318219,47.18017578125
318398,41.44287109375
323068,38.39111328125
492969,36.62109375
498590,37.17041015625
609261,40.58837890625
609316,37.90283203125
609381,44.677734375
609480,36.56005859375
609930,38.4521484375
713652,46.7529296875
713723,40.283203125
713807,45.10498046875
714711,37.17041015625
791752,41.80908203125
791767,38.87939453125
791868,42.05322265625
791943,47.7294921875
792336,36.9873046875
995175,43.9453125
995191,49.1943359375
995318,45.83740234375
995413,37.29248046875
999595,41.1376953125
1112319,52.978515625
1112576,38.0859375
1209728,57.12890625
1209833,36.56005859375
1219855,39.1845703125
1219870,37.841796875
1220152,40.0390625
1466467,38.6962890625
1466486,59.5703125
1466527,39.00146484375
1466562,37.04833984375
1466621,45.0439453125
1466710,36.80419921875
1653888,39.00146484375
1653916,45.59326171875
1654132,37.41455078125
1658013,36.56005859375
1658754,38.2080078125
1659375,41.07666015625
1764572,47.119140625
1764714,49.98779296875
1764809,39.55078125
1925664,36.865234375
1925700,39.85595703125
1925801,49.86572265625
1929376,36.80419921875
2117805,44.25048828125
2117837,45.166015625
2117860,36.62109375
2117945,49.13330078125
2118035,39.36767578125
2122288,38.0859375
2124033,38.4521484375
2160202,39.6728515625
2163678,37.78076171875
2305761,40.58837890625
2305913,37.9638671875
2480273,52.001953125
2480369,37.53662109375
2641776,43.02978515625
2641818,37.53662109375
2641997,40.58837890625
2646832,39.36767578125
2653452,47.79052734375
2653569,42.90771484375
2653696,36.865234375
2898503,36.865234375
2898538,48.03466796875
2898604,44.49462890625
2898657,37.65869140625
2909289,38.0859375
2909322,37.65869140625
2909461,44.73876953125
2909592,39.794921875
3156644,36.62109375
3156670,41.9921875
3156753,42.41943359375
3161935,38.51318359375
3162841,39.0625
3168307,39.97802734375
3168333,40.52734375
3168357,38.330078125
3168459,50.29296875
3321614,51.33056640625
3321685,39.55078125
3321745,46.0205078125
3327420,37.4755859375
3454203,43.51806640625
3454219,38.39111328125
3454332,38.63525390625
3454348,40.58837890625
3716470,39.85595703125
3716511,45.0439453125
3716601,38.14697265625
3716689,37.59765625
3796412,37.90283203125
3796471,41.32080078125
3796515,37.9638671875
3796576,42.1142578125
3796685,39.36767578125
3950664,38.818359375
3950687,36.62109375
3950795,43.76220703125
3950886,37.4755859375
4041321,39.0625
4041436,38.9404296875
4041457,40.771484375
4045207,36.80419921875
4053421,41.80908203125
4053472,40.771484375
4053600,53.7109375
4300472,44.49462890625
4300515,36.7431640625
4465301,41.1376953125
4465334,41.68701171875
4465382,38.26904296875
4465432,40.22216796875
4672575,60.24169921875
4672716,38.818359375
4672805,47.30224609375
4726151,43.8232421875
4726290,42.17529296875
4726338,37.9638671875
4727474,37.841796875
4890268,41.44287109375
4890349,60.546875
4892491,37.109375
4895054,38.39111328125
4895373,37.65869140625
4896182,39.4287109375
5064272,41.9921875
5064306,38.02490234375
5064414,45.41015625
5069903,39.12353515625
5236901,37.65869140625
5236943,39.85595703125
5237039,43.15185546875
5237129,37.17041015625
5242859,37.17041015625
5405732,40.283203125
5405764,50.10986328125
5405861,49.072265625
5657500,44.5556640625
5657731,36.92626953125
5664595,38.2080078125
5789207,40.4052734375
5789259,41.6259765625
5789340,42.236328125
5789440,41.44287109375
5965291,44.25048828125
5965413,38.75732421875
5965512,41.6259765625
5971523,36.62109375
6121874,53.955078125
6122108,40.4052734375
6300210,41.93115234375
6300327,40.22216796875
6305586,40.52734375
6307195,37.17041015625
6424472,37.78076171875
6424487,40.34423828125
6424604,41.56494140625
6424700,40.95458984375
6426268,36.865234375
6562726,39.794921875
6562792,41.748046875
6562862,52.001953125
6644259,42.3583984375
6644274,46.875
6644340,40.58837890625
6644426,42.29736328125
6862493,37.59765625
6862530,55.35888671875
6862614,38.57421875
7085797,37.7197265625
7085817,40.1611328125
7085854,40.83251953125
7091288,36.865234375
7291493,44.00634765625
7291540,40.95458984375
7291708,37.2314453125
7500284,37.841796875
7500321,43.0908203125
7500408,38.26904296875
7507369,36.80419921875
7790079,43.5791015625
7790201,46.81396484375
7790290,37.109375
7796134,39.73388671875
7802454,36.9873046875
8046334,37.41455078125
8160612,38.330078125
8160753,46.9970703125
8160858,44.37255859375
8419666,44.00634765625
8420047,36.56005859375
8426006,37.353515625
8696697,36.56005859375
8696790,36.7431640625
8908891,41.56494140625
8908940,36.80419921875
8909013,36.92626953125
9061027,39.55078125
9066404,39.73388671875
9237518,37.78076171875
9237624,44.49462890625
9367502,39.794921875
9367640,42.41943359375
9556555,40.71044921875
9556647,41.8701171875
9735751,36.62109375
9735885,37.41455078125
9741745,38.0859375
9961385,38.9404296875
9967756,36.56005859375
10198554,39.97802734375
10198580,49.62158203125
10198662,50.47607421875
10552340,38.330078125
10552454,45.41015625
10552546,37.17041015625
10711365,39.85595703125
10717967,39.00146484375
10719778,39.61181640625
10996646,44.189453125
10996687,38.63525390625
10996780,42.90771484375
11238305,36.62109375
11238368,46.08154296875
11238470,37.59765625
11238563,37.53662109375
11457411,44.7998046875
11463584,38.39111328125
11465403,36.62109375
11708975,41.6259765625
11709000,41.3818359375
11709040,40.22216796875
11709107,38.51318359375
11970639,38.75732421875
11970649,39.306640625
