11999000,0
12833,39.12353515625
44790,41.015625
44885,34.60693359375
44954,30.82275390625
46210,31.18896484375
77658,46.7529296875
81454,32.16552734375
116668,31.31103515625
163129,43.51806640625
163206,29.72412109375
163263,30.8837890625
164071,30.57861328125
187478,35.82763671875
212448,42.05322265625
263165,39.0625
282831,45.47119140625
287962,34.85107421875
318195,35.888671875
318308,32.958984375
319032,29.9072265625
381957,34.36279296875
404883,38.330078125
493001,31.8603515625
494004,36.07177734375
494281,31.494140625
595435,37.04833984375
609263,49.25537109375
609334,33.0810546875
609386,30.57861328125
610020,33.0810546875
688148,32.28759765625
713699,40.771484375
713773,37.17041015625
739053,37.04833984375
758022,29.541015625
771035,35.0341796875
776647,31.55517578125
791840,38.75732421875
791915,36.2548828125
791961,32.04345703125
792023,30.029296875
823116,40.4052734375
905488,42.236328125
911471,32.3486328125
956352,35.7666015625
995182,43.8232421875
995263,29.60205078125
995327,32.65380859375
996082,29.60205078125
1014373,31.6162109375
1024217,32.40966796875
1112342,41.8701171875
1112415,31.92138671875
1113267,32.16552734375
1113455,33.0810546875
1113839,31.55517578125
1131239,31.8603515625
1146087,35.58349609375
1152783,37.4755859375
1189280,31.55517578125
1208555,35.0341796875
1209782,34.72900390625
1210600,33.3251953125
1219009,32.16552734375
1219944,35.21728515625
1220062,31.8603515625
1220173,30.6396484375
1304683,37.29248046875
1397826,34.97314453125
1407369,36.1328125
1432927,40.22216796875
1441386,34.7900390625
1466157,32.5927734375
1466436,34.0576171875
1466549,33.8134765625
1503329,31.25
1511476,31.1279296875
1536717,33.3251953125
1597907,33.75244140625
1653442,37.2314453125
1653925,36.07177734375
1653982,31.92138671875
1684114,35.82763671875
1764564,40.10009765625
1764654,34.5458984375
1816180,35.33935546875
1825654,35.94970703125
1924797,33.3251953125
1925673,30.76171875
1925756,33.38623046875
1926627,30.45654296875
1926806,33.203125
1926949,30.8837890625
1970232,31.43310546875
1982209,40.10009765625
2002224,30.3955078125
2054428,38.26904296875
2069489,37.53662109375
2117507,31.06689453125
2117762,36.56005859375
2117881,42.1142578125
2141803,36.62109375
2160110,29.84619140625
2201590,36.62109375
2209612,31.43310546875
2253701,42.66357421875
2258837,37.2314453125
2288828,30.57861328125
2305796,29.9072265625
2306641,36.1328125
2328245,32.16552734375
2360218,38.87939453125
2378173,32.3486328125
2412673,34.60693359375
2460378,36.4990234375
2480159,37.109375
2480219,32.1044921875
2481058,32.71484375
2481335,32.1044921875
2502420,36.7431640625
2519475,36.7431640625
2526392,35.94970703125
2533280,35.21728515625
2546298,30.45654296875
2606725,32.77587890625
2617927,38.2080078125
2641244,36.376953125
2641780,37.90283203125
2641853,31.1279296875
2642682,31.25
2653314,37.9638671875
2653425,36.7431640625
2691475,36.7431640625
2715650,29.96826171875
2763348,37.7197265625
2776173,36.31591796875
2829205,30.45654296875
2898490,38.02490234375
2898561,31.73828125
2899303,32.2265625
2909007,35.21728515625
2909410,39.0625
2909495,32.77587890625
2969888,35.58349609375
3058835,33.26416015625
3121744,30.2734375
3156677,36.4990234375
3156736,36.7431640625
3157670,29.541015625
3157837,29.96826171875
3168303,30.76171875
3168436,29.60205078125
3168554,30.2734375
3196916,40.0390625
3203229,34.24072265625
3228599,39.4287109375
3321673,34.72900390625
3322450,29.96826171875
3346182,35.15625
3386938,31.18896484375
3432962,32.470703125
3443817,35.7666015625
3443896,33.69140625
3444837,30.82275390625
3453939,35.64453125
3454284,39.24560546875
3499532,33.50830078125
3512438,33.935546875
3616974,31.79931640625
3679221,35.15625
3706608,33.38623046875
3716483,37.04833984375
3716554,30.1513671875
3726324,39.6728515625
3744049,32.77587890625
3753688,32.28759765625
3773168,32.8369140625
3796376,36.80419921875
3796479,34.24072265625
3796579,34.5458984375
3817969,31.6162109375
3840039,30.45654296875
3856719,34.912109375
3872897,30.8837890625
3885435,31.73828125
3950522,45.34912109375
3950701,33.203125
3951744,31.06689453125
3958261,31.6162109375
3977806,34.24072265625
3990791,35.21728515625
4003697,38.39111328125
4041229,36.62109375
4041383,36.4990234375
4041452,30.2734375
4042417,31.494140625
4053423,31.8603515625
4053536,36.68212890625
4214289,34.0576171875
4257278,34.5458984375
4265256,32.8369140625
4285478,39.4287109375
4300313,30.21240234375
4300393,30.09033203125
4311145,35.70556640625
4323663,36.1328125
4357186,39.85595703125
4371537,33.26416015625
4388084,31.79931640625
4397810,37.78076171875
4465342,38.0859375
4465410,33.02001953125
4473677,35.400390625
4492106,33.63037109375
4614776,33.14208984375
4672564,29.60205078125
4672659,29.541015625
4695092,32.3486328125
4698653,30.8837890625
4710618,31.982421875
4718362,36.80419921875
4726235,38.4521484375
4726326,30.82275390625
4772243,33.38623046875
4784889,36.68212890625
4798953,36.1328125
4870188,32.77587890625
4889591,31.31103515625
4890243,33.75244140625
4890303,31.67724609375
4909315,32.958984375
5017240,35.0341796875
5064316,46.875
5064382,33.69140625
5065185,32.28759765625
5092694,41.07666015625
5100190,37.841796875
5120600,31.18896484375
5236919,31.3720703125
5236985,30.76171875
5261412,30.45654296875
5405681,39.00146484375
5405788,29.96826171875
5405840,29.78515625
5436772,38.0859375
5438679,38.6962890625
5442691,33.02001953125
5475133,32.40966796875
5476212,42.66357421875
5576957,31.25
5587023,30.029296875
5657496,34.1796875
5657572,30.94482421875
5674408,29.6630859375
5688487,36.7431640625
5703646,30.8837890625
5708782,31.55517578125
5755262,33.63037109375
5789205,33.5693359375
5789344,37.109375
5797157,30.1513671875
5836905,38.26904296875
5858134,35.15625
5894430,36.80419921875
5965287,36.80419921875
5965360,34.36279296875
6003864,39.0625
6025590,31.92138671875
6034693,30.517578125
6076488,33.8134765625
6121226,35.888671875
6121916,38.26904296875
6121994,29.78515625
6228244,34.423828125
6300161,34.0576171875
6300284,29.96826171875
6300344,34.0576171875
6320585,30.029296875
6328568,34.60693359375
6357393,38.26904296875
6381115,38.02490234375
6401426,34.66796875
6424494,35.2783203125
6457160,36.4990234375
6544553,34.912109375
6562783,37.353515625
6562846,34.1796875
6563845,29.84619140625
6589771,36.31591796875
6644283,40.83251953125
6644360,32.53173828125
6645164,31.43310546875
6645789,33.50830078125
6756205,36.7431640625
6775911,36.80419921875
6810638,33.69140625
6831655,29.84619140625
6862234,32.16552734375
6862540,42.8466796875
6862597,37.78076171875
6863549,31.25
6863704,30.33447265625
6882906,33.935546875
6904614,31.79931640625
7011704,32.3486328125
7085801,29.541015625
7085878,30.82275390625
7087289,31.982421875
7115819,33.8134765625
7161789,34.3017578125
7164769,31.982421875
7271426,34.72900390625
7291521,38.63525390625
7291585,29.60205078125
7292661,29.60205078125
7293517,31.43310546875
7293771,29.6630859375
7340922,37.65869140625
7346311,38.57421875
7434342,29.96826171875
7483256,35.46142578125
7500310,36.376953125
7500371,35.21728515625
7551470,29.9072265625
7556450,34.423828125
7757797,36.07177734375
7790102,37.41455078125
7790164,34.72900390625
7790211,34.423828125
7802363,29.6630859375
7802472,36.0107421875
8045779,36.376953125
8046235,32.5927734375
8047150,29.541015625
8160742,31.06689453125
8160798,34.912109375
8419254,37.04833984375
8419700,43.39599609375
8419768,35.33935546875
8420729,31.1279296875
8420887,32.16552734375
8696166,32.77587890625
8696659,29.72412109375
8698561,31.92138671875
8720754,30.82275390625
8908488,39.00146484375
8908907,35.70556640625
8909031,29.541015625
8909917,29.541015625
8944352,41.32080078125
9060931,34.97314453125
9061004,30.517578125
9161020,31.494140625
9197866,40.10009765625
9237521,35.5224609375
9237581,29.6630859375
9367544,32.5927734375
9556441,32.1044921875
9556520,30.57861328125
9557510,29.78515625
9557640,31.25
9603202,36.865234375
9735330,31.67724609375
9735791,38.9404296875
9735857,31.31103515625
9961337,36.92626953125
9961396,31.005859375
10188259,32.3486328125
10198341,36.19384765625
10198512,33.26416015625
10199575,30.94482421875
10552353,34.85107421875
10600889,34.5458984375
10628937,37.17041015625
10663410,34.66796875
10689976,35.94970703125
10710844,36.07177734375
10711240,34.36279296875
10902090,30.82275390625
10946300,34.912109375
10953859,32.53173828125
10996335,30.2734375
10996566,36.0107421875
10996652,30.45654296875
10997957,29.6630859375
11035748,36.92626953125
11237920,35.7666015625
11238358,34.97314453125
11238416,31.06689453125
11249740,36.07177734375
11457359,33.14208984375
11709018,32.5927734375
11709078,29.84619140625
11970244,31.79931640625
11970558,37.2314453125
11970659,33.0810546875
