11999000,0
44865,33.63037109375
44934,33.5693359375
47327,30.21240234375
163193,34.3017578125
163257,31.8603515625
164007,31.25
318252,42.96875
318303,34.97314453125
320740,40.71044921875
493049,32.470703125
493070,42.17529296875
493139,37.65869140625
493925,33.8134765625
609317,40.34423828125
611788,30.3955078125
612087,31.6162109375
713827,31.55517578125
716597,29.9072265625
791880,38.75732421875
794365,30.1513671875
995268,42.3583984375
995325,36.9873046875
998077,34.3017578125
1112405,32.89794921875
1114794,29.6630859375
1209801,41.07666015625
1209875,31.982421875
1212372,36.07177734375
1219961,30.3955078125
1220057,34.60693359375
1220167,29.35791015625
1221812,34.1796875
1466532,36.56005859375
1467764,29.35791015625
1469266,30.45654296875
1469807,33.02001953125
1653972,29.72412109375
1654025,37.29248046875
1656563,29.4189453125
1764653,33.5693359375
1764709,30.6396484375
1925736,49.31640625
1925792,33.203125
1925836,32.65380859375
1926633,36.865234375
1927874,32.2265625
1928075,29.541015625
1928344,29.72412109375
2117863,31.55517578125
2117978,32.470703125
2120413,30.33447265625
2160035,32.8369140625
2160116,40.22216796875
2160188,44.7998046875
2160243,30.029296875
2162351,31.31103515625
2305840,31.494140625
2308776,31.31103515625
2480195,44.49462890625
2480256,30.57861328125
2641840,42.05322265625
2641891,35.21728515625
2644559,37.04833984375
2653317,35.400390625
2653428,35.09521484375
2653535,34.7900390625
2898539,36.4990234375
2898587,32.8369140625
2901254,29.23583984375
2909406,33.63037109375
3156716,31.43310546875
3156768,30.94482421875
3159281,29.78515625
3168349,33.935546875
3168465,30.82275390625
3168541,29.23583984375
3170637,30.57861328125
3321678,38.9404296875
3321737,31.79931640625
3324789,30.09033203125
3443891,34.3017578125
3443942,37.41455078125
3446543,29.84619140625
3454297,31.6162109375
3454386,29.60205078125
3716549,31.55517578125
3719465,30.82275390625
3796497,33.935546875
3796562,31.6162109375
3950715,37.65869140625
3950764,32.89794921875
3953202,30.21240234375
3953417,29.47998046875
3953687,30.94482421875
4041366,35.15625
4041427,30.6396484375
4044274,29.541015625
4053497,32.3486328125
4053600,32.65380859375
4055684,33.0810546875
4300357,36.31591796875
4300435,29.78515625
4303517,31.18896484375
4465384,38.26904296875
4467829,29.052734375
4468579,32.89794921875
4672648,31.06689453125
4672715,34.5458984375
4674825,31.005859375
4726253,33.87451171875
4726335,29.296875
4726397,30.09033203125
4890286,31.67724609375
4890412,29.78515625
4893250,29.9072265625
5064365,45.95947265625
5064417,30.09033203125
5067226,32.89794921875
5236979,39.55078125
5405796,34.24072265625
5657574,41.015625
5657626,31.18896484375
5660312,30.517578125
5660605,30.1513671875
5789283,31.79931640625
5789339,32.28759765625
5789399,38.2080078125
5792151,32.28759765625
5965345,41.015625
5965396,29.60205078125
5968398,32.16552734375
6121968,35.5224609375
6122018,30.70068359375
6125008,32.71484375
6300284,33.75244140625
6300335,40.771484375
6424537,37.78076171875
6424553,29.4189453125
6424591,32.04345703125
6427107,29.96826171875
6427417,30.94482421875
6562863,30.09033203125
6565953,32.8369140625
6644391,33.8134765625
6862547,34.48486328125
6862569,29.35791015625
6862601,31.43310546875
7088767,29.23583984375
7089376,30.1513671875
7291569,31.67724609375
7500368,36.2548828125
7500398,29.96826171875
7503213,28.9306640625
7790155,30.70068359375
7802380,40.83251953125
7802483,35.21728515625
8046274,32.28759765625
8046325,38.818359375
8049344,29.296875
8105638,28.9306640625
8160708,38.330078125
8160759,36.376953125
8419794,29.9072265625
8419820,35.21728515625
8422566,29.296875
8422764,30.029296875
8696645,37.29248046875
8908959,30.57861328125
8909025,39.1845703125
8911834,29.4189453125
8912017,30.57861328125
9060998,32.04345703125
9061051,34.5458984375
9064159,32.77587890625
9237575,36.1328125
9237625,39.61181640625
9240569,30.57861328125
9367589,34.85107421875
9367644,32.5927734375
9370803,29.35791015625
9556503,39.6728515625
9556556,37.9638671875
9735822,34.48486328125
9735896,31.67724609375
9961399,38.9404296875
9961452,29.9072265625
10198487,36.07177734375
10198577,44.25048828125
10198630,31.3720703125
10552422,33.02001953125
10552482,34.85107421875
10555581,32.1044921875
10555936,31.982421875
10711284,30.57861328125
10711344,31.005859375
10996704,41.19873046875
11238415,33.99658203125
11238455,33.447265625
11241615,31.92138671875
11241937,29.1748046875
11457359,40.10009765625
11457430,31.18896484375
11460625,31.982421875
11709058,31.1279296875
11970630,32.8369140625
11970710,32.40966796875
11970750,30.21240234375
11974005,33.99658203125
