11999000,0
44466,42.1142578125
44615,34.72900390625
162924,45.22705078125
163881,35.888671875
173405,45.34912109375
317931,51.025390625
318008,54.50439453125
318236,33.63037109375
332914,41.1376953125
492799,44.49462890625
492870,36.4990234375
493781,39.61181640625
502987,40.22216796875
608941,43.45703125
609118,34.48486328125
637007,51.3916015625
713384,47.66845703125
713493,48.7060546875
713690,35.400390625
714700,33.75244140625
791403,39.6728515625
791527,38.39111328125
791672,34.3017578125
994940,44.3115234375
995009,37.53662109375
1092221,38.2080078125
1112053,45.95947265625
1112153,40.8935546875
1209307,40.6494140625
1209413,34.48486328125
1209560,38.330078125
1211026,41.6259765625
1211355,37.841796875
1219477,36.4990234375
1219967,32.958984375
1252975,51.7578125
1253267,43.8232421875
1466349,49.9267578125
1536228,41.259765625
1653705,40.71044921875
1654015,34.36279296875
1655034,34.85107421875
1664903,43.0908203125
1764114,41.748046875
1764187,38.39111328125
1764418,39.55078125
1764512,35.400390625
1925400,47.54638671875
1925481,35.33935546875
1925571,36.376953125
1926478,33.935546875
2117689,49.4384765625
2118829,33.0810546875
2159452,40.34423828125
2159735,39.97802734375
2159857,36.865234375
2192714,46.7529296875
2192954,39.9169921875
2199436,53.3447265625
2305419,39.85595703125
2305491,40.1611328125
2305617,39.6728515625
2306685,34.0576171875
2319363,44.73876953125
2479877,45.22705078125
2480199,33.935546875
2480260,33.203125
2480982,35.58349609375
2492421,41.68701171875
2641567,45.95947265625
2642746,36.0107421875
2643261,35.400390625
2652541,46.32568359375
2653069,38.0859375
2665356,37.41455078125
2747063,45.10498046875
2779472,42.66357421875
2898332,43.39599609375
2898392,38.39111328125
2898538,42.1142578125
2899512,34.11865234375
2908071,40.10009765625
2909173,39.36767578125
3156298,49.37744140625
3156395,38.39111328125
3168198,33.3251953125
3169939,33.8134765625
3321407,50.1708984375
3321483,38.14697265625
3333407,39.6728515625
3345707,38.0859375
3443552,48.583984375
3443635,34.48486328125
3453545,40.8935546875
3634873,43.76220703125
3716287,37.7197265625
3716381,43.39599609375
3726929,40.83251953125
3795928,42.66357421875
3796028,33.38623046875
3796325,40.22216796875
3807038,36.9873046875
3893314,45.10498046875
3949726,49.74365234375
3950060,41.32080078125
3950572,41.07666015625
3950824,33.3251953125
3951639,33.5693359375
3963933,44.677734375
4040603,44.37255859375
4040982,41.56494140625
4041225,50.23193359375
4053236,41.93115234375
4300203,36.62109375
4323412,40.22216796875
4465087,39.794921875
4465176,34.7900390625
4465394,40.4052734375
4480792,40.6494140625
4576321,41.259765625
4672317,49.13330078125
4691810,50.47607421875
4725962,40.10009765625
4726051,33.5693359375
4726343,35.2783203125
4727477,32.958984375
4742009,41.1376953125
4833192,40.83251953125
4889958,42.66357421875
4890015,34.5458984375
4890270,36.1328125
4901797,42.724609375
4906777,50.47607421875
5064099,42.41943359375
5064350,35.64453125
5064516,33.02001953125
5065425,35.400390625
5236660,42.48046875
5238853,32.958984375
5250641,39.00146484375
5405468,41.93115234375
5405581,36.92626953125
5434228,44.25048828125
5484975,37.841796875
5657251,49.62158203125
5657374,35.94970703125
5669522,40.10009765625
5679429,49.072265625
5788946,45.34912109375
5965017,42.54150390625
5965122,50.47607421875
5965394,39.9169921875
5979260,36.31591796875
5979487,47.2412109375
5992003,37.78076171875
6121556,45.59326171875
6121785,39.61181640625
6193308,46.08154296875
6299955,53.52783203125
6300039,46.875
6300391,37.353515625
6301370,33.8134765625
6310846,42.17529296875
6424132,49.37744140625
6436990,42.54150390625
6562431,47.30224609375
6562566,44.37255859375
6562904,35.82763671875
6575084,35.15625
6643881,42.48046875
6643959,33.203125
6644143,38.75732421875
6656086,41.1376953125
6862341,43.45703125
6862539,33.26416015625
6873451,37.78076171875
6884601,42.724609375
7085660,52.978515625
7085729,36.1328125
7104338,37.353515625
7104530,38.9404296875
7127130,41.19873046875
7127397,44.86083984375
7127525,38.63525390625
7291257,40.6494140625
7291336,34.423828125
7291558,35.5224609375
7319527,37.353515625
7344010,37.78076171875
7500059,44.43359375
7515520,36.7431640625
7789803,43.3349609375
7790001,37.53662109375
7790143,35.400390625
7801644,42.1142578125
7801853,36.376953125
7814491,38.14697265625
7820091,38.75732421875
7823667,45.22705078125
8046111,41.56494140625
8057914,39.55078125
8160202,37.353515625
8160316,34.11865234375
8160482,36.7431640625
8175331,45.2880859375
8419512,49.6826171875
8419825,33.203125
8434738,42.6025390625
8434988,39.306640625
8446116,42.724609375
8446410,41.748046875
8590245,42.1142578125
8696463,42.236328125
8696524,41.07666015625
8729548,47.7294921875
8729798,33.26416015625
8739980,42.41943359375
8740327,37.353515625
8908686,43.212890625
8908762,37.65869140625
8923640,38.14697265625
8951001,43.88427734375
9060707,43.88427734375
9060797,36.43798828125
9075256,39.306640625
9075464,39.12353515625
9175161,41.8701171875
9237259,42.17529296875
9237338,35.5224609375
9327822,44.37255859375
9367210,44.12841796875
9367284,38.26904296875
9367450,35.33935546875
9392219,44.43359375
9556144,40.52734375
9557302,38.63525390625
9557876,33.69140625
9571966,45.22705078125
9572231,42.48046875
9579856,41.748046875
9735552,41.56494140625
9735795,33.5693359375
9735900,35.09521484375
9960981,37.53662109375
9974753,43.9453125
9999163,44.0673828125
10021533,43.27392578125
10021790,44.43359375
10165473,43.8232421875
10198505,37.90283203125
10235679,37.4755859375
10552080,40.71044921875
10552167,37.90283203125
10711000,47.7294921875
10723617,37.17041015625
10731483,39.4287109375
10751570,38.51318359375
10996537,44.7998046875
10996786,35.21728515625
11008817,40.71044921875
11018490,46.38671875
11185819,37.78076171875
11238148,50.59814453125
11238213,35.7666015625
11238422,32.958984375
11254613,41.93115234375
11254870,42.29736328125
11457126,41.259765625
11473669,45.83740234375
11474027,40.52734375
11489182,39.4287109375
11495446,41.9921875
11708849,44.921875
11724448,37.4755859375
11970576,35.33935546875
