11999000,0
21975,17.39501953125
22139,16.9677734375
51981,17.4560546875
52211,18.9208984375
81134,16.90673828125
103831,16.845703125
104136,18.06640625
105223,17.08984375
105627,18.5546875
115488,18.24951171875
115589,18.12744140625
115660,18.4326171875
134665,18.9208984375
134966,17.7001953125
137021,19.71435546875
137989,17.578125
138176,17.822265625
172021,18.9208984375
172069,17.08984375
179510,17.02880859375
179836,20.1416015625
179889,17.578125
181104,17.63916015625
181296,17.02880859375
182575,18.24951171875
183702,17.4560546875
183928,17.7001953125
184177,18.37158203125
184432,17.76123046875
248468,17.578125
248497,17.9443359375
248543,17.27294921875
249034,18.06640625
249617,17.9443359375
340983,17.08984375
341031,20.751953125
341262,16.845703125
441288,17.27294921875
466097,17.15087890625
488332,17.15087890625
489628,17.15087890625
530107,18.310546875
530375,16.90673828125
530943,16.90673828125
531526,19.47021484375
532755,16.90673828125
533701,21.17919921875
576449,19.1650390625
578154,18.9208984375
578188,18.06640625
578440,21.3623046875
583319,17.08984375
583399,17.08984375
585083,18.98193359375
622881,18.5546875
624355,22.5830078125
625451,17.2119140625
628307,17.2119140625
673011,17.333984375
674899,17.2119140625
675145,17.2119140625
710919,18.6767578125
713005,16.9677734375
746464,18.310546875
746868,18.00537109375
747566,21.240234375
748258,16.9677734375
754493,18.5546875
787935,16.9677734375
831206,20.263671875
831684,16.845703125
889821,16.9677734375
889862,19.04296875
889943,18.24951171875
890754,18.06640625
891991,18.1884765625
892783,18.49365234375
893356,20.1416015625
988428,17.39501953125
988497,17.9443359375
1027590,17.27294921875
1027675,18.49365234375
1079251,17.63916015625
1079324,17.27294921875
1146737,17.08984375
1146856,20.01953125
1231524,17.02880859375
1232327,22.39990234375
1288585,18.24951171875
1288735,17.76123046875
1328704,17.88330078125
1331412,19.47021484375
1332969,17.08984375
1367100,17.27294921875
1368843,19.10400390625
1371980,17.08984375
1373811,17.02880859375
1403633,18.1884765625
1404134,19.10400390625
1406304,17.02880859375
1441953,17.76123046875
1442602,16.845703125
1457064,23.62060546875
1457191,17.7001953125
1512147,16.845703125
1515465,18.24951171875
1558448,17.02880859375
1558836,17.02880859375
1560705,17.39501953125
1560766,18.5546875
1561689,18.37158203125
1578573,18.00537109375
1578775,17.63916015625
1579830,16.9677734375
1584660,20.5078125
1600740,17.15087890625
1600774,17.76123046875
1601027,19.775390625
1632209,18.4326171875
1632256,18.1884765625
1632301,17.88330078125
1632350,16.845703125
1632400,17.39501953125
1632600,17.63916015625
1632729,18.37158203125
1662795,17.333984375
1663152,18.37158203125
1663691,17.4560546875
1663824,17.27294921875
1664055,17.51708984375
1664159,16.845703125
1664446,17.333984375
1664820,18.85986328125
1665601,20.3857421875
1667294,19.4091796875
1667611,17.76123046875
1668043,19.8974609375
1668616,18.98193359375
1668808,18.49365234375
1866530,18.49365234375
1866602,17.7001953125
1867135,17.4560546875
1945029,17.2119140625
1945179,17.63916015625
1946351,16.9677734375
1971400,17.15087890625
1971776,17.02880859375
1972620,17.76123046875
1976333,16.845703125
2091160,16.9677734375
2091212,20.6298828125
2097437,19.1650390625
2233150,19.10400390625
2285812,22.8271484375
2285874,22.0947265625
2285973,17.333984375
2286026,17.39501953125
2286504,17.08984375
2344730,18.5546875
2345153,20.01953125
2345599,17.27294921875
2386027,18.310546875
2445245,18.5546875
2445667,17.7001953125
2447524,21.97265625
2447568,17.51708984375
2447603,20.5078125
2539141,17.4560546875
2539193,19.83642578125
2539338,17.333984375
2539410,18.24951171875
2539535,18.1884765625
2539629,17.76123046875
2539734,18.12744140625
2677684,17.51708984375
2677893,19.47021484375
2678105,18.85986328125
2678374,20.1416015625
2678573,19.71435546875
2678865,18.06640625
2703835,17.08984375
2704219,17.02880859375
2725477,21.3623046875
2733780,17.4560546875
2733835,19.6533203125
2733869,17.08984375
2733931,17.63916015625
2733968,16.845703125
2734196,17.63916015625
2758554,17.2119140625
2758693,17.15087890625
2758900,17.333984375
2759615,17.63916015625
2760776,17.7001953125
2838824,16.845703125
2840009,17.08984375
2840334,17.63916015625
2840609,19.8974609375
2840931,16.845703125
2841800,18.06640625
2869526,17.333984375
2870144,18.49365234375
2870539,16.9677734375
2871162,17.51708984375
2871890,19.1650390625
2891214,17.27294921875
2892845,18.49365234375
2893427,17.333984375
2912741,17.88330078125
2912836,16.9677734375
2924001,20.56884765625
2924252,18.37158203125
2924607,16.845703125
2925591,18.24951171875
2957067,18.98193359375
2957154,20.1416015625
2993314,19.22607421875
2993492,18.06640625
3001100,16.90673828125
3010427,18.12744140625
3013466,16.845703125
3089277,18.73779296875
3089334,16.845703125
3089365,22.52197265625
3091221,17.88330078125
3107610,19.47021484375
3107692,16.9677734375
3107736,19.04296875
3107876,18.61572265625
3108893,17.822265625
3109858,16.9677734375
3162690,17.822265625
3162815,18.24951171875
3163057,17.51708984375
3163163,17.51708984375
3163273,20.56884765625
3163404,18.00537109375
3163487,17.9443359375
3163936,17.7001953125
3164180,18.00537109375
3165163,17.4560546875
3165405,18.98193359375
3167792,17.88330078125
3246446,17.08984375
3246592,17.51708984375
3246689,17.822265625
3247094,17.63916015625
3347443,17.7001953125
3347526,18.37158203125
3347632,19.775390625
3347670,20.44677734375
3347726,17.63916015625
3347972,17.4560546875
3348799,17.4560546875
3349814,17.333984375
3350936,18.6767578125
3351828,17.15087890625
3352922,19.10400390625
3419513,18.73779296875
3419610,18.9208984375
3419727,17.15087890625
3419883,17.63916015625
3420340,18.12744140625
3420428,18.1884765625
3421217,17.822265625
3421420,18.6767578125
3421647,17.76123046875
3421732,18.00537109375
3421927,18.1884765625
3422016,18.1884765625
3422599,18.5546875
3423033,17.578125
3423636,18.12744140625
3560916,19.10400390625
3561005,17.4560546875
3561049,18.73779296875
3561947,17.88330078125
3563293,17.08984375
3563616,20.8740234375
3564419,18.37158203125
3598558,21.6064453125
3598719,17.333984375
3604066,16.90673828125
3604757,17.08984375
3605002,18.310546875
3605159,18.06640625
3605403,18.4326171875
3605485,18.1884765625
3606085,18.4326171875
3607239,18.06640625
3607642,18.12744140625
3608278,17.333984375
3744770,17.76123046875
3745201,16.90673828125
3800969,17.7001953125
3801017,19.10400390625
3801245,18.37158203125
3801260,18.61572265625
3801364,17.02880859375
3801440,17.7001953125
3824607,18.12744140625
3906235,18.4326171875
3906321,17.76123046875
3906369,16.90673828125
3910756,17.15087890625
3913001,17.39501953125
3962262,17.578125
3964057,16.90673828125
3965295,17.88330078125
3982051,21.728515625
4011471,17.9443359375
4011711,16.845703125
4066701,19.287109375
4128371,17.2119140625
4128481,17.578125
4128521,16.9677734375
4128545,16.90673828125
4129249,16.90673828125
4282040,17.7001953125
4285190,19.04296875
4338513,19.287109375
4338582,17.51708984375
4364119,17.08984375
4365015,20.751953125
4365781,19.6533203125
4365893,17.7001953125
4366370,17.578125
4367919,18.73779296875
4391976,18.37158203125
4392093,18.37158203125
4392153,18.37158203125
4392196,17.27294921875
4392252,16.90673828125
4392980,17.333984375
4425370,20.32470703125
4425431,21.30126953125
4426004,17.578125
4426123,18.5546875
4426495,17.08984375
4426713,17.08984375
4427267,19.22607421875
4427850,17.2119140625
4428213,17.578125
4428778,17.02880859375
4428912,17.9443359375
4429431,19.53125
4429633,17.2119140625
4430479,19.95849609375
4524078,17.822265625
4524218,18.98193359375
4532802,19.10400390625
4533494,19.04296875
4535646,17.02880859375
4535849,17.76123046875
4536304,17.63916015625
4584848,18.00537109375
4584975,19.4091796875
4585185,17.76123046875
4585222,17.15087890625
4727214,17.578125
4727860,17.2119140625
4727933,16.90673828125
4727968,21.3623046875
4728020,17.4560546875
4728325,17.51708984375
4729711,20.01953125
4827339,18.00537109375
4827414,17.822265625
4856503,21.3623046875
4941870,17.88330078125
4973896,18.1884765625
4973988,17.333984375
4974095,17.15087890625
4974132,19.95849609375
4974172,17.08984375
4974251,18.798828125
4974615,18.85986328125
4995625,17.7001953125
5105580,19.287109375
5105616,16.90673828125
5105754,18.61572265625
5126235,17.27294921875
5194537,18.49365234375
5194628,18.49365234375
5194681,18.4326171875
5194709,18.61572265625
5239587,20.01953125
5239631,18.310546875
5287496,18.98193359375
5288168,18.310546875
5320245,19.6533203125
5320317,17.4560546875
5320426,17.63916015625
5320824,18.24951171875
5343695,18.24951171875
5344025,17.51708984375
5346609,18.5546875
5347027,16.845703125
5347333,19.22607421875
5348088,20.1416015625
5348587,19.10400390625
5465892,17.15087890625
5466021,17.51708984375
5507088,16.845703125
5507211,21.54541015625
5507803,16.90673828125
5509863,16.845703125
5511170,17.4560546875
5545351,20.93505859375
5545385,17.02880859375
5567559,19.53125
5601987,17.51708984375
5602083,16.845703125
5602358,16.90673828125
5648831,17.822265625
5648862,18.24951171875
5648898,21.78955078125
5649169,17.15087890625
5663855,18.24951171875
5663894,17.15087890625
5663973,18.9208984375
5664810,17.15087890625
5679341,18.12744140625
5679406,18.49365234375
5679461,18.61572265625
5680436,16.90673828125
5681192,18.24951171875
5797677,19.1650390625
5797756,21.78955078125
5797824,17.63916015625
5798230,17.333984375
5799067,18.37158203125
5799963,18.49365234375
5824827,18.06640625
5824983,17.76123046875
5825172,16.9677734375
5825205,17.27294921875
5825299,17.02880859375
5857943,20.32470703125
5857985,17.9443359375
5858118,18.00537109375
5911932,18.6767578125
5912097,18.61572265625
5912156,17.2119140625
5912987,17.15087890625
5913399,17.63916015625
5914250,19.53125
5915442,18.310546875
5915980,16.845703125
5916306,16.9677734375
5916517,17.39501953125
5982521,18.00537109375
5982638,17.4560546875
5982672,20.263671875
5982742,18.5546875
5982766,16.90673828125
5982839,17.39501953125
5993646,17.27294921875
5993706,17.9443359375
5994419,18.798828125
5994899,18.6767578125
5995084,17.2119140625
5995700,18.12744140625
5996558,16.845703125
5996702,17.822265625
5996844,17.2119140625
5998076,17.88330078125
5998329,17.15087890625
5999241,18.85986328125
5999700,17.27294921875
6126918,19.34814453125
6126950,17.7001953125
6202349,17.51708984375
6202479,17.333984375
6202547,18.4326171875
6202628,16.90673828125
6204515,18.798828125
6204671,17.39501953125
6248737,17.76123046875
6248785,17.27294921875
6281460,18.9208984375
6281493,17.08984375
6281571,17.2119140625
6286318,17.333984375
6314805,17.4560546875
6314871,18.98193359375
6314906,17.15087890625
6314953,18.9208984375
6315653,19.04296875
6316348,20.32470703125
6319044,17.333984375
6324955,18.12744140625
6326420,18.12744140625
6346920,17.63916015625
6346993,17.88330078125
6347102,17.76123046875
6353663,17.63916015625
6356740,18.49365234375
6364409,17.15087890625
6369841,17.822265625
6370189,19.22607421875
6378908,18.24951171875
6389449,18.98193359375
6391040,17.2119140625
6442751,17.76123046875
6442798,18.49365234375
6444463,16.9677734375
6484815,16.90673828125
6485599,17.08984375
6487194,17.333984375
6514077,17.88330078125
6516370,18.06640625
6521259,16.845703125
6525460,17.27294921875
6566273,18.06640625
6566765,17.02880859375
6587704,17.08984375
6587741,20.20263671875
6588273,17.08984375
6617285,18.310546875
6617361,17.4560546875
6709333,20.751953125
6750276,17.9443359375
6752004,16.90673828125
6779472,16.845703125
6779961,17.63916015625
6798160,16.845703125
6827842,16.9677734375
6828495,17.88330078125
6962794,18.37158203125
6962852,16.845703125
6962902,18.98193359375
6962987,17.2119140625
6966812,17.51708984375
6968482,19.8974609375
6969003,18.73779296875
7062532,18.85986328125
7062608,17.08984375
7062659,18.00537109375
7062894,17.27294921875
7063590,18.12744140625
7067373,19.71435546875
7137940,20.263671875
7138170,17.39501953125
7158530,17.4560546875
7158594,17.822265625
7158750,16.9677734375
7159917,17.7001953125
7160707,17.51708984375
7162409,20.8740234375
7162547,17.2119140625
7163931,17.822265625
7164703,16.845703125
7165032,18.73779296875
7165366,18.61572265625
7456397,17.27294921875
7456593,18.12744140625
7456636,17.63916015625
7456853,17.333984375
7457612,16.845703125
7618276,18.49365234375
7618313,17.9443359375
7783130,17.02880859375
7784298,19.59228515625
7785795,17.9443359375
7786444,17.39501953125
7787118,17.15087890625
7787643,17.578125
7847868,17.9443359375
7847934,17.27294921875
7847978,17.08984375
7848121,17.51708984375
7849618,17.15087890625
7850746,17.27294921875
7851457,19.1650390625
7851885,18.49365234375
7852558,20.44677734375
7852856,16.845703125
7923964,20.8740234375
7924009,18.73779296875
7924065,17.2119140625
7924119,17.578125
8046321,17.02880859375
8047162,17.4560546875
8134037,19.83642578125
8134080,23.01025390625
8134119,23.49853515625
8134232,18.24951171875
8134575,18.9208984375
8134854,17.9443359375
8154028,16.845703125
8154307,17.578125
8154660,17.27294921875
8156208,17.15087890625
8176146,17.578125
8176324,19.95849609375
8176353,19.287109375
8263747,18.12744140625
8263960,18.37158203125
8264179,17.9443359375
8264529,18.798828125
8323620,17.578125
8323824,20.263671875
8364415,19.1650390625
8408827,18.1884765625
8456221,16.90673828125
8456680,17.02880859375
8488681,18.798828125
8488769,17.51708984375
8489238,18.37158203125
8489889,18.12744140625
8495342,17.76123046875
8495553,17.08984375
8496362,16.845703125
8496586,17.08984375
8496897,17.08984375
8497620,20.01953125
8616848,17.76123046875
8617198,17.02880859375
8617264,20.1416015625
8794031,17.39501953125
8794250,17.9443359375
8794297,17.822265625
8794376,17.9443359375
8794443,18.49365234375
8883419,18.00537109375
8984203,24.47509765625
9048144,17.63916015625
9048347,18.37158203125
9048518,18.00537109375
9228240,20.32470703125
9228343,18.4326171875
9228424,23.5595703125
9281748,17.88330078125
9281898,17.51708984375
9281984,21.05712890625
9401266,17.27294921875
9401309,20.6298828125
9401446,17.822265625
9402096,17.63916015625
9402700,17.15087890625
9404028,18.73779296875
9404225,17.76123046875
9404769,18.37158203125
9405527,17.08984375
9405710,18.49365234375
9406107,18.00537109375
9406836,17.2119140625
9407135,20.32470703125
9407338,17.08984375
9409233,16.90673828125
9539494,16.9677734375
9539607,18.6767578125
9539825,16.90673828125
9540026,22.0947265625
9620985,16.90673828125
9621035,18.06640625
9621075,17.08984375
9621118,20.20263671875
9621191,19.47021484375
9621253,19.83642578125
9621365,18.00537109375
9622698,19.10400390625
9647720,16.845703125
9647778,17.08984375
9680682,16.90673828125
9680824,18.4326171875
9680869,16.845703125
9680977,18.9208984375
9681030,17.2119140625
9719299,20.01953125
9719340,17.51708984375
9720637,17.4560546875
9721767,17.15087890625
9722053,18.798828125
9722550,19.287109375
9723278,17.2119140625
9723452,17.7001953125
9724186,22.4609375
9725166,18.98193359375
9725900,18.4326171875
9726583,18.5546875
9726725,18.9208984375
9726813,18.4326171875
9727012,16.9677734375
9727891,17.63916015625
9799132,16.845703125
9799185,19.4091796875
9799220,17.08984375
9799290,19.287109375
9799738,16.9677734375
9802528,17.822265625
9802919,17.333984375
9803034,16.9677734375
10320779,18.5546875
10320823,17.578125
10320918,18.49365234375
10321106,17.63916015625
10321792,18.4326171875
10322260,17.76123046875
10322892,17.2119140625
10323789,18.798828125
10324548,18.00537109375
10325444,17.76123046875
10326195,17.15087890625
10328291,17.822265625
10435780,18.00537109375
10435878,17.2119140625
10435968,20.44677734375
10436064,18.98193359375
10436119,17.08984375
10436176,17.39501953125
10436455,17.76123046875
10437129,17.2119140625
10438404,17.02880859375
10581094,17.9443359375
10581126,19.71435546875
10581154,17.88330078125
10581187,19.287109375
10581216,16.845703125
10582146,21.1181640625
10772840,17.51708984375
10772916,21.30126953125
10774115,17.9443359375
10776017,17.51708984375
10779936,18.1884765625
10780029,18.73779296875
10780263,18.12744140625
10780900,17.15087890625
10781795,17.4560546875
10782402,18.12744140625
11031887,17.9443359375
11031972,19.8974609375
11032037,17.27294921875
11032513,17.08984375
11032879,21.3623046875
11034627,16.90673828125
11036635,18.6767578125
11037858,17.88330078125
11039187,16.90673828125
11111921,24.0478515625
11111961,17.02880859375
11112034,19.53125
11112114,16.9677734375
11112330,18.9208984375
11112447,17.333984375
11113664,17.76123046875
11172683,17.63916015625
11173397,16.90673828125
11175938,17.4560546875
11177024,17.39501953125
11178105,16.90673828125
11178249,17.63916015625
11178415,18.61572265625
11181296,16.90673828125
11280071,17.39501953125
11280409,18.24951171875
11280841,18.06640625
11306253,16.90673828125
11306293,16.845703125
11306570,16.9677734375
11307452,18.1884765625
11311041,16.90673828125
11472086,20.56884765625
11472119,17.76123046875
11472536,17.88330078125
11473238,17.333984375
11473663,17.4560546875
11473870,17.2119140625
11476539,20.6298828125
11476889,17.88330078125
11477766,19.71435546875
11521296,17.2119140625
11521369,17.88330078125
11521446,21.17919921875
11521583,16.90673828125
11522092,18.310546875
11603816,16.9677734375
11604890,18.85986328125
11607507,19.59228515625
11610425,16.845703125
11611006,16.9677734375
11695159,17.15087890625
11695377,17.333984375
11695465,20.32470703125
11695503,16.845703125
11695637,16.90673828125
11696330,17.39501953125
11732621,17.578125
11732660,17.39501953125
11732718,18.4326171875
11732755,23.25439453125
11732798,19.22607421875
11733774,19.53125
11735885,18.24951171875
11736300,17.08984375
11736531,20.1416015625
11737063,17.578125
11737328,16.9677734375
11737675,19.53125
11904810,18.00537109375
11904875,19.6533203125
11905087,17.02880859375
11924312,17.39501953125
11924352,21.42333984375
11924554,18.310546875
11925872,19.47021484375
11927346,19.8974609375
11928208,17.08984375
