11999000,0
21976,14.83154296875
22053,14.22119140625
38033,15.9912109375
45597,16.357421875
47444,18.37158203125
48889,14.2822265625
53029,13.916015625
77138,14.46533203125
79277,17.4560546875
81252,15.7470703125
94006,15.0146484375
101986,15.7470703125
106300,16.66259765625
106773,14.34326171875
112832,14.404296875
115348,13.916015625
115688,18.5546875
126311,15.56396484375
133179,13.7939453125
137587,13.916015625
141371,14.5263671875
147319,16.90673828125
154560,18.73779296875
155709,17.39501953125
158191,19.22607421875
168185,15.0146484375
169919,16.6015625
171996,16.41845703125
172090,17.02880859375
183030,14.22119140625
208161,16.90673828125
231369,17.27294921875
236918,15.380859375
267445,15.9912109375
274971,17.76123046875
310819,14.7705078125
311163,14.83154296875
340921,14.7705078125
465882,15.56396484375
466218,13.85498046875
484653,15.5029296875
505383,15.07568359375
505675,13.7939453125
507221,14.46533203125
578082,13.73291015625
578182,17.7001953125
578251,13.97705078125
622786,15.07568359375
665572,16.6015625
673006,14.7705078125
673157,15.0146484375
710933,14.22119140625
710993,14.6484375
745820,16.2353515625
746689,14.09912109375
746909,14.09912109375
767094,13.916015625
787612,14.5263671875
787650,13.5498046875
788179,14.16015625
810761,14.16015625
1027457,14.46533203125
1027647,16.9677734375
1043638,16.357421875
1078968,16.2353515625
1079215,15.380859375
1079910,13.73291015625
1080537,14.5263671875
1092474,17.08984375
1116311,14.09912109375
1192219,14.404296875
1193126,13.7939453125
1231590,14.09912109375
1231659,14.58740234375
1289247,13.73291015625
1305198,18.798828125
1329398,14.6484375
1332474,15.5029296875
1360449,16.17431640625
1402951,15.44189453125
1440088,15.869140625
1440177,14.5263671875
1441776,14.7705078125
1457044,15.869140625
1457091,14.95361328125
1512041,17.08984375
1516389,14.5263671875
1558316,14.83154296875
1560605,14.46533203125
1561653,17.51708984375
1600641,14.2822265625
1600931,16.66259765625
1600981,17.08984375
1601113,14.0380859375
1601789,14.58740234375
1632119,13.7939453125
1632161,16.41845703125
1632429,14.5263671875
1632467,13.61083984375
1668623,15.68603515625
1668720,17.39501953125
1668780,15.2587890625
1705770,18.85986328125
1753378,15.5029296875
1944918,14.0380859375
1945010,15.07568359375
1945542,13.85498046875
2092272,15.56396484375
2096162,14.09912109375
2125475,14.7705078125
2234336,14.83154296875
2259001,15.56396484375
2344606,13.61083984375
2345266,14.46533203125
2345417,14.22119140625
2345508,15.93017578125
2345591,17.76123046875
2419341,14.95361328125
2445406,18.6767578125
2445802,13.85498046875
2539172,14.404296875
2539338,16.29638671875
2539529,16.4794921875
2539636,13.916015625
2635543,15.625
2733767,14.58740234375
2758584,16.17431640625
2758670,14.2822265625
2758700,15.44189453125
2792556,13.97705078125
2795551,16.6015625
2803332,13.671875
2803870,15.13671875
2914139,14.892578125
2989955,18.4326171875
3089901,14.0380859375
3107644,14.83154296875
3108046,14.2822265625
3170426,14.95361328125
3206348,16.41845703125
3246627,17.822265625
3246743,14.58740234375
3246953,14.34326171875
3247578,13.916015625
3278483,16.17431640625
3334011,13.85498046875
3354773,18.12744140625
3370044,13.85498046875
3396524,15.19775390625
3654844,14.58740234375
3744958,14.404296875
3745014,14.16015625
3745326,15.31982421875
3776671,14.7705078125
3794675,13.7939453125
3801114,15.31982421875
3801551,13.671875
3801629,15.5029296875
3802598,14.404296875
3913604,15.9912109375
3981929,15.44189453125
3982041,14.58740234375
4079715,14.70947265625
4128370,17.822265625
4128430,18.5546875
4128697,14.22119140625
4129479,15.31982421875
4176343,15.5029296875
4363917,17.88330078125
4392077,15.0146484375
4392120,17.27294921875
4392176,15.869140625
4392591,14.34326171875
4393034,15.56396484375
4393282,15.56396484375
4493275,13.7939453125
4523965,16.357421875
4524074,14.09912109375
4584917,15.380859375
4585292,14.0380859375
4585890,13.7939453125
4586689,14.22119140625
4651806,13.916015625
4727757,13.97705078125
4727927,14.58740234375
4727984,13.671875
4728050,14.09912109375
4728226,13.7939453125
4728416,17.578125
4778768,14.70947265625
4790628,13.7939453125
4839680,18.98193359375
4856529,16.90673828125
4949869,14.16015625
4960450,14.16015625
4974192,17.27294921875
4974270,14.5263671875
4974405,14.83154296875
4974587,14.5263671875
5022667,14.58740234375
5105575,18.9208984375
5105698,14.6484375
5105836,17.4560546875
5106445,17.578125
5194477,20.8740234375
5194536,14.5263671875
5194652,19.83642578125
5274763,16.845703125
5320109,15.44189453125
5320237,14.5263671875
5320291,17.2119140625
5320579,14.0380859375
5320697,14.892578125
5466172,19.4091796875
5545360,16.05224609375
5545414,15.68603515625
5545460,14.892578125
5601846,14.95361328125
5602087,15.0146484375
5648736,17.51708984375
5648826,14.34326171875
5648897,14.46533203125
5649726,14.5263671875
5663807,16.11328125
5663924,13.7939453125
5711944,16.66259765625
5757732,13.61083984375
5825010,17.51708984375
5916915,14.46533203125
5948624,16.90673828125
5961195,14.34326171875
5982586,14.83154296875
5982980,15.380859375
6084145,17.88330078125
6126790,17.39501953125
6126837,14.892578125
6126885,13.61083984375
6204746,13.7939453125
6248733,13.671875
6281384,14.0380859375
6281948,14.16015625
6282093,14.6484375
6282276,13.97705078125
6314794,16.4794921875
6315316,14.09912109375
6315756,14.22119140625
6315930,14.95361328125
6349522,14.16015625
6355487,18.49365234375
6359579,14.16015625
6359916,14.16015625
6364294,16.05224609375
6364567,14.404296875
6364852,13.61083984375
6365332,14.22119140625
6370646,13.5498046875
6379029,13.97705078125
6380292,15.07568359375
6389578,13.916015625
6389713,13.7939453125
6389991,14.46533203125
6390379,14.404296875
6390516,14.2822265625
6401504,13.671875
6443210,14.6484375
6451234,17.822265625
6461325,16.7236328125
6484743,13.5498046875
6484907,15.31982421875
6485217,13.671875
6485713,14.892578125
6486374,14.7705078125
6521084,15.44189453125
6521448,13.61083984375
6521676,15.31982421875
6525753,14.7705078125
6547143,13.7939453125
6547341,14.70947265625
6567270,13.61083984375
6588467,14.09912109375
6588909,13.7939453125
6616708,14.7705078125
6617448,15.2587890625
6629265,16.05224609375
6736116,15.2587890625
6761552,17.9443359375
6797690,13.73291015625
6798780,14.0380859375
6860669,14.2822265625
6862464,13.73291015625
7137969,13.73291015625
7138059,15.44189453125
7138769,13.97705078125
7456624,14.892578125
7456674,15.7470703125
7456806,13.73291015625
7456941,15.625
7457064,14.16015625
7618090,14.0380859375
7618134,14.7705078125
7618384,15.19775390625
7619163,14.22119140625
7619946,13.73291015625
7923798,14.892578125
7924312,13.5498046875
8046195,18.1884765625
8046271,15.19775390625
8046281,14.46533203125
8046372,15.68603515625
8133976,13.671875
8134258,13.73291015625
8134828,13.73291015625
8176613,13.61083984375
8176756,13.7939453125
8263900,13.5498046875
8263950,14.22119140625
8264118,14.70947265625
8264378,13.7939453125
8323735,14.09912109375
8323851,13.7939453125
8364298,13.73291015625
8364407,15.9912109375
8364529,15.19775390625
8408883,14.34326171875
8408987,13.97705078125
8409170,15.625
8456087,15.869140625
8456146,14.404296875
8456356,16.90673828125
8617106,13.85498046875
8617223,14.2822265625
8617300,13.671875
8794197,14.46533203125
8983961,16.7236328125
8984028,13.7939453125
8984115,18.4326171875
9048308,13.73291015625
9048373,14.7705078125
9048407,13.5498046875
9048817,14.83154296875
9228311,17.76123046875
9228336,13.85498046875
9228784,15.5029296875
9281312,14.6484375
9281793,13.61083984375
9281838,14.95361328125
9281953,13.916015625
9282239,14.09912109375
9539637,16.66259765625
9539725,16.845703125
9539938,15.5029296875
9620970,17.2119140625
9622066,13.61083984375
9647698,14.16015625
9680625,15.9912109375
9726657,15.0146484375
9726744,14.22119140625
9729772,13.671875
9785170,14.892578125
10436027,21.05712890625
10436101,14.22119140625
10436151,13.97705078125
10436194,14.404296875
10436255,14.6484375
10497480,14.95361328125
10581071,15.13671875
10581113,14.404296875
10704271,15.869140625
10780018,14.34326171875
10780136,14.46533203125
10780236,14.09912109375
10783041,13.73291015625
11111877,15.9912109375
11111949,13.7939453125
11112029,13.61083984375
11112116,15.44189453125
11112951,14.16015625
11149635,13.5498046875
11214339,16.17431640625
11280000,17.27294921875
11280451,15.68603515625
11351925,15.19775390625
11521234,15.625
11521254,14.83154296875
11572442,14.16015625
11695372,21.54541015625
11695806,14.2822265625
11696859,13.61083984375
11785434,15.07568359375
11904824,14.46533203125
