11999000,0
21934,35.2783203125
21974,20.6298828125
22011,24.59716796875
22029,21.66748046875
22064,18.5546875
22127,19.22607421875
22149,17.15087890625
22176,17.4560546875
22211,27.83203125
22304,17.578125
22339,20.20263671875
22434,17.4560546875
22662,17.76123046875
22861,17.63916015625
22938,19.6533203125
23018,17.578125
23050,18.00537109375
23336,20.08056640625
23870,25.146484375
51943,18.5546875
51960,35.09521484375
51988,25.20751953125
52010,17.39501953125
52033,24.96337890625
52046,19.775390625
52102,19.83642578125
52236,17.578125
52325,19.95849609375
52376,24.59716796875
52467,20.3857421875
52517,21.66748046875
52688,19.775390625
52936,21.91162109375
53291,17.76123046875
53400,24.71923828125
54437,17.02880859375
81128,20.01953125
81144,36.80419921875
81178,23.74267578125
81191,24.2919921875
81209,25.93994140625
81257,20.1416015625
81312,20.69091796875
81335,17.63916015625
81364,19.53125
81379,18.00537109375
81401,18.85986328125
81460,20.751953125
81506,19.287109375
81608,18.00537109375
81623,19.04296875
81709,19.53125
81739,18.98193359375
81841,25.57373046875
81867,17.9443359375
81969,18.798828125
82503,29.84619140625
82544,17.51708984375
115356,19.775390625
115377,32.71484375
115422,23.86474609375
115464,18.4326171875
115475,17.39501953125
115516,18.12744140625
115542,17.27294921875
115563,22.52197265625
115601,16.9677734375
115663,20.8740234375
115823,21.54541015625
115935,24.4140625
116012,20.93505859375
116139,19.287109375
116315,29.35791015625
171816,37.2314453125
171857,21.66748046875
171902,23.37646484375
171925,36.0107421875
171940,17.63916015625
171975,28.13720703125
172032,23.4375
172081,21.8505859375
172102,17.15087890625
172205,22.03369140625
172242,23.74267578125
172349,18.5546875
172444,24.658203125
172591,27.2216796875
340871,17.2119140625
340923,34.48486328125
341020,27.4658203125
341084,17.9443359375
341145,18.00537109375
341196,33.02001953125
341229,19.10400390625
341644,17.27294921875
465775,35.888671875
465802,18.37158203125
465818,18.12744140625
465836,19.04296875
465858,32.89794921875
465898,17.15087890625
465936,31.55517578125
465968,18.73779296875
466089,17.76123046875
505760,18.5546875
505871,23.92578125
505937,18.6767578125
506096,20.8740234375
506374,20.3857421875
507195,16.90673828125
578090,18.1884765625
578121,42.17529296875
578175,33.02001953125
578233,28.3203125
578243,20.20263671875
578286,21.66748046875
578308,18.4326171875
578323,17.822265625
578369,19.95849609375
578395,17.76123046875
578643,17.02880859375
582727,17.08984375
582737,17.822265625
582889,17.9443359375
583359,18.61572265625
622793,28.25927734375
622803,18.310546875
622839,31.92138671875
622880,21.1181640625
622899,18.00537109375
623049,20.99609375
623520,17.63916015625
623930,17.15087890625
672973,17.9443359375
672993,34.24072265625
673012,19.59228515625
673029,27.28271484375
673103,20.01953125
673159,17.08984375
673175,22.64404296875
673186,18.9208984375
673233,18.5546875
673471,17.7001953125
679188,16.90673828125
710931,44.921875
711022,17.39501953125
745797,21.54541015625
745830,37.04833984375
745847,16.90673828125
745904,25.7568359375
745999,17.2119140625
747731,17.02880859375
787576,20.751953125
787621,31.18896484375
787696,18.85986328125
795688,17.2119140625
988308,18.5546875
988451,17.333984375
988533,29.78515625
988583,19.22607421875
988627,17.822265625
988915,17.02880859375
989010,17.822265625
989465,17.08984375
1027513,24.84130859375
1027560,40.4052734375
1027596,20.263671875
1027607,25.57373046875
1027628,22.64404296875
1027641,29.35791015625
1027681,19.1650390625
1027727,20.3857421875
1027754,18.85986328125
1027881,18.73779296875
1027978,31.06689453125
1028094,18.49365234375
1028135,30.8837890625
1028198,21.30126953125
1029835,19.04296875
1079050,31.31103515625
1079095,28.38134765625
1079141,17.333984375
1079160,25.93994140625
1079183,17.4560546875
1079217,24.35302734375
1079245,19.83642578125
1079273,18.5546875
1079304,20.20263671875
1079379,22.03369140625
1079401,19.59228515625
1079462,23.4375
1079535,18.73779296875
1079573,18.24951171875
1079639,18.49365234375
1079678,20.44677734375
1079811,19.59228515625
1079942,18.6767578125
1080294,19.1650390625
1146731,31.06689453125
1146765,28.13720703125
1146789,21.240234375
1146820,20.32470703125
1146839,25.2685546875
1146854,25.20751953125
1146912,22.76611328125
1146930,22.4609375
1146941,18.61572265625
1146953,18.06640625
1146982,17.15087890625
1147005,16.90673828125
1147059,18.37158203125
1147195,19.71435546875
1147488,22.5830078125
1192310,28.25927734375
1192321,18.6767578125
1192352,18.4326171875
1192364,26.7333984375
1192400,17.02880859375
1192425,23.49853515625
1192446,19.83642578125
1192499,26.611328125
1192564,23.86474609375
1192590,16.90673828125
1192647,16.9677734375
1192732,25.634765625
1192756,17.2119140625
1192850,23.25439453125
1192982,16.9677734375
1193361,17.15087890625
1193542,18.00537109375
1193688,22.3388671875
1231545,39.24560546875
1231592,22.76611328125
1231639,20.93505859375
1231655,32.2265625
1231704,17.08984375
1231760,17.27294921875
1231772,24.7802734375
1232113,18.00537109375
1232668,18.310546875
1261400,30.8837890625
1261444,28.38134765625
1261498,17.15087890625
1261513,24.658203125
1261672,20.01953125
1261833,33.75244140625
1288633,34.24072265625
1288671,23.681640625
1288714,25.45166015625
1288732,26.18408203125
1288743,27.099609375
1288779,17.51708984375
1288796,28.076171875
1288873,19.53125
1289330,19.4091796875
1291617,18.24951171875
1292102,17.333984375
1292740,19.95849609375
1328735,21.97265625
1328765,34.5458984375
1328776,18.5546875
1328790,20.69091796875
1328816,17.7001953125
1328830,25.08544921875
1328842,17.2119140625
1328903,20.69091796875
1331294,19.775390625
1367136,26.0009765625
1367150,28.13720703125
1367186,19.83642578125
1367207,31.06689453125
1368754,16.90673828125
1370104,18.1884765625
1401629,37.78076171875
1440101,20.751953125
1440122,19.22607421875
1440140,32.16552734375
1440167,17.08984375
1440191,19.775390625
1440210,32.89794921875
1441898,17.4560546875
1456705,34.24072265625
1456760,28.13720703125
1456875,20.56884765625
1456955,22.216796875
1456972,22.216796875
1457019,23.681640625
1457073,21.484375
1457111,18.24951171875
1457130,26.06201171875
1457160,20.93505859375
1457204,17.76123046875
1457224,21.240234375
1457419,20.1416015625
1457527,23.86474609375
1457601,17.27294921875
1457670,22.0947265625
1457762,20.08056640625
1458695,18.4326171875
1512152,17.27294921875
1512164,31.3720703125
1512200,18.00537109375
1512221,18.1884765625
1512275,18.4326171875
1512370,17.15087890625
1512384,26.06201171875
1512415,16.9677734375
1512568,18.00537109375
1512596,19.22607421875
1558431,29.11376953125
1558443,18.85986328125
1558464,19.53125
1558574,30.82275390625
1558588,17.578125
1560831,17.333984375
1561711,17.9443359375
1600743,36.376953125
1600762,24.84130859375
1600836,22.27783203125
1600854,19.83642578125
1600891,21.42333984375
1600962,22.64404296875
1600973,16.90673828125
1600999,23.8037109375
1601030,19.47021484375
1601062,18.06640625
1601124,17.2119140625
1601367,32.16552734375
1601512,20.20263671875
1601635,21.728515625
1603312,17.2119140625
1632166,19.83642578125
1632186,37.4755859375
1632213,17.822265625
1632226,24.96337890625
1632273,22.5830078125
1632299,18.00537109375
1632328,22.705078125
1632338,19.287109375
1632376,24.96337890625
1632424,23.3154296875
1632496,22.216796875
1632592,22.4609375
1632819,21.240234375
1632963,17.578125
1633171,17.08984375
1633313,18.6767578125
1633374,20.20263671875
1633549,19.775390625
1633692,26.79443359375
1633784,19.53125
1633917,28.4423828125
1635086,17.15087890625
1668476,30.57861328125
1668562,32.04345703125
1668581,25.146484375
1668648,25.87890625
1668669,18.24951171875
1668693,20.81298828125
1668711,17.578125
1668748,16.90673828125
1668775,21.8505859375
1668831,18.61572265625
1668877,22.15576171875
1668900,20.93505859375
1668953,25.2685546875
1669001,17.02880859375
1669035,18.98193359375
1669052,22.4609375
1669276,23.25439453125
1669295,17.333984375
1669491,18.798828125
1669525,19.34814453125
1669568,17.4560546875
1669623,19.287109375
1669699,17.02880859375
1669789,18.310546875
1669915,19.47021484375
1670013,18.310546875
1670043,17.4560546875
1670267,20.263671875
1670430,17.76123046875
1670479,18.5546875
1670564,18.37158203125
1670787,17.88330078125
1670967,17.9443359375
1671558,17.2119140625
1671702,19.287109375
1672015,20.263671875
1673289,17.27294921875
1939150,17.4560546875
1944921,26.9775390625
1944933,24.10888671875
1944967,19.71435546875
1945014,24.2919921875
1945061,17.578125
1945081,19.34814453125
1945098,17.76123046875
1945153,18.6767578125
1945170,17.578125
1945196,18.4326171875
1945216,20.44677734375
1945239,20.20263671875
1945349,20.08056640625
1945473,23.25439453125
1945590,22.15576171875
1945741,17.822265625
1945813,17.822265625
1945895,20.1416015625
1945928,26.2451171875
1946040,21.66748046875
1946441,24.96337890625
1946516,17.08984375
1946614,20.01953125
1946804,18.00537109375
1948087,17.4560546875
1948450,18.5546875
2095687,18.310546875
2095718,17.88330078125
2095729,20.08056640625
2095746,22.8271484375
2095766,18.4326171875
2095782,39.1845703125
2095810,17.578125
2095826,26.0009765625
2095870,23.92578125
2095885,23.92578125
2095939,17.9443359375
2095985,17.88330078125
2096077,21.484375
2096302,18.4326171875
2096605,17.39501953125
2096619,19.6533203125
2096944,22.39990234375
2097016,17.4560546875
2097059,17.578125
2097142,19.22607421875
2097274,19.287109375
2097479,17.76123046875
2097593,19.775390625
2344804,22.39990234375
2344873,17.27294921875
2345062,21.42333984375
2345085,33.02001953125
2345148,18.12744140625
2345179,18.00537109375
2345253,18.6767578125
2345366,23.86474609375
2345386,22.52197265625
2345466,17.822265625
2345512,33.14208984375
2345571,19.1650390625
2345629,18.310546875
2345651,20.81298828125
2345994,19.83642578125
2346078,20.751953125
2346236,18.6767578125
2346417,17.39501953125
2347793,18.73779296875
2445200,33.63037109375
2445235,17.4560546875
2445254,31.6162109375
2445298,19.10400390625
2445326,19.6533203125
2445340,18.06640625
2445376,33.5693359375
2445437,20.44677734375
2445471,19.6533203125
2445500,19.10400390625
2445519,33.447265625
2445743,27.2216796875
2445994,17.88330078125
2446253,16.90673828125
2447536,17.15087890625
2539147,39.24560546875
2539166,19.95849609375
2539209,18.9208984375
2539223,21.6064453125
2539260,22.0947265625
2539343,29.35791015625
2539374,17.822265625
2539404,17.08984375
2539419,25.81787109375
2539460,18.1884765625
2539484,18.6767578125
2539564,21.8505859375
2539809,19.6533203125
2540196,19.287109375
2540325,18.98193359375
2733815,35.0341796875
2733840,22.0947265625
2733863,20.263671875
2733884,25.69580078125
2733901,25.93994140625
2733922,21.8505859375
2733944,27.099609375
2733987,17.9443359375
2734010,25.390625
2734026,22.94921875
2734082,26.55029296875
2734308,26.42822265625
2734338,17.15087890625
2734412,23.74267578125
2734510,17.578125
2734642,20.99609375
2734662,19.83642578125
2734888,17.333984375
2734898,29.84619140625
2735004,24.169921875
2735588,18.4326171875
2735995,18.12744140625
2736403,18.5546875
2758572,19.775390625
2758599,38.39111328125
2758632,34.97314453125
2758669,23.681640625
2758693,19.34814453125
2758715,27.52685546875
2758763,17.88330078125
2758777,30.94482421875
2758819,17.333984375
2758837,17.76123046875
2758880,21.8505859375
2758965,18.73779296875
2759095,17.333984375
2759139,18.00537109375
2759184,17.63916015625
2759263,20.69091796875
2759303,17.9443359375
2759320,17.333984375
2759363,20.32470703125
2759477,18.00537109375
2759493,17.02880859375
2759667,17.02880859375
2759747,18.24951171875
2760016,17.08984375
2760088,16.9677734375
2760099,17.88330078125
2760137,21.1181640625
2760205,17.9443359375
2760256,17.39501953125
2760348,21.6064453125
2760556,17.2119140625
2760642,18.1884765625
2761008,24.5361328125
2761059,17.27294921875
2761116,20.01953125
2761491,20.56884765625
2761805,18.37158203125
2761837,21.17919921875
2761999,21.05712890625
2762016,18.310546875
2762574,21.240234375
2762652,23.92578125
2762830,18.00537109375
2763489,17.2119140625
2763618,17.578125
2764261,17.08984375
2992862,19.775390625
2992952,36.56005859375
2992993,28.9306640625
2993021,22.5830078125
2993057,30.3955078125
2993169,29.052734375
2993195,21.728515625
2993242,17.4560546875
2993483,19.6533203125
2993702,19.59228515625
2994159,20.93505859375
2994410,16.9677734375
2994485,17.578125
3089263,30.45654296875
3089273,20.1416015625
3089294,17.333984375
3089323,19.34814453125
3089333,20.99609375
3089361,20.69091796875
3089381,19.10400390625
3089402,23.0712890625
3089433,20.99609375
3089480,23.0712890625
3089527,26.42822265625
3089588,21.66748046875
3089699,23.193359375
3089752,18.49365234375
3089820,18.49365234375
3089920,17.27294921875
3090035,19.53125
3090078,17.76123046875
3090104,17.02880859375
3090156,17.822265625
3090264,22.64404296875
3090463,16.90673828125
3090501,22.88818359375
3090603,17.578125
3091093,23.92578125
3092753,19.10400390625
3107522,46.875
3107560,23.8037109375
3107594,22.39990234375
3107618,18.24951171875
3107646,18.12744140625
3107764,23.92578125
3107786,18.6767578125
3107811,20.5078125
3107837,20.44677734375
3107908,23.8037109375
3107964,19.10400390625
3108015,19.8974609375
3108046,24.10888671875
3108101,19.6533203125
3108390,18.12744140625
3108513,17.822265625
3108703,18.00537109375
3108862,17.822265625
3109071,17.08984375
3109108,18.12744140625
3109154,21.30126953125
3109418,19.775390625
3109636,17.08984375
3109709,18.12744140625
3109797,24.90234375
3109884,18.73779296875
3110034,23.13232421875
3110052,17.02880859375
3110156,19.47021484375
3110384,18.24951171875
3110446,18.61572265625
3110567,21.6064453125
3110708,30.3955078125
3111123,18.49365234375
3246610,17.9443359375
3246638,41.80908203125
3246664,17.15087890625
3246694,17.578125
3246728,20.01953125
3246740,31.06689453125
3246764,18.00537109375
3246787,22.216796875
3246800,17.4560546875
3246833,18.5546875
3246884,22.5830078125
3246900,26.91650390625
3246934,19.53125
3246983,21.3623046875
3247004,19.8974609375
3247166,22.3388671875
3247568,24.84130859375
3247763,19.775390625
3369579,28.6865234375
3369703,30.70068359375
3369734,18.12744140625
3369758,29.35791015625
3369773,18.37158203125
3369790,23.193359375
3369819,18.4326171875
3369866,20.3857421875
3369925,17.578125
3370516,17.02880859375
3371406,17.88330078125
3371847,17.02880859375
3598268,16.9677734375
3598467,18.1884765625
3598515,34.97314453125
3598525,21.66748046875
3598552,21.05712890625
3598578,21.54541015625
3598691,19.287109375
3598876,17.08984375
3744747,17.27294921875
3744784,43.15185546875
3744835,28.01513671875
3744853,22.76611328125
3744908,20.32470703125
3744923,18.5546875
3744970,20.99609375
3744988,19.8974609375
3745002,26.611328125
3745062,17.578125
3745073,17.7001953125
3745129,17.822265625
3745154,21.1181640625
3745223,24.23095703125
3745402,21.484375
3745543,22.27783203125
3745628,17.4560546875
3745864,18.98193359375
3746302,17.578125
3746717,19.8974609375
3800920,17.7001953125
3800944,39.48974609375
3800962,21.42333984375
3800988,24.5361328125
3801007,18.85986328125
3801042,19.22607421875
3801107,17.63916015625
3801126,21.240234375
3801162,17.333984375
3801189,23.681640625
3801219,24.35302734375
3801282,23.25439453125
3801327,18.5546875
3801366,19.775390625
3801426,19.1650390625
3801486,18.49365234375
3801548,17.9443359375
3801614,17.7001953125
3801656,16.90673828125
3801876,17.51708984375
3802040,18.12744140625
3802154,19.287109375
3802336,23.8037109375
3802808,17.08984375
3802967,17.02880859375
3803938,16.90673828125
3981563,17.7001953125
3981637,18.4326171875
3981703,18.798828125
3981723,31.67724609375
3981774,29.72412109375
3981803,16.90673828125
3981851,30.45654296875
3981895,25.87890625
3981911,28.99169921875
3981955,17.02880859375
3981973,28.62548828125
3982033,18.6767578125
3982043,20.99609375
3982118,18.49365234375
3982204,17.9443359375
3982239,35.70556640625
3982397,17.9443359375
3982496,18.49365234375
3982553,17.578125
3982907,17.27294921875
3983569,17.15087890625
3983694,16.90673828125
3983968,17.08984375
3984409,17.7001953125
4128208,17.4560546875
4128275,17.88330078125
4128318,32.28759765625
4128374,32.470703125
4128388,22.88818359375
4128433,22.88818359375
4128443,17.4560546875
4128467,24.5361328125
4128533,25.93994140625
4128556,17.15087890625
4128568,17.08984375
4128578,17.9443359375
4128631,24.90234375
4128878,27.52685546875
4129019,20.44677734375
4129042,17.578125
4129140,26.55029296875
4129336,18.24951171875
4129421,21.17919921875
4129450,20.32470703125
4129484,18.73779296875
4129541,23.5595703125
4129724,17.2119140625
4130287,18.9208984375
4391980,18.310546875
4392022,37.7197265625
4392060,36.92626953125
4392078,20.1416015625
4392089,19.1650390625
4392114,22.8271484375
4392142,23.3154296875
4392215,27.16064453125
4392233,26.123046875
4392261,18.00537109375
4392326,17.333984375
4392463,21.30126953125
4392536,20.81298828125
4392656,23.5595703125
4392751,19.59228515625
4392793,17.51708984375
4392825,17.76123046875
4392860,21.3623046875
4392992,26.30615234375
4393097,16.90673828125
4393205,22.705078125
4393249,17.51708984375
4395019,17.39501953125
4523458,18.00537109375
4523511,36.0107421875
4523690,36.1328125
4523723,20.32470703125
4523771,32.28759765625
4523799,33.14208984375
4523850,21.54541015625
4523898,18.24951171875
4523938,18.37158203125
4523963,26.4892578125
4523982,18.49365234375
4524029,22.3388671875
4524048,26.67236328125
4524100,17.9443359375
4524130,26.9775390625
4524172,19.6533203125
4524231,20.69091796875
4524414,31.494140625
4524498,18.798828125
4584889,34.5458984375
4584911,24.4140625
4584931,20.5078125
4584947,29.11376953125
4584965,19.04296875
4585016,17.02880859375
4585031,19.59228515625
4585072,18.12744140625
4585084,17.08984375
4585103,17.578125
4585143,17.578125
4585155,21.78955078125
4585215,17.27294921875
4585238,22.39990234375
4585262,17.27294921875
4585339,18.9208984375
4585451,28.38134765625
4585541,19.22607421875
4585808,20.3857421875
4585897,20.08056640625
4585938,18.12744140625
4585965,19.53125
4586020,21.05712890625
4586127,19.47021484375
4586243,24.7802734375
4586304,19.34814453125
4586363,18.00537109375
4586458,27.64892578125
4586605,21.240234375
4586717,18.06640625
4586728,18.6767578125
4587559,16.90673828125
4727871,20.751953125
4727899,30.029296875
4727916,23.0712890625
4727943,18.310546875
4727958,18.73779296875
4727992,21.8505859375
4728045,21.78955078125
4728080,25.45166015625
4728090,19.4091796875
4728129,18.1884765625
4728159,17.7001953125
4728217,17.7001953125
4728362,17.39501953125
4728464,19.34814453125
4728586,18.6767578125
4728738,18.00537109375
4728827,17.7001953125
4729025,17.88330078125
4729039,16.9677734375
4729206,27.03857421875
4729295,18.98193359375
4729506,25.390625
4729662,23.193359375
4729759,21.97265625
4730128,24.7802734375
4856214,17.15087890625
4856240,29.78515625
4856304,20.32470703125
4856329,26.4892578125
4856362,17.51708984375
4856378,18.12744140625
4856409,19.22607421875
4856436,22.27783203125
4856487,17.39501953125
4856665,19.83642578125
4856741,18.24951171875
4856798,26.3671875
4856991,20.44677734375
4857162,19.22607421875
4857277,16.90673828125
4857326,19.4091796875
4857493,19.6533203125
4857544,20.1416015625
4857672,20.20263671875
4857782,19.83642578125
4858234,21.30126953125
4858293,16.9677734375
4858557,17.822265625
4973998,32.89794921875
4974040,18.5546875
4974078,27.099609375
4974096,25.146484375
4974118,21.1181640625
4974149,19.1650390625
4974162,21.54541015625
4974229,18.37158203125
4974246,19.6533203125
4974282,19.34814453125
4974319,22.64404296875
4974380,23.92578125
4974487,28.3203125
4974629,21.42333984375
4974792,18.06640625
5105549,32.5927734375
5105565,22.76611328125
5105589,33.02001953125
5105607,18.1884765625
5105627,17.15087890625
5105653,26.4892578125
5105703,18.6767578125
5105719,18.85986328125
5105802,20.81298828125
5106093,17.15087890625
5106131,28.076171875
5106233,17.578125
5106303,18.6767578125
5106425,19.10400390625
5106483,25.08544921875
5107103,19.22607421875
5107265,17.27294921875
5107473,17.333984375
5108267,17.63916015625
5194304,17.08984375
5194332,32.40966796875
5194358,18.98193359375
5194387,25.2685546875
5194417,25.20751953125
5194449,19.775390625
5194468,19.83642578125
5194485,25.7568359375
5194513,17.333984375
5194552,21.54541015625
5194562,22.5830078125
5194599,21.42333984375
5194612,18.73779296875
5194646,17.2119140625
5194798,20.69091796875
5194983,19.53125
5194999,19.34814453125
5195147,17.15087890625
5195187,19.4091796875
5195555,22.3388671875
5195927,17.63916015625
5320116,17.578125
5320137,22.27783203125
5320152,24.90234375
5320184,23.193359375
5320232,24.2919921875
5320251,18.98193359375
5320268,23.62060546875
5320308,24.0478515625
5320325,19.10400390625
5320359,18.49365234375
5320393,24.4140625
5320438,24.0478515625
5320455,17.63916015625
5320494,18.00537109375
5320551,21.42333984375
5320899,18.49365234375
5321037,25.45166015625
5465750,17.4560546875
5465793,38.4521484375
5465845,29.11376953125
5465879,19.287109375
5465899,23.01025390625
5465941,18.12744140625
5465952,24.2919921875
5465990,24.23095703125
5466013,19.8974609375
5466031,17.333984375
5466057,24.169921875
5466103,18.06640625
5466298,18.24951171875
5466312,17.7001953125
5466537,27.7099609375
5467577,19.8974609375
5545273,21.42333984375
5545322,37.2314453125
5545376,18.798828125
5545397,21.42333984375
5545407,21.42333984375
5545425,17.51708984375
5545438,18.12744140625
5545455,20.751953125
5545487,20.08056640625
5545504,18.310546875
5545531,26.611328125
5545634,20.1416015625
5545686,20.3857421875
5545744,18.73779296875
5545773,18.98193359375
5545841,19.8974609375
5545913,20.93505859375
5545944,20.99609375
5546014,16.90673828125
5546137,23.49853515625
5546221,25.0244140625
5546256,17.9443359375
5546402,23.4375
5546613,20.20263671875
5601855,44.43359375
5601891,21.728515625
5601915,20.69091796875
5601947,17.63916015625
5601976,20.751953125
5602010,18.1884765625
5602027,18.85986328125
5602039,19.83642578125
5602085,21.8505859375
5602159,22.8271484375
5602199,18.6767578125
5602533,22.4609375
5602676,16.9677734375
5602735,17.4560546875
5602806,18.1884765625
5602834,21.42333984375
5602919,19.22607421875
5603004,18.85986328125
5603246,20.751953125
5604967,17.88330078125
5648551,37.59765625
5648593,23.4375
5648636,17.822265625
5648667,21.1181640625
5648695,17.7001953125
5648719,18.49365234375
5648754,21.42333984375
5648769,18.5546875
5648810,21.78955078125
5648824,26.30615234375
5648865,17.9443359375
5648883,17.39501953125
5648900,23.01025390625
5648913,19.1650390625
5648955,20.32470703125
5648974,17.9443359375
5649028,20.20263671875
5649207,16.90673828125
5649373,18.1884765625
5649446,17.08984375
5649596,18.12744140625
5649664,16.9677734375
5649694,22.03369140625
5649770,17.63916015625
5649998,17.08984375
5650299,18.1884765625
5650369,17.76123046875
5650430,17.88330078125
5650522,18.73779296875
5650666,22.88818359375
5650757,19.59228515625
5651220,20.3857421875
5652185,27.28271484375
5663622,36.31591796875
5663640,26.4892578125
5663677,19.22607421875
5663710,22.03369140625
5663731,18.4326171875
5663751,18.310546875
5663787,20.263671875
5663798,19.775390625
5663877,18.49365234375
5663902,19.287109375
5663934,24.4140625
5663944,17.02880859375
5663967,20.93505859375
5663980,18.06640625
5664034,17.08984375
5664143,18.73779296875
5664262,17.63916015625
5664291,23.98681640625
5664396,21.97265625
5664433,18.73779296875
5664520,18.1884765625
5664591,18.310546875
5664742,19.1650390625
5664998,18.24951171875
5665648,19.04296875
5665688,25.69580078125
5666284,17.76123046875
5666385,19.1650390625
5666782,21.6064453125
5666970,19.47021484375
5667307,18.24951171875
5667346,19.71435546875
5667468,18.61572265625
5667699,19.6533203125
5667836,20.32470703125
5668808,24.47509765625
5824839,29.1748046875
5824881,23.193359375
5824930,23.37646484375
5824993,20.5078125
5825021,21.17919921875
5825043,25.390625
5825105,17.39501953125
5825127,21.54541015625
5825177,27.52685546875
5825187,17.822265625
5825262,28.25927734375
5825363,19.47021484375
5825482,20.08056640625
5825562,20.32470703125
5825595,16.9677734375
5825803,21.17919921875
5825846,17.08984375
5825873,19.34814453125
5826106,21.6064453125
5826206,19.4091796875
5826474,24.96337890625
5827680,17.76123046875
5915983,17.2119140625
5915996,30.2734375
5916056,21.54541015625
5916068,28.01513671875
5916101,17.15087890625
5916138,37.4755859375
5916188,19.59228515625
5916217,26.0009765625
5916258,17.08984375
5916270,17.88330078125
5916294,20.3857421875
5916350,21.78955078125
5916400,17.4560546875
5916445,21.484375
5916569,32.16552734375
5916690,23.13232421875
5916764,21.8505859375
5982451,29.72412109375
5982461,19.22607421875
5982484,17.578125
5982542,24.96337890625
5982575,20.93505859375
5982628,18.24951171875
5982662,20.6298828125
5982712,17.63916015625
5982730,23.4375
5982772,18.310546875
5982805,23.3154296875
5982900,17.822265625
5983014,23.37646484375
5983065,21.66748046875
5983235,18.06640625
5983301,18.4326171875
5983429,20.56884765625
5983496,22.03369140625
5983633,19.8974609375
5984013,16.9677734375
5984500,17.15087890625
5998477,17.9443359375
5998611,17.88330078125
5998900,20.8740234375
5998921,32.8369140625
5998940,19.6533203125
5998976,25.7568359375
5999012,17.63916015625
5999038,18.61572265625
5999079,18.9208984375
5999106,17.51708984375
5999120,23.5595703125
5999165,18.1884765625
5999188,28.01513671875
5999218,19.287109375
5999257,19.04296875
5999269,23.193359375
5999300,17.63916015625
5999361,17.88330078125
5999419,18.00537109375
5999457,19.47021484375
5999556,18.00537109375
5999604,17.2119140625
5999661,18.00537109375
5999766,18.49365234375
5999870,20.3857421875
5999982,19.8974609375
6000108,17.39501953125
6000129,17.08984375
6000262,21.91162109375
6126546,17.02880859375
6126586,34.72900390625
6126642,35.94970703125
6126693,27.2216796875
6126757,21.05712890625
6126793,28.9306640625
6126834,29.47998046875
6126850,17.9443359375
6126905,19.34814453125
6126917,20.32470703125
6126957,19.47021484375
6126973,17.02880859375
6127004,23.4375
6127162,24.0478515625
6127250,21.240234375
6127356,21.54541015625
6127450,21.484375
6127577,24.2919921875
6127691,27.4658203125
6204435,42.41943359375
6204468,18.06640625
6204495,18.37158203125
6204524,17.333984375
6204557,33.8134765625
6204637,29.296875
6204661,17.51708984375
6204688,18.61572265625
6204747,23.98681640625
6204779,17.76123046875
6204819,22.4609375
6204971,18.12744140625
6205096,17.88330078125
6205243,21.6064453125
6205338,22.27783203125
6205691,17.39501953125
6205876,21.6064453125
6206042,20.56884765625
6206314,17.2119140625
6248500,35.33935546875
6248553,28.13720703125
6248589,19.53125
6248632,18.6767578125
6248673,17.27294921875
6248689,19.4091796875
6248732,24.2919921875
6248745,23.25439453125
6248800,20.751953125
6248830,17.51708984375
6281416,35.94970703125
6281436,21.05712890625
6281467,17.2119140625
6281484,30.09033203125
6281509,17.4560546875
6281542,17.333984375
6281554,34.66796875
6281597,21.66748046875
6281659,18.5546875
6281724,17.39501953125
6281854,17.39501953125
6284846,18.4326171875
6284949,17.2119140625
6285639,18.37158203125
6314756,35.64453125
6315249,20.56884765625
6317547,17.39501953125
6317722,19.287109375
6346799,21.240234375
6346831,18.310546875
6346841,28.564453125
6346867,18.00537109375
6346890,38.818359375
6347104,18.4326171875
6347347,17.27294921875
6349455,17.578125
6350719,19.6533203125
6355405,19.47021484375
6359376,17.51708984375
6359688,18.4326171875
6364064,17.578125
6364091,17.51708984375
6364194,18.73779296875
6364403,18.798828125
6364530,17.88330078125
6365180,17.51708984375
6365360,18.798828125
6379355,17.822265625
6380285,18.37158203125
6389463,18.1884765625
6389520,18.00537109375
6392505,17.15087890625
6393043,18.4326171875
6393511,16.90673828125
6400975,18.06640625
6401116,20.69091796875
6401333,19.10400390625
6442583,41.32080078125
6442648,31.18896484375
6442674,22.3388671875
6443022,16.9677734375
6484740,18.4326171875
6484805,32.2265625
6484907,31.79931640625
6484950,17.333984375
6484990,24.658203125
6485212,18.4326171875
6491284,17.76123046875
6521240,17.15087890625
6521255,22.03369140625
6521292,21.3623046875
6521758,17.63916015625
6547171,37.90283203125
6566319,18.98193359375
6566362,34.0576171875
6587726,18.85986328125
6587767,21.66748046875
6587884,19.95849609375
6616678,21.05712890625
6616743,22.03369140625
6616780,34.60693359375
6617088,18.4326171875
6648020,39.4287109375
6648052,20.32470703125
6691645,17.9443359375
6691668,31.005859375
6692245,19.04296875
6692631,17.15087890625
6709573,17.76123046875
6723280,18.24951171875
6723545,18.9208984375
6736199,17.63916015625
6736234,17.4560546875
6750235,20.08056640625
6761618,18.73779296875
6762126,18.49365234375
6779464,16.9677734375
6779503,19.04296875
6779671,16.90673828125
6780465,19.34814453125
6797752,18.4326171875
6797991,17.08984375
6827346,18.24951171875
6862469,18.06640625
6862549,37.841796875
6862697,16.90673828125
6863100,18.49365234375
6863224,18.06640625
7137720,39.00146484375
7137766,25.69580078125
7137821,26.18408203125
7137870,17.51708984375
7137886,32.77587890625
7137943,32.1044921875
7137980,19.1650390625
7138001,21.17919921875
7138038,17.39501953125
7138056,17.02880859375
7138078,18.37158203125
7138099,21.78955078125
7138143,20.3857421875
7138199,17.578125
7138241,19.83642578125
7138334,17.2119140625
7138421,26.79443359375
7138469,17.4560546875
7138510,18.310546875
7138577,23.681640625
7138768,23.193359375
7138935,21.240234375
7140031,17.2119140625
7456443,24.4140625
7456453,32.40966796875
7456493,23.13232421875
7456536,23.01025390625
7456597,22.15576171875
7456616,18.49365234375
7456661,20.32470703125
7456682,25.146484375
7456723,22.64404296875
7456774,21.91162109375
7456807,23.13232421875
7456949,19.53125
7457088,17.7001953125
7457173,18.5546875
7457260,19.59228515625
7457328,19.1650390625
7457491,17.76123046875
7457596,18.1884765625
7457623,16.9677734375
7457671,17.27294921875
7457738,17.7001953125
7457858,28.62548828125
7458122,25.69580078125
7458223,20.1416015625
7458353,17.4560546875
7458409,21.17919921875
7458595,19.47021484375
7459683,19.04296875
7460740,18.06640625
7618089,34.423828125
7618102,27.03857421875
7618127,18.12744140625
7618174,22.39990234375
7618190,17.27294921875
7618209,17.4560546875
7618228,29.11376953125
7618268,17.822265625
7618281,17.15087890625
7618317,22.705078125
7618403,18.5546875
7618444,18.5546875
7618545,17.4560546875
7618737,18.310546875
7618813,17.7001953125
7619412,19.83642578125
7619685,18.37158203125
7619749,20.99609375
7619949,17.39501953125
7620164,18.85986328125
7620309,22.0947265625
7620439,17.51708984375
7620483,19.4091796875
7620732,17.15087890625
7620934,18.61572265625
7621144,18.12744140625
7621212,18.24951171875
7621655,19.4091796875
7621852,19.4091796875
7622954,19.22607421875
7923778,36.56005859375
7923793,18.9208984375
7923842,30.57861328125
7923862,18.1884765625
7923886,25.7568359375
7923923,20.20263671875
7923939,30.82275390625
7923960,21.17919921875
7923993,17.02880859375
7924013,18.73779296875
7924028,16.9677734375
7924056,24.4140625
7924067,19.10400390625
7924102,19.95849609375
7924264,21.8505859375
7924371,22.3388671875
7924584,21.78955078125
7924698,19.4091796875
7924760,16.9677734375
7924967,29.72412109375
7925217,23.01025390625
8046152,37.04833984375
8046172,25.32958984375
8046233,25.634765625
8046257,18.85986328125
8046284,21.91162109375
8046303,19.287109375
8046327,17.333984375
8046366,17.76123046875
8046382,22.64404296875
8046418,20.01953125
8046465,18.9208984375
8046651,26.4892578125
8046704,18.1884765625
8046841,18.5546875
8046876,18.12744140625
8047013,20.751953125
8047209,18.5546875
8047226,19.47021484375
8047246,17.578125
8047443,25.0244140625
8047543,20.44677734375
8047566,17.88330078125
8049222,17.88330078125
8133966,27.587890625
8134006,28.80859375
8134040,20.99609375
8134054,27.52685546875
8134113,17.76123046875
8134130,17.02880859375
8134160,19.34814453125
8134209,23.49853515625
8134223,18.37158203125
8134279,16.90673828125
8134361,19.22607421875
8134411,19.6533203125
8134555,17.2119140625
8134676,26.67236328125
8134869,17.63916015625
8134936,19.6533203125
8135037,18.12744140625
8135116,19.71435546875
8135222,17.7001953125
8135396,17.9443359375
8135600,24.23095703125
8135863,19.22607421875
8176024,37.109375
8176066,25.45166015625
8176097,22.94921875
8176122,21.78955078125
8176151,20.56884765625
8176168,24.4140625
8176188,21.8505859375
8176213,19.1650390625
8176261,18.37158203125
8176286,17.15087890625
8176305,21.728515625
8176333,24.169921875
8176345,18.98193359375
8176473,19.287109375
8176665,17.27294921875
8176712,21.240234375
8176748,17.333984375
8176836,18.12744140625
8176849,16.90673828125
8176901,17.51708984375
8177256,18.4326171875
8177386,19.53125
8177445,17.51708984375
8177477,17.9443359375
8177564,17.822265625
8177699,18.49365234375
8177828,21.66748046875
8178074,17.02880859375
8178090,21.78955078125
8178512,23.74267578125
8263749,38.4521484375
8263788,27.83203125
8263807,19.4091796875
8263830,23.4375
8263880,17.4560546875
8263894,20.32470703125
8263915,18.98193359375
8263940,22.4609375
8263964,19.95849609375
8263991,17.7001953125
8264022,21.30126953125
8264041,24.71923828125
8264056,21.97265625
8264078,16.9677734375
8264127,17.7001953125
8264171,18.6767578125
8264203,24.658203125
8264216,16.9677734375
8264451,17.08984375
8264484,19.53125
8264644,18.12744140625
8264675,17.7001953125
8265091,24.0478515625
8265522,18.73779296875
8265628,17.02880859375
8266468,17.4560546875
8323552,17.333984375
8323600,32.65380859375
8323637,24.4140625
8323647,17.02880859375
8323709,17.02880859375
8323735,18.12744140625
8323758,18.9208984375
8323840,22.0947265625
8323890,22.5830078125
8323926,17.822265625
8323949,22.0947265625
8324022,17.7001953125
8324060,21.54541015625
8324110,18.4326171875
8324161,17.02880859375
8324367,18.98193359375
8324437,22.216796875
8324646,17.9443359375
8324738,17.333984375
8324897,19.71435546875
8325962,17.27294921875
8364251,17.39501953125
8364268,33.38623046875
8364306,26.55029296875
8364320,20.20263671875
8364358,21.240234375
8364384,17.51708984375
8364427,20.5078125
8364448,23.193359375
8364473,19.04296875
8364503,30.21240234375
8364533,18.37158203125
8364574,17.333984375
8364617,17.7001953125
8364767,21.8505859375
8364815,18.6767578125
8364957,20.93505859375
8365056,17.578125
8365081,16.90673828125
8365152,20.5078125
8365290,18.73779296875
8365331,22.4609375
8365376,20.01953125
8365467,21.1181640625
8365584,22.64404296875
8408639,35.94970703125
8408662,23.5595703125
8408684,23.13232421875
8408699,18.37158203125
8408722,21.484375
8408737,18.1884765625
8408775,23.01025390625
8408813,18.06640625
8408832,17.08984375
8408873,24.23095703125
8408900,19.287109375
8408916,18.4326171875
8408946,21.1181640625
8409001,17.822265625
8409017,21.484375
8409052,25.87890625
8409268,23.5595703125
8409331,18.37158203125
8409430,18.798828125
8409530,24.71923828125
8456152,42.3583984375
8456188,20.99609375
8456213,26.18408203125
8456240,18.9208984375
8456253,26.9775390625
8456288,19.10400390625
8456311,22.216796875
8456354,18.85986328125
8456384,18.24951171875
8456410,18.310546875
8456429,18.12744140625
8456443,17.7001953125
8456605,17.63916015625
8456627,17.7001953125
8456709,18.85986328125
8456782,20.32470703125
8456888,25.2685546875
8457442,17.7001953125
8457797,20.5078125
8616923,17.822265625
8616989,32.1044921875
8617072,22.3388671875
8617099,29.4189453125
8617121,17.39501953125
8617135,26.91650390625
8617151,22.39990234375
8617198,18.06640625
8617238,18.5546875
8617250,26.2451171875
8617630,17.51708984375
8617916,18.4326171875
8618326,19.47021484375
8618423,16.9677734375
8793836,37.9638671875
8793974,18.5546875
8794053,30.33447265625
8794074,18.4326171875
8794161,28.50341796875
8794220,27.4658203125
8794251,28.99169921875
8794270,18.798828125
8794301,18.73779296875
8794342,18.49365234375
8794377,19.8974609375
8794403,18.24951171875
8794431,19.775390625
8794557,17.2119140625
8794683,16.9677734375
8794710,20.44677734375
8795159,18.798828125
8795343,17.4560546875
8796081,19.95849609375
8984001,24.5361328125
8984028,38.26904296875
8984058,18.61572265625
8984087,18.73779296875
8984100,22.52197265625
8984131,18.49365234375
8984147,21.30126953125
8984220,26.55029296875
8984244,19.71435546875
8984376,20.20263671875
8984678,16.9677734375
8984949,29.23583984375
8985344,18.06640625
8986303,18.24951171875
9048059,42.54150390625
9048107,30.94482421875
9048144,17.578125
9048178,21.30126953125
9048208,19.59228515625
9048240,32.65380859375
9048260,22.4609375
9048291,20.8740234375
9048311,18.06640625
9048338,21.30126953125
9048378,17.9443359375
9048398,19.59228515625
9048518,17.4560546875
9048606,20.01953125
9048704,17.02880859375
9048774,17.63916015625
9048865,17.15087890625
9048960,18.6767578125
9049081,17.88330078125
9049201,24.90234375
9049235,17.08984375
9049295,16.90673828125
9049417,23.92578125
9049620,20.6298828125
9049786,24.2919921875
9050037,25.45166015625
9050282,20.6298828125
9228194,20.8740234375
9228219,30.76171875
9228235,17.333984375
9228258,27.64892578125
9228287,20.08056640625
9228320,27.83203125
9228361,17.88330078125
9228372,21.6064453125
9228390,26.123046875
9228408,17.2119140625
9228423,21.6064453125
9228459,17.822265625
9228520,17.88330078125
9228622,18.4326171875
9228911,19.53125
9228921,22.15576171875
9281622,36.43798828125
9281656,25.146484375
9281697,24.96337890625
9281724,16.90673828125
9281738,27.83203125
9281767,26.79443359375
9281813,19.287109375
9281837,19.1650390625
9281893,17.51708984375
9281924,19.83642578125
9281971,18.37158203125
9282111,17.333984375
9282164,17.4560546875
9282193,22.3388671875
9282274,18.12744140625
9282416,19.287109375
9282453,16.9677734375
9282660,21.66748046875
9282769,18.798828125
9282970,25.69580078125
9283183,27.4658203125
9284274,17.9443359375
9284665,18.98193359375
9539432,18.85986328125
9539459,27.52685546875
9539469,16.9677734375
9539537,25.93994140625
9539576,22.88818359375
9539594,28.62548828125
9539622,26.0009765625
9539646,22.76611328125
9539667,17.63916015625
9539678,21.3623046875
9539698,18.5546875
9539737,19.95849609375
9539751,24.2919921875
9539773,20.08056640625
9539791,23.13232421875
9539815,24.35302734375
9539866,17.4560546875
9539910,19.775390625
9540069,18.9208984375
9540090,21.30126953125
9540232,29.23583984375
9540379,22.3388671875
9540516,25.146484375
9540704,17.27294921875
9540853,29.296875
9540942,26.611328125
9541016,20.08056640625
9541085,26.9775390625
9541506,19.47021484375
9542416,19.53125
9620954,29.35791015625
9620975,39.97802734375
9621036,21.728515625
9621110,20.01953125
9621140,21.42333984375
9621157,18.37158203125
9621182,17.578125
9621202,19.22607421875
9621215,20.5078125
9621237,18.73779296875
9621251,17.76123046875
9621261,22.76611328125
9621298,18.37158203125
9621342,21.3623046875
9621360,16.9677734375
9621394,22.8271484375
9621532,18.9208984375
9621610,18.5546875
9621659,17.4560546875
9621708,22.64404296875
9622029,18.4326171875
9622133,17.27294921875
9622175,17.02880859375
9622525,25.57373046875
9647609,43.27392578125
9647642,17.02880859375
9647671,24.84130859375
9647705,21.05712890625
9647718,20.93505859375
9647747,16.90673828125
9647781,22.15576171875
9647818,18.06640625
9647848,17.15087890625
9647862,18.00537109375
9648236,18.12744140625
9648283,17.39501953125
9648422,16.90673828125
9648460,18.98193359375
9648496,17.88330078125
9648524,18.85986328125
9648544,19.34814453125
9648664,16.9677734375
9648924,19.71435546875
9649029,18.6767578125
9649091,21.3623046875
9649264,18.4326171875
9649480,17.02880859375
9649552,17.578125
9649596,20.01953125
9649667,22.0947265625
9649846,19.10400390625
9649868,19.22607421875
9650027,22.64404296875
9650300,20.3857421875
9650529,17.63916015625
9650577,26.67236328125
9650750,17.4560546875
9650847,19.47021484375
9650870,17.27294921875
9650989,18.9208984375
9651220,17.02880859375
9651437,17.02880859375
9651645,21.728515625
9651855,16.9677734375
9680651,17.39501953125
9680671,35.15625
9680684,25.0244140625
9680721,22.52197265625
9680741,24.90234375
9680772,17.39501953125
9680829,17.51708984375
9680868,17.2119140625
9680896,21.05712890625
9680947,19.59228515625
9680994,19.6533203125
9681035,18.6767578125
9681048,17.15087890625
9681131,22.27783203125
9681287,20.1416015625
9681327,23.193359375
9681368,19.59228515625
9681538,17.4560546875
9681561,19.71435546875
9681631,17.4560546875
9681690,21.05712890625
9681730,18.9208984375
9681790,20.93505859375
9682103,17.39501953125
9682499,18.4326171875
9682674,21.17919921875
9682723,19.10400390625
9683256,17.27294921875
9683312,18.00537109375
9683480,18.4326171875
9683593,25.634765625
9684172,17.27294921875
9684264,18.73779296875
9684408,28.86962890625
9684807,17.4560546875
9685061,18.5546875
9686317,20.3857421875
9726636,29.60205078125
9726663,21.6064453125
9726689,18.98193359375
9726737,20.8740234375
9726770,18.4326171875
9726787,19.4091796875
9726797,18.4326171875
9726828,22.705078125
9726859,18.798828125
9726882,20.20263671875
9726938,19.8974609375
9726960,21.484375
9727021,21.66748046875
9727061,17.822265625
9727217,17.08984375
9727344,18.798828125
9727390,20.69091796875
9727656,18.5546875
9727758,17.27294921875
9727927,19.04296875
9728031,16.90673828125
9728077,17.27294921875
9728619,17.333984375
9729108,17.51708984375
9729423,18.310546875
9729709,18.06640625
9729784,18.98193359375
9730524,19.71435546875
9730813,22.0947265625
9731014,17.27294921875
9731294,17.51708984375
10435747,16.90673828125
10435787,35.2783203125
10435865,17.02880859375
10435919,27.34375
10435933,20.32470703125
10435978,30.029296875
10435989,20.81298828125
10436033,19.10400390625
10436053,18.73779296875
10436111,17.7001953125
10436124,17.578125
10436167,23.86474609375
10436225,20.3857421875
10436266,20.751953125
10436319,17.2119140625
10436347,18.37158203125
10436753,24.2919921875
10436875,19.95849609375
10436933,26.85546875
10437181,23.98681640625
10437334,22.94921875
10437469,21.728515625
10437513,18.12744140625
10438121,20.81298828125
10438333,27.28271484375
10438437,17.88330078125
10438691,22.8271484375
10438745,22.03369140625
10439762,16.90673828125
10580938,32.65380859375
10580980,24.47509765625
10581002,17.7001953125
10581012,21.30126953125
10581051,18.37158203125
10581084,17.51708984375
10581118,24.10888671875
10581152,17.08984375
10581195,17.578125
10581219,23.8037109375
10581243,17.27294921875
10581302,22.3388671875
10581389,19.287109375
10581412,19.34814453125
10581699,17.51708984375
10581801,19.4091796875
10582095,21.484375
10582375,17.9443359375
10582828,17.63916015625
10582866,18.61572265625
10582941,20.1416015625
10583018,18.310546875
10583242,20.263671875
10583263,17.88330078125
10583512,18.310546875
10583626,19.1650390625
10583902,29.052734375
10584205,17.4560546875
10584516,20.01953125
10584831,17.578125
10779874,17.51708984375
10779919,28.9306640625
10779966,26.4892578125
10780019,25.08544921875
10780046,17.578125
10780086,17.9443359375
10780133,20.08056640625
10780146,20.751953125
10780177,23.193359375
10780233,22.03369140625
10780351,20.56884765625
10780402,18.1884765625
10780463,20.56884765625
10780485,20.20263671875
10780666,24.47509765625
10780766,16.9677734375
10780812,20.44677734375
10780888,19.34814453125
10780983,24.35302734375
10781104,18.12744140625
10781117,19.71435546875
10781139,18.61572265625
10781198,18.12744140625
10781267,18.49365234375
10781370,22.03369140625
10781479,19.95849609375
10781775,23.13232421875
10781806,17.76123046875
10781913,32.71484375
10782611,28.01513671875
10782716,17.333984375
10783115,20.01953125
10783444,18.06640625
11111707,35.46142578125
11111779,24.35302734375
11111837,24.84130859375
11111873,25.87890625
11111898,22.39990234375
11111916,20.69091796875
11111952,25.0244140625
11111971,24.96337890625
11111993,18.00537109375
11112012,24.23095703125
11112035,17.4560546875
11112171,19.47021484375
11112205,24.90234375
11112295,25.5126953125
11112327,16.90673828125
11112451,19.22607421875
11112490,19.22607421875
11112607,19.83642578125
11112621,17.88330078125
11112697,20.1416015625
11112763,17.02880859375
11112964,21.78955078125
11112979,19.47021484375
11113146,18.61572265625
11113242,24.96337890625
11113424,22.76611328125
11113463,19.59228515625
11113624,18.49365234375
11113682,25.93994140625
11113877,23.74267578125
11114443,18.4326171875
11279811,25.08544921875
11279828,18.00537109375
11279884,20.263671875
11279918,21.05712890625
11279942,26.0009765625
11279962,25.20751953125
11279997,20.01953125
11280013,22.8271484375
11280052,24.59716796875
11280071,17.7001953125
11280092,18.85986328125
11280121,17.51708984375
11280166,21.1181640625
11280209,23.0712890625
11280256,29.4189453125
11280317,21.78955078125
11280495,20.751953125
11280526,17.578125
11280553,24.35302734375
11280571,16.90673828125
11280677,17.63916015625
11280722,18.798828125
11280761,23.4375
11280821,18.98193359375
11280961,18.98193359375
11281076,18.6767578125
11281103,17.7001953125
11281162,17.88330078125
11281201,21.17919921875
11281356,16.90673828125
11281497,26.42822265625
11281528,17.39501953125
11281601,17.15087890625
11281676,20.8740234375
11281813,22.216796875
11281929,19.83642578125
11282724,17.39501953125
11282809,18.798828125
11284021,17.822265625
11521232,33.3251953125
11521247,17.578125
11521277,21.78955078125
11521304,18.98193359375
11521328,23.13232421875
11521365,25.390625
11521391,22.4609375
11521410,21.484375
11521450,21.240234375
11521468,20.1416015625
11521494,17.7001953125
11521520,17.02880859375
11521568,18.9208984375
11521656,17.7001953125
11521722,26.123046875
11521755,17.88330078125
11521804,24.35302734375
11521838,19.04296875
11521919,21.1181640625
11522057,18.6767578125
11522132,17.76123046875
11522184,19.04296875
11522324,20.3857421875
11522352,17.822265625
11522522,21.97265625
11522577,20.44677734375
11522721,25.2685546875
11522788,17.7001953125
11522868,19.34814453125
11522982,19.6533203125
11523235,24.4140625
11523423,21.54541015625
11523497,17.63916015625
11523640,20.93505859375
11524625,21.728515625
11695157,19.34814453125
11695186,34.24072265625
11695206,20.20263671875
11695261,31.005859375
11695275,18.37158203125
11695317,22.76611328125
11695371,27.34375
11695398,19.53125
11695425,25.146484375
11695438,17.9443359375
11695458,19.287109375
11695507,21.484375
11695535,17.02880859375
11695572,29.541015625
11695587,18.9208984375
11695678,16.9677734375
11695693,17.08984375
11695824,23.74267578125
11695947,19.6533203125
11696041,20.44677734375
11696090,17.76123046875
11696189,18.37158203125
11696282,21.66748046875
11696310,17.51708984375
11696358,20.5078125
11696541,18.61572265625
11696604,18.00537109375
11696666,18.85986328125
11696779,17.27294921875
11697000,18.61572265625
11697090,16.90673828125
11697137,20.8740234375
11697278,23.37646484375
11697592,18.5546875
11697675,18.5546875
11697707,16.90673828125
11697857,17.15087890625
11904750,35.888671875
11904764,32.71484375
11904806,18.85986328125
11904850,21.1181640625
11904875,18.98193359375
11904922,22.15576171875
11904937,19.04296875
11904965,17.7001953125
11905000,16.9677734375
11905166,24.35302734375
11905209,17.39501953125
11905241,21.6064453125
11905255,20.81298828125
11905302,18.4326171875
11905350,21.66748046875
11905437,18.00537109375
11905460,20.751953125
11905591,17.63916015625
11905634,16.9677734375
11905801,16.9677734375
11905848,20.263671875
11905939,20.3857421875
11906122,18.49365234375
11906563,20.01953125
11906741,28.6865234375
11906860,19.1650390625
11906893,17.63916015625
11907015,18.73779296875
11907125,19.47021484375
11907362,18.1884765625
