11999000,0
21803,14.22119140625
21923,18.5546875
21963,17.08984375
21988,15.0146484375
22010,14.0380859375
22033,25.81787109375
22052,17.7001953125
22085,15.56396484375
22122,15.7470703125
22167,15.13671875
22186,13.97705078125
22223,14.09912109375
22236,17.39501953125
22274,17.4560546875
22303,14.58740234375
22323,15.93017578125
22354,14.22119140625
22414,17.27294921875
22546,16.11328125
22788,18.9208984375
22811,15.19775390625
23126,14.404296875
23336,14.70947265625
23407,14.404296875
51962,15.56396484375
52021,19.10400390625
52045,15.869140625
52105,18.24951171875
52137,14.95361328125
52151,15.44189453125
52190,14.95361328125
52200,19.1650390625
52241,19.10400390625
52253,15.93017578125
52293,14.892578125
52394,16.6015625
52660,15.80810546875
53131,14.2822265625
81104,15.07568359375
81165,15.56396484375
81188,15.2587890625
81201,21.3623046875
81219,14.2822265625
81259,17.7001953125
81277,13.97705078125
81295,14.7705078125
81313,19.53125
81416,15.80810546875
81426,18.61572265625
81463,14.34326171875
81499,15.0146484375
81525,18.49365234375
81552,17.15087890625
81619,16.7236328125
81663,16.54052734375
81789,14.95361328125
81909,15.7470703125
82206,15.31982421875
82476,14.46533203125
82491,14.58740234375
115465,15.7470703125
115492,14.34326171875
115610,13.97705078125
115657,16.66259765625
115688,15.2587890625
115758,17.333984375
115776,14.0380859375
115823,15.7470703125
115860,15.625
115988,15.13671875
116245,14.892578125
171605,16.29638671875
171808,14.46533203125
171836,14.09912109375
171867,18.1884765625
171907,18.37158203125
171972,17.08984375
171994,18.24951171875
172036,17.76123046875
172097,17.578125
172153,19.59228515625
172176,21.05712890625
172242,15.13671875
172465,17.578125
172490,14.46533203125
172588,18.06640625
340875,14.58740234375
340970,17.02880859375
340998,15.31982421875
341037,17.08984375
341111,15.44189453125
341130,15.9912109375
341155,14.46533203125
341298,17.76123046875
341444,15.9912109375
341570,15.5029296875
342119,14.6484375
342207,15.13671875
342735,15.0146484375
465532,17.08984375
465798,16.54052734375
465849,15.0146484375
465892,15.93017578125
465908,14.6484375
465942,18.00537109375
465962,21.30126953125
466019,15.80810546875
466044,17.822265625
466082,15.9912109375
466508,15.31982421875
466691,15.31982421875
505504,15.0146484375
505758,14.6484375
505833,14.0380859375
505871,14.7705078125
505913,16.17431640625
505936,15.19775390625
506001,15.380859375
506072,16.11328125
506181,15.2587890625
506503,15.2587890625
506552,14.09912109375
506601,15.31982421875
506615,14.0380859375
506684,15.625
506757,15.0146484375
507547,14.22119140625
578167,14.58740234375
578193,14.7705078125
578238,16.4794921875
578255,13.97705078125
578279,16.2353515625
578327,18.85986328125
578347,15.7470703125
578376,18.06640625
578392,14.0380859375
578581,13.97705078125
578611,14.2822265625
578816,15.68603515625
582908,14.09912109375
583240,15.869140625
583400,18.9208984375
583546,13.97705078125
584018,14.16015625
584041,15.625
622831,18.12744140625
622846,17.76123046875
622936,16.845703125
623116,15.0146484375
623153,14.404296875
623237,14.2822265625
623374,17.27294921875
624274,14.46533203125
628427,15.5029296875
673050,14.16015625
673116,15.80810546875
673140,17.39501953125
673183,14.6484375
673198,21.97265625
673270,18.4326171875
673314,14.83154296875
674324,13.97705078125
674502,15.31982421875
676664,14.83154296875
677433,13.97705078125
678577,14.892578125
710703,13.97705078125
711007,14.2822265625
711173,15.56396484375
711309,14.34326171875
711392,15.7470703125
711623,18.310546875
712347,13.97705078125
745797,17.9443359375
745819,15.44189453125
745871,15.68603515625
745917,14.2822265625
746021,15.07568359375
746052,14.09912109375
746107,15.0146484375
746152,15.869140625
746310,15.68603515625
746361,14.22119140625
746438,15.19775390625
746701,14.5263671875
746971,15.13671875
747768,13.97705078125
755083,13.97705078125
787532,14.0380859375
787612,15.7470703125
787627,14.2822265625
787703,17.08984375
787719,15.07568359375
787741,14.58740234375
787789,17.7001953125
787882,15.44189453125
787945,15.56396484375
788043,15.07568359375
788225,14.5263671875
788258,15.13671875
788403,16.17431640625
788426,18.37158203125
788497,14.83154296875
788644,14.5263671875
792703,14.34326171875
793076,15.44189453125
988420,14.34326171875
988519,13.97705078125
988595,18.798828125
988619,16.90673828125
988673,14.0380859375
988729,14.16015625
988757,15.869140625
988857,14.09912109375
989410,14.46533203125
1027546,20.01953125
1027575,16.6015625
1027600,14.6484375
1027639,16.7236328125
1027688,14.0380859375
1027710,15.31982421875
1027740,23.4375
1027789,15.80810546875
1027818,14.95361328125
1027841,14.2822265625
1027910,17.333984375
1028057,14.892578125
1028150,15.19775390625
1078828,14.58740234375
1079051,14.34326171875
1079083,15.0146484375
1079100,15.7470703125
1079133,14.7705078125
1079193,17.02880859375
1079218,14.22119140625
1079235,17.39501953125
1079268,15.07568359375
1079315,14.46533203125
1079342,18.61572265625
1079396,15.44189453125
1079462,15.56396484375
1079530,13.97705078125
1146537,16.4794921875
1146788,16.9677734375
1146808,13.97705078125
1146832,14.6484375
1146868,16.845703125
1146905,19.287109375
1146948,16.7236328125
1146976,14.404296875
1147003,17.27294921875
1147066,16.29638671875
1147149,14.09912109375
1147336,15.56396484375
1147421,14.95361328125
1147506,14.892578125
1192385,20.8740234375
1192441,19.34814453125
1192482,14.22119140625
1192508,25.08544921875
1192535,13.97705078125
1192565,16.54052734375
1192589,14.0380859375
1192634,14.2822265625
1192898,14.404296875
1193039,18.85986328125
1193170,17.27294921875
1231519,15.625
1231534,15.80810546875
1231576,14.83154296875
1231646,14.0380859375
1231668,13.97705078125
1231684,14.34326171875
1231755,17.63916015625
1231773,17.27294921875
1232339,15.13671875
1232543,14.34326171875
1261431,14.0380859375
1261462,15.380859375
1261513,14.16015625
1261537,14.5263671875
1261666,15.0146484375
1261685,17.333984375
1261745,15.2587890625
1261786,14.46533203125
1261827,15.68603515625
1262979,15.68603515625
1288635,13.97705078125
1288697,16.78466796875
1288732,20.08056640625
1288791,16.78466796875
1288802,14.6484375
1288847,17.88330078125
1288953,15.0146484375
1289303,15.7470703125
1289640,17.27294921875
1290038,15.56396484375
1291131,15.07568359375
1291675,16.357421875
1292226,15.80810546875
1328728,16.66259765625
1328786,14.70947265625
1328863,17.7001953125
1328885,14.5263671875
1328954,13.97705078125
1329034,14.58740234375
1329428,14.34326171875
1329541,14.46533203125
1330044,14.0380859375
1331193,13.97705078125
1331452,14.6484375
1367235,14.70947265625
1367266,17.02880859375
1367333,14.7705078125
1367483,15.5029296875
1367552,14.892578125
1372070,14.2822265625
1401576,15.2587890625
1401607,15.68603515625
1401649,16.6015625
1401685,17.333984375
1401853,14.6484375
1402051,14.2822265625
1403064,15.9912109375
1403957,15.44189453125
1440136,22.27783203125
1440173,15.68603515625
1440191,14.7705078125
1440270,15.07568359375
1440983,14.0380859375
1441867,14.16015625
1443844,14.404296875
1457016,16.41845703125
1457044,21.484375
1457060,18.12744140625
1457105,14.83154296875
1457127,18.310546875
1457189,15.0146484375
1457222,15.5029296875
1457247,17.15087890625
1457306,14.404296875
1457324,15.2587890625
1457347,15.0146484375
1457397,18.798828125
1457423,16.6015625
1457454,14.16015625
1457479,15.0146484375
1457492,15.380859375
1457597,16.11328125
1457894,14.892578125
1458020,14.892578125
1512142,17.9443359375
1512256,16.78466796875
1512405,18.6767578125
1512464,14.46533203125
1512483,14.892578125
1512535,14.16015625
1512570,14.16015625
1512613,14.5263671875
1512660,16.845703125
1512938,14.83154296875
1515172,16.66259765625
1516647,14.16015625
1558363,16.05224609375
1558400,14.95361328125
1558436,14.2822265625
1558502,15.7470703125
1558589,14.46533203125
1560770,15.07568359375
1561563,14.7705078125
1561705,14.09912109375
1562508,17.15087890625
1563645,14.5263671875
1600774,15.07568359375
1600806,15.31982421875
1600925,14.404296875
1600942,19.8974609375
1600958,14.46533203125
1600986,15.869140625
1601010,22.76611328125
1601027,16.90673828125
1601069,15.5029296875
1601187,15.2587890625
1601230,17.15087890625
1601406,20.751953125
1601726,14.09912109375
1601821,14.09912109375
1632189,13.97705078125
1632212,16.357421875
1632236,22.03369140625
1632289,17.2119140625
1632321,15.9912109375
1632345,18.6767578125
1632377,14.83154296875
1632388,21.6064453125
1632438,15.9912109375
1632468,16.05224609375
1632592,15.7470703125
1632659,17.51708984375
1632698,15.07568359375
1632780,18.73779296875
1632858,14.6484375
1632951,14.5263671875
1633085,14.46533203125
1633099,14.892578125
1633169,18.98193359375
1633284,15.19775390625
1633313,16.66259765625
1633418,14.5263671875
1633475,15.80810546875
1633574,14.16015625
1633773,14.58740234375
1634271,14.5263671875
1668146,14.2822265625
1668206,15.44189453125
1668629,14.58740234375
1668661,15.5029296875
1668698,15.56396484375
1668712,15.625
1668749,14.6484375
1668775,22.88818359375
1668799,15.93017578125
1668842,16.357421875
1668895,17.578125
1668910,17.27294921875
1668953,20.32470703125
1669110,14.5263671875
1669140,14.22119140625
1669225,14.2822265625
1669244,19.04296875
1669268,14.7705078125
1669408,17.63916015625
1669471,14.0380859375
1669518,16.17431640625
1669537,16.357421875
1669943,15.07568359375
1670199,15.19775390625
1670239,17.76123046875
1670332,13.97705078125
1670463,14.58740234375
1670561,14.46533203125
1670821,14.83154296875
1670905,17.51708984375
1670965,13.97705078125
1671008,15.2587890625
1671162,16.66259765625
1671231,14.83154296875
1671498,16.17431640625
1671543,15.31982421875
1671798,14.70947265625
1672287,14.83154296875
1673085,14.5263671875
1673818,14.83154296875
1944945,23.92578125
1944973,21.240234375
1945003,15.68603515625
1945060,14.892578125
1945092,21.30126953125
1945119,15.869140625
1945137,17.2119140625
1945163,15.31982421875
1945173,18.310546875
1945247,14.2822265625
1945348,16.29638671875
1945398,14.22119140625
1945415,14.2822265625
1945454,14.6484375
1945490,14.58740234375
1945515,15.44189453125
1945559,16.17431640625
1945623,13.97705078125
1945912,15.0146484375
1945959,14.6484375
1945975,17.4560546875
1946054,16.845703125
1946080,14.46533203125
1946218,14.34326171875
1946281,14.2822265625
1946312,16.05224609375
1946368,14.5263671875
1946849,16.4794921875
1946880,14.6484375
1946913,14.16015625
1946984,16.845703125
1947091,16.9677734375
2095698,14.70947265625
2095716,20.99609375
2095737,14.0380859375
2095748,17.63916015625
2095768,16.54052734375
2095842,14.09912109375
2095864,20.1416015625
2095902,13.97705078125
2095934,16.78466796875
2095980,14.46533203125
2096020,14.22119140625
2096098,14.7705078125
2096136,15.380859375
2096184,17.02880859375
2096196,17.08984375
2096250,15.68603515625
2096296,17.51708984375
2096348,16.90673828125
2096383,14.83154296875
2096472,17.02880859375
2096555,14.0380859375
2096672,16.78466796875
2097179,14.46533203125
2097375,13.97705078125
2097476,15.68603515625
2097626,14.46533203125
2097870,14.0380859375
2098150,16.7236328125
2098366,15.0146484375
2099670,13.97705078125
2099781,14.83154296875
2344724,14.0380859375
2344991,14.16015625
2345030,15.07568359375
2345053,15.31982421875
2345088,14.58740234375
2345116,19.8974609375
2345139,21.30126953125
2345254,14.892578125
2345265,15.19775390625
2345318,14.7705078125
2345354,17.9443359375
2345408,14.09912109375
2345440,14.22119140625
2345466,14.7705078125
2345494,14.70947265625
2345535,14.0380859375
2345576,14.0380859375
2345600,14.22119140625
2345730,14.46533203125
2345808,15.380859375
2346074,17.7001953125
2346157,16.4794921875
2346376,16.66259765625
2445214,15.5029296875
2445306,15.44189453125
2445331,18.61572265625
2445389,15.13671875
2445408,18.12744140625
2445465,15.380859375
2445482,18.4326171875
2445504,23.0712890625
2445537,13.97705078125
2445568,18.85986328125
2445582,14.95361328125
2445654,15.9912109375
2445733,14.2822265625
2445883,16.05224609375
2445974,15.0146484375
2446289,20.6298828125
2446374,14.2822265625
2538994,18.37158203125
2539069,15.869140625
2539128,15.0146484375
2539161,15.56396484375
2539248,14.404296875
2539282,14.46533203125
2539335,20.99609375
2539346,16.41845703125
2539379,15.2587890625
2539398,17.88330078125
2539462,14.16015625
2539511,17.27294921875
2539617,15.19775390625
2539657,14.2822265625
2539705,15.380859375
2539888,17.02880859375
2540045,18.00537109375
2540083,16.17431640625
2540163,14.22119140625
2540203,14.22119140625
2540243,14.34326171875
2540390,14.0380859375
2540808,16.05224609375
2540917,14.892578125
2541183,14.0380859375
2733841,15.80810546875
2733863,14.7705078125
2733880,14.7705078125
2733900,20.3857421875
2733928,14.2822265625
2733971,14.58740234375
2734019,23.74267578125
2734032,16.41845703125
2734058,17.39501953125
2734087,19.287109375
2734418,14.16015625
2734604,16.4794921875
2734661,14.22119140625
2735360,16.4794921875
2735442,14.22119140625
2758586,15.625
2758611,20.81298828125
2758685,14.6484375
2758696,26.79443359375
2758739,21.240234375
2758798,14.2822265625
2758839,14.46533203125
2758881,14.892578125
2758904,15.56396484375
2758937,15.44189453125
2759136,14.5263671875
2759480,15.0146484375
2759490,15.56396484375
2759639,15.19775390625
2759685,15.380859375
2759754,16.2353515625
2760029,14.2822265625
2760108,15.7470703125
2760476,14.09912109375
2760672,14.58740234375
2760830,14.404296875
2761096,16.17431640625
2761342,16.05224609375
2761373,14.6484375
2761468,15.19775390625
2761541,14.09912109375
2762076,14.46533203125
2762317,16.78466796875
2992842,15.93017578125
2992884,16.9677734375
2993019,14.34326171875
2993034,15.19775390625
2993094,16.11328125
2993112,14.16015625
2993221,15.31982421875
2993247,16.05224609375
2993312,16.41845703125
2993345,15.13671875
2993364,14.34326171875
2993389,21.3623046875
2993490,16.11328125
2993762,19.47021484375
3089263,19.53125
3089277,16.11328125
3089300,16.2353515625
3089317,14.2822265625
3089384,24.4140625
3089403,23.193359375
3089421,18.06640625
3089482,14.70947265625
3089527,15.0146484375
3089564,14.16015625
3089583,16.11328125
3089641,14.70947265625
3089662,17.39501953125
3089758,21.728515625
3089793,18.00537109375
3089815,15.2587890625
3089888,13.97705078125
3089985,18.61572265625
3090031,14.34326171875
3090212,13.97705078125
3090458,14.16015625
3090723,14.09912109375
3090874,15.44189453125
3091124,20.263671875
3107526,15.13671875
3107651,17.88330078125
3107703,22.15576171875
3107724,15.5029296875
3107763,18.12744140625
3107826,18.24951171875
3107881,14.22119140625
3107998,17.51708984375
3108046,15.625
3108101,17.15087890625
3108124,14.83154296875
3108187,17.2119140625
3108238,16.9677734375
3108344,14.46533203125
3108645,19.34814453125
3108786,14.0380859375
3108847,14.5263671875
3109108,14.46533203125
3109244,18.85986328125
3109315,14.7705078125
3109362,14.34326171875
3109443,17.4560546875
3109491,15.07568359375
3109544,15.07568359375
3109750,16.9677734375
3109845,14.70947265625
3110237,14.70947265625
3110517,14.0380859375
3110711,14.5263671875
3110816,14.22119140625
3110915,14.46533203125
3110959,15.625
3111222,15.31982421875
3112501,17.333984375
3113806,15.44189453125
3246727,18.73779296875
3246794,13.97705078125
3246870,17.4560546875
3246896,16.78466796875
3246915,20.1416015625
3246981,19.34814453125
3246993,17.822265625
3247022,14.70947265625
3247058,15.5029296875
3247086,19.95849609375
3247096,15.68603515625
3247357,14.83154296875
3247396,14.6484375
3247425,14.892578125
3247459,16.9677734375
3247490,15.0146484375
3247523,15.56396484375
3247565,16.845703125
3247646,15.7470703125
3247734,14.34326171875
3247982,14.83154296875
3248018,14.2822265625
3248070,15.0146484375
3248231,14.34326171875
3369686,24.5361328125
3369728,15.2587890625
3369758,21.91162109375
3369833,14.5263671875
3369849,16.357421875
3369884,16.7236328125
3369962,14.09912109375
3370013,14.0380859375
3370061,17.333984375
3370092,14.09912109375
3370157,14.09912109375
3370193,14.83154296875
3370231,14.46533203125
3370489,14.34326171875
3370532,17.27294921875
3370700,15.93017578125
3371049,14.70947265625
3371199,14.83154296875
3598208,14.16015625
3598242,16.05224609375
3598272,15.869140625
3598357,19.22607421875
3598418,16.66259765625
3598671,16.17431640625
3598832,16.845703125
3599051,17.08984375
3599266,14.0380859375
3744871,14.09912109375
3744913,14.16015625
3744960,17.88330078125
3744988,13.97705078125
3745019,14.70947265625
3745042,17.88330078125
3745077,14.09912109375
3745142,15.80810546875
3745207,15.5029296875
3745237,14.2822265625
3745342,16.6015625
3745462,15.869140625
3745490,19.71435546875
3745557,15.7470703125
3745786,16.05224609375
3745818,14.83154296875
3746067,15.2587890625
3746302,15.869140625
3746596,14.83154296875
3801018,17.822265625
3801065,14.95361328125
3801080,24.169921875
3801109,16.17431640625
3801201,16.7236328125
3801228,15.13671875
3801245,14.5263671875
3801287,13.97705078125
3801348,15.56396484375
3801478,15.380859375
3801528,14.83154296875
3801579,15.31982421875
3801929,15.31982421875
3801983,14.58740234375
3802044,14.34326171875
3802071,16.29638671875
3802334,13.97705078125
3802589,15.9912109375
3802636,16.54052734375
3803213,14.16015625
3804122,14.58740234375
3981534,14.5263671875
3981699,20.93505859375
3981757,14.6484375
3981794,20.32470703125
3981818,22.88818359375
3981857,14.58740234375
3981909,22.03369140625
3981952,23.8037109375
3981973,14.46533203125
3982000,16.90673828125
3982079,17.9443359375
3982116,14.5263671875
3982174,17.4560546875
3982190,18.6767578125
3982226,17.333984375
3982267,14.95361328125
3982297,14.7705078125
3982346,15.80810546875
3982385,15.869140625
4128197,14.70947265625
4128242,21.05712890625
4128290,15.80810546875
4128426,17.76123046875
4128464,23.13232421875
4128493,16.41845703125
4128520,18.61572265625
4128577,15.93017578125
4128637,18.06640625
4128659,19.10400390625
4128711,14.58740234375
4128782,14.34326171875
4128949,15.5029296875
4128960,16.78466796875
4129125,15.80810546875
4129217,15.9912109375
4129365,16.78466796875
4129414,15.31982421875
4129488,15.9912109375
4129598,15.31982421875
4392017,14.09912109375
4392090,16.9677734375
4392123,22.88818359375
4392179,15.2587890625
4392207,14.5263671875
4392226,21.484375
4392329,16.2353515625
4392462,19.4091796875
4392489,15.869140625
4392525,14.0380859375
4392544,14.0380859375
4392597,14.5263671875
4392631,15.7470703125
4392691,15.80810546875
4392764,14.83154296875
4392832,14.6484375
4392965,15.93017578125
4393072,14.16015625
4393105,16.29638671875
4393207,17.76123046875
4393562,14.09912109375
4394508,14.95361328125
4523514,18.37158203125
4523735,14.16015625
4523760,14.22119140625
4523794,18.61572265625
4523964,14.83154296875
4523981,20.56884765625
4524028,15.9912109375
4524148,17.9443359375
4524312,15.0146484375
4524423,17.9443359375
4524509,15.380859375
4524520,13.97705078125
4524666,14.0380859375
4524843,14.34326171875
4584868,15.44189453125
4584910,16.357421875
4584948,15.380859375
4584985,20.3857421875
4585009,19.83642578125
4585026,17.15087890625
4585103,14.70947265625
4585130,13.97705078125
4585189,18.37158203125
4585224,15.380859375
4585234,18.310546875
4585256,17.578125
4585274,15.31982421875
4585377,14.46533203125
4585472,16.2353515625
4585505,17.02880859375
4585564,14.34326171875
4585593,13.97705078125
4585663,15.68603515625
4585711,16.17431640625
4585863,14.5263671875
4585908,14.2822265625
4586305,15.380859375
4586429,16.357421875
4586518,14.2822265625
4586945,15.13671875
4587158,14.46533203125
4587257,19.10400390625
4588394,14.46533203125
4727856,15.31982421875
4727905,14.6484375
4727919,16.78466796875
4727938,25.390625
4727954,16.9677734375
4727989,18.6767578125
4728007,13.97705078125
4728018,18.1884765625
4728061,16.17431640625
4728073,20.751953125
4728096,15.80810546875
4728120,17.27294921875
4728150,18.06640625
4728208,14.7705078125
4728321,14.70947265625
4728359,18.4326171875
4728378,14.95361328125
4728462,17.27294921875
4728565,16.17431640625
4728698,14.09912109375
4728850,14.16015625
4729141,17.88330078125
4729202,14.16015625
4729245,14.70947265625
4729572,15.44189453125
4729617,14.0380859375
4729851,14.16015625
4730327,14.892578125
4730561,14.16015625
4732167,14.34326171875
4856134,17.27294921875
4856222,30.1513671875
4856242,16.29638671875
4856259,23.01025390625
4856337,15.869140625
4856372,19.04296875
4856408,15.5029296875
4856440,17.08984375
4856478,14.404296875
4856496,18.61572265625
4856556,16.7236328125
4856586,16.2353515625
4856616,15.2587890625
4856658,13.97705078125
4856894,20.1416015625
4856946,15.5029296875
4857068,14.22119140625
4857099,16.66259765625
4857157,14.46533203125
4857390,15.56396484375
4857420,14.58740234375
4857452,14.5263671875
4857483,15.0146484375
4857618,14.0380859375
4857654,15.380859375
4857748,15.07568359375
4857842,16.66259765625
4858120,14.58740234375
4858529,17.08984375
4860493,14.09912109375
4974058,22.88818359375
4974077,16.78466796875
4974141,18.37158203125
4974160,15.44189453125
4974182,16.6015625
4974200,19.775390625
4974249,16.6015625
4974287,14.58740234375
4974305,15.13671875
4974361,15.9912109375
4974423,14.95361328125
4974598,14.70947265625
4974646,15.2587890625
4974704,16.17431640625
4974963,14.2822265625
4975136,15.68603515625
4975206,14.5263671875
4975256,15.2587890625
4975312,14.2822265625
5105454,15.07568359375
5105531,17.822265625
5105617,21.484375
5105629,25.93994140625
5105660,26.123046875
5105684,16.05224609375
5105700,15.5029296875
5105742,16.845703125
5105765,17.39501953125
5105882,15.80810546875
5105908,15.2587890625
5106037,16.4794921875
5106151,14.0380859375
5106872,14.83154296875
5107252,14.0380859375
5107447,16.845703125
5194357,16.05224609375
5194418,25.57373046875
5194436,16.7236328125
5194492,15.7470703125
5194515,14.83154296875
5194539,19.10400390625
5194562,14.2822265625
5194582,15.68603515625
5194597,17.4560546875
5194637,13.97705078125
5194666,19.22607421875
5194697,16.11328125
5194708,17.63916015625
5194753,14.16015625
5194879,15.80810546875
5194944,14.70947265625
5195066,13.97705078125
5195277,15.31982421875
5195313,15.13671875
5195463,16.4794921875
5195649,14.46533203125
5195710,14.58740234375
5196052,15.93017578125
5320191,19.22607421875
5320260,14.34326171875
5320281,14.46533203125
5320305,14.95361328125
5320324,18.1884765625
5320344,20.3857421875
5320418,18.06640625
5320443,14.5263671875
5320805,18.5546875
5320824,15.0146484375
5321040,15.07568359375
5321355,14.34326171875
5321523,14.58740234375
5321577,14.5263671875
5465810,15.0146484375
5465836,14.09912109375
5465915,16.90673828125
5465942,14.892578125
5465980,17.2119140625
5466010,22.39990234375
5466059,15.44189453125
5466084,19.1650390625
5466101,16.66259765625
5466153,22.0947265625
5466193,21.240234375
5466212,14.58740234375
5466245,17.7001953125
5466293,14.5263671875
5466448,16.05224609375
5466559,14.16015625
5466646,14.6484375
5545281,14.95361328125
5545383,16.11328125
5545434,15.7470703125
5545480,13.97705078125
5545532,18.5546875
5545600,15.56396484375
5545623,18.1884765625
5545647,14.46533203125
5545667,15.625
5545741,15.31982421875
5545772,14.5263671875
5545888,17.822265625
5545940,15.80810546875
5546014,14.70947265625
5546448,14.58740234375
5546482,15.0146484375
5547306,15.19775390625
5601835,14.22119140625
5601914,21.6064453125
5601934,16.17431640625
5601949,19.04296875
5601970,15.19775390625
5602010,15.5029296875
5602041,16.17431640625
5602089,14.46533203125
5602110,16.54052734375
5602312,14.5263671875
5602372,14.404296875
5602412,14.22119140625
5602628,14.6484375
5602720,16.05224609375
5602764,14.46533203125
5603382,14.0380859375
5603488,14.22119140625
5603618,15.44189453125
5604704,14.34326171875
5605537,14.95361328125
5648599,15.68603515625
5648679,17.63916015625
5648699,14.58740234375
5648731,14.58740234375
5648767,19.53125
5648797,17.02880859375
5648863,17.51708984375
5648916,15.5029296875
5648960,18.85986328125
5649000,13.97705078125
5649012,17.88330078125
5649085,15.625
5649135,14.0380859375
5649149,14.09912109375
5649540,16.2353515625
5649589,14.46533203125
5649631,14.83154296875
5649682,15.5029296875
5649735,14.6484375
5649760,14.46533203125
5649864,13.97705078125
5649879,15.5029296875
5649894,15.0146484375
5650059,15.380859375
5650199,14.6484375
5650305,15.7470703125
5650427,14.2822265625
5650548,15.869140625
5651175,14.16015625
5651663,14.83154296875
5663708,16.11328125
5663737,14.16015625
5663775,14.404296875
5663807,16.17431640625
5663903,14.2822265625
5663952,14.22119140625
5663996,14.6484375
5664012,15.19775390625
5664171,14.404296875
5664220,13.97705078125
5664247,14.09912109375
5664269,15.07568359375
5664378,16.357421875
5664388,19.04296875
5664471,18.85986328125
5664500,17.9443359375
5664578,14.7705078125
5664650,16.66259765625
5664677,14.46533203125
5664733,14.6484375
5664913,16.29638671875
5664946,16.2353515625
5664996,15.80810546875
5665018,15.44189453125
5665139,15.31982421875
5665203,15.13671875
5665234,14.09912109375
5665383,16.54052734375
5665409,14.34326171875
5665718,14.22119140625
5665755,14.83154296875
5665807,16.4794921875
5665847,14.6484375
5665900,14.34326171875
5665965,17.15087890625
5666506,14.58740234375
5666543,17.15087890625
5666654,14.46533203125
5667356,14.22119140625
5667741,16.357421875
5667925,13.97705078125
5669314,14.83154296875
5670743,14.58740234375
5824850,14.09912109375
5824918,18.4326171875
5825018,21.05712890625
5825072,14.09912109375
5825118,18.37158203125
5825151,16.6015625
5825179,15.869140625
5825331,13.97705078125
5825427,18.24951171875
5825573,16.2353515625
5825886,14.58740234375
5825937,14.2822265625
5825986,19.287109375
5826385,16.66259765625
5915855,16.41845703125
5915969,16.11328125
5916063,18.5546875
5916102,16.54052734375
5916122,14.70947265625
5916195,14.892578125
5916235,21.05712890625
5916294,18.9208984375
5916304,15.9912109375
5916344,17.7001953125
5916424,15.13671875
5916440,13.97705078125
5916501,18.06640625
5916527,20.6298828125
5916656,17.63916015625
5916797,18.06640625
5917246,15.0146484375
5982502,14.70947265625
5982529,15.2587890625
5982580,16.6015625
5982658,21.240234375
5982687,16.6015625
5982704,16.17431640625
5982748,16.05224609375
5982768,19.83642578125
5982824,14.34326171875
5982834,17.63916015625
5982863,20.99609375
5982881,15.19775390625
5982976,15.13671875
5983022,22.4609375
5983089,17.822265625
5983193,14.83154296875
5983228,14.16015625
5983366,17.02880859375
5983557,14.95361328125
5983804,16.29638671875
5984282,14.892578125
5998980,14.83154296875
5999039,15.625
5999072,15.31982421875
5999106,16.90673828125
5999116,14.58740234375
5999190,16.66259765625
5999209,18.73779296875
5999238,16.41845703125
5999257,16.54052734375
5999280,21.1181640625
5999311,15.5029296875
5999390,15.380859375
5999837,15.07568359375
5999948,15.07568359375
6000019,15.93017578125
6000065,14.09912109375
6000466,14.58740234375
6126665,15.07568359375
6126681,16.9677734375
6126722,16.357421875
6126748,19.95849609375
6126766,15.56396484375
6126811,19.6533203125
6126836,15.625
6126862,14.83154296875
6126889,20.3857421875
6126911,18.798828125
6126926,14.95361328125
6126979,21.484375
6127032,15.93017578125
6127089,14.16015625
6127119,15.9912109375
6127139,15.13671875
6127199,15.07568359375
6127249,16.29638671875
6127406,15.80810546875
6127470,15.0146484375
6127600,15.56396484375
6127681,13.97705078125
6127905,15.0146484375
6204194,14.404296875
6204231,14.0380859375
6204329,14.22119140625
6204339,18.798828125
6204443,21.42333984375
6204465,14.2822265625
6204505,15.869140625
6204524,19.34814453125
6204565,17.39501953125
6204623,15.0146484375
6204644,16.357421875
6204730,15.93017578125
6204748,20.93505859375
6204816,18.49365234375
6204871,14.404296875
6204926,15.93017578125
6204965,14.892578125
6205127,14.16015625
6205183,13.97705078125
6205691,15.68603515625
6248459,13.97705078125
6248515,14.70947265625
6248603,18.61572265625
6248639,15.07568359375
6248677,17.333984375
6248730,18.73779296875
6248783,15.0146484375
6248809,15.625
6248869,14.404296875
6248891,14.95361328125
6248912,14.5263671875
6249023,15.2587890625
6249084,16.90673828125
6249179,15.68603515625
6249196,17.333984375
6249356,15.13671875
6249369,14.34326171875
6250185,16.845703125
6281462,15.7470703125
6281502,15.625
6281555,17.9443359375
6281584,15.93017578125
6281602,26.123046875
6281684,15.9912109375
6281743,15.56396484375
6281839,15.869140625
6281981,14.16015625
6281991,19.6533203125
6282209,15.0146484375
6284768,14.95361328125
6285328,14.2822265625
6287208,14.34326171875
6314645,14.892578125
6314813,19.04296875
6314854,15.56396484375
6314954,14.83154296875
6315146,15.5029296875
6315195,15.93017578125
6315317,17.63916015625
6315508,14.83154296875
6315642,14.34326171875
6315698,15.44189453125
6316003,14.5263671875
6346809,18.49365234375
6346824,15.07568359375
6346861,15.68603515625
6346999,15.0146484375
6347027,19.34814453125
6347065,21.30126953125
6347313,13.97705078125
6347339,14.404296875
6347651,15.44189453125
6348927,15.9912109375
6349504,14.34326171875
6355514,14.6484375
6359535,18.4326171875
6364098,14.0380859375
6364357,14.22119140625
6364527,17.02880859375
6364795,15.80810546875
6365061,14.09912109375
6369909,17.822265625
6370071,20.44677734375
6370112,14.16015625
6370799,15.68603515625
6378730,16.17431640625
6378796,15.93017578125
6378874,14.70947265625
6379019,15.13671875
6379142,14.22119140625
6379384,14.58740234375
6379453,14.09912109375
6379476,14.34326171875
6379829,14.34326171875
6389551,17.333984375
6389723,13.97705078125
6389961,14.95361328125
6390715,15.9912109375
6390915,14.16015625
6401369,15.93017578125
6402026,15.19775390625
6442337,15.19775390625
6442593,15.5029296875
6442615,14.5263671875
6442673,18.61572265625
6442703,20.01953125
6442743,18.00537109375
6442785,15.9912109375
6442819,13.97705078125
6442886,15.2587890625
6442906,15.44189453125
6442961,15.9912109375
6443150,14.09912109375
6443653,14.70947265625
6444175,14.22119140625
6448985,15.80810546875
6484779,14.6484375
6484803,15.9912109375
6484866,18.85986328125
6484923,21.1181640625
6485099,15.13671875
6485237,17.88330078125
6491437,14.0380859375
6521292,15.31982421875
6521332,14.404296875
6521701,15.44189453125
6522357,14.58740234375
6547382,15.0146484375
6547738,15.56396484375
6548200,15.56396484375
6566309,17.08984375
6566758,17.27294921875
6587481,14.5263671875
6587696,14.16015625
6587771,14.34326171875
6587834,14.34326171875
6588024,14.2822265625
6588271,15.07568359375
6588869,17.02880859375
6616666,14.70947265625
6616748,14.95361328125
6616981,14.2822265625
6617061,16.6015625
6617125,15.625
6617466,14.70947265625
6617532,14.95361328125
6617901,15.19775390625
6618201,14.46533203125
6647932,14.95361328125
6648035,14.46533203125
6648081,14.404296875
6648220,15.19775390625
6648265,17.63916015625
6648379,15.93017578125
6648411,15.31982421875
6648985,14.46533203125
6649451,14.6484375
6691695,16.4794921875
6691719,14.22119140625
6692024,16.41845703125
6692125,15.5029296875
6692341,14.83154296875
6693425,16.6015625
6709353,19.83642578125
6709474,15.2587890625
6709560,14.09912109375
6709922,14.70947265625
6710198,14.0380859375
6710884,15.07568359375
6722850,14.6484375
6723228,16.78466796875
6723250,18.5546875
6723305,14.22119140625
6723352,16.4794921875
6723475,14.6484375
6724114,14.5263671875
6736151,15.625
6736316,14.7705078125
6736591,16.41845703125
6736698,16.357421875
6737044,15.869140625
6737695,14.83154296875
6750297,14.83154296875
6750389,14.16015625
6750587,14.0380859375
6750851,17.822265625
6750940,17.15087890625
6761531,16.357421875
6761635,14.16015625
6761666,17.02880859375
6761720,14.892578125
6761805,17.27294921875
6761825,16.05224609375
6762202,15.5029296875
6762694,17.63916015625
6763000,14.2822265625
6779382,15.2587890625
6779663,15.869140625
6780564,15.44189453125
6780661,14.22119140625
6780867,14.09912109375
6797766,17.76123046875
6799245,19.59228515625
6827294,15.56396484375
6827827,15.2587890625
6827950,14.70947265625
6828138,16.17431640625
6862414,14.70947265625
6863016,14.58740234375
6863338,14.09912109375
7137698,20.56884765625
7137780,14.6484375
7137835,14.0380859375
7137897,15.7470703125
7137910,22.0947265625
7137937,17.88330078125
7137954,19.22607421875
7137995,17.578125
7138016,16.6015625
7138036,16.17431640625
7138062,21.1181640625
7138089,16.2353515625
7138129,16.357421875
7138264,13.97705078125
7138282,14.58740234375
7138319,15.869140625
7138392,15.68603515625
7138470,16.90673828125
7139277,15.0146484375
7139312,14.16015625
7140026,14.46533203125
7140358,15.93017578125
7374843,14.09912109375
7456559,14.7705078125
7456591,15.9912109375
7456633,18.49365234375
7456660,15.07568359375
7456686,15.93017578125
7456714,17.88330078125
7456749,20.99609375
7456772,15.625
7456812,17.02880859375
7456897,14.16015625
7457091,15.68603515625
7457155,14.70947265625
7457190,19.53125
7457211,14.0380859375
7457597,15.31982421875
7457888,15.0146484375
7458163,14.09912109375
7458231,14.34326171875
7458287,14.5263671875
7459577,14.58740234375
7463608,14.22119140625
7466742,14.0380859375
7618107,22.15576171875
7618141,15.0146484375
7618204,18.73779296875
7618246,25.08544921875
7618282,19.53125
7618302,14.6484375
7618323,17.9443359375
7618343,17.822265625
7618360,14.83154296875
7618376,15.9912109375
7618405,16.54052734375
7618438,16.41845703125
7618546,15.68603515625
7618591,17.9443359375
7618648,15.5029296875
7618685,14.5263671875
7618757,14.83154296875
7618884,15.44189453125
7618965,14.2822265625
7619010,14.0380859375
7619102,17.63916015625
7619138,14.0380859375
7619284,24.10888671875
7619368,14.16015625
7619410,14.404296875
7619777,17.02880859375
7619860,18.37158203125
7619919,14.09912109375
7619949,15.625
7620010,14.58740234375
7620128,18.37158203125
7620248,16.2353515625
7620381,18.37158203125
7620994,18.24951171875
7621171,14.34326171875
7621461,14.70947265625
7621622,15.93017578125
7622175,14.6484375
7622651,16.357421875
7624953,14.2822265625
7625852,17.4560546875
7923809,14.58740234375
7923825,19.34814453125
7923852,17.63916015625
7923874,14.0380859375
7923907,13.97705078125
7923940,15.13671875
7923957,18.06640625
7923985,20.01953125
7924017,15.869140625
7924038,22.15576171875
7924080,14.09912109375
7924113,14.46533203125
7924134,15.7470703125
7924157,19.53125
7924194,14.58740234375
7924213,16.17431640625
7924247,14.09912109375
7924319,14.892578125
7924424,15.13671875
7924477,16.17431640625
7924507,14.16015625
7924546,16.17431640625
7924757,14.0380859375
7924859,14.892578125
7924969,15.5029296875
7925161,15.380859375
7925485,14.16015625
7925655,14.58740234375
7925686,14.09912109375
7926414,15.7470703125
7927384,14.09912109375
8046227,14.22119140625
8046295,18.1884765625
8046316,19.04296875
8046337,14.46533203125
8046381,19.1650390625
8046403,15.80810546875
8046413,17.4560546875
8046473,16.29638671875
8046531,15.380859375
8046558,15.44189453125
8046583,16.357421875
8046638,16.54052734375
8046648,16.78466796875
8046730,17.578125
8046911,14.404296875
8046947,21.91162109375
8047016,15.07568359375
8047170,14.0380859375
8047350,14.2822265625
8047480,15.0146484375
8047541,16.7236328125
8047571,14.83154296875
8047637,15.0146484375
8047768,16.54052734375
8049084,15.380859375
8051508,17.578125
8133930,15.56396484375
8134037,22.4609375
8134067,15.7470703125
8134083,14.22119140625
8134107,17.08984375
8134129,19.71435546875
8134142,17.63916015625
8134170,19.47021484375
8134196,14.2822265625
8134257,18.37158203125
8134312,17.76123046875
8134522,14.46533203125
8134544,16.54052734375
8134913,14.95361328125
8135057,14.16015625
8135152,14.58740234375
8135443,14.83154296875
8135534,14.95361328125
8135662,15.380859375
8135941,16.11328125
8136058,14.83154296875
8176039,14.7705078125
8176093,14.16015625
8176115,15.0146484375
8176154,14.2822265625
8176173,16.54052734375
8176196,15.31982421875
8176213,21.91162109375
8176251,16.54052734375
8176291,15.5029296875
8176342,15.380859375
8176372,17.578125
8176428,14.34326171875
8176455,14.892578125
8176546,16.9677734375
8176607,14.95361328125
8176738,15.869140625
8176806,14.22119140625
8176840,14.70947265625
8176927,14.892578125
8177058,14.16015625
8177131,16.41845703125
8177169,14.09912109375
8177503,15.380859375
8177670,14.95361328125
8177737,17.9443359375
8177806,15.19775390625
8178334,15.31982421875
8178578,15.68603515625
8263782,16.17431640625
8263804,15.9912109375
8263828,15.07568359375
8263861,26.79443359375
8263892,24.0478515625
8263919,14.7705078125
8263940,15.19775390625
8263986,15.7470703125
8264001,27.64892578125
8264045,14.95361328125
8264058,18.24951171875
8264088,17.02880859375
8264136,16.54052734375
8264204,15.9912109375
8264257,19.95849609375
8264375,18.4326171875
8264430,15.44189453125
8264449,14.58740234375
8264656,14.09912109375
8264753,14.22119140625
8264839,14.5263671875
8264883,16.78466796875
8264923,16.845703125
8264954,14.16015625
8264988,17.7001953125
8265088,14.09912109375
8265535,14.0380859375
8323650,14.83154296875
8323692,14.404296875
8323724,17.08984375
8323737,20.20263671875
8323748,16.9677734375
8323779,18.12744140625
8323796,17.7001953125
8323901,15.2587890625
8323938,15.380859375
8323952,14.09912109375
8323975,19.8974609375
8324048,20.08056640625
8324074,15.19775390625
8324195,14.95361328125
8324220,15.2587890625
8324295,20.263671875
8324353,15.625
8324369,15.0146484375
8324446,14.404296875
8324671,20.8740234375
8324875,16.2353515625
8325717,14.34326171875
8325810,16.17431640625
8364022,14.5263671875
8364226,15.56396484375
8364243,14.34326171875
8364286,17.39501953125
8364322,20.20263671875
8364353,21.97265625
8364365,17.2119140625
8364400,14.09912109375
8364411,14.22119140625
8364452,17.333984375
8364499,17.88330078125
8364535,18.12744140625
8364565,23.92578125
8364588,14.70947265625
8364619,17.15087890625
8364650,19.287109375
8364682,15.93017578125
8364758,14.95361328125
8364980,17.15087890625
8365208,13.97705078125
8365282,14.404296875
8365322,15.625
8365396,16.845703125
8365528,19.47021484375
8365895,14.70947265625
8366103,14.34326171875
8366469,14.0380859375
8408499,14.16015625
8408614,15.7470703125
8408631,14.22119140625
8408681,14.83154296875
8408752,14.22119140625
8408766,23.193359375
8408792,18.61572265625
8408820,18.85986328125
8408837,15.2587890625
8408860,21.1181640625
8408882,15.0146484375
8408921,17.822265625
8408981,17.39501953125
8409027,14.0380859375
8409037,23.86474609375
8409077,14.2822265625
8409147,14.58740234375
8409320,15.2587890625
8409453,15.19775390625
8409783,16.66259765625
8409990,14.5263671875
8456145,14.2822265625
8456246,20.08056640625
8456269,14.34326171875
8456299,15.44189453125
8456313,16.6015625
8456380,14.5263671875
8456404,15.7470703125
8456456,14.2822265625
8456488,17.02880859375
8456500,18.4326171875
8456540,15.7470703125
8456565,20.263671875
8456732,16.29638671875
8456836,15.56396484375
8456862,14.7705078125
8456880,16.54052734375
8616776,14.22119140625
8617007,15.2587890625
8617046,20.01953125
8617073,16.6015625
8617084,15.2587890625
8617106,18.00537109375
8617128,19.59228515625
8617181,15.380859375
8617227,15.07568359375
8617376,17.15087890625
8617410,17.39501953125
8617629,13.97705078125
8617673,19.71435546875
8617720,16.845703125
8617782,13.97705078125
8617867,16.54052734375
8617901,15.19775390625
8618107,15.2587890625
8793686,15.44189453125
8793938,14.16015625
8793985,16.78466796875
8794010,14.83154296875
8794049,14.58740234375
8794096,14.09912109375
8794139,14.34326171875
8794152,14.0380859375
8794209,15.93017578125
8794249,16.9677734375
8794285,15.380859375
8794310,15.9912109375
8794327,15.31982421875
8794370,15.869140625
8794464,14.58740234375
8794597,14.16015625
8794752,17.08984375
8795151,14.892578125
8795354,14.892578125
8795403,14.2822265625
8795513,14.6484375
8984000,18.00537109375
8984077,13.97705078125
8984115,19.83642578125
8984137,20.1416015625
8984188,15.56396484375
8984227,14.0380859375
8984251,21.3623046875
8984335,15.0146484375
8984375,14.58740234375
8984494,16.4794921875
8984563,14.34326171875
8984609,14.09912109375
8984794,14.22119140625
8984827,14.22119140625
9048173,20.6298828125
9048221,16.357421875
9048238,16.05224609375
9048276,19.22607421875
9048311,26.611328125
9048352,18.49365234375
9048370,14.16015625
9048422,14.22119140625
9048480,14.892578125
9048538,18.85986328125
9048601,15.93017578125
9048626,15.44189453125
9048705,16.90673828125
9048829,14.09912109375
9048912,13.97705078125
9049042,14.2822265625
9049088,18.85986328125
9049236,16.17431640625
9049288,14.0380859375
9049378,15.56396484375
9049463,14.5263671875
9050106,14.0380859375
9050290,14.34326171875
9050594,14.83154296875
9051046,14.2822265625
9051661,15.80810546875
9228143,14.404296875
9228203,16.2353515625
9228247,21.17919921875
9228294,16.41845703125
9228308,15.44189453125
9228322,18.49365234375
9228387,18.00537109375
9228435,21.240234375
9228609,17.08984375
9228641,14.70947265625
9228659,17.27294921875
9228694,17.9443359375
9228771,18.4326171875
9228788,14.7705078125
9228862,14.0380859375
9228897,15.56396484375
9228949,14.09912109375
9228998,14.34326171875
9229061,14.2822265625
9229796,14.70947265625
9281569,14.70947265625
9281647,14.34326171875
9281703,16.11328125
9281721,15.625
9281768,22.52197265625
9281794,18.12744140625
9281814,14.58740234375
9281830,18.5546875
9281850,17.9443359375
9281883,15.56396484375
9281905,18.798828125
9281925,15.44189453125
9281959,17.51708984375
9282056,14.83154296875
9282075,17.76123046875
9282161,17.08984375
9282195,14.83154296875
9282237,14.2822265625
9282266,20.99609375
9282295,17.63916015625
9282339,15.80810546875
9282368,14.95361328125
9282462,13.97705078125
9282559,15.0146484375
9282740,14.95361328125
9283020,15.19775390625
9283805,17.63916015625
9350152,15.0146484375
9539485,13.97705078125
9539523,19.775390625
9539537,16.11328125
9539587,13.97705078125
9539609,19.10400390625
9539628,24.5361328125
9539660,17.4560546875
9539679,24.10888671875
9539696,16.9677734375
9539725,16.17431640625
9539745,14.46533203125
9539773,14.70947265625
9539793,17.9443359375
9539826,18.98193359375
9539846,16.54052734375
9539915,16.54052734375
9539939,16.17431640625
9540042,14.46533203125
9540068,14.09912109375
9540087,21.42333984375
9540189,14.09912109375
9540243,14.404296875
9540265,15.0146484375
9540349,15.2587890625
9540701,14.404296875
9540762,13.97705078125
9540925,14.95361328125
9620975,18.06640625
9621018,15.2587890625
9621091,15.625
9621135,15.80810546875
9621152,16.2353515625
9621195,15.80810546875
9621252,14.892578125
9621280,15.68603515625
9621297,15.44189453125
9621385,16.845703125
9621500,17.27294921875
9621546,14.22119140625
9621557,13.97705078125
9621579,14.7705078125
9621784,20.69091796875
9621834,14.0380859375
9621890,14.16015625
9622319,16.11328125
9622677,15.31982421875
9622995,14.404296875
9623148,14.7705078125
9627629,15.19775390625
9647520,15.19775390625
9647585,13.97705078125
9647723,17.63916015625
9647740,20.3857421875
9647772,14.09912109375
9647786,14.5263671875
9647809,29.052734375
9647830,16.90673828125
9647957,14.46533203125
9647994,16.05224609375
9648006,14.22119140625
9648041,24.0478515625
9648069,15.13671875
9648110,14.6484375
9648131,16.6015625
9648178,20.08056640625
9648212,15.869140625
9648354,14.95361328125
9648446,14.22119140625
9648482,14.0380859375
9648521,14.7705078125
9648572,19.53125
9648619,19.47021484375
9648764,14.0380859375
9648859,14.5263671875
9648914,15.44189453125
9648965,15.13671875
9649119,15.19775390625
9649351,14.34326171875
9649382,14.7705078125
9650049,15.44189453125
9650195,15.19775390625
9650278,13.97705078125
9650581,16.2353515625
9650949,14.0380859375
9651882,14.2822265625
9651986,15.93017578125
9656311,13.97705078125
9680631,16.66259765625
9680675,15.5029296875
9680695,16.78466796875
9680757,15.7470703125
9680809,19.22607421875
9680852,19.53125
9680869,15.13671875
9680894,14.5263671875
9680916,15.80810546875
9680938,14.6484375
9680953,14.34326171875
9680983,15.5029296875
9681013,14.58740234375
9681048,15.80810546875
9681177,16.78466796875
9681277,14.22119140625
9681334,16.78466796875
9681389,16.66259765625
9681416,17.2119140625
9681485,16.2353515625
9681520,15.13671875
9681537,14.70947265625
9681582,15.68603515625
9681652,14.46533203125
9681665,14.892578125
9681778,14.0380859375
9681861,16.66259765625
9681943,14.22119140625
9681981,14.09912109375
9682036,16.29638671875
9682078,17.2119140625
9682239,16.9677734375
9682335,14.46533203125
9682433,16.41845703125
9682814,15.44189453125
9682874,15.625
9682903,16.05224609375
9683089,16.4794921875
9683703,14.2822265625
9684055,14.5263671875
9684967,15.19775390625
9685730,15.13671875
9686346,14.22119140625
9686986,15.56396484375
9687637,15.2587890625
9687869,13.97705078125
9726690,16.66259765625
9726709,23.25439453125
9726736,16.11328125
9726781,14.09912109375
9726809,17.2119140625
9726829,16.2353515625
9726854,16.17431640625
9726889,15.44189453125
9726912,14.83154296875
9726945,15.80810546875
9726962,14.95361328125
9727010,17.02880859375
9727021,17.27294921875
9727110,17.63916015625
9727153,15.80810546875
9727175,14.892578125
9727268,16.66259765625
9727351,14.34326171875
9727402,17.08984375
9727489,15.2587890625
9727614,14.70947265625
9727713,15.0146484375
9727767,15.625
9727824,16.7236328125
9727971,14.83154296875
9728105,15.7470703125
9728238,14.16015625
9728734,18.1884765625
9729014,14.2822265625
9729450,14.6484375
9729671,17.08984375
9730945,14.09912109375
9731048,15.625
9733506,14.2822265625
9734185,14.22119140625
10435850,21.78955078125
10435887,15.68603515625
10435902,15.9912109375
10435941,14.09912109375
10435965,17.76123046875
10436012,17.578125
10436031,20.56884765625
10436054,19.4091796875
10436076,15.44189453125
10436121,15.625
10436140,24.23095703125
10436185,18.37158203125
10436225,16.11328125
10436348,17.39501953125
10436367,17.08984375
10436442,19.775390625
10436470,16.66259765625
10436562,14.892578125
10436599,15.625
10436675,15.2587890625
10436701,14.6484375
10436756,14.09912109375
10436956,14.95361328125
10437211,15.380859375
10437288,15.19775390625
10437317,14.83154296875
10437453,14.0380859375
10437481,17.333984375
10437574,14.7705078125
10438234,14.2822265625
10438421,14.95361328125
10438569,16.4794921875
10438674,14.09912109375
10439199,14.34326171875
10439778,14.16015625
10440926,14.22119140625
10441184,14.5263671875
10441322,15.13671875
10441691,15.0146484375
10442211,14.2822265625
10442438,14.5263671875
10446141,14.46533203125
10581114,20.5078125
10581137,15.19775390625
10581214,14.404296875
10581252,14.22119140625
10581289,20.08056640625
10581352,14.95361328125
10581363,17.08984375
10581383,15.13671875
10581406,17.76123046875
10581489,16.41845703125
10581573,19.53125
10581598,19.53125
10581675,18.98193359375
10581692,14.7705078125
10581801,17.7001953125
10581820,15.380859375
10581870,16.6015625
10581880,15.80810546875
10581945,15.5029296875
10581968,14.7705078125
10582130,16.54052734375
10582179,15.80810546875
10582277,15.44189453125
10582321,15.07568359375
10582354,15.56396484375
10582437,14.34326171875
10582590,14.6484375
10582637,15.68603515625
10582727,15.380859375
10582808,18.49365234375
10583019,14.892578125
10583078,14.83154296875
10583394,16.17431640625
10583572,15.13671875
10583599,17.578125
10583691,14.34326171875
10583834,13.97705078125
10583963,15.13671875
10584403,14.892578125
10586530,14.892578125
10588017,17.15087890625
10588753,13.97705078125
10589406,14.83154296875
10590181,15.0146484375
10594276,14.46533203125
10780005,18.24951171875
10780114,20.1416015625
10780134,13.97705078125
10780173,16.11328125
10780204,17.15087890625
10780236,16.7236328125
10780252,14.83154296875
10780283,17.9443359375
10780308,14.0380859375
10780323,19.10400390625
10780351,15.13671875
10780409,14.16015625
10780465,16.29638671875
10780536,15.19775390625
10780618,15.93017578125
10780669,22.64404296875
10780689,20.44677734375
10780740,15.31982421875
10780793,14.16015625
10780903,14.34326171875
10781028,14.22119140625
10781106,15.13671875
10781201,14.892578125
10781263,15.7470703125
10781552,14.70947265625
10781716,15.68603515625
10781798,14.892578125
10781979,15.19775390625
10782014,14.0380859375
10782090,14.22119140625
10782234,16.29638671875
10782366,14.46533203125
10784385,15.5029296875
11111793,15.5029296875
11111846,14.6484375
11111872,15.0146484375
11111883,15.68603515625
11111907,14.6484375
11111929,18.61572265625
11111962,14.95361328125
11111989,26.06201171875
11112031,15.19775390625
11112056,14.404296875
11112078,14.34326171875
11112101,16.66259765625
11112119,14.46533203125
11112194,15.44189453125
11112216,15.07568359375
11112399,15.2587890625
11112533,16.17431640625
11112830,15.68603515625
11113192,13.97705078125
11113284,14.46533203125
11113457,14.46533203125
11114099,14.95361328125
11114188,16.2353515625
11114307,16.41845703125
11114796,14.46533203125
11115057,16.05224609375
11115958,14.70947265625
11116773,13.97705078125
11279907,14.6484375
11279944,14.404296875
11279970,14.16015625
11279988,15.93017578125
11280018,15.19775390625
11280071,20.01953125
11280095,17.2119140625
11280117,16.2353515625
11280164,19.8974609375
11280178,21.17919921875
11280270,15.68603515625
11280367,14.404296875
11280457,15.13671875
11280569,18.49365234375
11280693,14.7705078125
11280762,16.11328125
11280870,17.51708984375
11281046,14.22119140625
11281204,14.0380859375
11281223,14.2822265625
11281301,17.76123046875
11281451,15.31982421875
11281651,17.7001953125
11281909,16.78466796875
11282322,23.25439453125
11282903,15.19775390625
11283345,14.58740234375
11284150,14.83154296875
11286414,17.578125
11288390,14.58740234375
11521257,14.83154296875
11521286,19.34814453125
11521321,15.44189453125
11521359,14.70947265625
11521402,15.5029296875
11521441,17.02880859375
11521486,13.97705078125
11521546,16.54052734375
11521704,15.2587890625
11521762,21.54541015625
11521794,14.16015625
11521875,21.17919921875
11521924,14.34326171875
11521960,14.5263671875
11522029,16.9677734375
11522132,14.0380859375
11522278,14.7705078125
11522313,15.93017578125
11522386,15.93017578125
11522518,14.5263671875
11522599,14.892578125
11522705,16.6015625
11522762,15.31982421875
11522909,14.16015625
11522996,15.31982421875
11523280,14.5263671875
11523940,14.34326171875
11524064,13.97705078125
11525018,16.357421875
11525935,15.31982421875
11528168,14.58740234375
11695182,13.97705078125
11695284,19.22607421875
11695331,20.32470703125
11695353,24.5361328125
11695373,17.27294921875
11695400,16.90673828125
11695445,16.17431640625
11695520,15.625
11695589,18.85986328125
11695607,15.07568359375
11695658,16.05224609375
11695777,14.7705078125
11695792,14.58740234375
11695853,14.34326171875
11695885,17.333984375
11696118,14.892578125
11696230,14.7705078125
11696328,18.9208984375
11696406,16.05224609375
11696556,15.380859375
11696715,15.380859375
11696806,14.58740234375
11697348,14.2822265625
11697427,13.97705078125
11697518,16.9677734375
11698338,14.46533203125
11705453,13.97705078125
11706213,15.9912109375
11706632,14.5263671875
11904779,14.95361328125
11904798,16.05224609375
11904824,15.80810546875
11904843,16.66259765625
11904867,15.2587890625
11904908,21.728515625
11904946,15.0146484375
11905002,14.58740234375
11905014,20.263671875
11905101,14.6484375
11905122,17.51708984375
11905149,15.13671875
11905179,14.0380859375
11905224,14.2822265625
11905277,14.58740234375
11905340,18.1884765625
11905386,14.22119140625
11905436,14.58740234375
11905482,15.13671875
11905530,14.6484375
11905622,15.7470703125
11905691,13.97705078125
11906027,16.6015625
11906068,15.0146484375
11906157,14.09912109375
11906257,14.5263671875
11906308,15.68603515625
11906404,14.46533203125
11906625,13.97705078125
11906964,14.58740234375
11907581,17.88330078125
11907795,14.22119140625
11909434,18.61572265625
11910272,14.09912109375
