11999000,0
21897,24.71923828125
21911,19.6533203125
21939,35.7666015625
22007,45.22705078125
22034,18.49365234375
22054,26.85546875
22065,19.53125
22090,25.390625
22109,16.54052734375
22130,18.00537109375
22168,18.12744140625
22205,18.06640625
22230,16.29638671875
22274,23.92578125
22350,22.27783203125
22473,17.51708984375
22541,23.193359375
22734,19.22607421875
22768,21.6064453125
22808,21.91162109375
22843,22.3388671875
22965,18.798828125
23059,20.751953125
23160,21.30126953125
23256,22.15576171875
23373,17.63916015625
23491,18.06640625
23763,28.86962890625
47274,17.4560546875
51910,22.88818359375
51950,16.78466796875
51960,31.43310546875
52007,22.64404296875
52022,23.86474609375
52041,23.92578125
52058,18.61572265625
52069,19.59228515625
52099,22.76611328125
52146,31.67724609375
52172,19.34814453125
52198,19.287109375
52275,21.484375
52329,16.6015625
52368,23.13232421875
52476,26.18408203125
52565,25.390625
52654,21.728515625
52728,21.78955078125
52741,20.56884765625
52857,23.98681640625
52975,17.51708984375
53107,22.88818359375
81124,16.845703125
81160,23.0712890625
81198,24.2919921875
81221,28.01513671875
81259,20.56884765625
81281,16.9677734375
81311,22.39990234375
81334,19.22607421875
81360,23.8037109375
81383,19.34814453125
81468,18.4326171875
81581,19.47021484375
81687,26.7333984375
81738,17.02880859375
81916,17.9443359375
81943,29.052734375
82182,19.71435546875
115311,17.333984375
115452,17.9443359375
115462,21.30126953125
115502,22.5830078125
115518,23.49853515625
115566,25.45166015625
115609,23.8037109375
115631,23.62060546875
115650,20.751953125
115701,27.099609375
115884,19.22607421875
116030,24.5361328125
116068,18.85986328125
116307,18.06640625
116471,16.54052734375
154244,17.63916015625
160253,17.15087890625
166455,16.7236328125
171761,21.30126953125
171779,17.2119140625
171891,20.08056640625
171904,28.62548828125
171922,26.2451171875
171950,22.52197265625
171971,21.240234375
171998,20.6298828125
172038,29.9072265625
172061,27.9541015625
172087,24.90234375
172116,17.39501953125
172155,22.15576171875
172437,19.287109375
172537,17.08984375
200958,16.41845703125
224894,17.2119140625
233945,19.83642578125
246741,16.29638671875
256898,16.78466796875
277960,16.78466796875
283119,16.357421875
314806,16.845703125
320463,18.6767578125
322631,16.9677734375
326950,16.357421875
340870,20.3857421875
341029,19.4091796875
341083,16.7236328125
341360,16.29638671875
341456,16.29638671875
341900,16.9677734375
342630,17.02880859375
352608,19.287109375
363281,16.29638671875
369423,17.02880859375
388295,16.7236328125
394168,16.78466796875
395207,16.78466796875
404160,18.5546875
414835,17.7001953125
418196,16.2353515625
445729,16.78466796875
462191,17.333984375
465729,18.37158203125
465767,17.9443359375
465853,18.06640625
465933,17.7001953125
465968,22.5830078125
465986,18.310546875
466099,24.23095703125
466267,16.6015625
466450,17.4560546875
466537,17.02880859375
466951,17.39501953125
467435,17.4560546875
468003,16.66259765625
492717,17.27294921875
497051,16.6015625
502684,16.29638671875
504495,18.24951171875
505871,19.1650390625
506409,17.4560546875
506555,16.66259765625
507039,17.15087890625
508850,19.04296875
527090,17.2119140625
535713,17.4560546875
554034,17.4560546875
578078,16.357421875
578097,20.8740234375
578187,19.287109375
578243,23.01025390625
578260,34.423828125
578309,23.92578125
578338,20.1416015625
578360,19.22607421875
578385,24.71923828125
578711,16.4794921875
579058,17.02880859375
582703,28.3203125
582739,16.2353515625
582851,16.54052734375
582862,18.00537109375
583226,18.12744140625
583243,18.5546875
583321,16.7236328125
583901,22.216796875
584425,17.333984375
585936,18.5546875
586722,17.88330078125
587503,16.845703125
609887,18.1884765625
622748,16.6015625
622803,16.66259765625
622887,32.89794921875
622967,16.41845703125
622977,21.78955078125
623027,23.681640625
623217,17.15087890625
623432,16.357421875
623795,16.357421875
623943,17.51708984375
624083,23.3154296875
624194,19.04296875
624372,22.52197265625
624497,20.5078125
624884,18.73779296875
626328,18.310546875
626950,18.798828125
627402,19.83642578125
627996,19.34814453125
628154,16.9677734375
628323,17.333984375
628337,20.8740234375
628357,16.54052734375
628608,17.63916015625
629025,18.12744140625
629189,17.02880859375
629493,19.6533203125
630536,23.98681640625
648579,17.822265625
670904,16.357421875
672954,17.08984375
672975,17.88330078125
672993,17.333984375
673007,17.76123046875
673112,18.5546875
673151,19.59228515625
673167,31.55517578125
673227,18.85986328125
673246,17.9443359375
673274,17.63916015625
673408,17.9443359375
673478,22.94921875
673817,18.1884765625
674493,21.54541015625
674774,16.54052734375
675554,16.2353515625
676235,18.5546875
676641,18.6767578125
677075,19.22607421875
677380,21.17919921875
677740,16.54052734375
678513,18.98193359375
679817,16.845703125
679985,21.17919921875
680291,21.728515625
698816,16.41845703125
710867,23.74267578125
710894,17.08984375
711389,18.310546875
712481,16.54052734375
714141,17.333984375
714433,17.08984375
714621,17.88330078125
715458,16.78466796875
715897,16.66259765625
716613,21.484375
716878,16.54052734375
734818,16.66259765625
745799,17.7001953125
745966,16.7236328125
746330,17.51708984375
746343,16.9677734375
746402,17.7001953125
746474,17.333984375
746677,16.9677734375
748561,21.54541015625
749111,24.47509765625
749667,17.9443359375
750921,20.3857421875
751391,18.00537109375
751409,20.1416015625
751704,16.54052734375
752575,23.13232421875
753377,27.16064453125
753599,21.484375
754123,16.78466796875
754731,16.78466796875
755373,17.02880859375
787565,18.61572265625
787600,16.6015625
787655,20.751953125
787976,17.822265625
787989,19.53125
788719,18.1884765625
788810,18.73779296875
790111,18.310546875
790610,20.3857421875
791710,16.29638671875
792650,20.32470703125
793473,19.22607421875
793933,18.37158203125
794718,26.06201171875
796255,21.17919921875
811749,16.78466796875
815017,18.12744140625
831906,19.1650390625
863253,16.29638671875
875721,16.4794921875
888420,17.578125
910695,16.2353515625
916987,16.90673828125
921201,17.39501953125
930796,16.357421875
964585,16.845703125
987195,18.00537109375
989079,21.484375
989475,16.2353515625
1021510,16.845703125
1027449,19.775390625
1027487,23.01025390625
1027582,18.00537109375
1027628,17.51708984375
1027646,33.69140625
1027691,18.1884765625
1027705,24.10888671875
1027735,19.8974609375
1027797,16.41845703125
1027825,20.01953125
1027843,20.93505859375
1027919,27.28271484375
1028136,18.12744140625
1040785,16.41845703125
1055973,19.8974609375
1066274,16.6015625
1068245,17.578125
1074416,16.41845703125
1079050,16.29638671875
1079091,17.7001953125
1079144,32.04345703125
1079160,18.61572265625
1079185,18.85986328125
1079206,29.78515625
1079251,19.59228515625
1079286,34.97314453125
1079325,17.7001953125
1079398,16.9677734375
1079662,18.9208984375
1079844,17.39501953125
1079953,16.2353515625
1104175,17.15087890625
1123292,18.00537109375
1143836,16.54052734375
1146694,18.98193359375
1146728,18.4326171875
1146815,23.37646484375
1146829,21.54541015625
1146868,16.7236328125
1146906,26.06201171875
1146926,19.4091796875
1146976,32.40966796875
1147035,16.54052734375
1178462,16.845703125
1188480,16.41845703125
1192294,16.7236328125
1192407,23.13232421875
1192441,28.1982421875
1192451,28.62548828125
1192482,20.93505859375
1192504,16.845703125
1192606,17.2119140625
1193559,18.5546875
1193729,17.333984375
1204364,17.08984375
1223454,16.78466796875
1231502,18.06640625
1231665,28.076171875
1231772,20.08056640625
1231853,20.8740234375
1232204,18.310546875
1261445,16.54052734375
1261840,19.95849609375
1261990,17.2119140625
1262190,17.76123046875
1263028,17.2119140625
1288593,16.9677734375
1288624,16.357421875
1288713,22.216796875
1288841,20.20263671875
1289108,16.2353515625
1289217,16.357421875
1289303,16.41845703125
1291664,19.71435546875
1292168,17.333984375
1292178,21.91162109375
1292760,29.72412109375
1307820,17.51708984375
1321912,17.578125
1328743,17.27294921875
1328819,16.2353515625
1328872,22.03369140625
1329132,17.08984375
1329206,18.1884765625
1329475,17.76123046875
1329716,16.66259765625
1330042,18.98193359375
1331254,19.10400390625
1331297,21.91162109375
1331379,17.9443359375
1331853,16.6015625
1332444,18.310546875
1358802,17.27294921875
1367108,16.9677734375
1367131,19.775390625
1367217,16.66259765625
1367379,17.9443359375
1367590,17.02880859375
1367693,16.7236328125
1368672,16.29638671875
1368806,27.40478515625
1370104,19.10400390625
1370271,24.7802734375
1371926,21.17919921875
1372254,20.751953125
1373144,16.6015625
1376419,20.32470703125
1401581,17.51708984375
1402440,16.357421875
1403094,21.1181640625
1403660,17.08984375
1403752,21.3623046875
1404842,16.9677734375
1405404,16.54052734375
1406074,19.95849609375
1418677,16.9677734375
1440081,17.27294921875
1440187,16.2353515625
1440270,21.66748046875
1440560,16.29638671875
1441241,16.54052734375
1441401,17.2119140625
1442075,19.287109375
1442313,18.49365234375
1442736,21.1181640625
1444626,17.578125
1445142,22.76611328125
1456695,19.34814453125
1456730,16.41845703125
1456882,16.78466796875
1456979,23.37646484375
1456989,22.0947265625
1457033,42.3583984375
1457050,18.310546875
1457079,21.97265625
1457129,42.1142578125
1457216,21.05712890625
1457242,22.27783203125
1457312,17.39501953125
1457410,22.76611328125
1477059,17.51708984375
1512129,16.29638671875
1512253,22.39990234375
1512389,17.9443359375
1512421,20.6298828125
1512462,18.00537109375
1513873,22.5830078125
1515475,19.59228515625
1516329,18.73779296875
1516391,20.93505859375
1516507,19.59228515625
1516893,17.39501953125
1531195,17.51708984375
1539798,16.2353515625
1555072,16.6015625
1558440,17.578125
1558579,16.29638671875
1558706,17.88330078125
1560821,18.37158203125
1560997,19.287109375
1561668,19.83642578125
1561709,20.01953125
1563549,26.42822265625
1563585,19.1650390625
1589785,18.00537109375
1600707,16.29638671875
1600727,17.4560546875
1600767,16.4794921875
1600832,32.71484375
1600910,30.09033203125
1600936,33.38623046875
1600957,20.751953125
1601007,33.63037109375
1601018,26.611328125
1601063,20.751953125
1601114,16.4794921875
1601201,23.0712890625
1601698,16.2353515625
1602041,16.4794921875
1618435,16.9677734375
1632135,21.30126953125
1632193,18.798828125
1632236,16.2353515625
1632256,23.74267578125
1632296,40.95458984375
1632334,16.29638671875
1632360,21.97265625
1632374,20.1416015625
1632401,20.44677734375
1632450,17.9443359375
1632502,29.541015625
1632567,16.6015625
1632635,25.7568359375
1632645,22.27783203125
1632751,17.88330078125
1632796,20.93505859375
1632849,18.310546875
1632910,16.78466796875
1632978,20.20263671875
1632999,21.6064453125
1633155,22.705078125
1633269,20.3857421875
1633381,19.22607421875
1633463,22.52197265625
1633546,23.8037109375
1633641,17.88330078125
1633713,19.4091796875
1633790,24.96337890625
1633866,24.658203125
1633954,16.2353515625
1634059,16.54052734375
1634191,23.01025390625
1634392,21.66748046875
1668586,17.76123046875
1668617,31.6162109375
1668671,27.77099609375
1668693,24.10888671875
1668734,20.32470703125
1668764,17.7001953125
1668777,20.8740234375
1668816,20.5078125
1668859,17.9443359375
1668890,21.728515625
1668918,22.39990234375
1668986,24.47509765625
1669060,27.28271484375
1669122,27.9541015625
1669141,20.20263671875
1669211,16.9677734375
1669293,16.66259765625
1669376,24.84130859375
1669457,20.263671875
1669505,22.03369140625
1669537,17.02880859375
1669571,22.03369140625
1669627,16.7236328125
1669642,20.1416015625
1669715,26.611328125
1669774,17.7001953125
1669840,26.611328125
1669916,27.4658203125
1669981,17.822265625
1670072,20.20263671875
1670142,16.90673828125
1670211,16.9677734375
1670222,19.95849609375
1670272,16.357421875
1670311,16.9677734375
1670377,16.78466796875
1670390,17.39501953125
1670452,21.42333984375
1670550,21.17919921875
1670602,19.53125
1670715,16.29638671875
1670808,19.53125
1670888,17.51708984375
1671079,17.333984375
1671209,19.59228515625
1671347,21.8505859375
1671502,17.2119140625
1744203,16.4794921875
1755595,16.66259765625
1767542,17.7001953125
1798736,16.9677734375
1808433,16.90673828125
1809750,16.90673828125
1847406,18.12744140625
1864404,17.2119140625
1906693,17.2119140625
1908060,17.15087890625
1909726,16.6015625
1915777,16.29638671875
1944913,18.24951171875
1944938,35.15625
1944949,20.99609375
1944995,20.751953125
1945023,32.2265625
1945062,16.66259765625
1945090,33.935546875
1945132,22.39990234375
1945147,18.310546875
1945180,16.29638671875
1945210,19.22607421875
1945273,18.4326171875
1945342,16.41845703125
1945416,17.51708984375
1945482,24.96337890625
1945514,20.3857421875
1945590,17.333984375
1945695,43.9453125
1945775,31.43310546875
1945859,17.15087890625
1945941,25.57373046875
1946032,24.658203125
1946050,18.5546875
1946114,22.52197265625
1946200,23.0712890625
1946280,21.3623046875
1946327,26.67236328125
1946387,17.02880859375
1946468,18.6767578125
1946532,25.634765625
1946599,20.93505859375
1946676,19.22607421875
1946740,18.6767578125
1946808,26.611328125
1946885,16.9677734375
1946988,19.287109375
1947068,20.20263671875
1947157,18.24951171875
1947242,20.01953125
1947387,18.4326171875
1947470,16.4794921875
1947551,20.8740234375
1947717,20.8740234375
1986176,19.04296875
1997356,18.1884765625
2014300,16.4794921875
2017275,16.4794921875
2034703,17.15087890625
2055567,17.2119140625
2057947,18.1884765625
2095681,17.02880859375
2095691,28.4423828125
2095717,16.29638671875
2095727,32.04345703125
2095762,34.85107421875
2095783,22.5830078125
2095816,26.2451171875
2095835,17.2119140625
2095892,18.85986328125
2095970,25.08544921875
2096002,25.2685546875
2096042,18.00537109375
2096128,16.41845703125
2096165,17.02880859375
2096189,25.69580078125
2096257,17.2119140625
2096348,26.9775390625
2096373,21.1181640625
2096469,25.0244140625
2096583,20.56884765625
2096640,24.7802734375
2096685,18.24951171875
2096722,22.216796875
2096782,21.728515625
2096865,22.216796875
2096941,21.42333984375
2097016,17.39501953125
2097028,20.32470703125
2097110,19.71435546875
2097190,20.8740234375
2097254,17.88330078125
2097316,16.7236328125
2097379,19.775390625
2097453,20.6298828125
2097530,17.7001953125
2097609,16.90673828125
2097699,19.83642578125
2097779,18.9208984375
2097884,17.08984375
2098007,20.3857421875
2098199,17.39501953125
2134721,17.76123046875
2154976,18.37158203125
2189818,17.02880859375
2209971,17.2119140625
2212158,16.54052734375
2235875,17.51708984375
2243980,16.9677734375
2259685,17.51708984375
2273273,16.29638671875
2279317,17.333984375
2316787,19.59228515625
2328721,16.357421875
2343440,16.6015625
2344803,20.20263671875
2344961,20.20263671875
2345062,20.263671875
2345192,18.4326171875
2345309,21.17919921875
2345327,20.263671875
2345353,18.37158203125
2345383,19.8974609375
2345451,21.240234375
2345461,17.51708984375
2345492,16.4794921875
2345523,23.13232421875
2345567,20.01953125
2345610,24.35302734375
2345676,16.2353515625
2345779,23.74267578125
2346098,16.29638671875
2346417,16.90673828125
2346543,17.578125
2346569,16.2353515625
2389223,16.66259765625
2424322,17.02880859375
2439342,16.7236328125
2445141,18.6767578125
2445185,23.49853515625
2445229,16.845703125
2445289,16.29638671875
2445300,22.3388671875
2445332,18.98193359375
2445400,27.4658203125
2445420,41.32080078125
2445440,17.333984375
2445467,28.86962890625
2445484,20.01953125
2445505,17.27294921875
2445539,28.01513671875
2445565,20.8740234375
2445593,17.51708984375
2445624,27.2216796875
2446015,16.6015625
2446079,17.7001953125
2446153,16.90673828125
2446241,17.76123046875
2465405,16.66259765625
2478993,17.9443359375
2488919,16.2353515625
2538857,16.66259765625
2539145,16.54052734375
2539156,21.17919921875
2539361,20.32470703125
2539391,24.4140625
2539421,26.611328125
2539497,22.39990234375
2539526,22.52197265625
2539581,20.08056640625
2539710,16.29638671875
2539932,17.9443359375
2540017,16.54052734375
2540129,17.4560546875
2540147,17.08984375
2540260,19.287109375
2540340,17.578125
2540463,16.29638671875
2540948,19.04296875
2541244,17.7001953125
2565771,16.90673828125
2567239,19.287109375
2633229,16.78466796875
2664193,18.98193359375
2667123,16.54052734375
2681786,17.15087890625
2700295,18.73779296875
2702765,16.54052734375
2709705,16.4794921875
2714082,16.54052734375
2733818,20.751953125
2733846,22.8271484375
2733857,31.25
2733886,27.099609375
2733910,39.61181640625
2733922,17.39501953125
2733947,16.90673828125
2733964,36.7431640625
2734016,16.4794921875
2734028,18.85986328125
2734069,16.9677734375
2734119,17.27294921875
2734169,17.39501953125
2734215,18.9208984375
2734411,16.29638671875
2734659,17.39501953125
2735790,17.2119140625
2753714,16.78466796875
2758564,17.39501953125
2758628,34.66796875
2758658,27.83203125
2758681,30.76171875
2758691,31.06689453125
2758712,20.01953125
2758738,16.4794921875
2758760,18.85986328125
2758788,26.7333984375
2758824,17.9443359375
2758883,40.283203125
2758958,17.333984375
2758991,26.0009765625
2759085,26.4892578125
2759132,17.9443359375
2759161,26.3671875
2759318,24.96337890625
2759434,21.728515625
2759473,21.240234375
2759516,17.4560546875
2759551,19.287109375
2759572,23.74267578125
2759666,24.169921875
2759758,18.00537109375
2759839,19.04296875
2759919,20.56884765625
2759941,23.3154296875
2760010,18.4326171875
2760032,19.775390625
2760107,19.47021484375
2760174,23.13232421875
2760246,20.01953125
2760274,16.66259765625
2760353,17.63916015625
2760458,21.240234375
2760473,20.32470703125
2760538,22.5830078125
2760638,19.775390625
2760744,22.15576171875
2760796,18.37158203125
2760822,23.5595703125
2760927,20.93505859375
2761013,18.61572265625
2761122,20.08056640625
2761206,20.3857421875
2761243,19.4091796875
2761291,22.3388671875
2761392,17.333984375
2761472,16.6015625
2761510,19.22607421875
2761559,25.634765625
2761655,21.8505859375
2761854,20.08056640625
2761972,17.9443359375
2762229,23.37646484375
2762376,20.5078125
2762600,21.1181640625
2804828,16.54052734375
2809407,17.7001953125
2831657,17.578125
2848851,17.02880859375
2861141,18.06640625
2940703,16.6015625
2956205,16.2353515625
2993030,17.15087890625
2993091,26.55029296875
2993162,16.2353515625
2993181,21.91162109375
2993297,16.54052734375
2993430,17.76123046875
2993465,22.216796875
2993700,17.578125
3012788,19.775390625
3055703,16.78466796875
3060406,16.29638671875
3061259,16.41845703125
3082971,16.6015625
3089255,17.9443359375
3089276,17.578125
3089339,19.04296875
3089367,29.60205078125
3089381,19.1650390625
3089409,37.353515625
3089420,16.78466796875
3089463,17.08984375
3089486,17.27294921875
3089529,25.634765625
3089556,18.798828125
3089640,18.06640625
3089710,17.27294921875
3089791,18.24951171875
3089921,17.88330078125
3090340,18.9208984375
3090603,18.310546875
3091624,17.2119140625
3107469,17.39501953125
3107488,16.90673828125
3107521,17.822265625
3107583,25.2685546875
3107603,29.72412109375
3107638,20.20263671875
3107653,23.92578125
3107679,21.97265625
3107691,22.15576171875
3107725,16.6015625
3107749,16.41845703125
3107770,19.287109375
3107785,18.85986328125
3107816,16.2353515625
3107869,17.39501953125
3107926,21.54541015625
3107950,18.310546875
3108026,16.357421875
3108088,31.67724609375
3108100,16.357421875
3108135,16.90673828125
3108160,17.578125
3108205,16.90673828125
3108225,22.8271484375
3108301,28.74755859375
3108351,16.66259765625
3108401,19.04296875
3108422,17.333984375
3108435,19.10400390625
3108511,27.40478515625
3108533,18.4326171875
3108592,23.5595703125
3108657,21.05712890625
3108684,20.6298828125
3108715,17.88330078125
3108747,20.263671875
3108828,18.1884765625
3108862,19.83642578125
3108898,21.3623046875
3108968,18.06640625
3109008,17.578125
3109041,20.5078125
3109071,17.02880859375
3109133,18.12744140625
3109201,30.57861328125
3109284,26.42822265625
3109366,17.88330078125
3109384,17.7001953125
3109469,24.4140625
3109572,16.7236328125
3109646,20.08056640625
3109736,16.90673828125
3109769,17.08984375
3109893,34.60693359375
3110004,24.169921875
3110106,16.78466796875
3110216,17.08984375
3110285,20.69091796875
3110425,17.02880859375
3110517,23.8037109375
3110652,20.3857421875
3110848,21.78955078125
3110941,19.95849609375
3111093,16.845703125
3111263,19.83642578125
3161686,16.41845703125
3185686,17.7001953125
3200301,16.90673828125
3213487,17.02880859375
3239961,17.4560546875
3246641,20.56884765625
3246716,23.681640625
3246771,19.287109375
3246791,26.611328125
3246819,17.822265625
3246832,21.6064453125
3246853,30.94482421875
3246879,20.44677734375
3246914,29.96826171875
3246953,20.1416015625
3247041,25.32958984375
3247262,20.08056640625
3247401,16.66259765625
3247435,21.728515625
3247518,16.54052734375
3247757,16.9677734375
3248442,16.4794921875
3273654,18.1884765625
3280734,16.357421875
3288151,17.7001953125
3295112,16.29638671875
3297908,18.73779296875
3318263,17.333984375
3330360,17.15087890625
3369671,19.8974609375
3369687,17.63916015625
3369724,17.4560546875
3369882,16.7236328125
3370035,17.4560546875
3370253,18.12744140625
3370292,20.99609375
3370604,16.7236328125
3409120,17.4560546875
3418041,17.7001953125
3438819,18.37158203125
3460895,17.63916015625
3470045,17.4560546875
3477896,16.2353515625
3496276,17.63916015625
3507477,19.8974609375
3524025,16.357421875
3542560,16.2353515625
3547584,16.90673828125
3553734,16.54052734375
3569120,17.76123046875
3591308,16.357421875
3598334,16.29638671875
3598476,17.7001953125
3598600,17.333984375
3598671,17.51708984375
3598689,17.333984375
3598946,18.06640625
3599006,24.4140625
3599961,21.240234375
3600454,17.7001953125
3633019,17.39501953125
3646476,18.24951171875
3660171,16.4794921875
3693933,16.41845703125
3712068,18.00537109375
3734593,16.6015625
3740473,18.1884765625
3744749,16.41845703125
3744858,22.88818359375
3744940,24.5361328125
3744956,17.02880859375
3744991,27.52685546875
3745016,19.4091796875
3745055,44.25048828125
3745065,20.263671875
3745112,22.88818359375
3745140,16.2353515625
3745167,21.54541015625
3745253,16.78466796875
3745443,16.54052734375
3745616,18.06640625
3745758,16.54052734375
3745873,20.01953125
3745903,16.6015625
3746048,17.9443359375
3746137,23.92578125
3795882,16.66259765625
3799612,16.845703125
3800917,18.37158203125
3801004,23.01025390625
3801054,34.36279296875
3801083,16.357421875
3801120,28.4423828125
3801145,18.49365234375
3801163,25.45166015625
3801201,31.92138671875
3801230,23.13232421875
3801264,20.1416015625
3801541,19.34814453125
3802652,19.04296875
3845243,18.49365234375
3854679,17.822265625
3872457,18.37158203125
3873444,17.08984375
3878612,17.27294921875
3920675,16.845703125
3923577,17.63916015625
3938147,18.00537109375
3955112,16.54052734375
3981637,18.24951171875
3981785,23.98681640625
3981806,17.9443359375
3981919,20.81298828125
3981936,18.6767578125
3981982,24.4140625
3982023,16.6015625
3982046,21.728515625
3982111,27.099609375
3982199,16.54052734375
3982341,16.66259765625
3982359,18.1884765625
3982438,17.4560546875
3983022,16.845703125
4010636,16.54052734375
4027067,16.7236328125
4039288,17.333984375
4070786,18.24951171875
4077933,17.822265625
4084403,16.66259765625
4087246,16.66259765625
4102126,16.4794921875
4114688,17.02880859375
4128232,16.78466796875
4128404,25.20751953125
4128462,35.33935546875
4128477,16.90673828125
4128509,19.4091796875
4128568,24.658203125
4128586,24.35302734375
4128599,28.6865234375
4128633,25.08544921875
4128691,21.3623046875
4128717,20.263671875
4128803,17.15087890625
4128881,16.9677734375
4129115,22.0947265625
4129318,21.91162109375
4129730,17.76123046875
4159634,16.845703125
4200413,18.1884765625
4201824,16.357421875
4222623,16.90673828125
4227045,16.41845703125
4269896,19.34814453125
4272961,17.88330078125
4281953,16.4794921875
4282880,16.9677734375
4301023,16.41845703125
4339398,16.90673828125
4360845,16.7236328125
4369758,16.357421875
4373077,16.54052734375
4378226,17.08984375
4389165,17.333984375
4391990,25.81787109375
4392032,17.27294921875
4392088,18.73779296875
4392123,30.45654296875
4392155,41.32080078125
4392200,18.73779296875
4392212,28.25927734375
4392273,19.775390625
4392299,18.310546875
4392431,18.00537109375
4392464,22.03369140625
4392860,17.4560546875
4393184,16.29638671875
4393394,16.7236328125
4422875,16.845703125
4423941,16.90673828125
4447385,16.845703125
4454352,17.76123046875
4466551,17.76123046875
4478394,18.61572265625
4487235,16.29638671875
4523461,18.37158203125
4523488,16.2353515625
4523734,18.9208984375
4523928,18.6767578125
4523970,19.59228515625
4523994,23.681640625
4524030,22.64404296875
4524053,19.71435546875
4524136,21.240234375
4524212,16.4794921875
4524285,17.822265625
4524364,26.79443359375
4524577,16.357421875
4524781,16.29638671875
4524801,16.41845703125
4542337,17.578125
4545644,16.4794921875
4557457,18.61572265625
4584820,16.4794921875
4584902,16.54052734375
4584925,17.51708984375
4584942,19.83642578125
4584967,25.93994140625
4585002,16.54052734375
4585015,23.98681640625
4585042,25.146484375
4585074,18.4326171875
4585095,27.34375
4585120,35.09521484375
4585151,24.2919921875
4585183,16.54052734375
4585280,18.00537109375
4585335,19.59228515625
4585381,17.63916015625
4585460,17.02880859375
4585508,17.9443359375
4585542,16.78466796875
4585617,16.41845703125
4586583,16.78466796875
4586657,19.4091796875
4587050,17.15087890625
4627653,18.98193359375
4675704,17.15087890625
4705204,16.41845703125
4710064,17.51708984375
4727884,17.76123046875
4727923,23.74267578125
4727948,21.30126953125
4727968,32.77587890625
4727996,29.6630859375
4728009,20.81298828125
4728052,17.15087890625
4728082,17.9443359375
4728111,23.0712890625
4728140,18.06640625
4728187,18.798828125
4728210,17.63916015625
4728291,18.12744140625
4728302,18.5546875
4728420,16.78466796875
4728585,18.06640625
4728672,19.04296875
4728930,18.24951171875
4729119,16.9677734375
4729370,25.2685546875
4775804,17.333984375
4797581,18.4326171875
4814917,16.54052734375
4827275,16.357421875
4856212,16.29638671875
4856237,29.11376953125
4856254,30.2734375
4856286,19.10400390625
4856300,19.775390625
4856332,33.8134765625
4856388,23.86474609375
4856418,34.85107421875
4856477,24.5361328125
4856627,22.52197265625
4857100,21.728515625
4857270,26.79443359375
4857457,23.98681640625
4857563,16.41845703125
4857584,28.99169921875
4857682,16.4794921875
4857713,21.54541015625
4857784,22.705078125
4857853,21.240234375
4857935,19.8974609375
4858019,20.44677734375
4858101,22.03369140625
4858184,21.1181640625
4858263,18.6767578125
4858344,18.61572265625
4858487,20.08056640625
4858605,17.2119140625
4858658,20.08056640625
4896491,17.15087890625
4899740,17.02880859375
4910971,16.9677734375
4925082,17.7001953125
4926350,16.357421875
4936844,19.10400390625
4943348,16.357421875
4969824,17.27294921875
4973964,20.20263671875
4974094,33.935546875
4974167,21.54541015625
4974181,35.400390625
4974233,21.240234375
4974255,35.70556640625
4974312,21.30126953125
4974344,19.34814453125
4974374,23.4375
4974425,17.7001953125
4974602,16.54052734375
4974642,24.10888671875
4974843,17.39501953125
4975110,16.9677734375
5001492,16.4794921875
5009878,17.76123046875
5013474,17.63916015625
5067063,16.357421875
5068275,16.845703125
5105536,20.32470703125
5105594,19.10400390625
5105607,26.91650390625
5105622,27.40478515625
5105645,23.74267578125
5105662,21.30126953125
5105687,20.6298828125
5105703,16.9677734375
5105740,39.0625
5105779,19.4091796875
5105797,16.357421875
5105869,20.263671875
5105925,18.37158203125
5105981,18.6767578125
5106557,18.37158203125
5106742,22.39990234375
5158096,16.357421875
5161969,18.6767578125
5166230,17.27294921875
5174357,17.7001953125
5189480,16.66259765625
5194305,35.5224609375
5194418,25.5126953125
5194441,16.7236328125
5194477,18.37158203125
5194512,36.80419921875
5194523,17.822265625
5194552,20.56884765625
5194573,36.62109375
5194608,17.02880859375
5194641,16.7236328125
5194674,24.71923828125
5194699,18.4326171875
5194759,20.01953125
5194857,17.9443359375
5195029,17.822265625
5195193,17.578125
5195256,17.63916015625
5195350,16.90673828125
5254697,17.88330078125
5295634,16.66259765625
5297087,17.27294921875
5316647,16.41845703125
5320119,31.494140625
5320136,19.04296875
5320161,17.51708984375
5320231,31.982421875
5320260,18.98193359375
5320277,29.72412109375
5320316,16.9677734375
5320353,19.22607421875
5320373,22.705078125
5320401,30.76171875
5320442,25.32958984375
5320586,18.06640625
5320880,18.798828125
5320975,17.02880859375
5321163,17.333984375
5336425,16.7236328125
5344329,17.02880859375
5355345,18.24951171875
5364885,16.2353515625
5367609,17.333984375
5373278,19.04296875
5382250,17.88330078125
5403202,17.15087890625
5420448,16.357421875
5453052,17.2119140625
5465755,17.88330078125
5465871,25.390625
5465900,34.36279296875
5465950,24.2919921875
5466009,18.49365234375
5466040,41.80908203125
5466075,21.6064453125
5466087,17.39501953125
5466119,25.81787109375
5466217,23.0712890625
5466362,17.4560546875
5466466,16.54052734375
5466637,17.08984375
5467368,17.4560546875
5508124,16.6015625
5527803,17.63916015625
5545233,17.2119140625
5545313,17.578125
5545327,18.73779296875
5545374,24.7802734375
5545392,18.9208984375
5545419,24.23095703125
5545434,17.08984375
5545463,24.7802734375
5545485,24.0478515625
5545505,26.9775390625
5545562,19.71435546875
5545611,16.29638671875
5545628,19.47021484375
5545672,16.66259765625
5545785,20.93505859375
5545965,16.78466796875
5546018,17.4560546875
5546127,17.2119140625
5546265,23.0712890625
5546563,16.7236328125
5547039,17.7001953125
5568147,16.4794921875
5594460,16.6015625
5601817,17.76123046875
5601902,17.7001953125
5601925,17.4560546875
5601935,27.2216796875
5601962,23.5595703125
5601987,25.87890625
5602002,18.85986328125
5602034,23.74267578125
5602047,29.84619140625
5602096,17.08984375
5602135,18.310546875
5602156,20.32470703125
5602210,18.1884765625
5602372,17.39501953125
5602465,17.578125
5602540,16.357421875
5602612,19.04296875
5602709,18.06640625
5621730,18.4326171875
5643748,16.4794921875
5648567,17.15087890625
5648608,17.88330078125
5648646,35.888671875
5648665,23.74267578125
5648711,26.30615234375
5648759,24.169921875
5648817,36.31591796875
5648893,18.85986328125
5648905,19.95849609375
5648933,33.935546875
5648969,17.7001953125
5649102,20.1416015625
5649180,20.6298828125
5649255,30.1513671875
5649319,16.7236328125
5649329,19.34814453125
5649357,19.47021484375
5649456,21.05712890625
5649481,20.93505859375
5649549,23.25439453125
5649570,16.7236328125
5649634,18.4326171875
5649723,27.099609375
5649797,20.263671875
5649893,18.9208984375
5649982,17.88330078125
5649998,18.798828125
5650069,22.15576171875
5650165,21.78955078125
5650260,21.42333984375
5650338,22.27783203125
5650406,18.4326171875
5650498,19.6533203125
5650572,22.39990234375
5650648,18.12744140625
5650751,20.6298828125
5650865,19.04296875
5650971,18.49365234375
5651058,21.728515625
5651170,23.5595703125
5651320,16.357421875
5651502,20.1416015625
5663637,19.4091796875
5663664,25.69580078125
5663702,24.71923828125
5663727,17.15087890625
5663753,22.76611328125
5663776,17.578125
5663800,16.2353515625
5663832,18.00537109375
5663850,17.08984375
5663871,17.2119140625
5663883,21.66748046875
5663927,16.41845703125
5663942,17.08984375
5664009,26.3671875
5664033,17.63916015625
5664046,22.216796875
5664080,25.634765625
5664150,16.6015625
5664213,17.02880859375
5664295,22.03369140625
5664336,16.66259765625
5664360,22.216796875
5664440,17.7001953125
5664466,18.4326171875
5664509,21.3623046875
5664537,22.52197265625
5664641,21.91162109375
5664697,16.357421875
5664739,17.02880859375
5664773,20.20263671875
5664828,26.0009765625
5664896,20.5078125
5664984,20.1416015625
5665062,19.95849609375
5665090,19.04296875
5665142,20.08056640625
5665221,19.83642578125
5665299,26.79443359375
5665387,21.97265625
5665398,20.751953125
5665488,21.3623046875
5665657,23.4375
5665710,17.63916015625
5665750,17.15087890625
5665886,19.6533203125
5665979,22.5830078125
5666172,20.263671875
5666290,22.3388671875
5666390,24.90234375
5666518,21.54541015625
5666619,21.05712890625
5666761,23.3154296875
5666898,22.03369140625
5667021,20.93505859375
5667154,21.91162109375
5667403,22.4609375
5667605,22.94921875
5697726,16.78466796875
5729136,16.29638671875
5736118,16.357421875
5742575,17.88330078125
5792773,18.1884765625
5806552,16.6015625
5810851,16.9677734375
5824793,19.95849609375
5824806,19.10400390625
5824928,24.47509765625
5824944,20.01953125
5824995,29.35791015625
5825008,16.29638671875
5825045,26.7333984375
5825059,19.22607421875
5825088,18.9208984375
5825103,23.8037109375
5825118,17.51708984375
5825158,17.39501953125
5825200,38.51318359375
5825242,20.1416015625
5825283,19.53125
5825308,17.7001953125
5825328,19.34814453125
5825399,18.85986328125
5825502,16.845703125
5825627,16.2353515625
5825645,17.333984375
5825853,17.9443359375
5865119,17.2119140625
5895382,16.7236328125
5897194,16.41845703125
5909621,18.49365234375
5916008,27.587890625
5916056,19.34814453125
5916085,16.41845703125
5916161,18.24951171875
5916205,20.69091796875
5916233,17.51708984375
5916247,18.06640625
5916297,20.5078125
5916309,20.6298828125
5916323,19.10400390625
5916363,29.541015625
5916382,24.0478515625
5916423,24.71923828125
5916627,16.2353515625
5916858,20.01953125
5917289,21.17919921875
5965289,16.66259765625
5972662,16.7236328125
5979652,16.2353515625
5980794,16.29638671875
5982448,19.04296875
5982477,26.7333984375
5982490,25.7568359375
5982526,30.8837890625
5982558,17.2119140625
5982585,23.0712890625
5982598,23.5595703125
5982613,18.1884765625
5982645,27.9541015625
5982721,23.98681640625
5982737,41.9921875
5982803,17.76123046875
5982838,18.310546875
5983141,16.6015625
5983219,18.12744140625
5983493,16.6015625
5998896,17.27294921875
5999030,25.0244140625
5999072,21.1181640625
5999112,22.39990234375
5999141,23.49853515625
5999178,17.51708984375
5999200,30.517578125
5999216,16.7236328125
5999233,18.98193359375
5999258,16.54052734375
5999270,26.79443359375
5999331,28.9306640625
5999392,26.85546875
5999463,32.65380859375
5999549,17.9443359375
5999639,20.20263671875
5999871,27.03857421875
6000526,17.88330078125
6014963,16.6015625
6027417,17.578125
6029354,16.9677734375
6042621,16.29638671875
6051463,17.578125
6053858,19.775390625
6066323,16.4794921875
6088140,16.29638671875
6089600,16.2353515625
6094033,16.29638671875
6103326,16.357421875
6124635,16.357421875
6126688,29.78515625
6126773,19.04296875
6126787,24.23095703125
6126833,20.20263671875
6126862,16.357421875
6126872,25.2685546875
6126897,20.32470703125
6126920,36.19384765625
6126970,18.4326171875
6127047,24.169921875
6127358,18.4326171875
6127900,16.4794921875
6169895,16.29638671875
6183615,16.2353515625
6194696,17.02880859375
6204637,22.03369140625
6204659,18.00537109375
6204679,20.08056640625
6204701,22.88818359375
6204744,26.0009765625
6204761,18.4326171875
6204808,24.5361328125
6204829,21.484375
6205020,24.4140625
6205194,16.41845703125
6205253,16.41845703125
6205381,17.76123046875
6205437,16.41845703125
6205503,17.02880859375
6237270,16.357421875
6248462,16.7236328125
6248609,16.78466796875
6248681,16.7236328125
6248731,21.66748046875
6248771,19.22607421875
6248783,20.56884765625
6248801,27.34375
6249022,21.54541015625
6249327,18.00537109375
6249703,22.216796875
6281383,16.2353515625
6281419,18.1884765625
6281572,20.32470703125
6281599,19.4091796875
6281738,17.2119140625
6282188,16.41845703125
6284409,22.216796875
6284835,22.4609375
6285141,18.12744140625
6285264,17.39501953125
6285666,20.32470703125
6285910,17.333984375
6287047,22.76611328125
6287371,18.06640625
6288090,16.78466796875
6288430,18.310546875
6289508,19.8974609375
6290214,18.49365234375
6313510,16.4794921875
6314725,21.3623046875
6314901,23.5595703125
6314929,16.357421875
6315090,20.08056640625
6315177,16.41845703125
6315248,16.9677734375
6315434,17.2119140625
6315494,16.66259765625
6315771,16.29638671875
6315784,16.2353515625
6316698,17.578125
6316962,16.4794921875
6317804,18.85986328125
6318221,17.9443359375
6318666,20.32470703125
6320456,16.4794921875
6346793,20.20263671875
6346821,21.78955078125
6346894,17.08984375
6346977,17.76123046875
6347101,19.4091796875
6347191,19.59228515625
6347282,19.4091796875
6347528,16.4794921875
6347755,18.06640625
6347849,19.04296875
6348930,17.51708984375
6349729,16.357421875
6350554,16.9677734375
6351831,16.41845703125
6352983,22.705078125
6353411,16.2353515625
6355428,18.98193359375
6355706,20.263671875
6355932,20.69091796875
6356206,17.39501953125
6356705,18.12744140625
6359421,22.15576171875
6359508,18.798828125
6359703,19.775390625
6359906,17.578125
6360545,19.287109375
6360810,16.7236328125
6360945,16.6015625
6361467,17.333984375
6364065,17.333984375
6364080,19.04296875
6364197,19.47021484375
6364241,20.1416015625
6364496,18.4326171875
6364737,21.728515625
6364847,18.61572265625
6365075,16.4794921875
6365184,17.76123046875
6365204,16.7236328125
6365426,24.35302734375
6369764,16.4794921875
6370449,19.34814453125
6370480,17.88330078125
6370788,18.85986328125
6372423,16.845703125
6378675,17.76123046875
6378758,18.1884765625
6378847,23.4375
6379365,16.6015625
6379400,16.4794921875
6379441,18.1884765625
6379793,16.29638671875
6380109,19.71435546875
6389432,18.4326171875
6389480,17.822265625
6389544,19.59228515625
6389771,16.41845703125
6390047,17.2119140625
6390378,17.9443359375
6390508,19.1650390625
6390715,16.6015625
6391437,16.78466796875
6392490,17.578125
6393075,17.822265625
6394477,16.6015625
6400973,22.64404296875
6401402,17.39501953125
6401536,19.59228515625
6432823,16.41845703125
6442618,16.2353515625
6442666,18.310546875
6442722,20.93505859375
6442835,26.91650390625
6443024,19.287109375
6443743,16.54052734375
6446826,23.98681640625
6449064,20.08056640625
6449448,16.6015625
6468730,16.7236328125
6476571,17.02880859375
6484772,16.357421875
6484800,16.4794921875
6484860,17.88330078125
6484878,19.47021484375
6484919,24.71923828125
6484994,18.798828125
6485110,17.88330078125
6485447,16.4794921875
6487381,20.32470703125
6490879,16.78466796875
6491298,19.71435546875
6506412,17.27294921875
6511597,16.78466796875
6521228,16.4794921875
6521261,16.4794921875
6521279,17.2119140625
6521334,16.9677734375
6521449,18.73779296875
6521706,16.41845703125
6522345,19.71435546875
6526750,18.49365234375
6526777,17.08984375
6547280,26.18408203125
6547922,25.08544921875
6557715,16.6015625
6566270,17.08984375
6566289,17.9443359375
6566311,18.9208984375
6566426,20.751953125
6566820,21.17919921875
6566974,24.23095703125
6580885,16.7236328125
6587725,16.90673828125
6587795,16.66259765625
6587886,16.41845703125
6587985,16.845703125
6588034,22.705078125
6588299,20.81298828125
6599257,16.7236328125
6606765,16.6015625
6608542,18.310546875
6616689,19.1650390625
6616700,17.15087890625
6616741,19.8974609375
6617385,20.69091796875
6624189,16.29638671875
6633861,16.357421875
6638501,16.845703125
6647998,21.91162109375
6648285,18.310546875
6648681,17.333984375
6663296,16.54052734375
6677150,16.2353515625
6680374,17.9443359375
6681540,16.78466796875
6691612,19.10400390625
6691630,17.7001953125
6702010,16.845703125
6706671,17.63916015625
6709564,20.3857421875
6710753,19.8974609375
6721372,16.54052734375
6723545,20.32470703125
6736222,16.2353515625
6750321,16.845703125
6750336,18.1884765625
6750756,23.92578125
6761506,16.845703125
6761583,17.02880859375
6762153,18.24951171875
6762897,18.61572265625
6772403,16.6015625
6776349,18.85986328125
6779439,17.15087890625
6779464,18.00537109375
6779810,16.41845703125
6788463,17.51708984375
6793217,16.90673828125
6797439,16.41845703125
6797779,18.310546875
6798883,19.4091796875
6825504,16.4794921875
6827423,21.91162109375
6827541,18.06640625
6827918,18.49365234375
6842730,16.54052734375
6846440,16.78466796875
6854532,16.54052734375
6862479,17.27294921875
6862517,18.24951171875
6862817,17.08984375
6863107,18.98193359375
6889687,16.845703125
6893610,17.88330078125
6980260,16.90673828125
6990239,16.29638671875
7003475,19.10400390625
7007490,16.845703125
7013083,16.9677734375
7031228,16.2353515625
7038784,17.02880859375
7042636,16.845703125
7052693,16.2353515625
7057292,17.15087890625
7065255,19.71435546875
7107850,16.2353515625
7110620,16.357421875
7137668,20.01953125
7137704,24.4140625
7137804,28.564453125
7137867,17.578125
7137898,21.17919921875
7137928,35.58349609375
7137960,16.357421875
7137999,19.22607421875
7138009,19.287109375
7138028,16.29638671875
7138139,20.6298828125
7138176,18.37158203125
7138273,18.6767578125
7138764,17.15087890625
7139165,17.51708984375
7161466,18.9208984375
7173701,18.61572265625
7185844,16.357421875
7194414,17.822265625
7215781,16.29638671875
7256434,16.357421875
7275081,16.6015625
7281822,18.61572265625
7315874,16.845703125
7339795,18.37158203125
7357879,18.4326171875
7359235,17.88330078125
7361212,16.54052734375
7367002,16.78466796875
7432950,17.2119140625
7452240,16.9677734375
7456414,18.4326171875
7456497,29.47998046875
7456537,35.21728515625
7456560,16.2353515625
7456603,26.79443359375
7456633,18.00537109375
7456661,29.72412109375
7456706,29.1748046875
7456746,16.4794921875
7456768,16.41845703125
7456792,17.4560546875
7456855,16.845703125
7456901,30.21240234375
7456925,18.310546875
7457018,26.18408203125
7457038,17.4560546875
7457130,16.4794921875
7457175,16.29638671875
7457209,32.65380859375
7457228,17.63916015625
7457340,24.59716796875
7457355,17.7001953125
7457405,19.47021484375
7457496,23.193359375
7457573,23.98681640625
7457669,19.8974609375
7457721,18.4326171875
7457757,18.5546875
7457767,17.2119140625
7457828,22.4609375
7457930,17.02880859375
7458045,22.39990234375
7458122,25.5126953125
7458207,22.5830078125
7458294,20.81298828125
7458377,20.08056640625
7458460,19.4091796875
7458528,17.9443359375
7458618,20.69091796875
7458713,22.8271484375
7458794,16.7236328125
7458964,19.83642578125
7459154,18.73779296875
7459209,19.47021484375
7485132,16.66259765625
7493535,16.845703125
7507622,17.822265625
7517647,18.1884765625
7523091,16.90673828125
7528602,16.78466796875
7554184,16.6015625
7611451,16.7236328125
7618089,18.9208984375
7618106,29.1748046875
7618128,22.27783203125
7618139,20.1416015625
7618184,25.08544921875
7618201,21.30126953125
7618224,18.06640625
7618277,24.4140625
7618331,18.310546875
7618355,22.3388671875
7618379,16.54052734375
7618470,16.90673828125
7618498,37.78076171875
7618586,16.66259765625
7618665,26.30615234375
7618711,17.4560546875
7618740,18.24951171875
7618798,34.3017578125
7618890,28.80859375
7618960,27.16064453125
7618988,19.47021484375
7619020,25.69580078125
7619051,18.6767578125
7619088,17.08984375
7619118,19.22607421875
7619201,21.6064453125
7619231,18.24951171875
7619290,20.1416015625
7619333,16.357421875
7619363,20.6298828125
7619412,24.169921875
7619431,18.798828125
7619487,16.845703125
7619584,18.24951171875
7619617,18.9208984375
7619649,21.484375
7619754,18.12744140625
7619830,16.7236328125
7619901,16.29638671875
7619965,20.93505859375
7620030,18.798828125
7620109,19.22607421875
7620206,18.61572265625
7620292,22.03369140625
7620479,16.78466796875
7620560,22.88818359375
7620648,18.73779296875
7620745,20.20263671875
7620784,20.01953125
7620824,20.6298828125
7620937,18.73779296875
7621061,17.63916015625
7621177,23.8037109375
7621314,19.71435546875
7621669,24.84130859375
7639054,17.2119140625
7663453,16.7236328125
7711944,16.357421875
7720355,16.9677734375
7741448,16.6015625
7747056,17.15087890625
7750473,16.29638671875
7764072,16.2353515625
7781208,17.39501953125
7794374,16.7236328125
7797695,20.01953125
7816000,16.2353515625
7822200,17.88330078125
7830578,17.2119140625
7838151,21.1181640625
7848505,17.08984375
7911082,16.2353515625
7918243,16.357421875
7923737,17.822265625
7923864,33.75244140625
7923913,31.005859375
7923939,22.76611328125
7923969,30.029296875
7924015,33.63037109375
7924072,21.1181640625
7924094,23.13232421875
7924130,20.20263671875
7924212,17.76123046875
7924223,17.63916015625
7924289,27.7099609375
7924609,16.41845703125
7924940,16.78466796875
7925740,16.54052734375
7946502,16.29638671875
7950100,18.49365234375
7957699,16.66259765625
7999817,16.6015625
8007877,17.333984375
8012602,17.578125
8046112,16.41845703125
8046196,27.77099609375
8046221,16.357421875
8046252,24.4140625
8046262,22.705078125
8046305,26.42822265625
8046344,20.08056640625
8046369,26.4892578125
8046390,18.12744140625
8046400,19.287109375
8046459,27.28271484375
8046487,19.47021484375
8046507,22.216796875
8046538,20.6298828125
8046569,30.33447265625
8046638,16.9677734375
8046741,18.06640625
8046848,19.95849609375
8047436,17.2119140625
8048298,17.333984375
8097266,18.00537109375
8104227,17.27294921875
8128771,18.1884765625
8133933,17.4560546875
8133966,17.27294921875
8134029,25.5126953125
8134071,26.7333984375
8134086,16.7236328125
8134111,25.7568359375
8134138,23.193359375
8134153,27.64892578125
8134207,23.5595703125
8134260,21.66748046875
8134475,18.5546875
8134521,16.66259765625
8134567,16.9677734375
8134653,18.12744140625
8134682,21.6064453125
8134778,16.78466796875
8135041,18.85986328125
8135203,16.357421875
8135414,18.6767578125
8136003,18.06640625
8175994,18.06640625
8176088,24.169921875
8176137,28.01513671875
8176147,23.01025390625
8176187,26.79443359375
8176230,28.076171875
8176274,30.2734375
8176284,22.216796875
8176321,25.2685546875
8176417,24.10888671875
8176437,17.02880859375
8176507,25.81787109375
8176616,34.5458984375
8176708,16.66259765625
8176747,16.9677734375
8176775,19.71435546875
8176845,20.56884765625
8176944,17.7001953125
8176969,20.8740234375
8177059,21.91162109375
8177104,16.41845703125
8177142,22.15576171875
8177206,22.52197265625
8177293,21.78955078125
8177372,20.08056640625
8177452,18.9208984375
8177535,18.06640625
8177621,24.84130859375
8177700,17.578125
8177812,21.30126953125
8177960,20.5078125
8178061,22.39990234375
8178194,20.20263671875
8178236,17.2119140625
8178326,22.0947265625
8178479,16.78466796875
8221098,16.6015625
8238578,16.66259765625
8239860,17.4560546875
8244598,16.66259765625
8263714,22.27783203125
8263838,17.15087890625
8263886,18.37158203125
8263904,36.43798828125
8263949,28.50341796875
8263976,19.22607421875
8263991,22.76611328125
8264018,35.46142578125
8264069,19.59228515625
8264111,22.27783203125
8264160,21.66748046875
8264204,17.9443359375
8264229,18.310546875
8264279,17.39501953125
8264429,20.81298828125
8264636,22.0947265625
8264997,18.00537109375
8265217,18.06640625
8265439,20.93505859375
8306026,18.49365234375
8323557,18.5546875
8323661,27.52685546875
8323711,26.2451171875
8323739,28.13720703125
8323765,19.71435546875
8323792,32.1044921875
8323834,23.25439453125
8323868,26.2451171875
8323881,19.34814453125
8323907,17.4560546875
8323925,21.484375
8323955,16.66259765625
8324000,19.22607421875
8324062,28.99169921875
8324103,18.1884765625
8324123,16.7236328125
8324215,17.39501953125
8324357,17.333984375
8324443,28.80859375
8324585,17.02880859375
8324850,18.9208984375
8325549,16.2353515625
8346108,17.333984375
8349848,18.310546875
8364226,17.08984375
8364259,19.1650390625
8364287,17.578125
8364320,17.2119140625
8364358,18.61572265625
8364369,21.484375
8364402,20.751953125
8364427,25.87890625
8364445,21.1181640625
8364471,19.95849609375
8364494,22.8271484375
8364523,33.8134765625
8364536,16.845703125
8364565,17.578125
8364624,18.24951171875
8364649,23.3154296875
8364736,21.17919921875
8364821,16.29638671875
8364908,21.42333984375
8364968,19.59228515625
8392277,16.6015625
8399961,17.02880859375
8408631,17.333984375
8408747,22.76611328125
8408790,19.22607421875
8408821,21.97265625
8408853,35.21728515625
8408877,18.9208984375
8408928,19.47021484375
8408949,24.71923828125
8409030,19.775390625
8409109,20.20263671875
8409186,17.02880859375
8409278,17.51708984375
8409451,20.20263671875
8409548,16.357421875
8409668,18.06640625
8410890,16.845703125
8449301,17.27294921875
8452854,18.85986328125
8454412,16.2353515625
8456232,23.25439453125
8456275,42.17529296875
8456296,16.90673828125
8456334,18.798828125
8456356,32.28759765625
8456367,22.03369140625
8456386,18.6767578125
8456438,49.072265625
8456643,18.9208984375
8456735,16.7236328125
8456817,17.4560546875
8456956,17.9443359375
8484146,17.76123046875
8501675,17.02880859375
8521902,16.845703125
8559995,16.2353515625
8566286,16.29638671875
8602063,16.90673828125
8605830,16.4794921875
8610388,16.7236328125
8616387,18.37158203125
8617088,21.97265625
8617108,22.3388671875
8617127,21.91162109375
8617142,16.54052734375
8617203,30.76171875
8617255,22.88818359375
8617265,16.66259765625
8617337,26.79443359375
8617416,17.39501953125
8637753,16.6015625
8643178,16.7236328125
8654522,17.51708984375
8659682,16.4794921875
8667983,17.88330078125
8671213,17.15087890625
8679577,16.66259765625
8687156,19.775390625
8692016,17.333984375
8696943,16.41845703125
8697984,19.04296875
8700333,16.66259765625
8720056,16.4794921875
8722177,16.9677734375
8757134,17.9443359375
8793842,18.9208984375
8794091,19.83642578125
8794189,16.66259765625
8794220,25.20751953125
8794257,20.8740234375
8794268,30.8837890625
8794315,21.91162109375
8794345,18.37158203125
8794379,23.8037109375
8794445,28.3203125
8794456,18.5546875
8794777,17.822265625
8794821,19.59228515625
8825765,16.78466796875
8837205,18.5546875
8853912,18.06640625
8870181,17.51708984375
8880866,17.9443359375
8884979,16.4794921875
8887856,16.7236328125
8910191,16.7236328125
8921488,16.6015625
8923838,17.02880859375
8932684,16.54052734375
8935016,17.578125
8960347,16.7236328125
8961815,18.4326171875
8964279,19.1650390625
8976720,18.310546875
8979096,16.4794921875
8983996,21.3623046875
8984079,34.3017578125
8984108,22.216796875
8984124,16.41845703125
8984157,21.240234375
8984180,19.47021484375
8984202,16.4794921875
8984218,20.81298828125
8984230,20.81298828125
8984279,27.03857421875
8984534,18.00537109375
8984725,16.90673828125
8984775,17.7001953125
8984881,17.7001953125
8984976,16.54052734375
9005543,16.54052734375
9010065,17.4560546875
9036784,17.4560546875
9048149,36.19384765625
9048226,17.51708984375
9048258,36.4990234375
9048269,27.099609375
9048313,18.06640625
9048328,28.564453125
9048402,17.15087890625
9048413,37.65869140625
9048454,20.44677734375
9048526,20.751953125
9048584,18.61572265625
9048614,18.06640625
9048626,16.6015625
9049299,16.41845703125
9049407,19.22607421875
9049554,19.53125
9092437,19.287109375
9107837,16.357421875
9116115,16.78466796875
9127969,18.37158203125
9130206,16.4794921875
9136184,17.4560546875
9148829,16.29638671875
9152291,17.08984375
9162989,16.7236328125
9169009,16.845703125
9185430,17.7001953125
9220044,16.66259765625
9225691,16.2353515625
9228183,21.728515625
9228215,19.6533203125
9228299,21.728515625
9228316,33.0810546875
9228344,23.4375
9228366,31.79931640625
9228388,17.333984375
9228439,36.92626953125
9228490,17.51708984375
9228526,16.9677734375
9228562,21.484375
9228792,17.39501953125
9228950,18.310546875
9229230,18.12744140625
9259723,17.333984375
9269723,17.4560546875
9281650,19.53125
9281695,19.287109375
9281765,17.02880859375
9281790,25.5126953125
9281849,17.4560546875
9281867,23.193359375
9281904,17.63916015625
9281926,29.6630859375
9281981,19.6533203125
9282050,21.17919921875
9282252,21.91162109375
9282561,16.2353515625
9283766,16.7236328125
9302655,16.41845703125
9330002,16.41845703125
9335044,17.9443359375
9336176,16.9677734375
9374931,16.845703125
9380089,19.287109375
9419417,16.357421875
9426159,16.90673828125
9460122,19.10400390625
9480530,16.357421875
9486895,16.2353515625
9488287,17.4560546875
9494647,19.10400390625
9523600,16.357421875
9534576,18.49365234375
9539406,25.81787109375
9539440,17.822265625
9539537,23.74267578125
9539601,19.04296875
9539611,22.216796875
9539630,21.54541015625
9539658,17.333984375
9539681,24.35302734375
9539711,31.06689453125
9539758,42.54150390625
9539896,18.9208984375
9539927,26.06201171875
9539962,16.357421875
9540097,23.98681640625
9540699,18.310546875
9541177,16.29638671875
9541650,17.76123046875
9566750,17.822265625
9577223,16.9677734375
9588981,22.39990234375
9592086,17.08984375
9613813,18.00537109375
9617393,16.4794921875
9620926,25.2685546875
9620958,19.53125
9621021,23.92578125
9621063,27.16064453125
9621081,30.6396484375
9621124,23.25439453125
9621138,27.34375
9621169,20.69091796875
9621184,18.9208984375
9621208,21.78955078125
9621222,23.3154296875
9621261,21.8505859375
9621323,18.06640625
9621400,17.822265625
9621718,16.41845703125
9621835,19.10400390625
9621993,17.578125
9622298,16.90673828125
9637159,18.1884765625
9645632,16.66259765625
9647546,16.2353515625
9647590,18.85986328125
9647650,17.15087890625
9647680,25.69580078125
9647727,18.6767578125
9647746,24.5361328125
9647766,19.04296875
9647790,24.23095703125
9647809,16.78466796875
9647833,21.3623046875
9647890,17.63916015625
9648022,25.390625
9648095,18.61572265625
9648115,26.0009765625
9648174,17.02880859375
9648198,21.54541015625
9648245,18.4326171875
9648300,20.751953125
9648400,28.80859375
9648448,19.34814453125
9648478,24.169921875
9648558,22.0947265625
9648654,21.6064453125
9648739,19.10400390625
9648756,22.15576171875
9648844,32.65380859375
9648926,17.578125
9649005,16.845703125
9649084,16.9677734375
9649177,22.705078125
9649255,19.22607421875
9649286,18.310546875
9649345,17.2119140625
9649429,20.01953125
9649507,19.22607421875
9649600,18.5546875
9649667,16.357421875
9649698,17.2119140625
9649793,17.2119140625
9649848,17.578125
9649887,20.263671875
9650006,17.333984375
9650107,30.3955078125
9650135,24.658203125
9650191,16.90673828125
9650290,19.8974609375
9650390,20.44677734375
9650511,17.51708984375
9650740,16.66259765625
9651109,20.1416015625
9651430,23.3154296875
9680630,21.3623046875
9680654,22.76611328125
9680701,42.90771484375
9680717,26.55029296875
9680740,25.81787109375
9680776,21.42333984375
9680813,26.611328125
9680855,17.39501953125
9680867,20.01953125
9680882,19.71435546875
9680907,19.53125
9680927,23.25439453125
9681071,16.2353515625
9681121,17.7001953125
9681135,16.6015625
9681189,24.47509765625
9681268,22.0947265625
9681304,16.6015625
9681339,22.4609375
9681379,18.49365234375
9681409,21.97265625
9681497,23.25439453125
9681607,21.97265625
9681647,24.96337890625
9681730,18.310546875
9681753,18.12744140625
9681830,16.2353515625
9681872,22.39990234375
9681957,18.61572265625
9682050,23.3154296875
9682135,18.73779296875
9682236,28.86962890625
9682318,21.97265625
9682367,17.7001953125
9682432,21.484375
9682488,17.2119140625
9682504,27.2216796875
9682575,21.42333984375
9682652,25.146484375
9682673,17.333984375
9682741,21.42333984375
9682847,21.97265625
9682913,19.59228515625
9683034,18.1884765625
9683069,17.4560546875
9683203,19.6533203125
9683300,20.32470703125
9683334,19.775390625
9683476,19.22607421875
9683592,25.81787109375
9683679,17.76123046875
9683843,16.29638671875
9683880,20.56884765625
9684040,19.04296875
9684184,18.4326171875
9684784,22.705078125
9685099,24.59716796875
9685841,18.310546875
9716684,16.90673828125
9722097,17.15087890625
9726580,18.12744140625
9726615,20.3857421875
9726683,20.5078125
9726723,31.494140625
9726736,22.0947265625
9726763,25.20751953125
9726810,22.94921875
9726846,30.2734375
9726880,17.88330078125
9726910,22.88818359375
9726942,17.51708984375
9726981,24.5361328125
9727001,18.9208984375
9727042,20.81298828125
9727053,31.55517578125
9727130,19.47021484375
9727142,19.83642578125
9727191,16.4794921875
9727243,16.54052734375
9727268,16.2353515625
9727315,24.35302734375
9727342,18.06640625
9727368,18.310546875
9727390,18.798828125
9727471,23.5595703125
9727511,17.333984375
9727554,17.51708984375
9727590,19.1650390625
9727642,22.4609375
9727720,19.47021484375
9727766,17.39501953125
9727792,16.90673828125
9727873,21.6064453125
9727962,22.0947265625
9728044,22.88818359375
9728110,20.93505859375
9728136,23.98681640625
9728202,23.8037109375
9728280,17.08984375
9728357,17.02880859375
9728376,16.90673828125
9728423,18.798828125
9728468,17.08984375
9728540,17.63916015625
9728639,20.3857421875
9728779,19.1650390625
9728906,20.3857421875
9729050,17.7001953125
9729165,19.71435546875
9729279,22.88818359375
9729425,17.39501953125
9729573,20.56884765625
9729717,20.20263671875
9729833,22.64404296875
9730055,20.751953125
9730135,17.15087890625
9798444,16.6015625
9811821,16.845703125
9848481,16.845703125
9872722,16.78466796875
9879018,17.51708984375
9893267,18.1884765625
9929502,16.54052734375
9934219,17.27294921875
9965010,17.2119140625
9975956,16.2353515625
9980201,18.310546875
10018026,16.54052734375
10022050,16.6015625
10039771,16.54052734375
10044603,19.1650390625
10050571,17.15087890625
10062994,18.00537109375
10070573,16.4794921875
10076580,18.1884765625
10092154,17.2119140625
10098367,16.90673828125
10143200,17.15087890625
10158954,17.51708984375
10164489,16.4794921875
10167743,16.90673828125
10176643,16.41845703125
10200877,16.4794921875
10206867,17.39501953125
10234177,16.845703125
10254845,17.88330078125
10275590,16.6015625
10279575,16.7236328125
10315955,16.29638671875
10356931,16.2353515625
10371945,17.27294921875
10382513,16.2353515625
10417302,18.24951171875
10418879,16.41845703125
10435747,19.53125
10435799,25.0244140625
10435918,22.3388671875
10435964,18.5546875
10436009,29.541015625
10436054,21.30126953125
10436067,33.38623046875
10436125,23.25439453125
10436144,16.845703125
10436169,18.5546875
10436196,20.32470703125
10436256,21.97265625
10436372,20.8740234375
10437176,16.29638671875
10437407,17.76123046875
10438271,16.2353515625
10438447,21.05712890625
10472693,17.9443359375
10481958,18.49365234375
10484823,16.78466796875
10493863,17.76123046875
10536380,16.90673828125
10545575,16.357421875
10580935,25.146484375
10580976,20.1416015625
10581003,19.4091796875
10581018,31.8603515625
10581043,20.5078125
10581066,30.21240234375
10581129,39.73388671875
10581156,16.78466796875
10581195,18.49365234375
10581206,19.1650390625
10581251,16.66259765625
10581303,23.8037109375
10581481,33.99658203125
10581591,20.01953125
10581693,19.83642578125
10581814,23.8037109375
10581906,17.2119140625
10581934,25.32958984375
10581967,17.88330078125
10582102,17.333984375
10582116,23.98681640625
10582190,20.5078125
10582270,23.5595703125
10582342,19.10400390625
10582439,21.66748046875
10582509,18.85986328125
10582570,25.390625
10582651,21.54541015625
10582726,20.08056640625
10582763,17.4560546875
10582815,19.4091796875
10583062,24.90234375
10583150,17.9443359375
10583251,20.93505859375
10583350,16.2353515625
10583472,19.95849609375
10583770,23.193359375
10583900,21.97265625
10584033,17.822265625
10584228,18.6767578125
10606579,17.7001953125
10613343,16.4794921875
10628381,17.39501953125
10631910,18.00537109375
10637960,17.9443359375
10675681,16.6015625
10683532,16.29638671875
10714030,16.845703125
10726040,16.29638671875
10739842,16.66259765625
10742949,17.51708984375
10750936,16.6015625
10773994,16.6015625
10779872,17.333984375
10779988,22.88818359375
10780031,18.85986328125
10780058,17.63916015625
10780072,24.71923828125
10780124,20.1416015625
10780142,26.2451171875
10780193,24.23095703125
10780221,22.3388671875
10780233,18.798828125
10780286,22.52197265625
10780349,16.41845703125
10780365,20.1416015625
10780401,17.76123046875
10780480,16.357421875
10780820,16.7236328125
10781896,16.90673828125
10798415,20.01953125
10816859,18.73779296875
10823349,16.4794921875
10863993,16.54052734375
10866360,16.29638671875
10867407,16.6015625
10894430,16.357421875
10895867,17.2119140625
10906865,17.7001953125
10924534,16.7236328125
10936795,18.61572265625
10947134,17.7001953125
11016637,17.27294921875
11022860,16.2353515625
11024031,18.310546875
11040146,17.88330078125
11042756,16.78466796875
11078941,16.6015625
11085229,17.02880859375
11101184,17.27294921875
11107173,16.7236328125
11111650,20.08056640625
11111683,16.66259765625
11111725,16.6015625
11111781,17.333984375
11111794,20.56884765625
11111828,35.888671875
11111868,18.1884765625
11111891,18.12744140625
11111920,26.7333984375
11111936,17.27294921875
11111969,17.39501953125
11111979,33.0810546875
11111991,17.08984375
11112026,26.9775390625
11112073,16.78466796875
11112086,17.63916015625
11112188,18.85986328125
11112226,19.775390625
11112275,16.7236328125
11112527,20.6298828125
11112883,20.56884765625
11113749,16.29638671875
11132629,17.2119140625
11134427,17.39501953125
11149798,18.37158203125
11150715,16.66259765625
11153420,16.66259765625
11185742,16.29638671875
11207136,19.53125
11228451,17.15087890625
11249091,16.78466796875
11260291,16.29638671875
11268800,17.88330078125
11271601,18.61572265625
11279763,19.59228515625
11279892,21.30126953125
11279970,18.37158203125
11280004,16.78466796875
11280017,18.73779296875
11280058,18.12744140625
11280073,34.66796875
11280105,16.78466796875
11280122,17.08984375
11280162,23.01025390625
11280214,17.4560546875
11280266,18.85986328125
11280303,18.98193359375
11280437,20.81298828125
11280461,16.2353515625
11280565,18.12744140625
11280649,19.775390625
11280676,16.9677734375
11281555,18.798828125
11281912,16.9677734375
11282770,16.54052734375
11316972,17.51708984375
11332079,16.41845703125
11333127,16.357421875
11341295,17.02880859375
11342191,16.41845703125
11351047,16.7236328125
11352313,16.90673828125
11356561,16.845703125
11357648,16.7236328125
11361165,17.15087890625
11364593,16.7236328125
11412478,17.333984375
11426516,16.66259765625
11444271,17.15087890625
11502653,16.7236328125
11510751,16.54052734375
11521234,35.64453125
11521251,32.5927734375
11521280,21.91162109375
11521314,31.73828125
11521369,18.4326171875
11521388,32.5927734375
11521428,17.27294921875
11521448,18.98193359375
11521475,24.59716796875
11521521,18.798828125
11521543,17.9443359375
11521595,17.76123046875
11521636,20.44677734375
11521785,24.23095703125
11522049,16.6015625
11522153,23.25439453125
11522267,17.39501953125
11522577,19.1650390625
11523736,20.81298828125
11562093,16.357421875
11566947,17.333984375
11573508,17.51708984375
11597015,16.78466796875
11600313,16.54052734375
11624317,16.7236328125
11625298,16.2353515625
11629705,17.08984375
11663853,18.06640625
11695134,16.845703125
11695257,25.87890625
11695346,25.146484375
11695394,44.189453125
11695425,18.12744140625
11695453,42.724609375
11695497,17.63916015625
11695573,18.1884765625
11695623,18.49365234375
11695819,21.66748046875
11695943,17.333984375
11696003,16.2353515625
11696118,20.20263671875
11697036,16.29638671875
11717328,16.357421875
11726023,16.4794921875
11744994,16.41845703125
11749004,18.24951171875
11771029,18.24951171875
11794894,17.08984375
11806548,18.00537109375
11816644,16.6015625
11829021,18.5546875
11830206,19.04296875
11850898,18.61572265625
11852429,16.357421875
11886270,16.66259765625
11904752,25.2685546875
11904780,39.61181640625
11904856,22.705078125
11904897,40.46630859375
11904948,20.1416015625
11904965,19.04296875
11904978,19.1650390625
11905005,23.8037109375
11905030,19.04296875
11905081,24.59716796875
11905201,17.51708984375
11905280,16.29638671875
11905308,18.1884765625
11905383,16.29638671875
11905431,16.845703125
11905621,18.310546875
11905721,18.06640625
11905991,16.7236328125
11908103,16.7236328125
11947465,18.00537109375
11953855,16.7236328125
11964184,17.15087890625
11978299,17.88330078125
11988463,16.9677734375
11989700,17.2119140625
11996119,16.2353515625
