11999000,0
80,44.43359375
110,51.69677734375
206,44.73876953125
240,51.1474609375
307,44.0673828125
396,50.96435546875
557,44.677734375
788,46.9970703125
848,49.01123046875
981,48.4619140625
1163,45.5322265625
1189,48.52294921875
1316,54.931640625
1411,45.83740234375
1631,44.61669921875
1663,49.31640625
1710,43.9453125
1783,46.08154296875
1811,53.40576171875
1849,44.49462890625
1999,47.7294921875
2141,47.05810546875
2252,44.0673828125
2307,53.955078125
2481,51.8798828125
2565,60.791015625
2854,44.00634765625
2910,45.22705078125
3152,43.9453125
3280,44.25048828125
3518,46.630859375
3619,49.37744140625
3703,49.25537109375
3757,47.79052734375
3863,44.98291015625
3951,48.7060546875
4098,47.36328125
4112,44.0673828125
4132,49.9267578125
4239,44.49462890625
4249,44.98291015625
4368,45.654296875
4391,50.29296875
4574,45.83740234375
4602,54.19921875
4618,44.12841796875
4628,48.03466796875
4717,46.69189453125
4794,44.49462890625
4881,49.49951171875
4932,50.96435546875
4963,49.25537109375
5115,44.37255859375
5251,44.5556640625
5286,46.32568359375
5340,45.22705078125
5429,55.6640625
5624,43.9453125
5692,48.40087890625
5766,46.38671875
6233,43.9453125
6345,44.25048828125
6582,47.7294921875
6635,45.8984375
7111,44.73876953125
7266,50.048828125
7281,44.12841796875
7340,49.25537109375
7526,52.001953125
7635,46.81396484375
7826,50.4150390625
7857,54.13818359375
7887,53.5888671875
7986,46.142578125
8122,44.0673828125
8150,44.3115234375
8219,44.49462890625
8241,48.4619140625
8315,45.166015625
8540,44.73876953125
8747,48.64501953125
8874,49.9267578125
9099,46.56982421875
9127,46.142578125
9163,44.25048828125
9357,44.7998046875
9397,49.37744140625
9494,50.048828125
9540,47.36328125
9568,48.15673828125
9724,47.42431640625
9749,46.69189453125
9994,50.1708984375
10017,44.3115234375
10078,45.10498046875
10231,47.119140625
10643,48.2177734375
11213,46.2646484375
11481,45.59326171875
11602,46.0205078125
11695,53.3447265625
11803,49.8046875
11841,47.4853515625
11994,44.49462890625
12060,53.8330078125
12264,49.072265625
12615,47.91259765625
13265,50.96435546875
13558,46.875
13609,44.3115234375
13903,49.072265625
14619,53.7109375
14895,53.8330078125
15172,44.189453125
15301,45.22705078125
15426,52.42919921875
15602,44.98291015625
15649,49.74365234375
15910,49.98779296875
16107,47.79052734375
16215,50.59814453125
16640,44.0673828125
16689,46.0205078125
16701,49.37744140625
17050,47.9736328125
17086,46.93603515625
17136,46.44775390625
17155,60.60791015625
17182,49.49951171875
17207,44.37255859375
17513,44.25048828125
17654,45.71533203125
17685,45.22705078125
18039,47.30224609375
18132,54.931640625
18152,48.40087890625
18180,43.88427734375
18326,44.86083984375
19007,48.03466796875
19153,45.10498046875
19277,46.93603515625
19495,44.61669921875
20228,43.88427734375
20556,45.41015625
20688,44.677734375
20938,54.50439453125
21121,46.32568359375
21158,43.88427734375
21325,48.40087890625
21829,45.59326171875
21882,44.189453125
22055,45.22705078125
22827,46.69189453125
22843,54.62646484375
22989,54.5654296875
23187,46.9970703125
23333,45.10498046875
23403,48.095703125
23562,50.23193359375
23589,46.2646484375
23628,47.91259765625
23667,44.7998046875
23774,44.0673828125
23859,48.2177734375
23939,47.42431640625
23977,51.57470703125
24138,48.52294921875
24259,45.5322265625
24317,46.08154296875
24518,51.33056640625
24788,52.24609375
24905,46.08154296875
25014,45.10498046875
25242,44.921875
25443,52.3681640625
25523,47.119140625
25545,46.69189453125
25621,46.20361328125
25642,44.98291015625
25862,44.0673828125
25930,49.9267578125
25955,50.4150390625
25971,48.88916015625
26450,46.0205078125
27019,52.490234375
27078,63.04931640625
27191,46.5087890625
27241,60.36376953125
27285,54.931640625
27301,79.40673828125
27330,56.396484375
27354,68.29833984375
27368,60.6689453125
27390,48.76708984375
27418,63.17138671875
27456,47.18017578125
27484,47.9736328125
27514,64.02587890625
27553,72.75390625
27565,44.49462890625
27584,44.189453125
27611,67.56591796875
27628,63.3544921875
27640,48.27880859375
27651,76.47705078125
27677,59.38720703125
27705,54.01611328125
27715,58.837890625
27750,49.13330078125
27760,51.57470703125
27798,48.52294921875
27819,55.23681640625
27852,44.43359375
27885,49.9267578125
27914,46.32568359375
27938,72.75390625
28064,49.62158203125
28082,46.69189453125
28108,44.61669921875
28139,53.22265625
28157,45.47119140625
28178,46.56982421875
28262,49.560546875
28306,52.3681640625
28324,52.6123046875
28336,54.26025390625
28388,44.7998046875
28418,63.4765625
28467,52.001953125
28491,65.12451171875
28586,44.7998046875
28656,44.3115234375
28725,44.43359375
28776,57.06787109375
28790,52.1240234375
28852,46.630859375
28893,49.4384765625
28909,47.05810546875
28925,48.40087890625
28952,53.466796875
28994,47.42431640625
29114,44.7998046875
29134,54.931640625
29164,44.921875
29189,44.12841796875
29209,47.18017578125
29234,44.73876953125
29256,60.48583984375
29287,52.001953125
29327,47.66845703125
29348,49.4384765625
29380,51.1474609375
29395,46.32568359375
29443,45.22705078125
29463,47.2412109375
29546,47.2412109375
29626,50.4150390625
29664,44.677734375
29728,53.8330078125
29778,45.654296875
29788,52.001953125
29850,50.537109375
29890,45.41015625
29915,43.88427734375
29930,46.5087890625
29941,54.443359375
29962,44.43359375
29979,46.142578125
30063,50.47607421875
30205,56.09130859375
30227,48.33984375
30332,47.18017578125
30422,44.3115234375
30487,45.2880859375
30517,55.48095703125
30603,46.32568359375
30735,54.62646484375
30755,56.33544921875
30776,47.91259765625
30789,47.54638671875
30877,59.9365234375
30942,46.875
31004,45.59326171875
31088,47.05810546875
31119,53.28369140625
31223,44.43359375
31278,44.3115234375
31325,45.59326171875
31342,45.654296875
31608,44.73876953125
31649,44.73876953125
31695,49.9267578125
31721,57.4951171875
31766,50.72021484375
31780,53.3447265625
31832,50.048828125
32065,44.00634765625
32094,45.166015625
32167,46.08154296875
32181,44.189453125
32656,48.4619140625
32742,49.01123046875
32776,45.71533203125
32833,49.4384765625
32915,50.1708984375
32986,48.583984375
33121,45.0439453125
33366,48.9501953125
33454,49.25537109375
33503,48.52294921875
33588,45.71533203125
33833,54.26025390625
33868,44.7998046875
34237,44.73876953125
34374,44.73876953125
34601,43.9453125
34680,45.654296875
34753,51.7578125
34966,51.025390625
35754,44.921875
35876,45.5322265625
35938,45.34912109375
36052,46.0205078125
36225,45.41015625
36258,51.81884765625
36458,50.35400390625
36881,46.08154296875
36976,44.189453125
37062,47.607421875
37447,44.98291015625
37601,48.583984375
37731,44.25048828125
37839,45.71533203125
38138,44.98291015625
38314,46.630859375
38732,53.77197265625
38951,45.5322265625
39183,46.2646484375
39360,45.166015625
39458,45.41015625
39507,47.18017578125
39664,44.61669921875
39949,46.0205078125
40203,44.49462890625
40233,44.189453125
40557,46.9970703125
40632,44.7998046875
40685,46.7529296875
40946,44.5556640625
41000,50.35400390625
41178,45.0439453125
41419,47.9736328125
41590,44.37255859375
41829,45.166015625
41929,47.9736328125
41952,48.33984375
42147,45.59326171875
42169,47.91259765625
42246,46.69189453125
42335,47.42431640625
42719,45.10498046875
42894,47.8515625
43276,44.49462890625
43387,52.1240234375
43496,45.59326171875
43666,44.677734375
45180,47.18017578125
45703,45.41015625
46436,45.2880859375
46721,51.3916015625
47239,50.4150390625
48453,44.00634765625
48961,44.25048828125
49394,47.42431640625
49628,45.0439453125
50386,45.8984375
50673,45.0439453125
50743,51.69677734375
50776,47.05810546875
50792,49.31640625
51146,44.0673828125
51200,50.6591796875
51386,47.8515625
51454,45.95947265625
51469,44.61669921875
51654,47.4853515625
51935,44.86083984375
52090,44.61669921875
52227,46.630859375
52425,52.6123046875
52513,52.3681640625
52661,46.93603515625
52675,51.45263671875
52742,43.9453125
52767,50.10986328125
52823,44.43359375
52846,48.828125
52958,45.41015625
52973,44.12841796875
53038,47.18017578125
53345,44.921875
53485,44.61669921875
53605,46.08154296875
53644,45.5322265625
53845,44.7998046875
53906,49.1943359375
53924,48.095703125
54012,45.10498046875
54061,44.12841796875
54204,45.0439453125
54386,55.419921875
54700,50.1708984375
54967,45.47119140625
55079,45.95947265625
55156,57.4951171875
55397,44.61669921875
55519,46.08154296875
55682,47.42431640625
55908,43.9453125
56028,47.79052734375
56048,53.7109375
56082,47.18017578125
56276,47.9736328125
56508,46.630859375
56530,45.34912109375
56614,46.69189453125
56840,46.20361328125
57048,54.3212890625
57253,44.189453125
57344,46.142578125
57651,59.38720703125
57703,47.05810546875
57790,51.20849609375
57990,48.40087890625
58289,43.88427734375
58340,45.34912109375
58664,45.5322265625
59050,53.466796875
59257,44.3115234375
59346,44.7998046875
59461,45.0439453125
59610,49.1943359375
59637,46.93603515625
59763,45.2880859375
59929,45.83740234375
60064,45.34912109375
60409,45.8984375
60480,44.0673828125
60575,45.2880859375
60687,44.98291015625
61049,44.0673828125
61117,44.5556640625
61542,46.56982421875
61674,45.10498046875
63022,46.69189453125
63189,43.88427734375
63541,50.35400390625
63602,44.7998046875
63683,45.71533203125
63767,46.56982421875
63849,45.41015625
63953,47.36328125
64066,46.142578125
64078,45.95947265625
64174,47.7294921875
64361,49.37744140625
64576,45.2880859375
64689,44.00634765625
64914,44.921875
64954,46.93603515625
65078,52.67333984375
65111,44.921875
65147,44.43359375
65173,44.37255859375
65265,46.2646484375
65853,51.94091796875
65907,44.25048828125
66031,57.2509765625
66355,44.921875
66430,46.93603515625
66553,45.22705078125
66629,47.18017578125
67180,47.91259765625
67215,44.7998046875
67492,50.29296875
67728,54.38232421875
67865,44.37255859375
68022,44.37255859375
68197,48.095703125
68210,46.630859375
68365,44.0673828125
68473,45.0439453125
68857,50.4150390625
68983,53.955078125
69091,44.3115234375
69122,44.25048828125
69494,47.54638671875
69622,50.1708984375
69730,46.38671875
69771,44.61669921875
69896,53.466796875
70196,49.560546875
70297,54.19921875
70320,52.734375
70439,48.7060546875
70482,50.048828125
70683,44.189453125
70696,47.91259765625
70728,46.08154296875
70802,44.189453125
71015,44.921875
71114,44.73876953125
71329,50.1708984375
71425,45.2880859375
71502,48.4619140625
71562,45.654296875
71669,51.08642578125
71814,44.25048828125
71939,45.59326171875
72099,50.6591796875
72176,45.7763671875
72307,44.12841796875
72343,59.5703125
72451,45.2880859375
72615,44.0673828125
72702,44.00634765625
72724,51.6357421875
72797,47.30224609375
73018,50.1708984375
73132,47.54638671875
73400,55.6640625
73516,44.0673828125
73563,44.3115234375
73708,43.88427734375
73832,49.01123046875
74019,46.20361328125
74031,43.88427734375
74110,55.5419921875
74296,45.95947265625
74876,47.9736328125
75085,46.142578125
75225,46.08154296875
75260,47.42431640625
75304,46.08154296875
75562,48.33984375
75735,44.677734375
76382,44.3115234375
76564,48.03466796875
76712,44.3115234375
76979,49.4384765625
77049,44.73876953125
77122,44.73876953125
77310,44.189453125
77362,44.98291015625
78290,46.38671875
78720,44.00634765625
79609,45.22705078125
80947,44.00634765625
80991,44.25048828125
81790,45.34912109375
82459,46.0205078125
82536,50.4150390625
84119,47.30224609375
85849,46.2646484375
86520,48.583984375
89818,45.7763671875
90543,44.0673828125
92228,52.3681640625
93018,45.10498046875
93371,44.25048828125
93497,44.73876953125
94729,45.5322265625
94881,49.74365234375
98245,45.8984375
98325,45.654296875
98825,51.69677734375
99766,44.00634765625
100627,53.5888671875
100817,44.49462890625
101559,45.34912109375
101851,48.03466796875
102215,45.10498046875
102518,45.83740234375
102529,49.98779296875
102813,46.875
102996,47.42431640625
103394,44.3115234375
103636,44.7998046875
103871,45.0439453125
104237,44.0673828125
104250,46.32568359375
105317,44.00634765625
105527,45.654296875
105901,49.49951171875
105915,44.3115234375
106108,59.02099609375
106147,44.37255859375
106172,46.32568359375
106202,44.5556640625
106251,47.36328125
106266,51.20849609375
106285,49.01123046875
106298,55.96923828125
106390,52.734375
106419,47.54638671875
106489,45.10498046875
106504,45.71533203125
106557,44.86083984375
106597,44.49462890625
106676,45.2880859375
106706,47.66845703125
106750,44.37255859375
106802,53.3447265625
106940,50.537109375
106981,49.98779296875
107010,44.25048828125
107070,44.0673828125
107089,51.7578125
107297,44.921875
107333,46.9970703125
107363,47.30224609375
107483,45.2880859375
107540,52.3681640625
107592,51.33056640625
107609,44.98291015625
107630,48.4619140625
107745,46.5087890625
107816,46.875
107854,46.69189453125
107923,50.78125
108072,55.5419921875
108151,50.9033203125
108184,56.15234375
108250,43.9453125
108294,52.18505859375
108306,47.36328125
108365,44.921875
108434,51.025390625
108458,45.654296875
108571,49.86572265625
108668,44.49462890625
108704,51.45263671875
108738,47.36328125
108783,48.15673828125
108793,44.25048828125
108826,45.654296875
108935,43.88427734375
109041,55.11474609375
109066,49.6826171875
109153,48.9501953125
109195,47.91259765625
109219,48.15673828125
109362,45.34912109375
109397,48.76708984375
109515,48.4619140625
109528,52.18505859375
109556,55.84716796875
109585,44.98291015625
109629,43.9453125
109744,51.08642578125
109886,49.560546875
109902,47.05810546875
110007,47.91259765625
110189,45.0439453125
110356,48.88916015625
110371,48.15673828125
110419,60.24169921875
110505,44.86083984375
110703,44.37255859375
110800,46.93603515625
110832,55.0537109375
110863,44.86083984375
110876,50.47607421875
110888,49.49951171875
110992,43.88427734375
111086,48.33984375
111129,56.82373046875
111205,45.83740234375
111265,49.62158203125
111307,47.30224609375
111343,44.86083984375
111403,56.884765625
111557,50.84228515625
111784,44.43359375
111934,45.166015625
112133,47.18017578125
112150,46.38671875
112191,54.19921875
112260,50.1708984375
112310,46.9970703125
112340,51.3916015625
112383,44.61669921875
112406,48.52294921875
112429,45.47119140625
112501,51.26953125
112528,45.59326171875
112609,52.1240234375
112647,45.8984375
112729,44.00634765625
112778,45.2880859375
112850,48.2177734375
112911,48.828125
112939,45.22705078125
112971,45.47119140625
113071,43.9453125
113153,49.37744140625
113343,45.2880859375
113368,45.0439453125
113382,49.560546875
113525,47.2412109375
113566,50.048828125
113617,50.048828125
113659,43.9453125
113714,44.49462890625
113724,50.78125
113775,46.93603515625
113816,45.7763671875
113837,44.25048828125
113929,45.71533203125
114014,50.10986328125
114068,46.630859375
114143,44.0673828125
114302,53.89404296875
114363,52.42919921875
114376,47.05810546875
114406,46.32568359375
114454,46.44775390625
114498,50.9033203125
114523,46.0205078125
114670,46.2646484375
114697,50.9033203125
114753,46.56982421875
114904,45.0439453125
115198,48.64501953125
115231,50.84228515625
115248,45.7763671875
115263,49.49951171875
115449,45.8984375
115494,43.9453125
115622,44.25048828125
115704,48.4619140625
115724,45.34912109375
115937,45.59326171875
116395,44.189453125
116514,44.7998046875
116568,44.5556640625
116620,47.607421875
116659,49.560546875
116738,44.0673828125
116916,44.98291015625
117125,46.7529296875
117251,48.2177734375
117505,46.08154296875
117609,45.0439453125
117651,44.3115234375
117944,44.677734375
118071,49.560546875
118176,46.38671875
118474,44.73876953125
118566,56.5185546875
118887,43.9453125
119036,44.5556640625
119057,44.43359375
119334,57.06787109375
119350,45.59326171875
119362,47.30224609375
119434,48.40087890625
119468,43.88427734375
119537,53.28369140625
119587,50.72021484375
119633,47.2412109375
119686,48.095703125
119792,44.00634765625
119922,45.59326171875
119934,48.27880859375
120012,59.02099609375
120037,45.95947265625
120121,45.83740234375
120152,45.8984375
120191,47.2412109375
120218,53.16162109375
120260,49.1943359375
120379,47.66845703125
120497,51.57470703125
120548,48.095703125
120605,48.828125
120676,46.7529296875
120704,47.2412109375
120748,48.64501953125
120851,47.2412109375
120875,50.29296875
120885,52.42919921875
121175,48.828125
121187,46.9970703125
121277,44.61669921875
121317,47.54638671875
121350,44.61669921875
121386,60.4248046875
121628,44.5556640625
121649,47.05810546875
121693,50.23193359375
121723,46.93603515625
121738,59.02099609375
121828,49.86572265625
121844,45.166015625
121869,45.95947265625
121907,45.22705078125
121929,46.0205078125
121999,44.3115234375
122041,58.9599609375
122075,48.583984375
122109,55.84716796875
122133,44.86083984375
122196,43.9453125
122245,45.47119140625
122370,46.0205078125
122387,44.00634765625
122429,50.10986328125
122598,49.8046875
122624,47.2412109375
122657,48.40087890625
122728,46.20361328125
122749,45.8984375
122793,46.32568359375
122809,44.00634765625
122861,45.654296875
122933,44.12841796875
122962,53.16162109375
122974,49.6826171875
123010,46.08154296875
123068,49.37744140625
123094,46.630859375
123118,46.7529296875
123147,44.73876953125
123234,52.490234375
123249,48.9501953125
123586,44.43359375
123614,52.06298828125
123863,50.72021484375
123910,51.33056640625
123943,48.095703125
123957,58.349609375
123992,44.86083984375
124141,51.025390625
124294,46.08154296875
124338,54.6875
124367,47.54638671875
124434,44.3115234375
124464,45.59326171875
124487,44.12841796875
124500,56.94580078125
124539,45.47119140625
124575,49.072265625
124699,51.26953125
124782,44.98291015625
124841,45.0439453125
124860,45.0439453125
124921,44.7998046875
124963,45.8984375
125254,47.66845703125
125288,49.560546875
125396,48.9501953125
125447,45.10498046875
125554,47.91259765625
125582,45.22705078125
125614,45.71533203125
125714,55.5419921875
125741,46.20361328125
125771,44.677734375
125809,45.95947265625
125986,44.677734375
126061,46.08154296875
126088,44.00634765625
126146,44.7998046875
126242,43.9453125
126363,56.15234375
126485,46.20361328125
126652,51.33056640625
126681,47.42431640625
126713,56.94580078125
126742,50.537109375
126785,47.42431640625
126815,55.60302734375
126825,53.466796875
126845,45.59326171875
126863,44.12841796875
126892,45.166015625
126992,48.7060546875
127007,44.7998046875
127064,45.71533203125
127109,45.8984375
127145,50.10986328125
127175,54.38232421875
127232,45.10498046875
127269,48.03466796875
127316,59.2041015625
127430,50.23193359375
127473,49.25537109375
127509,45.0439453125
127598,46.32568359375
127687,54.01611328125
127774,57.0068359375
127832,48.33984375
127915,47.66845703125
128072,45.0439453125
128084,50.537109375
128104,51.1474609375
128158,49.8046875
128195,47.66845703125
128225,48.15673828125
128547,44.12841796875
128569,46.2646484375
128642,46.38671875
128660,52.30712890625
128713,44.73876953125
128831,49.560546875
128850,47.2412109375
128893,47.79052734375
128926,48.828125
128998,51.20849609375
129021,47.36328125
129044,51.513671875
129071,45.47119140625
129120,46.69189453125
129204,46.69189453125
129241,59.63134765625
129259,52.30712890625
129295,45.166015625
129335,50.84228515625
129389,47.42431640625
129423,58.41064453125
129450,46.93603515625
129519,50.84228515625
129560,46.142578125
129681,48.7060546875
129847,45.654296875
129904,50.84228515625
129926,45.2880859375
130015,51.26953125
130049,46.56982421875
130085,45.71533203125
130179,51.45263671875
130373,45.71533203125
130523,44.189453125
130591,45.8984375
130662,46.0205078125
130738,44.3115234375
130800,51.45263671875
130873,48.76708984375
130996,48.828125
131020,50.4150390625
131043,64.27001953125
131053,44.98291015625
131120,52.30712890625
131226,51.26953125
131277,44.677734375
131327,48.15673828125
131463,45.71533203125
131482,44.25048828125
131530,50.4150390625
131547,61.279296875
131639,45.41015625
131760,47.7294921875
131775,45.71533203125
131851,47.79052734375
132002,54.38232421875
132013,47.2412109375
132057,45.47119140625
132119,56.45751953125
132163,49.6826171875
132178,44.12841796875
132195,70.00732421875
132366,56.0302734375
132529,53.64990234375
132593,44.5556640625
132615,52.79541015625
132779,45.71533203125
132805,49.01123046875
132972,49.4384765625
132988,50.78125
133056,53.77197265625
133071,49.560546875
133147,44.5556640625
133227,45.2880859375
133375,49.49951171875
133508,50.10986328125
133605,46.69189453125
133628,49.13330078125
133686,53.22265625
133729,49.25537109375
133832,47.79052734375
133906,46.81396484375
133935,47.8515625
133966,46.875
134095,57.0068359375
134171,58.53271484375
134469,59.02099609375
134490,44.5556640625
134600,44.12841796875
134723,44.86083984375
134827,48.64501953125
134855,47.54638671875
134983,46.08154296875
135142,44.677734375
135203,57.0068359375
135259,46.630859375
135271,44.677734375
135324,48.03466796875
135344,55.23681640625
135368,46.81396484375
135399,47.42431640625
135470,45.5322265625
135545,46.32568359375
135566,48.76708984375
135611,49.6826171875
135656,46.9970703125
135729,49.560546875
135788,50.47607421875
135855,45.7763671875
136094,43.9453125
136117,49.49951171875
136234,44.86083984375
136261,60.48583984375
136294,46.38671875
136318,47.42431640625
136365,47.91259765625
136385,66.95556640625
136470,49.49951171875
136639,45.47119140625
136947,44.86083984375
136964,45.22705078125
137077,53.955078125
137188,56.21337890625
137227,55.84716796875
137252,58.04443359375
137335,51.26953125
137370,47.54638671875
137423,44.25048828125
137480,50.9033203125
137518,44.86083984375
137537,43.88427734375
137699,44.37255859375
137744,48.88916015625
137770,49.560546875
137831,47.36328125
137908,43.88427734375
137928,51.20849609375
138014,44.7998046875
138072,45.71533203125
138127,47.119140625
138137,49.4384765625
138189,51.26953125
138301,47.7294921875
138375,60.1806640625
138398,50.84228515625
138427,46.7529296875
138504,44.73876953125
138597,46.56982421875
138658,50.6591796875
138668,51.33056640625
138692,47.18017578125
138793,49.01123046875
138852,47.9736328125
138901,55.17578125
139227,43.9453125
139274,52.55126953125
139342,49.6826171875
139357,47.30224609375
139446,47.36328125
139475,48.828125
139486,46.9970703125
139558,51.26953125
139652,47.05810546875
139752,47.05810546875
139803,51.94091796875
139889,44.189453125
139905,44.3115234375
139939,45.71533203125
139973,47.4853515625
140042,44.0673828125
140100,46.630859375
140145,44.61669921875
140168,44.43359375
140312,46.142578125
140403,48.40087890625
140605,44.12841796875
140732,52.1240234375
140752,48.9501953125
140786,44.7998046875
140858,46.7529296875
140916,46.875
140947,46.9970703125
141043,51.20849609375
141153,51.3916015625
141429,51.69677734375
141481,51.81884765625
141640,48.76708984375
141700,50.59814453125
141791,45.2880859375
142005,44.86083984375
142028,50.84228515625
142068,45.8984375
142099,44.25048828125
142146,44.49462890625
142373,47.54638671875
142397,43.9453125
142451,47.18017578125
142537,50.59814453125
142569,51.45263671875
142841,48.9501953125
143015,45.83740234375
143052,45.41015625
143090,45.71533203125
143373,45.34912109375
143397,44.5556640625
143518,47.607421875
143592,45.47119140625
143787,62.3779296875
143880,48.828125
143978,53.03955078125
144146,51.94091796875
144310,51.26953125
144463,47.7294921875
145223,47.8515625
145424,46.875
145574,47.119140625
145630,47.18017578125
145648,69.3359375
145700,48.9501953125
145799,47.607421875
145849,49.1943359375
145927,47.2412109375
146112,48.40087890625
146155,54.8095703125
146203,44.37255859375
146246,49.49951171875
146261,52.490234375
146383,48.2177734375
146457,44.49462890625
146633,51.33056640625
146763,46.81396484375
146867,46.5087890625
146957,49.98779296875
147117,44.5556640625
147132,51.94091796875
147184,44.43359375
147263,47.79052734375
147338,51.1474609375
147512,44.189453125
147749,44.00634765625
147763,45.2880859375
147840,46.0205078125
147872,44.921875
147955,46.5087890625
147998,46.9970703125
148050,67.9931640625
148226,46.56982421875
148295,47.4853515625
148339,46.0205078125
148402,44.7998046875
148501,45.47119140625
148541,44.86083984375
148574,52.24609375
148643,48.52294921875
148726,46.32568359375
148865,45.7763671875
148878,49.62158203125
148910,55.17578125
148933,47.30224609375
148944,45.8984375
148981,54.13818359375
149000,46.0205078125
149097,46.93603515625
149117,53.1005859375
149145,53.466796875
149227,45.34912109375
149379,47.66845703125
149481,43.88427734375
149571,45.8984375
149591,44.12841796875
149695,47.42431640625
149742,44.37255859375
149832,46.20361328125
149863,48.15673828125
149966,44.12841796875
150040,52.67333984375
150071,45.59326171875
150090,54.8095703125
150281,49.8046875
150322,46.81396484375
150341,45.47119140625
150415,46.630859375
150494,43.88427734375
151554,46.2646484375
151824,49.37744140625
151952,45.34912109375
152170,44.98291015625
152239,44.677734375
152266,43.88427734375
153078,54.6875
153480,45.47119140625
153511,46.875
153753,44.12841796875
153807,46.20361328125
153891,44.5556640625
153954,45.59326171875
154145,44.921875
154634,47.42431640625
155114,46.630859375
155229,45.47119140625
155422,51.94091796875
155785,50.72021484375
155944,59.814453125
156189,50.6591796875
156344,44.00634765625
156763,51.57470703125
156870,52.734375
156971,47.66845703125
157149,44.12841796875
157851,53.22265625
158106,45.2880859375
158333,49.072265625
158407,47.54638671875
158502,45.0439453125
158586,47.30224609375
159380,44.677734375
159397,46.0205078125
160116,44.86083984375
160202,45.2880859375
160266,50.048828125
160420,49.37744140625
160757,48.27880859375
161678,44.86083984375
162146,45.8984375
162723,45.34912109375
162994,44.37255859375
163194,44.677734375
163250,44.3115234375
163289,44.61669921875
163581,44.7998046875
163962,44.7998046875
164179,53.89404296875
165394,44.12841796875
165437,44.98291015625
165675,48.40087890625
165967,51.69677734375
166009,54.8095703125
166131,46.56982421875
166224,45.83740234375
167102,47.7294921875
167165,44.00634765625
167191,45.0439453125
167269,44.73876953125
167669,44.921875
167787,52.91748046875
167867,45.47119140625
167937,44.3115234375
168294,44.7998046875
168369,47.7294921875
168391,48.7060546875
168448,48.583984375
168504,44.921875
168791,46.7529296875
169006,53.16162109375
169244,44.61669921875
169506,44.12841796875
169651,48.64501953125
169722,45.22705078125
169783,47.8515625
169842,45.5322265625
169881,44.921875
170005,47.9736328125
170161,45.0439453125
170250,44.00634765625
171097,49.86572265625
171438,43.9453125
171779,47.05810546875
172181,48.76708984375
172597,44.37255859375
173007,44.00634765625
173516,48.2177734375
173923,46.56982421875
173996,44.86083984375
174056,45.0439453125
174198,45.22705078125
174465,55.11474609375
174760,45.71533203125
174889,45.59326171875
175015,51.1474609375
175277,48.2177734375
177316,48.15673828125
177443,47.66845703125
177601,45.22705078125
177645,44.5556640625
177769,49.49951171875
177798,52.001953125
177838,44.3115234375
177878,53.3447265625
177892,50.048828125
177991,44.3115234375
178110,44.7998046875
178244,61.6455078125
178434,44.189453125
178507,49.4384765625
178670,43.88427734375
178694,45.22705078125
178771,44.7998046875
178947,47.79052734375
179113,46.142578125
179214,46.2646484375
179335,49.1943359375
179368,44.12841796875
179524,46.9970703125
179539,48.76708984375
179563,50.59814453125
179601,51.81884765625
179628,46.20361328125
179674,45.83740234375
179850,47.4853515625
179867,48.9501953125
179928,50.29296875
179980,44.0673828125
180032,46.32568359375
180088,45.2880859375
180128,47.91259765625
180287,49.1943359375
180355,47.36328125
180403,48.33984375
180423,44.0673828125
180534,49.01123046875
180664,44.7998046875
180769,53.466796875
180813,44.25048828125
180982,47.30224609375
180996,45.0439453125
181042,46.38671875
181062,44.0673828125
181112,45.83740234375
181185,46.08154296875
181223,45.34912109375
181523,55.60302734375
181658,44.86083984375
181733,46.2646484375
181842,49.13330078125
181923,51.26953125
181963,45.7763671875
182128,50.96435546875
182140,44.25048828125
182240,45.34912109375
182375,48.9501953125
182434,45.59326171875
182486,45.22705078125
182536,46.93603515625
182626,46.630859375
182679,46.44775390625
182730,46.69189453125
182786,44.12841796875
182834,44.00634765625
182913,47.54638671875
183068,44.5556640625
183104,52.91748046875
183129,52.42919921875
183178,43.88427734375
183221,45.83740234375
183245,45.59326171875
183373,53.89404296875
183405,44.86083984375
183538,44.86083984375
183662,43.9453125
183736,49.1943359375
183746,46.7529296875
183764,46.875
183790,44.3115234375
183808,50.048828125
183846,57.6171875
183873,46.32568359375
183953,46.38671875
183991,45.166015625
184040,44.86083984375
184120,45.5322265625
184178,47.91259765625
184284,50.29296875
184311,46.2646484375
184348,45.10498046875
184408,47.05810546875
184428,44.12841796875
184514,50.29296875
184528,52.001953125
184561,55.11474609375
184571,50.59814453125
184639,51.81884765625
184683,44.5556640625
184703,43.9453125
184748,50.4150390625
184771,49.560546875
184820,50.96435546875
184831,47.18017578125
184883,45.2880859375
184926,56.396484375
184939,62.744140625
185018,47.7294921875
185095,51.45263671875
185125,49.25537109375
185173,48.7060546875
185200,44.677734375
185229,44.921875
185328,47.18017578125
185407,49.13330078125
185435,45.8984375
185508,47.36328125
185530,46.32568359375
185568,44.00634765625
185597,49.98779296875
185669,48.9501953125
185685,44.25048828125
185726,54.62646484375
185873,44.73876953125
185957,46.875
186070,44.921875
186209,47.7294921875
186283,45.95947265625
186361,46.20361328125
186394,45.41015625
186429,47.54638671875
186474,45.22705078125
186568,45.2880859375
186629,56.884765625
186643,49.9267578125
186699,51.33056640625
186737,51.513671875
186843,44.3115234375
186877,47.66845703125
186949,48.52294921875
187049,47.18017578125
187123,46.142578125
187210,54.6875
187288,46.44775390625
187318,44.61669921875
187354,52.91748046875
187382,44.3115234375
187424,51.8798828125
187453,45.83740234375
187494,55.7861328125
187528,44.3115234375
187550,52.18505859375
187561,52.79541015625
187841,48.64501953125
187975,48.52294921875
188011,45.34912109375
188042,53.8330078125
188075,45.0439453125
188360,49.560546875
188377,51.45263671875
188515,49.37744140625
188580,51.3916015625
188615,44.12841796875
188739,45.5322265625
188771,48.76708984375
188815,44.73876953125
188907,59.50927734375
188918,44.921875
189018,45.654296875
189167,53.28369140625
189198,51.94091796875
189392,45.71533203125
189415,46.69189453125
189486,48.40087890625
189610,48.88916015625
189691,44.73876953125
190017,45.0439453125
190094,44.12841796875
190145,51.94091796875
190227,53.466796875
190255,48.9501953125
190300,45.5322265625
190366,44.189453125
190407,47.54638671875
190438,45.5322265625
190537,46.20361328125
190582,45.34912109375
190639,48.33984375
190655,51.81884765625
190771,48.7060546875
190811,44.5556640625
190838,44.86083984375
190896,46.32568359375
190967,52.6123046875
190993,49.072265625
191234,53.1005859375
191348,49.13330078125
191373,46.0205078125
191395,54.8095703125
191478,53.8330078125
191547,44.189453125
191594,43.88427734375
191748,54.62646484375
191824,44.37255859375
191906,50.10986328125
191931,45.2880859375
192008,44.61669921875
192031,49.01123046875
192064,47.36328125
192123,47.18017578125
192164,45.34912109375
192199,45.654296875
192496,44.677734375
192523,49.13330078125
192545,56.82373046875
192561,47.8515625
192596,46.630859375
192644,47.8515625
192669,45.8984375
192727,45.41015625
192909,45.22705078125
192954,56.94580078125
192971,49.8046875
193142,55.419921875
193166,45.2880859375
193200,49.4384765625
193210,44.61669921875
193250,50.23193359375
193274,52.55126953125
193284,44.00634765625
193316,58.28857421875
193335,50.537109375
193397,47.119140625
193410,64.94140625
193437,55.23681640625
193472,48.64501953125
193499,49.6826171875
193523,43.88427734375
193536,62.1337890625
193557,57.55615234375
193576,52.8564453125
193589,62.68310546875
193617,47.05810546875
193649,52.6123046875
193675,57.92236328125
193687,56.45751953125
193712,66.46728515625
193739,58.28857421875
193765,43.88427734375
193806,61.6455078125
193845,55.5419921875
193864,62.31689453125
193877,54.62646484375
193908,51.20849609375
193923,44.00634765625
193950,49.13330078125
193961,69.15283203125
193987,44.25048828125
194071,47.4853515625
194087,51.45263671875
194146,44.86083984375
194183,44.37255859375
194202,59.38720703125
194235,46.5087890625
194255,60.4248046875
194278,57.06787109375
194310,45.59326171875
194323,48.76708984375
194352,50.96435546875
194374,50.10986328125
194409,54.0771484375
194419,44.0673828125
194458,64.02587890625
194557,64.453125
194582,45.10498046875
194624,53.955078125
194653,45.22705078125
194702,52.42919921875
194754,44.677734375
194773,50.10986328125
194808,50.84228515625
194844,46.5087890625
194873,54.01611328125
194914,46.08154296875
194932,53.1005859375
194962,45.41015625
194972,44.3115234375
194997,48.52294921875
195012,51.3916015625
195063,48.64501953125
195097,56.7626953125
195133,53.28369140625
195143,62.43896484375
195204,55.72509765625
195233,55.96923828125
195274,45.34912109375
195295,49.31640625
195346,45.83740234375
195372,44.5556640625
195395,56.94580078125
195532,51.45263671875
195574,54.62646484375
195591,44.37255859375
195601,50.72021484375
195634,54.6875
195723,52.3681640625
195762,45.71533203125
195837,47.607421875
195869,54.99267578125
195891,49.49951171875
195924,46.875
195972,53.955078125
196015,44.37255859375
196059,53.28369140625
196098,51.8798828125
196136,51.33056640625
196156,48.03466796875
196171,69.580078125
196250,45.2880859375
196289,46.875
196320,51.69677734375
196340,47.91259765625
196378,46.142578125
196420,44.49462890625
196434,49.62158203125
196452,47.30224609375
196486,44.7998046875
196500,52.1240234375
196533,50.537109375
196564,54.62646484375
196580,47.7294921875
196614,50.10986328125
196681,49.25537109375
196730,49.74365234375
196767,59.63134765625
196843,45.59326171875
196866,45.0439453125
196929,46.38671875
196973,48.27880859375
197018,43.88427734375
197050,45.41015625
197079,54.8095703125
197137,45.8984375
197199,47.54638671875
197210,55.84716796875
197233,50.537109375
197257,45.41015625
197288,52.8564453125
197322,46.93603515625
197336,46.38671875
197431,49.8046875
197471,47.119140625
197516,44.43359375
197615,44.7998046875
197696,44.73876953125
197738,45.7763671875
197766,48.03466796875
197783,47.79052734375
197808,45.2880859375
197839,45.8984375
197870,45.0439453125
197939,50.47607421875
197965,44.677734375
197984,53.1005859375
197996,49.49951171875
198052,45.7763671875
198270,45.22705078125
198289,48.64501953125
198314,61.1572265625
198336,47.18017578125
198372,60.48583984375
198459,52.06298828125
198514,45.0439453125
198524,49.4384765625
198686,45.0439453125
198705,43.9453125
198777,56.0302734375
198821,45.7763671875
198883,44.86083984375
198984,47.36328125
199148,46.32568359375
199172,46.32568359375
199243,50.84228515625
199253,47.8515625
199396,62.19482421875
199424,45.59326171875
199439,45.654296875
199495,45.34912109375
199517,45.71533203125
199579,45.7763671875
199612,47.9736328125
199634,49.072265625
199748,46.44775390625
199847,48.7060546875
199861,44.0673828125
199908,44.61669921875
199961,46.5087890625
199987,56.0302734375
200077,46.875
200129,56.70166015625
200163,45.71533203125
200221,46.9970703125
200257,46.2646484375
200272,46.0205078125
200351,44.61669921875
200364,47.05810546875
200422,47.8515625
200477,52.30712890625
200490,44.5556640625
200571,56.82373046875
200658,47.8515625
200675,54.50439453125
200706,55.0537109375
200755,44.73876953125
200783,51.513671875
200870,48.583984375
200942,46.0205078125
200976,43.9453125
200997,44.98291015625
201031,48.27880859375
201043,46.32568359375
201109,44.00634765625
201297,45.41015625
201334,49.13330078125
201351,45.47119140625
201479,43.88427734375
201545,44.921875
201577,44.25048828125
201619,46.2646484375
201717,49.86572265625
201727,44.61669921875
201850,45.166015625
201891,48.583984375
201914,49.86572265625
201996,46.56982421875
202105,50.29296875
202193,47.91259765625
202241,45.47119140625
202338,46.38671875
202391,44.00634765625
202401,46.93603515625
202484,45.0439453125
202515,47.30224609375
202728,50.6591796875
202765,46.44775390625
202811,46.2646484375
203018,47.30224609375
203076,44.677734375
203144,48.52294921875
203155,49.86572265625
203170,44.7998046875
203193,47.8515625
203228,45.0439453125
203269,46.44775390625
203455,48.828125
203510,58.28857421875
203640,44.12841796875
203823,48.583984375
203890,49.560546875
204069,46.38671875
204134,49.4384765625
204158,56.0302734375
204249,44.43359375
204324,44.921875
204368,44.00634765625
204525,53.5888671875
204593,45.83740234375
204684,46.81396484375
204858,46.20361328125
204892,46.7529296875
204909,52.734375
205033,43.9453125
205077,48.15673828125
205123,47.05810546875
205134,48.40087890625
205230,44.25048828125
205259,48.64501953125
205301,49.25537109375
205361,47.119140625
205371,48.583984375
205467,44.00634765625
205480,50.35400390625
205668,53.52783203125
205688,45.5322265625
205720,46.630859375
205801,44.12841796875
205845,48.33984375
205896,52.06298828125
205928,49.1943359375
205987,44.00634765625
206034,43.9453125
206061,47.2412109375
206252,45.2880859375
206279,55.35888671875
206333,47.79052734375
206358,45.654296875
206411,44.5556640625
206430,44.86083984375
206484,49.62158203125
206558,47.18017578125
206644,57.80029296875
206662,47.66845703125
206709,49.6826171875
206730,53.22265625
206904,47.607421875
207125,45.83740234375
207326,45.34912109375
207397,47.9736328125
207424,49.1943359375
207484,55.23681640625
207524,50.23193359375
207614,48.2177734375
207690,48.583984375
207753,57.67822265625
207816,45.0439453125
207953,47.2412109375
208037,45.5322265625
208055,47.7294921875
208076,44.189453125
208134,49.37744140625
208166,55.72509765625
208187,48.4619140625
208214,46.20361328125
208227,50.10986328125
208300,53.16162109375
208334,54.87060546875
208437,44.677734375
208466,46.2646484375
208540,45.10498046875
208600,46.630859375
208708,44.12841796875
208773,51.7578125
208810,43.88427734375
209136,46.44775390625
209159,51.3916015625
209241,48.095703125
209407,44.73876953125
209448,48.095703125
209470,56.94580078125
209526,49.13330078125
209755,54.443359375
209788,44.7998046875
210002,44.7998046875
210334,56.15234375
210384,45.71533203125
210412,44.7998046875
210681,50.537109375
210697,57.67822265625
210804,44.5556640625
210918,55.6640625
210969,46.2646484375
211026,51.8798828125
211114,58.16650390625
211516,44.98291015625
211553,56.33544921875
211601,46.08154296875
211659,53.52783203125
211747,44.43359375
211892,46.93603515625
211999,45.22705078125
212125,50.47607421875
212144,46.875
212213,48.64501953125
212282,49.98779296875
212310,49.6826171875
212324,49.560546875
212368,49.560546875
212422,46.38671875
212569,44.98291015625
212600,45.83740234375
212770,44.3115234375
212853,48.33984375
212931,60.6689453125
212952,45.22705078125
212970,52.18505859375
213000,49.072265625
213028,49.560546875
213038,44.5556640625
213050,45.41015625
213209,49.9267578125
213323,48.76708984375
213365,46.20361328125
213395,49.1943359375
213471,47.18017578125
213495,48.33984375
213624,46.875
213697,46.875
213725,45.166015625
214059,45.2880859375
214087,44.49462890625
214153,48.03466796875
214204,51.6357421875
214252,50.35400390625
214271,46.08154296875
214346,56.21337890625
214365,50.47607421875
214402,49.86572265625
214432,48.33984375
214480,46.08154296875
214504,47.7294921875
214554,55.23681640625
214565,52.67333984375
214608,50.96435546875
214649,44.0673828125
214673,53.77197265625
214696,49.01123046875
214709,52.67333984375
214720,51.6357421875
214853,53.466796875
214886,46.32568359375
214901,55.7861328125
215146,50.10986328125
215267,51.025390625
215369,48.2177734375
215479,46.56982421875
215491,55.23681640625
215532,44.25048828125
215546,47.607421875
215639,46.5087890625
215711,43.88427734375
215760,49.74365234375
215801,43.9453125
215868,44.0673828125
215979,47.36328125
215999,44.43359375
216089,46.32568359375
216217,49.072265625
216256,45.41015625
216452,47.2412109375
216505,46.142578125
216516,44.00634765625
216753,50.1708984375
216827,46.5087890625
216911,47.30224609375
216956,46.32568359375
216968,46.32568359375
217041,44.73876953125
217089,44.677734375
217126,57.06787109375
217155,49.6826171875
217175,50.78125
217254,44.73876953125
217406,51.57470703125
217416,51.20849609375
217520,44.189453125
217613,44.43359375
217712,44.00634765625
217828,52.3681640625
217887,46.56982421875
218060,50.29296875
218134,50.47607421875
218160,58.41064453125
218184,46.32568359375
218341,46.9970703125
218390,46.56982421875
218510,44.98291015625
218603,48.583984375
218686,47.66845703125
218822,43.88427734375
218996,48.76708984375
219222,45.71533203125
219287,44.98291015625
219596,45.83740234375
219628,44.86083984375
219699,49.31640625
219760,49.74365234375
219963,46.142578125
220065,46.875
220103,44.3115234375
220123,45.59326171875
220182,52.06298828125
220308,44.86083984375
220620,51.33056640625
220705,45.5322265625
220739,50.537109375
221204,44.7998046875
221605,54.62646484375
221630,46.81396484375
221650,56.09130859375
222159,46.44775390625
222744,44.189453125
222989,44.3115234375
223147,46.20361328125
223177,48.88916015625
223377,46.9970703125
223418,44.43359375
223475,54.6875
223510,44.98291015625
223532,44.49462890625
223697,48.52294921875
223807,46.08154296875
224053,45.10498046875
224117,45.22705078125
224146,44.73876953125
224191,50.47607421875
224264,51.8798828125
224316,52.30712890625
224343,56.884765625
224366,47.2412109375
224403,48.15673828125
224836,44.189453125
224979,45.83740234375
225186,51.7578125
225220,49.13330078125
225247,48.40087890625
225278,46.32568359375
225444,48.88916015625
225536,45.95947265625
225605,50.537109375
225715,45.71533203125
225742,47.119140625
225964,45.41015625
226074,50.4150390625
226090,47.54638671875
226127,44.25048828125
226142,45.34912109375
226182,48.88916015625
226274,46.56982421875
226315,46.56982421875
226352,48.2177734375
226399,53.5888671875
226410,53.22265625
226473,46.08154296875
226495,45.22705078125
226564,44.37255859375
226715,45.59326171875
226777,45.166015625
226818,54.99267578125
226867,44.98291015625
226912,47.2412109375
226924,49.01123046875
226985,44.00634765625
227046,47.607421875
227067,48.64501953125
227122,45.7763671875
227200,55.17578125
227219,45.59326171875
227275,44.5556640625
227532,48.7060546875
227657,47.9736328125
227781,45.22705078125
227882,44.7998046875
228220,49.6826171875
228240,55.23681640625
228304,45.5322265625
228330,47.18017578125
228392,46.0205078125
228558,45.10498046875
228679,44.5556640625
228771,44.0673828125
228815,45.71533203125
228826,44.7998046875
229017,51.20849609375
229104,47.79052734375
229122,45.8984375
229162,45.5322265625
229206,46.69189453125
229362,47.9736328125
229410,51.025390625
229426,46.69189453125
229458,52.978515625
229469,46.08154296875
229572,56.33544921875
229628,47.607421875
229711,45.2880859375
229834,45.7763671875
229875,47.119140625
229901,50.4150390625
230027,44.61669921875
230123,60.36376953125
230157,50.35400390625
230228,51.1474609375
230337,44.3115234375
230692,49.98779296875
230814,51.08642578125
230867,45.47119140625
230881,48.33984375
230925,46.44775390625
230942,53.89404296875
230965,47.42431640625
231047,47.2412109375
231345,49.74365234375
231394,49.1943359375
231532,45.7763671875
231786,48.095703125
231852,45.166015625
231905,44.189453125
231918,49.6826171875
232119,56.7626953125
232157,44.98291015625
232168,47.36328125
232268,44.5556640625
232316,49.13330078125
232470,44.5556640625
232687,48.88916015625
233060,44.00634765625
233138,47.30224609375
233180,45.71533203125
233324,46.142578125
233368,47.8515625
233859,44.43359375
234168,45.41015625
234197,44.49462890625
234444,44.00634765625
234493,49.1943359375
234724,47.119140625
234821,49.1943359375
234880,48.27880859375
234907,46.08154296875
235114,46.2646484375
235205,43.88427734375
235514,43.88427734375
235598,46.2646484375
235735,45.95947265625
235911,49.86572265625
236027,55.23681640625
236069,48.2177734375
236136,51.513671875
236217,44.86083984375
236383,52.18505859375
236489,44.3115234375
236514,46.93603515625
236640,44.37255859375
236781,50.29296875
236919,47.9736328125
236948,50.6591796875
237027,47.36328125
237165,49.86572265625
237324,52.001953125
237365,47.36328125
237419,52.1240234375
237518,45.10498046875
237642,50.96435546875
237766,53.28369140625
237834,47.66845703125
238165,50.59814453125
238780,44.37255859375
238801,46.08154296875
238826,50.72021484375
239128,44.00634765625
239322,49.8046875
240029,47.91259765625
240404,46.32568359375
240575,45.47119140625
240693,46.630859375
240749,45.5322265625
240869,46.56982421875
241234,44.00634765625
241294,48.27880859375
241361,50.72021484375
241410,48.40087890625
241461,43.9453125
241594,46.142578125
241986,45.59326171875
242085,44.3115234375
242157,47.36328125
242281,50.35400390625
242398,47.9736328125
242422,48.095703125
242464,45.34912109375
242611,44.00634765625
242821,49.01123046875
242846,54.26025390625
243123,51.69677734375
243154,44.49462890625
243345,44.25048828125
243449,43.9453125
243755,45.5322265625
243804,47.119140625
244060,52.734375
244195,47.36328125
244426,50.10986328125
244454,45.166015625
244583,44.61669921875
244771,44.25048828125
244965,44.00634765625
245005,52.18505859375
245155,44.37255859375
245212,45.47119140625
245250,43.9453125
245302,49.37744140625
245358,43.9453125
245526,47.42431640625
245588,51.8798828125
245629,44.189453125
246041,45.22705078125
246472,51.08642578125
246594,47.66845703125
246755,46.56982421875
246822,46.20361328125
247079,47.7294921875
247204,44.25048828125
248105,44.189453125
248284,45.5322265625
249674,46.142578125
250941,45.5322265625
255406,44.189453125
256364,52.1240234375
257686,45.83740234375
259148,45.0439453125
262994,46.08154296875
264748,45.0439453125
265597,43.9453125
266276,44.61669921875
267943,44.61669921875
268835,50.35400390625
268977,45.10498046875
270772,44.7998046875
271226,46.93603515625
273613,52.6123046875
275684,44.921875
275802,46.0205078125
277748,50.35400390625
278985,44.73876953125
281030,46.20361328125
281177,46.0205078125
281301,47.30224609375
281422,48.15673828125
281568,44.73876953125
281770,45.47119140625
281836,45.34912109375
282979,45.83740234375
285960,44.3115234375
287671,45.2880859375
288018,43.88427734375
288090,43.88427734375
288189,51.025390625
292289,47.9736328125
293781,44.189453125
293844,44.12841796875
294499,45.22705078125
294675,43.88427734375
297948,45.166015625
298160,44.73876953125
298430,53.40576171875
299697,46.38671875
300874,44.37255859375
301824,48.2177734375
305238,44.98291015625
306164,50.048828125
307373,45.8984375
308528,46.20361328125
310802,44.43359375
312533,45.0439453125
315321,44.5556640625
316707,52.55126953125
316755,53.22265625
316810,50.6591796875
316828,45.22705078125
316871,46.142578125
316929,70.068359375
316948,51.81884765625
316966,52.91748046875
317005,46.93603515625
317028,52.3681640625
317063,56.57958984375
317089,48.7060546875
317104,56.884765625
317131,48.828125
317159,44.43359375
317184,47.54638671875
317278,74.03564453125
317869,44.0673828125
318210,47.7294921875
318434,46.142578125
318826,47.66845703125
319066,44.49462890625
319916,49.6826171875
374652,44.00634765625
398287,44.98291015625
418152,46.32568359375
418176,53.955078125
445399,44.3115234375
445498,45.34912109375
445969,43.88427734375
447205,45.7763671875
485454,49.1943359375
488400,44.73876953125
488488,46.32568359375
489703,45.71533203125
490513,46.56982421875
490814,48.2177734375
490862,45.2880859375
490882,48.828125
490896,47.119140625
490947,58.7158203125
491008,48.828125
491035,79.65087890625
491090,45.8984375
491109,83.0078125
491135,48.583984375
491160,51.26953125
491190,48.40087890625
491223,63.5986328125
491291,49.072265625
491301,45.71533203125
491354,47.9736328125
491477,61.5234375
491971,46.7529296875
492119,50.10986328125
492423,45.95947265625
493096,49.01123046875
494058,43.88427734375
494199,47.36328125
510540,48.03466796875
529038,48.4619140625
549251,45.8984375
551505,47.18017578125
552822,45.34912109375
559892,47.54638671875
571901,44.37255859375
573278,44.921875
585046,45.41015625
588544,47.05810546875
589287,47.18017578125
589540,55.11474609375
589568,47.91259765625
589671,77.7587890625
589696,51.69677734375
589760,50.78125
589797,45.83740234375
589811,50.1708984375
589883,56.0302734375
589908,50.35400390625
589988,58.77685546875
590009,44.5556640625
590074,51.08642578125
590136,60.302734375
590185,50.35400390625
590225,55.17578125
590279,45.8984375
590358,44.3115234375
590531,47.18017578125
590566,52.3681640625
590580,46.93603515625
590645,54.74853515625
590848,44.37255859375
591071,46.142578125
591117,49.9267578125
591138,44.677734375
591380,54.19921875
591643,45.0439453125
591969,44.73876953125
592023,47.2412109375
592117,44.189453125
594232,49.49951171875
594723,43.9453125
611253,49.072265625
611735,47.607421875
611768,46.93603515625
611826,55.5419921875
611938,51.6357421875
611956,45.95947265625
611975,46.20361328125
611998,58.04443359375
612022,53.1005859375
612036,53.22265625
612055,44.921875
612124,51.20849609375
612175,48.9501953125
612281,52.734375
612442,49.37744140625
612506,55.6640625
612580,44.43359375
612746,52.3681640625
613144,44.73876953125
613770,46.630859375
614012,49.560546875
614588,45.59326171875
614885,44.00634765625
615144,47.42431640625
628559,46.81396484375
628690,48.88916015625
629074,44.5556640625
629371,46.0205078125
629407,47.36328125
629579,46.20361328125
629642,44.5556640625
629748,48.828125
629896,45.95947265625
630293,52.06298828125
631476,48.583984375
632066,53.466796875
639243,46.9970703125
643478,46.142578125
643652,64.14794921875
643682,45.47119140625
643720,53.466796875
643749,58.837890625
643799,45.0439453125
643883,45.166015625
644031,44.49462890625
644109,50.84228515625
644194,46.38671875
644265,44.3115234375
644423,57.18994140625
644523,44.189453125
644608,44.12841796875
644692,46.93603515625
644722,47.7294921875
644993,44.677734375
645094,52.30712890625
645327,44.61669921875
648897,43.9453125
652041,43.88427734375
656889,46.56982421875
656900,64.51416015625
656961,45.0439453125
656987,62.07275390625
657116,44.12841796875
657174,43.9453125
657351,52.490234375
657455,44.3115234375
657584,50.47607421875
657752,46.81396484375
657866,45.2880859375
658200,58.837890625
668468,45.0439453125
668935,47.42431640625
668964,45.41015625
668988,60.9130859375
669093,45.0439453125
669123,43.9453125
669238,48.64501953125
669370,52.3681640625
669472,47.79052734375
669950,49.560546875
680935,44.73876953125
680963,48.583984375
680989,46.69189453125
681179,45.41015625
681341,45.0439453125
681381,44.73876953125
681452,62.31689453125
681663,48.828125
682062,48.33984375
682096,45.7763671875
682167,46.9970703125
684010,43.88427734375
689319,48.33984375
693597,45.7763671875
693871,46.56982421875
693925,51.08642578125
693990,44.61669921875
694030,46.142578125
694119,44.43359375
694177,45.8984375
694229,60.6689453125
694246,45.22705078125
694331,48.40087890625
694364,48.15673828125
694645,43.9453125
697014,49.13330078125
698465,48.76708984375
700635,45.7763671875
704679,48.095703125
704965,44.677734375
705223,48.64501953125
705265,49.13330078125
705287,47.8515625
705387,46.875
706125,46.08154296875
707066,46.0205078125
715476,45.22705078125
715521,55.72509765625
715934,48.828125
716552,45.71533203125
716784,48.40087890625
725883,54.5654296875
726270,44.3115234375
726405,54.26025390625
726851,46.875
726955,51.513671875
727190,45.10498046875
739035,45.2880859375
739196,47.2412109375
739254,51.20849609375
739266,46.9970703125
739306,43.9453125
739407,52.42919921875
739424,44.3115234375
739570,44.921875
739625,54.19921875
739656,50.96435546875
739698,48.7060546875
739773,45.7763671875
739805,47.42431640625
739844,49.49951171875
740737,48.27880859375
740747,44.49462890625
750269,45.166015625
750745,44.49462890625
750918,44.5556640625
750960,47.42431640625
751121,50.72021484375
751306,48.095703125
761998,51.1474609375
762176,44.61669921875
762429,53.3447265625
762550,45.71533203125
762969,44.25048828125
763101,45.47119140625
763242,53.8330078125
763619,45.47119140625
777104,45.5322265625
777326,45.22705078125
777860,44.921875
777974,57.861328125
778170,44.73876953125
778254,49.13330078125
778267,45.71533203125
778387,47.7294921875
778483,53.40576171875
778544,44.0673828125
778556,48.583984375
794395,55.48095703125
794534,44.73876953125
794693,45.71533203125
794837,46.20361328125
794932,50.59814453125
813645,47.8515625
813836,44.86083984375
813867,46.5087890625
813969,48.095703125
814081,47.05810546875
814416,45.59326171875
815055,45.166015625
829158,49.6826171875
829262,55.48095703125
829338,46.2646484375
829658,48.7060546875
829747,45.2880859375
830003,44.7998046875
830266,53.1005859375
831392,46.5087890625
844246,45.654296875
844578,51.08642578125
845013,44.61669921875
845180,49.9267578125
860593,45.47119140625
861058,48.583984375
861216,50.72021484375
861356,48.583984375
861574,44.37255859375
861809,50.35400390625
862582,45.22705078125
872675,45.166015625
873042,48.52294921875
873236,49.74365234375
874137,46.630859375
874882,45.41015625
887865,45.7763671875
888051,52.79541015625
888194,44.43359375
888215,44.12841796875
888279,45.83740234375
888435,47.119140625
888549,46.69189453125
888928,44.98291015625
890653,47.18017578125
902534,44.98291015625
902655,46.44775390625
902834,49.74365234375
902864,50.96435546875
903413,55.35888671875
903887,44.0673828125
922808,48.4619140625
922920,51.513671875
923206,44.49462890625
923229,49.62158203125
923521,48.4619140625
923731,64.27001953125
923829,44.12841796875
923967,64.453125
924721,44.7998046875
924828,46.32568359375
925549,47.7294921875
940823,49.98779296875
941422,47.66845703125
941617,47.8515625
942461,46.81396484375
957778,45.34912109375
957956,45.22705078125
958588,53.3447265625
958630,46.142578125
959225,49.31640625
959443,49.62158203125
959638,45.41015625
975722,45.10498046875
1014935,44.3115234375
1057041,44.98291015625
1057621,44.7998046875
1122032,47.2412109375
1206736,47.9736328125
1211188,47.54638671875
1239503,47.42431640625
1299729,48.40087890625
1301285,63.96484375
1301354,46.875
1301376,48.15673828125
1301395,45.166015625
1301436,58.837890625
1301452,51.1474609375
1301468,51.81884765625
1301528,52.3681640625
1301570,64.94140625
1301625,51.20849609375
1301658,49.37744140625
1301715,46.2646484375
1301731,54.443359375
1301829,49.6826171875
1301965,47.36328125
1302045,51.8798828125
1302177,45.8984375
1302365,48.15673828125
1302444,68.2373046875
1302576,49.98779296875
1302867,44.61669921875
1303552,47.30224609375
1303808,48.76708984375
1304837,47.607421875
1356066,46.5087890625
1379528,46.2646484375
1398094,45.166015625
1417656,47.91259765625
1419159,47.30224609375
1419663,51.3916015625
1422726,46.630859375
1442047,43.88427734375
1443038,50.9033203125
1447950,46.5087890625
1491285,45.95947265625
1491332,51.1474609375
1495689,45.10498046875
1513895,44.5556640625
1540213,49.86572265625
1541687,45.59326171875
1544009,56.5185546875
1544042,45.22705078125
1544071,52.18505859375
1544113,54.13818359375
1544154,50.29296875
1544173,51.69677734375
1544190,53.22265625
1544214,56.2744140625
1544243,52.734375
1544266,51.26953125
1544290,47.05810546875
1544317,50.9033203125
1544338,46.5087890625
1544381,71.044921875
1544412,55.6640625
1544460,46.08154296875
1544475,47.4853515625
1544576,51.94091796875
1544597,58.16650390625
1544611,61.03515625
1544677,46.20361328125
1544757,45.654296875
1544840,45.71533203125
1544944,46.32568359375
1545030,45.654296875
1545102,44.0673828125
1545285,57.55615234375
1545387,47.42431640625
1545484,47.9736328125
1545690,51.513671875
1545701,45.41015625
1546072,48.583984375
1546564,44.5556640625
1546799,46.7529296875
1547151,49.74365234375
1547794,46.69189453125
1585302,47.2412109375
1599508,45.95947265625
1618258,56.0302734375
1620662,48.4619140625
1622479,44.12841796875
1623149,47.2412109375
1624428,45.71533203125
1625155,44.0673828125
1625487,46.5087890625
1629506,45.22705078125
1650757,45.95947265625
1651613,45.654296875
1652669,45.2880859375
1652747,44.86083984375
1656403,44.3115234375
1672277,47.36328125
1673028,46.2646484375
1673656,47.05810546875
1683472,44.25048828125
1689535,46.875
1692951,52.001953125
1693679,44.86083984375
1700538,48.7060546875
1704890,44.12841796875
1706785,46.630859375
1711785,44.0673828125
1711833,49.74365234375
1711854,49.6826171875
1711899,64.8193359375
1711923,51.6357421875
1711944,51.45263671875
1711981,44.189453125
1712013,81.1767578125
1712044,51.025390625
1712062,61.82861328125
1712077,44.00634765625
1712102,59.75341796875
1712120,44.3115234375
1712137,43.9453125
1712166,50.59814453125
1712187,50.048828125
1712206,46.44775390625
1712224,46.630859375
1712301,49.62158203125
1712333,47.42431640625
1712347,46.81396484375
1712376,49.13330078125
1712402,47.2412109375
1712503,61.46240234375
1712514,44.0673828125
1712602,45.71533203125
1712657,44.7998046875
1712737,44.86083984375
1712790,45.7763671875
1712870,44.25048828125
1712898,49.31640625
1712941,47.607421875
1712969,46.0205078125
1713054,47.54638671875
1713177,50.4150390625
1713320,46.38671875
1713356,45.34912109375
1713437,43.9453125
1713535,44.189453125
1713761,44.0673828125
1714100,51.08642578125
1714137,44.00634765625
1714161,44.37255859375
1714186,45.10498046875
1714284,51.33056640625
1714322,46.875
1714356,44.12841796875
1714439,48.2177734375
1714865,43.88427734375
1715528,44.98291015625
1715555,45.0439453125
1715849,44.43359375
1716187,44.5556640625
1716256,45.8984375
1718088,44.61669921875
1786685,47.119140625
1787335,46.875
1787777,52.490234375
1788348,46.875
1810139,46.38671875
1825757,46.38671875
1827070,45.5322265625
1862940,45.47119140625
1865061,53.7109375
1871012,46.0205078125
1880437,44.61669921875
1881618,47.36328125
1881642,66.40625
1881691,55.72509765625
1881740,63.65966796875
1881765,54.19921875
1881802,52.30712890625
1881829,50.72021484375
1881843,49.560546875
1881860,46.32568359375
1881890,46.69189453125
1881914,44.189453125
1881959,45.166015625
1881983,45.41015625
1882020,52.55126953125
1882058,45.95947265625
1882176,45.2880859375
1882260,53.7109375
1882287,47.30224609375
1882316,45.166015625
1882327,44.73876953125
1882447,51.3916015625
1882696,45.10498046875
1882821,48.15673828125
1882863,44.25048828125
1882901,46.69189453125
1882964,45.59326171875
1883104,49.98779296875
1883862,45.166015625
1884158,46.0205078125
1885436,44.5556640625
1895720,44.0673828125
1900981,47.2412109375
1901133,49.8046875
1901198,46.142578125
1901302,44.3115234375
1901325,45.22705078125
1901349,51.20849609375
1901413,54.38232421875
1901476,47.607421875
1901590,48.4619140625
1901742,47.36328125
1901803,44.12841796875
1901847,48.64501953125
1901940,47.05810546875
1901969,49.1943359375
1902073,50.537109375
1902161,47.30224609375
1902460,45.95947265625
1902526,45.10498046875
1902795,60.4248046875
1903172,49.6826171875
1904155,44.0673828125
1904768,49.74365234375
1905051,46.32568359375
1905658,50.59814453125
1955308,45.166015625
1955791,53.16162109375
1968049,48.095703125
1986082,47.607421875
1987360,47.79052734375
2008407,45.10498046875
2026555,49.8046875
2043357,44.12841796875
2045399,54.6875
2063405,44.86083984375
2064714,52.42919921875
2069297,48.33984375
2073146,46.69189453125
2073179,60.11962890625
2073235,50.537109375
2073262,46.38671875
2073282,78.30810546875
2073324,50.35400390625
2073383,54.99267578125
2073505,46.630859375
2073520,50.1708984375
2073549,49.9267578125
2073569,44.00634765625
2073673,58.04443359375
2073747,44.49462890625
2073773,68.603515625
2073790,44.61669921875
2075607,45.7763671875
2076664,46.38671875
2077160,45.22705078125
2105029,45.166015625
2180478,46.0205078125
2182665,44.25048828125
2203626,51.81884765625
2203730,51.08642578125
2203753,44.25048828125
2203806,51.08642578125
2203855,51.3916015625
2203875,52.67333984375
2203897,56.640625
2203915,62.744140625
2203941,51.8798828125
2203965,54.26025390625
2203996,45.22705078125
2204038,49.98779296875
2204050,47.66845703125
2204073,49.31640625
2204088,50.9033203125
2204157,47.119140625
2204214,51.3916015625
2204245,45.654296875
2204315,57.06787109375
2204337,44.677734375
2204356,47.8515625
2204393,49.37744140625
2204495,44.25048828125
2204674,54.62646484375
2205635,46.2646484375
2303584,44.37255859375
2306802,45.41015625
2323565,45.83740234375
2328002,50.6591796875
2328019,56.21337890625
2328059,45.95947265625
2328090,58.10546875
2328100,54.8095703125
2328165,57.06787109375
2328205,63.1103515625
2328233,57.80029296875
2328315,44.86083984375
2328340,44.0673828125
2328381,47.79052734375
2328432,51.025390625
2328493,45.0439453125
2328523,56.21337890625
2328548,48.27880859375
2329636,54.443359375
2329985,44.98291015625
2331371,48.828125
2412473,43.9453125
2413721,46.93603515625
2413738,52.67333984375
2413788,46.08154296875
2413853,50.9033203125
2413867,48.15673828125
2413953,57.12890625
2413982,47.119140625
2414106,49.8046875
2414158,45.654296875
2414302,46.81396484375
2414504,44.7998046875
2414540,47.18017578125
2414638,50.1708984375
2414772,45.5322265625
2414798,47.54638671875
2488903,44.7998046875
2489851,45.0439453125
2489919,44.98291015625
2489938,58.349609375
2489959,47.42431640625
2489992,49.98779296875
2490057,63.04931640625
2490068,43.88427734375
2490093,55.35888671875
2490107,45.7763671875
2490132,48.03466796875
2490167,49.86572265625
2490212,48.7060546875
2490242,45.22705078125
2490315,55.23681640625
2490326,46.56982421875
2490369,62.8662109375
2490468,49.560546875
2490511,56.884765625
2490742,44.86083984375
2491172,48.583984375
2491622,64.63623046875
2492008,48.76708984375
2492268,48.33984375
2561486,51.57470703125
2561655,52.8564453125
2561695,62.744140625
2561741,51.3916015625
2561775,64.75830078125
2561855,45.0439453125
2561865,54.74853515625
2562004,66.95556640625
2562058,53.3447265625
2562132,56.94580078125
2562239,44.49462890625
2562267,44.00634765625
2562325,53.5888671875
2562339,47.2412109375
2562837,48.2177734375
2563300,46.630859375
2578391,45.7763671875
2578436,47.05810546875
2578468,44.73876953125
2578552,58.59375
2578824,59.08203125
2578914,44.677734375
2579750,47.30224609375
2579891,44.00634765625
2580013,46.20361328125
2595527,45.47119140625
2595598,44.921875
2595609,49.1943359375
2595674,49.4384765625
2595730,47.2412109375
2595787,50.6591796875
2595850,50.29296875
2595908,46.08154296875
2596156,49.98779296875
2597662,45.10498046875
2608571,44.7998046875
2608676,44.189453125
2608874,49.01123046875
2608921,44.5556640625
2608989,59.50927734375
2609193,48.03466796875
2609736,44.3115234375
2623753,50.47607421875
2623777,45.7763671875
2623794,47.607421875
2623814,46.9970703125
2623861,53.955078125
2623885,45.83740234375
2623967,49.1943359375
2624047,44.921875
2624131,44.3115234375
2624242,44.25048828125
2624444,44.12841796875
2624781,48.4619140625
2636314,45.5322265625
2636514,44.7998046875
2636631,61.4013671875
2636690,47.05810546875
2636993,48.27880859375
2637261,46.38671875
2651089,45.654296875
2651409,47.4853515625
2651438,44.677734375
2651518,47.36328125
2651610,54.3212890625
2651639,52.79541015625
2651700,72.44873046875
2662024,60.72998046875
2662161,47.05810546875
2662502,44.25048828125
2662844,44.61669921875
2663110,44.61669921875
2663316,46.56982421875
2677212,44.3115234375
2677297,43.9453125
2677425,53.1005859375
2677445,45.8984375
2677512,56.33544921875
2677634,47.4853515625
2677670,50.29296875
2677957,43.88427734375
2696213,44.86083984375
2696680,49.9267578125
2696775,44.12841796875
2696842,43.9453125
2696904,57.861328125
2697021,52.1240234375
2697043,56.5185546875
2697195,58.10546875
2697243,47.18017578125
2697304,44.73876953125
2697364,45.7763671875
2697476,45.166015625
2697855,52.06298828125
2698348,47.18017578125
2698393,44.12841796875
2711476,45.47119140625
2711554,46.630859375
2711707,44.677734375
2712219,44.37255859375
2724595,49.01123046875
2724814,44.86083984375
2724918,48.52294921875
2725221,45.10498046875
2725305,50.4150390625
2737087,44.98291015625
2737818,45.7763671875
2737975,44.3115234375
2738080,48.33984375
2738256,45.166015625
2750930,45.10498046875
2751007,45.0439453125
2751131,48.33984375
2751453,44.677734375
2752289,46.08154296875
2766378,53.89404296875
2766616,44.37255859375
2766910,45.10498046875
2766946,55.72509765625
2767085,46.08154296875
2767167,49.4384765625
2769425,45.41015625
2782234,45.34912109375
2782316,57.2509765625
2782743,45.47119140625
2783801,47.54638671875
2797413,52.001953125
2797957,46.56982421875
2798178,46.32568359375
2798618,45.41015625
2816478,45.0439453125
2816729,46.38671875
2816751,46.0205078125
2817412,49.560546875
2818261,44.3115234375
2836756,52.734375
2836807,47.54638671875
2837210,46.9970703125
2915417,72.44873046875
2915437,47.36328125
3006821,46.44775390625
3126620,46.69189453125
3343149,47.119140625
3343233,44.921875
3343260,53.64990234375
3343284,45.95947265625
3343304,44.3115234375
3343363,75.01220703125
3343373,57.06787109375
3343510,58.65478515625
3343623,78.2470703125
3343808,53.7109375
3344827,48.52294921875
3345299,44.49462890625
3510068,51.45263671875
3510083,44.7998046875
3510127,49.8046875
3510150,59.02099609375
3510209,65.73486328125
3510230,44.25048828125
3510275,52.91748046875
3510302,48.583984375
3510334,44.37255859375
3510419,51.20849609375
3510453,63.41552734375
3510489,45.71533203125
3510870,59.50927734375
3511394,46.142578125
3678579,46.44775390625
3678594,48.9501953125
3678647,44.00634765625
3678712,45.22705078125
3678793,46.7529296875
3678810,56.15234375
3678823,46.20361328125
3678847,58.349609375
3678884,46.81396484375
3678960,56.884765625
3681282,45.166015625
3696715,52.8564453125
3696777,51.33056640625
3697115,44.3115234375
3697289,44.43359375
3697771,45.22705078125
3712296,52.79541015625
3712377,56.0302734375
3712500,47.4853515625
3712677,46.20361328125
3712825,53.40576171875
3713296,47.54638671875
3729284,46.38671875
3729380,48.64501953125
3729426,46.81396484375
3729854,46.08154296875
3730029,46.0205078125
3742347,58.9599609375
3742568,44.3115234375
3742627,45.2880859375
3753983,51.94091796875
3754158,47.66845703125
3754338,45.10498046875
3768635,47.05810546875
3768662,50.1708984375
3768857,52.001953125
3769102,45.2880859375
3769482,47.18017578125
3795191,50.4150390625
3795275,44.677734375
3807221,47.79052734375
3807252,43.9453125
3807451,44.0673828125
3807691,44.61669921875
3807964,44.0673828125
3820043,58.4716796875
3820191,45.83740234375
3837887,48.40087890625
3838097,66.7724609375
3838399,45.41015625
3838507,44.37255859375
3852018,44.00634765625
3852213,46.69189453125
3887951,56.7626953125
3888093,44.0673828125
3888368,61.279296875
3888467,59.38720703125
4207174,48.15673828125
4403168,62.92724609375
4403183,55.96923828125
4403268,54.3212890625
4403346,45.654296875
4403366,71.4111328125
4403383,48.03466796875
4403411,58.16650390625
4403466,50.048828125
4403477,52.8564453125
4403523,62.43896484375
4403733,46.56982421875
4403801,45.5322265625
4405493,44.49462890625
4406800,45.22705078125
4629222,44.921875
4691812,44.00634765625
4691836,49.98779296875
4691900,50.23193359375
4691945,55.72509765625
4691995,52.490234375
4692049,45.654296875
4692070,63.41552734375
4692160,56.0302734375
4692203,44.98291015625
4692237,45.59326171875
4692413,58.4716796875
4942128,47.36328125
4942173,62.56103515625
4942213,44.12841796875
4942234,52.91748046875
4942263,63.232421875
4942291,63.65966796875
4942342,46.2646484375
4942377,52.1240234375
4942407,62.56103515625
4942449,58.4716796875
4942488,45.10498046875
4942519,45.2880859375
4942543,44.98291015625
4943205,45.83740234375
4960705,52.42919921875
4960763,51.7578125
4960969,45.7763671875
4961029,51.57470703125
4961175,50.59814453125
4961468,45.5322265625
4979869,50.1708984375
4979972,44.677734375
4979999,44.7998046875
4980065,45.166015625
4980106,46.44775390625
4980184,45.47119140625
4980239,44.12841796875
4980282,49.01123046875
4980507,43.88427734375
4983047,44.00634765625
4994831,46.875
4994844,58.77685546875
4994871,45.2880859375
4995012,60.05859375
4995212,48.15673828125
4995319,44.25048828125
4995457,45.654296875
5009561,49.072265625
5009651,44.189453125
5009798,47.18017578125
5009954,45.41015625
5010009,46.0205078125
5010202,45.654296875
5011012,47.91259765625
5022177,58.4716796875
5022409,45.22705078125
5022468,52.42919921875
5022919,52.30712890625
5038798,54.931640625
5038867,46.0205078125
5038911,45.83740234375
5038987,55.6640625
5039122,47.05810546875
5039166,46.32568359375
5039207,49.9267578125
5039343,56.2744140625
5051380,47.18017578125
5051532,44.37255859375
5051632,47.66845703125
5051861,45.0439453125
5064328,44.677734375
5064352,44.0673828125
5075679,50.47607421875
5075794,44.61669921875
5088077,44.7998046875
5088192,45.47119140625
5088404,53.1005859375
5088849,44.12841796875
5100959,52.79541015625
5101180,54.50439453125
5101359,44.12841796875
5102218,48.27880859375
5114251,45.166015625
5114510,45.2880859375
5131248,53.64990234375
5131352,50.78125
5131393,50.35400390625
5131718,55.17578125
5147889,60.11962890625
5147951,47.79052734375
5148446,54.38232421875
5789566,47.42431640625
5789615,45.83740234375
5789677,47.18017578125
5789719,49.49951171875
5789793,60.4248046875
5789821,72.509765625
5789863,44.49462890625
5789896,47.9736328125
5789956,55.48095703125
5790388,45.71533203125
5791190,45.59326171875
5792091,56.0302734375
5792242,51.8798828125
6113110,49.4384765625
6113170,51.025390625
6113198,56.45751953125
6113228,54.38232421875
6113250,52.79541015625
6113287,45.34912109375
6113320,59.08203125
6113343,56.2744140625
6113383,45.0439453125
6113437,52.18505859375
6113769,57.18994140625
6114799,44.00634765625
6132399,45.95947265625
6132595,55.2978515625
6132721,44.12841796875
6132755,47.79052734375
6132794,47.05810546875
6132841,51.20849609375
6132894,57.80029296875
6132954,49.6826171875
6133056,47.7294921875
6133297,50.1708984375
6134890,48.88916015625
6355702,44.5556640625
6384601,48.03466796875
6384616,53.64990234375
6384646,46.93603515625
6384669,65.97900390625
6384698,45.34912109375
6384728,58.4716796875
6384744,47.91259765625
6384775,56.70166015625
6384821,57.43408203125
6384844,56.7626953125
6384882,48.33984375
6384942,52.24609375
6385006,53.8330078125
6385050,45.41015625
6385184,52.001953125
6388154,45.34912109375
6388392,48.7060546875
6403585,48.03466796875
6403610,43.88427734375
6403731,58.53271484375
6403744,50.10986328125
6403820,48.4619140625
6403861,48.88916015625
6403967,51.26953125
6404093,56.2744140625
6404482,46.38671875
6404645,44.43359375
6404743,46.875
6421383,62.56103515625
6421564,45.71533203125
6421660,51.94091796875
6421826,55.2978515625
6422283,48.27880859375
6601946,44.49462890625
6601961,48.9501953125
6601992,48.15673828125
6602022,50.1708984375
6602056,68.84765625
6602073,44.43359375
6602090,54.443359375
6602109,44.43359375
6602135,45.2880859375
6602168,55.0537109375
6602215,43.9453125
6602275,50.29296875
6602414,47.91259765625
6805986,44.43359375
6806041,51.57470703125
6806110,65.673828125
6806170,47.42431640625
6806185,49.9267578125
6806212,47.607421875
6806231,44.189453125
6806312,50.84228515625
6806343,47.8515625
6806370,48.40087890625
6806567,46.32568359375
6807402,50.84228515625
6808266,44.37255859375
6824608,57.4951171875
6824693,46.69189453125
6824735,47.9736328125
6824770,47.05810546875
6824824,44.00634765625
6824862,63.65966796875
6824886,50.78125
6824915,50.10986328125
6825090,47.8515625
6825110,45.47119140625
6825629,43.9453125
6826501,45.95947265625
7001169,56.884765625
7001188,50.4150390625
7001299,57.6171875
7001340,55.6640625
7001403,56.7626953125
7001454,44.5556640625
7001513,54.0771484375
7001542,47.18017578125
7001715,46.20361328125
7110034,48.095703125
7222606,44.25048828125
7222633,60.1806640625
7222659,52.18505859375
7222693,52.06298828125
7222747,48.15673828125
7222764,45.47119140625
7222915,45.10498046875
7222985,46.44775390625
7223127,52.67333984375
7223190,44.921875
7223298,54.01611328125
7223996,46.32568359375
7225136,47.9736328125
7433851,45.2880859375
7433873,53.03955078125
7433903,57.4951171875
7433948,59.63134765625
7433970,50.96435546875
7433989,59.38720703125
7434035,56.640625
7434075,62.8662109375
7434104,48.33984375
7434116,57.67822265625
7434156,47.607421875
7434190,45.34912109375
7434327,48.88916015625
7434370,45.7763671875
7434758,50.47607421875
7435018,45.0439453125
7435568,49.4384765625
7611090,44.25048828125
7640384,45.10498046875
7640408,47.30224609375
7640433,46.875
7640466,60.1806640625
7640477,48.828125
7640489,58.349609375
7640517,55.60302734375
7640551,45.7763671875
7640570,45.8984375
7640589,65.5517578125
7640609,57.80029296875
7640656,56.09130859375
7640676,47.05810546875
7640718,45.71533203125
7640744,45.166015625
7640785,53.03955078125
7640848,52.734375
7640859,45.34912109375
7640934,58.2275390625
7641044,44.43359375
7641890,44.49462890625
7642013,48.40087890625
7642488,48.03466796875
7643345,44.3115234375
7837710,50.96435546875
7837747,46.0205078125
7837790,84.5947265625
7837802,50.9033203125
7837824,46.81396484375
7837879,47.05810546875
7837905,49.49951171875
7837955,61.6455078125
7837993,57.373046875
7838084,47.36328125
7838149,45.0439453125
7838176,51.7578125
7838897,45.22705078125
7839009,44.61669921875
7947766,44.86083984375
7948233,56.70166015625
7948279,51.3916015625
7948299,46.38671875
7948316,44.3115234375
7948357,64.39208984375
7948392,60.4248046875
7948467,48.52294921875
7948507,61.6455078125
7948575,49.25537109375
7948661,45.41015625
7948727,52.67333984375
7948829,46.875
7948857,45.2880859375
7965011,70.37353515625
7965027,44.43359375
7965057,52.30712890625
7965086,44.00634765625
7965119,53.77197265625
7965146,46.69189453125
7965207,44.37255859375
7965256,45.95947265625
7965321,52.42919921875
7965538,44.00634765625
8019942,53.40576171875
8020007,54.8095703125
8020039,45.166015625
8020082,53.28369140625
8020130,50.78125
8020239,53.3447265625
8020252,44.3115234375
8020274,44.677734375
8020332,49.072265625
8020432,46.142578125
8020497,47.79052734375
8020518,43.88427734375
8020691,44.677734375
8021308,45.95947265625
8023027,44.677734375
8034752,57.4951171875
8034800,47.18017578125
8034811,44.37255859375
8035036,49.1943359375
8035114,48.4619140625
8035165,49.62158203125
8035251,47.4853515625
8035588,44.7998046875
8036082,46.20361328125
8086177,47.54638671875
8086223,45.59326171875
8086251,51.513671875
8086290,54.50439453125
8086403,45.22705078125
8086424,45.654296875
8086465,51.81884765625
8086512,49.74365234375
8086578,47.4853515625
8086710,47.8515625
8086781,53.466796875
8087488,45.166015625
8103497,50.35400390625
8103539,47.66845703125
8103651,44.0673828125
8103811,46.56982421875
8103863,56.82373046875
8103988,50.96435546875
8104047,47.79052734375
8104118,57.861328125
8104166,45.47119140625
8104271,45.166015625
8104986,44.25048828125
8121978,46.69189453125
8122161,55.35888671875
8122177,48.2177734375
8122228,70.4345703125
8122294,53.7109375
8122571,50.048828125
8123793,43.88427734375
8138344,46.69189453125
8138355,46.32568359375
8139081,52.6123046875
8139325,44.12841796875
8155680,59.26513671875
8155756,46.69189453125
8155996,62.3779296875
8156250,52.06298828125
8156438,49.74365234375
8156882,45.2880859375
8172925,47.8515625
8172949,47.30224609375
8173178,47.42431640625
8173324,51.81884765625
8173351,46.7529296875
8225242,48.15673828125
8225304,53.3447265625
8225337,60.1806640625
8225389,48.095703125
8225425,50.10986328125
8225539,44.7998046875
8225578,46.142578125
8225626,46.56982421875
8225778,55.2978515625
8226592,50.47607421875
8307592,44.921875
9121884,57.92236328125
9121907,47.42431640625
9121951,60.9130859375
9121962,46.08154296875
9122025,55.23681640625
9122046,47.18017578125
9122088,51.8798828125
9122139,50.048828125
9122189,50.23193359375
9122243,49.560546875
9122315,48.583984375
9122848,45.7763671875
9123602,45.22705078125
9123618,44.98291015625
9123751,53.8330078125
9303596,45.0439453125
9303622,48.52294921875
9303666,57.92236328125
9303678,49.37744140625
9303718,48.40087890625
9303770,44.73876953125
9303832,48.095703125
9303898,44.7998046875
9303925,54.62646484375
9303996,53.955078125
9304938,43.9453125
9306191,45.2880859375
9324441,45.71533203125
9324465,45.83740234375
9324509,51.8798828125
9324544,51.26953125
9324594,59.2041015625
9324612,59.26513671875
9324645,43.9453125
9324692,53.64990234375
9324713,44.98291015625
9324855,51.69677734375
9324899,53.16162109375
9324974,44.25048828125
9325179,50.537109375
9325369,50.29296875
9325455,62.98828125
9325768,46.32568359375
9325861,46.32568359375
9480972,47.18017578125
9480982,52.490234375
9481015,50.29296875
9481032,45.166015625
9481049,51.94091796875
9481090,52.42919921875
9481117,47.607421875
9481156,63.17138671875
9481170,44.43359375
9481198,47.30224609375
9481236,52.734375
9481303,47.05810546875
9481313,44.43359375
9481349,55.2978515625
9481513,48.64501953125
9482964,47.119140625
9612564,46.44775390625
9612630,48.095703125
9612656,48.03466796875
9612704,59.38720703125
9612759,44.73876953125
9612839,53.52783203125
9612886,52.79541015625
9613024,58.77685546875
9613076,49.1943359375
9613667,55.72509765625
9613883,45.34912109375
9613949,47.05810546875
9614595,44.677734375
9831843,48.2177734375
9831867,47.119140625
9831888,61.767578125
9831908,46.69189453125
9831939,45.59326171875
9832002,51.94091796875
9832025,70.1904296875
9832052,52.91748046875
9832078,55.7861328125
9832139,55.908203125
9832179,45.34912109375
9832284,46.38671875
9832352,48.15673828125
9832433,46.93603515625
9833521,50.35400390625
9851128,47.7294921875
9851169,48.095703125
9851278,54.443359375
9851316,48.2177734375
9851473,46.20361328125
9851514,45.22705078125
9851662,49.072265625
9851949,55.2978515625
9852126,45.41015625
9852217,48.9501953125
9852486,44.7998046875
9868613,49.13330078125
9868647,48.64501953125
9868672,48.2177734375
9868823,45.0439453125
9868859,47.9736328125
9868887,47.30224609375
9868973,62.92724609375
9869135,43.88427734375
10031800,44.61669921875
10034429,61.03515625
10034508,47.2412109375
10034534,52.91748046875
10034567,47.66845703125
10034605,47.54638671875
10034649,63.53759765625
10034662,44.12841796875
10034787,46.08154296875
10034832,48.828125
10034906,44.49462890625
10036256,45.22705078125
10036951,55.419921875
10056831,52.55126953125
10056885,55.72509765625
10056934,44.43359375
10056976,45.0439453125
10057110,46.44775390625
10057123,50.72021484375
10057258,44.37255859375
10058099,48.03466796875
10058206,46.08154296875
10238810,49.6826171875
10238821,53.03955078125
10238839,65.24658203125
10238907,82.3974609375
10238956,49.25537109375
10238972,45.34912109375
10239002,49.8046875
10239079,49.8046875
10239186,45.10498046875
10239243,45.7763671875
10239803,60.24169921875
10265010,52.490234375
10265110,56.0302734375
10265149,52.67333984375
10265189,52.3681640625
10265307,46.08154296875
10265369,45.71533203125
10265510,46.875
10265665,49.98779296875
10266311,44.98291015625
10610391,68.54248046875
10610411,57.12890625
10610475,70.73974609375
10610485,50.59814453125
10610538,48.4619140625
10610578,51.94091796875
10610612,47.18017578125
10610644,51.1474609375
10610655,45.2880859375
10610697,50.59814453125
10610714,60.11962890625
10610961,45.83740234375
10611041,56.0302734375
10611124,44.86083984375
10611719,44.5556640625
10611974,44.00634765625
10899380,49.560546875
10899398,64.0869140625
10899452,49.1943359375
10899494,69.15283203125
10899523,51.20849609375
10899557,59.4482421875
10899589,49.25537109375
10899614,47.91259765625
10899701,54.13818359375
10899733,45.34912109375
10899792,67.138671875
10899860,45.34912109375
10899889,44.86083984375
10899954,44.73876953125
10900205,44.43359375
10901181,43.88427734375
10901838,45.10498046875
11022237,53.8330078125
11022250,69.76318359375
11022292,55.48095703125
11022314,61.82861328125
11022373,54.19921875
11022416,51.8798828125
11022446,44.43359375
11022488,44.3115234375
11022498,46.08154296875
11022545,51.513671875
11022557,50.72021484375
11022649,56.94580078125
11022750,45.166015625
11022894,45.8984375
11023048,46.08154296875
11024083,44.677734375
11039356,63.720703125
11039376,48.64501953125
11039424,51.513671875
11039438,56.15234375
11039495,47.91259765625
11039526,59.326171875
11039757,47.4853515625
11039812,44.189453125
11039973,50.1708984375
11040623,44.677734375
11040806,48.15673828125
11041336,45.83740234375
11211542,58.53271484375
11211700,67.0166015625
11211726,44.677734375
11211756,47.36328125
11211795,57.43408203125
11211832,43.9453125
11211879,49.86572265625
11211955,50.72021484375
11211969,55.48095703125
11212021,44.5556640625
11212135,47.91259765625
11213227,44.00634765625
11213327,44.0673828125
11214079,47.7294921875
11215213,47.91259765625
11565902,47.119140625
11565920,48.52294921875
11565969,43.9453125
11566003,58.77685546875
11566047,45.0439453125
11566086,70.12939453125
11566112,48.76708984375
11566139,47.36328125
11566188,45.2880859375
11566205,54.5654296875
11566285,56.884765625
11566351,49.13330078125
11566468,61.82861328125
11568305,49.37744140625
11797213,52.490234375
11797270,45.83740234375
11797332,51.69677734375
11797420,49.25537109375
11797468,51.1474609375
11797479,55.0537109375
11797589,52.91748046875
11797668,44.5556640625
11798674,44.3115234375
11800620,50.78125
