11999000,0
27496,48.828125
27617,53.5888671875
27646,50.537109375
27668,52.67333984375
27692,45.47119140625
27708,60.36376953125
27822,44.5556640625
27854,57.2509765625
27919,47.7294921875
29142,44.49462890625
193525,46.9970703125
193536,45.71533203125
193567,58.41064453125
193625,55.17578125
193642,64.5751953125
193688,48.095703125
193719,62.744140625
193840,44.3115234375
193908,48.2177734375
194176,45.7763671875
194319,44.61669921875
194341,45.7763671875
194729,46.44775390625
194846,46.0205078125
195100,49.31640625
195120,45.5322265625
195691,47.05810546875
195849,48.2177734375
316984,46.9970703125
317031,46.93603515625
317089,49.49951171875
317109,47.2412109375
317196,52.18505859375
317545,47.119140625
317723,46.32568359375
318033,50.537109375
318505,45.2880859375
491066,54.6875
491114,49.37744140625
491129,49.6826171875
491190,56.396484375
491237,55.96923828125
491253,50.47607421875
491363,49.6826171875
491444,44.49462890625
491518,45.41015625
492076,47.8515625
492189,46.5087890625
492437,50.96435546875
589802,48.7060546875
589834,53.5888671875
589872,63.29345703125
589911,46.142578125
590026,47.18017578125
590090,45.59326171875
590106,44.677734375
590220,47.2412109375
590457,44.43359375
590611,46.875
590935,47.36328125
591304,57.861328125
591395,45.59326171875
611951,54.6875
612061,47.91259765625
612091,46.44775390625
612148,53.52783203125
612407,45.0439453125
629524,47.2412109375
644010,58.16650390625
644249,51.025390625
644269,53.16162109375
644310,51.1474609375
657245,49.13330078125
657312,47.2412109375
657406,46.20361328125
657628,44.7998046875
681253,49.98779296875
681324,58.89892578125
694117,45.41015625
694147,48.40087890625
716041,47.36328125
726793,46.142578125
778216,45.5322265625
794621,46.0205078125
794750,44.49462890625
794770,46.5087890625
814008,45.41015625
829913,45.34912109375
829956,45.47119140625
844963,54.26025390625
844975,49.560546875
845035,49.072265625
903824,46.0205078125
960091,45.8984375
1301544,57.43408203125
1301573,52.91748046875
1301603,56.70166015625
1301637,50.96435546875
1301664,53.3447265625
1301863,46.38671875
1302002,44.61669921875
1302383,44.43359375
1302516,44.86083984375
1303799,46.81396484375
1544262,50.96435546875
1544298,54.3212890625
1544314,45.83740234375
1544356,50.29296875
1544389,48.88916015625
1544852,45.59326171875
1545399,48.7060546875
1545996,49.4384765625
1546570,44.98291015625
1711998,51.3916015625
1712034,51.69677734375
1712102,48.40087890625
1712117,68.4814453125
1712226,70.1904296875
1712379,52.6123046875
1712426,45.71533203125
1712465,44.49462890625
1712518,44.5556640625
1713234,45.22705078125
1714583,45.0439453125
1881846,44.73876953125
1881910,53.89404296875
1881929,51.08642578125
1882048,44.43359375
1882084,51.94091796875
1882094,50.84228515625
1882380,48.583984375
1882900,48.52294921875
1883308,45.95947265625
1883845,46.5087890625
1901351,45.47119140625
1901436,62.255859375
1901449,50.59814453125
1901533,70.9228515625
1901581,49.4384765625
1901651,49.13330078125
1901890,53.5888671875
1902281,44.86083984375
1902711,49.49951171875
2073353,46.630859375
2073475,78.79638671875
2073489,54.01611328125
2073508,52.42919921875
2073533,51.57470703125
2073558,49.86572265625
2073590,47.8515625
2073615,45.10498046875
2073695,48.15673828125
2073731,48.33984375
2074099,46.20361328125
2074373,47.18017578125
2074386,50.537109375
2074524,45.10498046875
2204034,48.40087890625
2204062,57.9833984375
2204139,60.72998046875
2204217,51.1474609375
2204270,47.4853515625
2204317,50.47607421875
2204566,45.34912109375
2328136,45.59326171875
2328206,56.45751953125
2328237,69.88525390625
2328283,49.072265625
2328506,47.91259765625
2328529,45.10498046875
2328551,55.2978515625
2329197,44.61669921875
2329383,52.1240234375
2329497,47.54638671875
2330057,48.64501953125
2414056,44.49462890625
2414071,59.75341796875
2414089,48.7060546875
2414265,47.42431640625
2414426,51.8798828125
2414696,44.921875
2490136,51.08642578125
2490190,48.2177734375
2490203,56.15234375
2490401,54.99267578125
2490426,44.37255859375
2490719,46.32568359375
2491128,48.33984375
2491811,46.38671875
2561864,48.9501953125
2561890,56.640625
2561919,44.43359375
2561951,48.7060546875
2562019,46.20361328125
2562071,53.40576171875
2562105,51.1474609375
2562147,44.921875
2562240,48.33984375
2562357,46.81396484375
2562649,44.43359375
2563365,49.31640625
2578698,61.03515625
2578804,51.69677734375
2579111,52.24609375
2579499,45.59326171875
2596085,44.43359375
2608709,54.8095703125
2624215,44.677734375
2624251,46.44775390625
2624868,50.048828125
2636688,44.677734375
2636775,44.5556640625
2651630,44.677734375
2651670,44.86083984375
2651739,46.44775390625
2652193,45.166015625
2662577,51.3916015625
2662728,52.24609375
2677404,45.7763671875
2697198,48.40087890625
2697308,45.59326171875
2697341,48.88916015625
2725271,44.49462890625
2725393,51.7578125
2725478,47.9736328125
2725621,48.40087890625
2725830,46.38671875
2738201,47.18017578125
2751801,45.2880859375
2782587,47.8515625
2782682,45.8984375
2798149,47.05810546875
2817447,53.77197265625
2837290,53.22265625
2837935,45.47119140625
2915403,47.607421875
2915415,81.23779296875
3343361,55.11474609375
3343372,54.01611328125
3343480,48.76708984375
3343574,46.7529296875
3343890,50.72021484375
3344638,52.30712890625
3345383,44.98291015625
3345588,44.7998046875
3345875,44.7998046875
3510266,45.83740234375
3510312,46.81396484375
3510332,47.91259765625
3510360,53.52783203125
3510400,53.52783203125
3510414,47.54638671875
3510430,61.46240234375
3510449,49.4384765625
3510566,48.583984375
3511344,47.8515625
3511488,52.91748046875
3511563,44.61669921875
3678754,45.7763671875
3678790,45.654296875
3678806,47.66845703125
3678835,46.2646484375
3678847,62.01171875
3678880,47.9736328125
3678935,44.49462890625
3679019,50.1708984375
3679060,45.95947265625
3679157,49.6826171875
3679217,54.38232421875
3679479,50.29296875
3679582,44.3115234375
3679681,44.61669921875
3679899,54.931640625
3696782,51.33056640625
3696820,56.640625
3696961,45.34912109375
3712369,45.7763671875
3712603,44.49462890625
3712951,45.2880859375
3729540,47.4853515625
3729662,44.37255859375
3742786,48.03466796875
3743002,50.29296875
3743060,48.9501953125
3754541,45.83740234375
3754583,45.5322265625
3754685,44.5556640625
3768877,52.55126953125
3783709,46.9970703125
3795501,46.69189453125
3807522,44.43359375
3807587,46.56982421875
3807659,50.29296875
3807735,52.001953125
3820403,44.7998046875
3820610,54.443359375
3838116,48.52294921875
3852338,48.2177734375
3852436,49.072265625
3852607,45.7763671875
3852954,46.7529296875
3852997,45.95947265625
3888360,48.52294921875
3888512,44.43359375
4403356,50.048828125
4403372,45.83740234375
4403394,44.677734375
4403409,54.931640625
4403482,71.533203125
4403552,45.166015625
4404341,50.537109375
4404581,44.43359375
4691905,61.1572265625
4691994,44.677734375
4692031,45.71533203125
4692064,52.001953125
4692077,56.640625
4692134,49.86572265625
4692161,49.31640625
4692192,45.34912109375
4692251,49.62158203125
4692271,50.59814453125
4694713,46.9970703125
4942289,45.34912109375
4942323,46.56982421875
4942356,51.33056640625
4942370,60.791015625
4942443,52.67333984375
4942461,51.6357421875
4942499,50.35400390625
4942540,44.3115234375
4942569,47.42431640625
4942649,48.15673828125
4942946,46.08154296875
4943491,46.2646484375
4960988,48.2177734375
4961026,44.86083984375
4961096,50.59814453125
4961160,53.40576171875
4961188,51.8798828125
4961310,45.34912109375
4979945,52.55126953125
4980090,50.23193359375
4980143,49.1943359375
4980416,46.44775390625
4981141,47.8515625
4995203,50.29296875
4995256,44.86083984375
4995402,50.29296875
4995511,46.0205078125
5009737,50.537109375
5009768,45.0439453125
5009892,45.34912109375
5010193,46.142578125
5022459,45.8984375
5022483,47.30224609375
5022569,46.5087890625
5022768,44.43359375
5038886,44.5556640625
5038967,48.2177734375
5051415,44.49462890625
5051508,48.88916015625
5064805,44.677734375
5075752,44.5556640625
5075928,45.5322265625
5088333,58.89892578125
5088398,50.72021484375
5101425,47.119140625
5101585,45.2880859375
5114699,48.095703125
5148208,45.71533203125
5148220,44.73876953125
5789703,45.41015625
5789734,55.908203125
5789757,62.56103515625
5789789,45.0439453125
5790044,47.91259765625
5790130,44.73876953125
5790926,44.5556640625
6113273,47.2412109375
6113330,50.048828125
6113348,61.09619140625
6113376,46.7529296875
6113402,46.69189453125
6113815,47.9736328125
6114045,46.0205078125
6114264,51.81884765625
6114365,47.4853515625
6114844,47.36328125
6115449,44.61669921875
6132526,48.27880859375
6132539,53.03955078125
6132665,46.32568359375
6132922,49.9267578125
6133118,45.0439453125
6134743,45.47119140625
6384742,61.279296875
6384770,51.3916015625
6384879,58.837890625
6384897,49.62158203125
6384923,47.42431640625
6385322,56.57958984375
6403700,47.2412109375
6403765,57.9833984375
6403812,54.931640625
6403830,51.7578125
6403865,53.7109375
6403946,45.166015625
6403969,49.072265625
6403998,44.98291015625
6404251,50.1708984375
6404315,45.41015625
6404911,47.91259765625
6421605,50.6591796875
6421630,46.38671875
6421675,46.0205078125
6421697,47.7294921875
6421778,44.61669921875
6421970,55.48095703125
6602161,51.3916015625
6602236,51.025390625
6602275,53.3447265625
6602294,65.0634765625
6602307,46.56982421875
6602427,50.96435546875
6602940,45.47119140625
6602969,49.1943359375
6603114,44.677734375
6806224,44.43359375
6806268,44.86083984375
6806291,49.072265625
6806346,50.29296875
6806390,45.34912109375
6806418,45.166015625
6806504,49.072265625
6806822,46.875
6806900,44.49462890625
6806960,47.42431640625
6807207,45.2880859375
6807952,47.66845703125
6808351,48.03466796875
6824775,45.10498046875
6824811,45.10498046875
6824852,48.52294921875
6824968,46.630859375
6825081,45.22705078125
6825380,48.76708984375
6825390,50.4150390625
6826859,45.71533203125
7001426,49.25537109375
7001470,59.38720703125
7001493,44.677734375
7001528,45.10498046875
7001631,46.93603515625
7001653,46.5087890625
7001799,46.44775390625
7222789,63.53759765625
7222804,49.01123046875
7222849,52.8564453125
7222933,45.59326171875
7222961,52.3681640625
7222989,47.42431640625
7223389,46.08154296875
7223958,53.466796875
7434058,44.86083984375
7434122,50.23193359375
7434157,45.7763671875
7434201,53.16162109375
7434220,70.068359375
7434611,50.23193359375
7434852,45.22705078125
7640554,62.8662109375
7640707,50.29296875
7640771,56.0302734375
7640796,45.0439453125
7640985,48.76708984375
7642053,47.36328125
7837949,46.5087890625
7838001,51.69677734375
7838040,45.41015625
7838051,46.875
7838400,46.81396484375
7838525,48.52294921875
7838765,51.1474609375
7839019,45.0439453125
7839370,44.86083984375
7948527,52.1240234375
7948717,45.34912109375
7948925,49.37744140625
7949073,45.22705078125
7949903,44.677734375
7949979,46.38671875
7964975,45.22705078125
7965013,47.119140625
7965096,45.71533203125
7965363,44.73876953125
7965459,51.26953125
7965835,46.81396484375
7966371,46.5087890625
8020156,54.38232421875
8020353,53.52783203125
8020370,46.44775390625
8020761,46.875
8020790,47.4853515625
8022454,46.2646484375
8034978,46.38671875
8035008,49.072265625
8035041,49.6826171875
8035064,45.59326171875
8035288,62.6220703125
8035312,44.3115234375
8036269,44.677734375
8086493,54.5654296875
8086589,48.33984375
8086615,53.955078125
8086657,47.2412109375
8086726,52.8564453125
8086743,56.21337890625
8103766,44.921875
8103818,44.3115234375
8103863,55.96923828125
8103902,47.9736328125
8104031,45.654296875
8122504,55.0537109375
8122547,47.66845703125
8122842,46.08154296875
8138659,51.94091796875
8139072,47.607421875
8156364,47.91259765625
8156392,45.95947265625
8173518,54.50439453125
8173787,49.9267578125
8225546,49.4384765625
8225584,50.35400390625
8225658,58.28857421875
8225748,45.166015625
8225857,46.9970703125
9122075,61.8896484375
9122114,56.5185546875
9122169,50.47607421875
9122184,44.98291015625
9122212,45.47119140625
9122405,46.5087890625
9122998,46.9970703125
9303612,46.32568359375
9303634,44.5556640625
9303770,50.78125
9303782,60.85205078125
9303815,62.80517578125
9303845,46.142578125
9304858,45.41015625
9305057,44.921875
9324374,45.8984375
9324402,61.09619140625
9324438,47.18017578125
9324542,52.1240234375
9324554,47.8515625
9324632,46.20361328125
9324793,45.8984375
9325092,44.5556640625
9481022,46.7529296875
9481094,62.1337890625
9481134,45.34912109375
9481167,51.57470703125
9481196,54.6875
9481207,62.5
9481224,46.5087890625
9481258,62.43896484375
9481279,46.08154296875
9481325,47.05810546875
9481397,46.9970703125
9481437,48.52294921875
9482666,49.86572265625
9612650,62.68310546875
9612694,49.6826171875
9612719,54.6875
9612737,59.6923828125
9613043,50.6591796875
9613108,47.30224609375
9832083,62.19482421875
9832122,52.24609375
9832151,45.41015625
9832211,44.921875
9832654,46.81396484375
9833301,50.78125
9851184,46.875
9851300,50.1708984375
9851352,53.64990234375
9851483,46.875
9851590,44.5556640625
9851720,46.38671875
9852076,51.1474609375
9852903,45.59326171875
9868464,46.875
9868520,46.56982421875
9868957,50.537109375
10034655,44.3115234375
10034710,58.89892578125
10034725,70.80078125
10034750,44.677734375
10034808,47.91259765625
10034828,60.36376953125
10034851,57.6171875
10034889,45.95947265625
10034926,44.37255859375
10034948,50.72021484375
10057146,73.3642578125
10057182,49.98779296875
10057219,58.4716796875
10057246,45.10498046875
10057284,48.40087890625
10057585,45.5322265625
10238990,45.0439453125
10239027,55.48095703125
10239048,46.630859375
10239088,52.3681640625
10239113,47.66845703125
10239160,52.6123046875
10239203,44.37255859375
10239326,56.21337890625
10239653,44.61669921875
10239725,49.072265625
10265246,51.26953125
10265314,45.59326171875
10265359,49.13330078125
10265373,47.36328125
10265745,44.921875
10610555,47.05810546875
10610615,46.56982421875
10610652,50.72021484375
10610715,45.34912109375
10610758,54.01611328125
10610852,48.40087890625
10611296,46.9970703125
10612130,53.22265625
10612364,47.91259765625
10899499,50.29296875
10899511,51.94091796875
10899540,46.5087890625
10899557,58.2275390625
10899676,53.8330078125
10899884,45.0439453125
10900091,49.01123046875
10900228,49.072265625
10900895,46.81396484375
10901136,48.4619140625
11022352,51.08642578125
11022369,59.99755859375
11022414,44.73876953125
11022463,57.861328125
11022535,46.44775390625
11022558,47.8515625
11022652,46.69189453125
11022725,45.47119140625
11022839,51.26953125
11023138,52.734375
11023358,50.4150390625
11023596,44.7998046875
11039316,56.57958984375
11039341,51.513671875
11039392,52.30712890625
11039450,45.166015625
11039594,52.30712890625
11211887,53.64990234375
11211903,67.56591796875
11211950,48.64501953125
11211961,48.2177734375
11211979,49.9267578125
11212018,46.81396484375
11212082,47.607421875
11212291,49.25537109375
11212711,51.1474609375
11212919,47.42431640625
11566129,46.875
11566167,72.265625
11566190,53.1005859375
11566201,46.44775390625
11566245,50.84228515625
11566280,54.87060546875
11566308,48.095703125
11566368,53.5888671875
11566963,44.7998046875
11567093,45.95947265625
11568095,46.56982421875
11797413,47.4853515625
11797448,59.75341796875
11797495,46.56982421875
11797537,54.3212890625
11797626,44.61669921875
11797817,46.630859375
11798522,47.119140625
11798810,44.37255859375
11799127,45.83740234375
