11999000,0
317034,54.99267578125
491194,54.26025390625
829915,54.01611328125
1301733,54.38232421875
1712148,52.490234375
1881899,56.09130859375
2204141,55.419921875
2414351,53.64990234375
2915409,58.28857421875
2915430,61.8896484375
3678753,59.63134765625
3742738,54.3212890625
4691976,57.7392578125
6113401,56.396484375
6384910,52.734375
6602078,59.4482421875
6602351,54.3212890625
6806284,52.3681640625
8086468,60.36376953125
8225865,51.69677734375
9122139,59.99755859375
9481175,52.1240234375
9612909,57.12890625
9832108,52.42919921875
10239012,57.43408203125
10610622,55.0537109375
11566230,52.67333984375
