11999000,0
27540,51.513671875
27570,54.443359375
27645,44.00634765625
27674,53.89404296875
27758,42.724609375
27803,40.10009765625
27825,41.80908203125
28976,40.771484375
193516,43.9453125
193538,48.9501953125
193560,51.7578125
193582,40.83251953125
193610,45.8984375
193753,45.654296875
193788,48.40087890625
193844,51.20849609375
194210,42.66357421875
194855,39.97802734375
195435,41.32080078125
195582,40.83251953125
316957,40.283203125
317047,43.212890625
317118,44.49462890625
317147,45.83740234375
317244,41.56494140625
317410,43.212890625
317747,46.44775390625
317991,50.29296875
318241,40.6494140625
318469,44.49462890625
491045,51.08642578125
491123,67.138671875
491152,42.96875
491181,49.560546875
491253,43.76220703125
491288,45.0439453125
492638,39.9169921875
589874,42.1142578125
589911,47.05810546875
590040,41.259765625
590103,41.68701171875
590367,41.3818359375
591408,41.8701171875
611825,40.4052734375
611893,42.90771484375
611958,40.8935546875
612112,41.56494140625
612149,48.4619140625
612169,40.58837890625
612581,43.45703125
629335,42.66357421875
629961,43.45703125
644007,45.22705078125
644033,41.259765625
644092,43.64013671875
657327,40.46630859375
669279,47.8515625
669382,42.8466796875
681316,44.37255859375
681423,46.93603515625
694083,50.72021484375
694176,40.6494140625
705010,43.02978515625
705108,62.43896484375
716070,41.50390625
716237,40.6494140625
726938,40.10009765625
751528,40.8935546875
762911,39.85595703125
762943,42.6025390625
778071,40.1611328125
794640,42.54150390625
814075,43.51806640625
829919,43.0908203125
829961,43.701171875
861754,40.0390625
888883,43.45703125
903857,49.25537109375
903872,39.97802734375
942104,40.52734375
959486,42.3583984375
1301604,47.91259765625
1301627,40.46630859375
1301638,46.9970703125
1301775,43.0908203125
1302498,44.00634765625
1303356,40.6494140625
1304411,40.8935546875
1544263,48.88916015625
1544293,45.654296875
1544314,43.27392578125
1544340,41.50390625
1545282,52.24609375
1545471,43.5791015625
1546008,41.32080078125
1711985,40.0390625
1711999,41.9921875
1712021,50.84228515625
1712035,44.98291015625
1712058,44.5556640625
1712096,46.44775390625
1712262,55.0537109375
1712339,42.3583984375
1713454,42.41943359375
1713501,43.27392578125
1881848,51.20849609375
1881911,48.76708984375
1881944,44.98291015625
1882102,41.1376953125
1882201,44.37255859375
1882324,40.771484375
1882562,42.66357421875
1882665,42.724609375
1901420,44.86083984375
1901450,42.6025390625
1901865,45.95947265625
1902013,40.771484375
2073321,40.10009765625
2073364,43.212890625
2073469,40.4052734375
2073564,42.90771484375
2073597,44.12841796875
2073637,42.17529296875
2073731,55.60302734375
2074029,42.41943359375
2074175,41.50390625
2074547,40.8935546875
2075738,41.6259765625
2204016,40.10009765625
2204040,43.701171875
2204069,69.15283203125
2204097,48.9501953125
2204251,41.32080078125
2204271,43.701171875
2204327,49.1943359375
2204470,40.52734375
2204745,39.85595703125
2204913,42.90771484375
2328205,52.6123046875
2328230,43.8232421875
2328336,41.19873046875
2328504,42.54150390625
2328549,50.96435546875
2328857,41.07666015625
2329235,42.54150390625
2329254,47.79052734375
2329499,42.48046875
2413982,43.51806640625
2414021,44.37255859375
2414041,43.27392578125
2414088,49.072265625
2414102,41.259765625
2414190,44.189453125
2414224,45.34912109375
2414254,46.81396484375
2414537,41.015625
2414573,40.0390625
2414997,42.17529296875
2415180,46.20361328125
2490197,46.32568359375
2490304,48.7060546875
2490437,40.22216796875
2490543,40.22216796875
2490726,42.17529296875
2561853,42.724609375
2561922,39.794921875
2561948,50.29296875
2562023,55.48095703125
2562234,43.15185546875
2578674,40.34423828125
2578772,49.13330078125
2579251,41.07666015625
2595552,40.4052734375
2595599,45.5322265625
2608729,44.86083984375
2608798,41.6259765625
2624128,47.42431640625
2624165,41.68701171875
2624525,43.5791015625
2651632,56.45751953125
2651692,41.259765625
2651715,42.236328125
2677320,42.3583984375
2677539,41.9921875
2697379,40.6494140625
2697427,40.4052734375
2711692,50.78125
2711739,40.4052734375
2725636,41.80908203125
2738071,45.59326171875
2738306,42.41943359375
2751568,40.6494140625
2782587,43.15185546875
2798107,51.33056640625
2817391,40.58837890625
2817675,41.32080078125
2837298,40.771484375
2915403,74.40185546875
2915424,79.89501953125
2915461,41.80908203125
3343324,46.38671875
3343374,44.7998046875
3343412,43.3349609375
3343427,51.45263671875
3343558,41.07666015625
3343675,45.83740234375
3343893,44.5556640625
3344628,41.32080078125
3344654,40.6494140625
3345187,40.1611328125
3345373,45.10498046875
3510272,54.01611328125
3510310,61.70654296875
3510326,60.302734375
3510360,52.06298828125
3510379,44.189453125
3510429,44.677734375
3510442,41.3818359375
3510467,43.45703125
3510484,52.490234375
3510515,53.64990234375
3510727,41.68701171875
3511350,44.25048828125
3511496,40.283203125
3513761,40.0390625
3678798,44.677734375
3678823,46.20361328125
3678850,39.794921875
3678885,44.0673828125
3678932,41.68701171875
3678977,40.95458984375
3679021,45.47119140625
3679401,41.3818359375
3679550,40.0390625
3679696,45.166015625
3679831,41.07666015625
3696797,42.3583984375
3697130,41.1376953125
3697270,39.794921875
3698015,40.0390625
3712522,41.19873046875
3743178,40.771484375
3768818,40.283203125
3768860,40.52734375
3769067,40.34423828125
3782953,42.8466796875
3783012,42.29736328125
3783119,40.52734375
3783256,41.1376953125
3783487,42.48046875
3807520,43.51806640625
3807545,42.96875
3807815,40.22216796875
3838032,42.1142578125
3838161,40.52734375
3852303,40.1611328125
3852363,43.3349609375
4403273,43.15185546875
4403382,41.1376953125
4403409,57.43408203125
4403478,42.6025390625
4403520,50.23193359375
4404103,40.71044921875
4404341,44.00634765625
4404917,40.71044921875
4691955,40.83251953125
4691980,47.119140625
4692055,40.52734375
4692097,40.771484375
4692123,42.236328125
4692146,40.0390625
4692236,44.37255859375
4692549,42.17529296875
4942313,49.49951171875
4942346,42.8466796875
4942378,40.1611328125
4942493,39.85595703125
4942545,39.794921875
4942571,49.9267578125
4942697,39.9169921875
4943045,43.212890625
4961004,47.79052734375
4961055,44.7998046875
4961096,49.4384765625
4961119,50.84228515625
4961155,58.41064453125
4961339,44.49462890625
4961360,40.283203125
4961441,41.93115234375
4961492,40.4052734375
4980697,46.56982421875
4995165,48.2177734375
4995259,44.37255859375
4995332,42.236328125
4996189,44.677734375
5009693,42.90771484375
5022387,40.52734375
5038891,41.8701171875
5038913,40.46630859375
5039058,41.93115234375
5051521,40.95458984375
5051539,40.46630859375
5051583,41.80908203125
5052019,40.1611328125
5064806,39.85595703125
5075838,43.51806640625
5101412,42.48046875
5101437,50.6591796875
5101469,42.29736328125
5114713,40.1611328125
5131311,41.8701171875
5789602,42.05322265625
5789633,52.978515625
5789663,44.98291015625
5789732,40.4052734375
5789763,47.2412109375
5789774,41.44287109375
5789892,45.71533203125
5790039,46.44775390625
5790400,42.3583984375
5790996,41.32080078125
5791812,40.83251953125
6113336,40.0390625
6113350,52.24609375
6113367,40.283203125
6113394,44.5556640625
6113435,53.52783203125
6113494,39.9169921875
6113747,42.66357421875
6114727,52.1240234375
6132520,46.9970703125
6132597,41.07666015625
6132684,40.283203125
6132708,45.83740234375
6132784,43.76220703125
6132812,64.5751953125
6132904,40.83251953125
6133003,41.93115234375
6384700,46.9970703125
6384728,45.10498046875
6384929,43.64013671875
6385040,40.6494140625
6403639,41.56494140625
6403830,67.9931640625
6403947,42.90771484375
6404315,47.66845703125
6404678,42.236328125
6405516,40.771484375
6421607,40.771484375
6421729,43.8232421875
6421784,49.37744140625
6421818,40.71044921875
6421857,40.58837890625
6602151,42.724609375
6602206,40.58837890625
6602265,44.25048828125
6602284,42.236328125
6602351,50.29296875
6602417,42.66357421875
6602467,40.95458984375
6602621,44.3115234375
6603110,44.37255859375
6806236,43.76220703125
6806277,51.025390625
6806288,48.52294921875
6806369,41.6259765625
6806428,43.88427734375
6806561,39.85595703125
6807369,46.32568359375
6824913,49.13330078125
6825025,42.1142578125
6825317,39.9169921875
6825492,42.54150390625
7001366,45.22705078125
7001425,45.8984375
7001570,43.5791015625
7001651,39.794921875
7001794,48.27880859375
7003531,39.794921875
7222724,44.73876953125
7222775,50.048828125
7222830,40.1611328125
7222882,42.41943359375
7222966,44.7998046875
7223301,41.748046875
7223599,40.22216796875
7224382,42.96875
7434047,45.22705078125
7434062,40.0390625
7434110,53.52783203125
7434167,42.48046875
7434186,41.80908203125
7434197,41.56494140625
7434235,43.3349609375
7434276,41.19873046875
7434368,46.2646484375
7434725,46.81396484375
7434746,44.73876953125
7434902,42.54150390625
7640538,42.05322265625
7640552,48.88916015625
7640576,40.46630859375
7640631,42.78564453125
7640667,42.66357421875
7640688,41.93115234375
7640730,58.10546875
7641753,40.52734375
7641933,43.212890625
7642444,40.1611328125
7837929,41.015625
7837964,40.46630859375
7838011,40.283203125
7838042,42.8466796875
7838245,39.794921875
7948413,41.68701171875
7948493,40.10009765625
7948525,58.2275390625
7948570,42.54150390625
7948591,42.1142578125
7948606,47.30224609375
7948625,43.27392578125
7948655,43.0908203125
7948811,42.29736328125
7948908,40.71044921875
7949078,43.27392578125
7949166,40.6494140625
7949257,41.56494140625
7965020,40.0390625
7965067,43.0908203125
7965164,39.794921875
7965210,44.921875
7965559,40.10009765625
7966396,44.0673828125
8020185,48.40087890625
8020236,45.654296875
8020250,43.51806640625
8020302,51.20849609375
8020733,40.34423828125
8020864,49.4384765625
8021025,41.8701171875
8021130,40.58837890625
8021532,41.68701171875
8034952,44.61669921875
8034964,42.29736328125
8035002,51.025390625
8035023,49.072265625
8035075,49.6826171875
8035183,41.259765625
8086579,47.18017578125
8086607,44.61669921875
8086653,40.283203125
8087077,40.0390625
8087757,42.8466796875
8087772,40.283203125
8088736,42.6025390625
8089124,40.4052734375
8122393,42.1142578125
8122430,46.5087890625
8122477,42.05322265625
8122615,41.32080078125
8122698,46.32568359375
8123312,43.8232421875
8138579,40.10009765625
8138611,43.5791015625
8138653,42.29736328125
8138679,44.00634765625
8138776,46.875
8138973,41.748046875
8156059,52.06298828125
8156084,42.6025390625
8156157,44.189453125
8156193,42.724609375
8173504,40.771484375
8173939,39.794921875
8225509,44.86083984375
8225579,41.80908203125
8225608,44.98291015625
8226622,40.52734375
8227746,39.794921875
9121998,60.1806640625
9122016,51.26953125
9122075,42.48046875
9122100,48.2177734375
9122269,40.1611328125
9123188,41.32080078125
9303610,43.3349609375
9303678,44.61669921875
9303695,46.44775390625
9303710,53.40576171875
9303745,47.91259765625
9303763,44.5556640625
9303775,46.69189453125
9303815,56.7626953125
9303941,40.1611328125
9304770,41.6259765625
9304876,40.10009765625
9324441,59.38720703125
9324506,46.20361328125
9324542,46.875
9324805,42.54150390625
9481004,39.85595703125
9481048,51.513671875
9481076,43.8232421875
9481136,56.396484375
9481171,54.8095703125
9481183,49.6826171875
9482139,40.4052734375
9612652,42.66357421875
9612669,41.8701171875
9612686,49.072265625
9612810,40.71044921875
9612867,58.59375
9612887,40.1611328125
9613057,41.68701171875
9613329,48.88916015625
9613639,40.34423828125
9832070,42.05322265625
9832116,44.189453125
9832155,50.10986328125
9832222,39.794921875
9832238,43.15185546875
9832470,41.9921875
9832511,44.37255859375
9851187,40.10009765625
9851275,42.66357421875
9851348,48.4619140625
9852077,40.46630859375
9852228,48.40087890625
9852979,41.07666015625
9868464,47.42431640625
9868646,44.00634765625
9868669,41.1376953125
9869104,47.30224609375
9869566,41.50390625
10034692,43.701171875
10034712,55.2978515625
10034731,46.630859375
10034747,46.32568359375
10034887,43.5791015625
10034935,42.29736328125
10035384,42.724609375
10057063,40.22216796875
10057132,53.52783203125
10057161,46.69189453125
10057218,43.212890625
10057282,48.52294921875
10057479,41.32080078125
10057750,43.76220703125
10057973,44.49462890625
10238937,42.41943359375
10239046,41.259765625
10239097,40.4052734375
10239137,42.66357421875
10239157,39.794921875
10239199,41.50390625
10239326,40.83251953125
10239722,40.10009765625
10265251,39.9169921875
10265333,49.6826171875
10265504,40.771484375
10265741,42.29736328125
10265820,40.4052734375
10610530,45.10498046875
10610596,42.3583984375
10610615,52.91748046875
10610639,42.17529296875
10610667,53.3447265625
10610704,40.4052734375
10610854,41.50390625
10612551,40.8935546875
10899497,49.13330078125
10899512,44.0673828125
10899609,42.8466796875
10899620,40.71044921875
10899800,44.00634765625
10899869,42.41943359375
11022363,41.07666015625
11022379,46.5087890625
11022464,46.69189453125
11022559,55.17578125
11039256,40.0390625
11039388,41.68701171875
11039594,44.49462890625
11039637,43.0908203125
11211842,41.32080078125
11211901,44.43359375
11211981,43.02978515625
11212054,42.8466796875
11212087,45.2880859375
11212170,44.12841796875
11212256,46.38671875
11566117,42.17529296875
11566130,47.54638671875
11566319,49.8046875
11568117,42.48046875
11797412,41.1376953125
11797506,41.93115234375
11797531,43.39599609375
11797557,45.22705078125
11797616,39.9169921875
11797715,51.3916015625
