11999000,0
27517,53.89404296875
27775,56.57958984375
28602,61.95068359375
193654,51.26953125
193747,50.96435546875
193849,52.42919921875
194506,55.48095703125
316884,57.4951171875
316991,56.7626953125
317201,54.5654296875
317999,60.85205078125
318017,54.19921875
491103,52.24609375
491274,54.99267578125
589871,57.80029296875
611989,58.28857421875
613237,56.45751953125
629490,58.41064453125
630024,50.9033203125
644614,58.16650390625
657669,59.63134765625
669458,56.5185546875
670026,50.9033203125
694311,54.26025390625
705223,57.43408203125
763338,52.24609375
794821,55.35888671875
814178,65.00244140625
845159,56.396484375
1301588,77.1484375
1301740,56.15234375
1302077,51.08642578125
1302755,57.67822265625
1303484,50.59814453125
1544237,51.45263671875
1544247,57.18994140625
1544293,56.21337890625
1544637,56.0302734375
1712028,52.8564453125
1712318,53.955078125
1712391,52.55126953125
1712872,51.45263671875
1881791,51.025390625
1881862,53.22265625
1881910,59.02099609375
1882232,51.025390625
1882771,52.55126953125
1901483,51.025390625
2073340,54.19921875
2073399,77.81982421875
2073724,55.23681640625
2204020,51.6357421875
2204069,75.25634765625
2328122,62.56103515625
2414030,50.78125
2414632,55.2978515625
2415194,53.22265625
2561862,54.443359375
2578817,50.6591796875
2608925,56.21337890625
2624206,55.908203125
2636854,68.78662109375
2651754,57.43408203125
2677537,52.001953125
2725584,58.2275390625
2751632,57.6171875
2915415,81.4208984375
3343374,57.06787109375
3343505,58.4716796875
3510282,69.76318359375
3678793,51.45263671875
3679094,54.01611328125
3679798,53.1005859375
3696837,63.5986328125
3712959,52.6123046875
3729433,56.82373046875
3729940,60.9130859375
3743203,56.7626953125
3768897,52.001953125
3769288,51.33056640625
3795520,63.78173828125
3795845,54.8095703125
3820422,51.20849609375
3838451,53.5888671875
3852404,54.3212890625
3852905,51.8798828125
3888170,53.03955078125
4403174,56.82373046875
4403303,62.07275390625
4403403,52.734375
4403441,51.33056640625
4691919,51.20849609375
4692553,52.8564453125
4696254,51.94091796875
4942329,53.7109375
4942395,52.490234375
4942460,50.96435546875
4942592,65.12451171875
4961036,52.91748046875
4961278,61.03515625
4979966,54.99267578125
4980054,58.77685546875
4995226,53.1005859375
4995553,51.7578125
4995945,57.80029296875
5009844,58.04443359375
5009981,51.81884765625
5010768,52.91748046875
5022468,53.40576171875
5038945,53.1005859375
5039654,57.4951171875
5064615,52.18505859375
5088303,60.85205078125
5088713,54.5654296875
5101454,65.24658203125
5131396,56.2744140625
5789623,74.70703125
5790364,61.4013671875
5794133,51.57470703125
6113280,55.72509765625
6113295,53.28369140625
6113317,56.0302734375
6113410,56.15234375
6132532,52.30712890625
6132836,54.8095703125
6133094,57.55615234375
6384701,52.490234375
6384762,51.08642578125
6384925,57.67822265625
6385364,50.96435546875
6403724,64.63623046875
6421633,52.18505859375
6421918,59.75341796875
6422600,61.95068359375
6602179,77.1484375
6602207,60.791015625
6602297,51.08642578125
6602411,51.33056640625
6603810,50.84228515625
6806235,53.89404296875
6806246,61.34033203125
6806445,51.94091796875
6825052,60.24169921875
6826243,54.19921875
7001372,50.47607421875
7001713,51.33056640625
7222750,57.06787109375
7222848,57.373046875
7222875,55.23681640625
7434118,54.19921875
7434156,56.94580078125
7434213,56.57958984375
7640560,71.77734375
7837880,51.513671875
7837946,66.22314453125
7838182,59.6923828125
7948478,82.51953125
7948588,52.18505859375
7948701,56.7626953125
7949210,52.6123046875
7951917,50.96435546875
7965087,55.11474609375
7965141,61.95068359375
7965193,53.8330078125
7965476,65.12451171875
8020293,51.6357421875
8020345,55.84716796875
8020449,51.6357421875
8035036,59.5703125
8035485,65.61279296875
8086475,51.08642578125
8103871,51.8798828125
8123431,57.92236328125
8138694,65.91796875
8156145,53.40576171875
8174404,51.025390625
8225565,59.26513671875
8226366,56.21337890625
9121957,61.46240234375
9122047,60.72998046875
9122081,69.76318359375
9303650,60.1806640625
9303764,60.48583984375
9303835,54.99267578125
9324377,61.5234375
9325203,58.16650390625
9481015,70.4345703125
9481249,57.06787109375
9481280,51.33056640625
9612662,57.92236328125
9612916,50.6591796875
9832077,57.861328125
9832110,52.91748046875
9832881,56.33544921875
9851280,53.5888671875
9851561,52.734375
9851867,55.6640625
9868943,56.0302734375
10034690,56.45751953125
10035212,58.28857421875
10036229,51.69677734375
10057131,63.4765625
10238957,56.884765625
10239052,53.22265625
10240432,67.07763671875
10265297,56.7626953125
10610552,54.62646484375
10610602,54.99267578125
10899483,75.62255859375
11022378,64.0869140625
11211835,77.1484375
11211914,56.15234375
11213161,59.26513671875
11566135,50.72021484375
11566166,57.31201171875
11566186,52.79541015625
11566286,50.6591796875
11797451,61.8896484375
11797497,57.67822265625
11797539,54.99267578125
11797750,54.931640625
