11999000,0
27470,45.654296875
27488,36.0107421875
27554,44.73876953125
27570,37.53662109375
27596,45.10498046875
27666,41.80908203125
27685,42.90771484375
27726,48.40087890625
27795,33.87451171875
27817,32.470703125
27984,33.5693359375
28058,35.46142578125
28078,36.92626953125
28133,32.77587890625
28285,32.3486328125
28334,36.19384765625
28486,33.0810546875
28645,36.31591796875
28742,37.9638671875
28809,32.5927734375
28870,35.09521484375
28948,34.60693359375
29191,35.82763671875
29303,32.77587890625
29799,33.50830078125
30858,36.80419921875
31709,34.60693359375
33204,32.3486328125
193467,49.13330078125
193516,34.7900390625
193534,35.888671875
193560,38.4521484375
193578,34.66796875
193603,36.43798828125
193636,49.31640625
193666,38.2080078125
193690,38.330078125
193705,32.40966796875
193739,33.14208984375
193770,33.50830078125
193872,37.29248046875
193916,37.04833984375
193941,39.00146484375
194069,32.40966796875
194122,36.56005859375
194153,35.5224609375
194218,35.888671875
194345,32.71484375
194487,43.02978515625
194598,36.80419921875
194704,37.353515625
194826,33.447265625
194913,34.72900390625
195015,33.87451171875
195111,34.66796875
195300,34.423828125
195371,38.2080078125
195478,38.818359375
195566,34.66796875
195730,35.2783203125
196136,32.89794921875
196247,36.0107421875
196838,32.65380859375
197019,33.63037109375
198455,36.376953125
199717,34.66796875
316794,34.11865234375
316843,39.1845703125
316867,45.10498046875
316898,45.41015625
316915,32.40966796875
316928,37.53662109375
316953,33.50830078125
316983,37.9638671875
317008,37.109375
317048,33.447265625
317062,56.2744140625
317093,37.53662109375
317116,41.9921875
317135,33.26416015625
317152,34.7900390625
317221,33.99658203125
317306,40.8935546875
317324,47.7294921875
317454,36.376953125
317693,36.2548828125
317706,32.77587890625
317782,38.63525390625
317885,34.66796875
317968,32.8369140625
318090,35.09521484375
318127,33.63037109375
318267,36.19384765625
318306,39.73388671875
318529,41.80908203125
318605,33.87451171875
318722,48.88916015625
318794,34.1796875
318982,38.2080078125
319245,32.65380859375
319323,33.75244140625
319477,42.96875
319595,36.07177734375
319945,33.0810546875
320352,47.2412109375
321104,32.89794921875
323373,34.5458984375
490926,32.71484375
490960,44.12841796875
491040,38.02490234375
491079,52.18505859375
491102,38.75732421875
491131,47.7294921875
491185,36.62109375
491231,35.09521484375
491269,37.9638671875
491360,40.771484375
491446,34.36279296875
491519,38.87939453125
491732,35.21728515625
491788,41.44287109375
491922,35.2783203125
491936,36.2548828125
492075,33.38623046875
492148,33.935546875
492215,34.66796875
492355,32.89794921875
492398,32.77587890625
492514,32.89794921875
492606,32.8369140625
492699,35.82763671875
492715,33.3251953125
492777,40.95458984375
492906,32.65380859375
493415,39.4287109375
493487,45.2880859375
493642,34.36279296875
493724,39.00146484375
493900,35.70556640625
494214,34.1796875
495083,43.64013671875
496964,33.50830078125
589543,37.4755859375
589697,36.80419921875
589713,32.65380859375
589741,42.6025390625
589799,40.10009765625
589847,33.69140625
589887,38.87939453125
589917,43.02978515625
589939,33.14208984375
589954,43.212890625
589978,37.7197265625
590005,40.771484375
590058,40.771484375
590087,35.7666015625
590232,33.99658203125
590300,33.50830078125
590594,37.53662109375
590639,43.45703125
590726,36.07177734375
590799,35.70556640625
590848,32.65380859375
590905,34.72900390625
591221,34.36279296875
591387,39.12353515625
591543,48.03466796875
592323,34.36279296875
592366,33.26416015625
592528,32.40966796875
592630,33.203125
592705,32.53173828125
592907,33.02001953125
593762,34.48486328125
594855,35.15625
611888,41.19873046875
611915,48.27880859375
611954,33.14208984375
611991,34.97314453125
612003,37.04833984375
612030,32.77587890625
612066,40.283203125
612106,38.02490234375
612128,38.4521484375
612247,42.236328125
612280,33.0810546875
612331,34.97314453125
612520,35.400390625
612573,33.69140625
612880,34.72900390625
612973,41.015625
613001,34.7900390625
613145,35.09521484375
613310,32.3486328125
613406,33.75244140625
613531,32.470703125
613854,35.58349609375
614063,33.8134765625
614264,32.958984375
629329,36.376953125
629367,36.07177734375
629409,46.08154296875
629441,37.841796875
629463,34.11865234375
629541,36.4990234375
629665,32.3486328125
629680,33.87451171875
629801,33.0810546875
629852,35.400390625
630186,34.97314453125
630432,37.65869140625
630867,33.5693359375
631650,32.3486328125
643851,34.5458984375
643921,39.4287109375
644273,37.4755859375
644571,37.9638671875
644599,36.19384765625
644655,51.26953125
644763,38.0859375
646364,34.1796875
657103,38.6962890625
657248,34.66796875
657270,33.99658203125
657288,38.02490234375
657382,32.65380859375
657478,33.02001953125
657581,34.912109375
657707,32.65380859375
658170,33.38623046875
658256,33.0810546875
658300,32.3486328125
658928,32.3486328125
659759,33.203125
659939,37.04833984375
669094,33.38623046875
669311,35.94970703125
669331,35.64453125
669376,34.36279296875
669388,33.63037109375
669412,33.935546875
669678,35.70556640625
669933,39.24560546875
670022,32.71484375
670773,35.7666015625
681232,33.935546875
681349,35.09521484375
681384,36.1328125
681458,35.0341796875
681590,34.423828125
681617,33.5693359375
682246,34.60693359375
682513,32.3486328125
693853,33.75244140625
694185,33.0810546875
694223,42.54150390625
694314,37.4755859375
694385,33.5693359375
694459,39.306640625
704925,35.400390625
704971,37.841796875
705142,37.41455078125
705223,35.46142578125
716198,38.330078125
716268,41.1376953125
716353,34.36279296875
717295,35.7666015625
726584,35.64453125
726687,38.2080078125
726796,33.14208984375
726853,32.470703125
726960,33.63037109375
727153,37.17041015625
727245,32.53173828125
739394,37.353515625
739439,32.89794921875
739595,38.51318359375
739678,37.78076171875
739752,34.72900390625
739786,37.53662109375
740289,33.14208984375
750968,34.3017578125
751215,35.0341796875
751368,39.6728515625
751431,41.07666015625
751900,35.0341796875
752012,36.865234375
762812,38.26904296875
762953,33.203125
762983,42.1142578125
763054,34.72900390625
763083,32.40966796875
763310,39.24560546875
763427,38.6962890625
764100,36.07177734375
764654,32.71484375
777812,35.2783203125
778040,33.63037109375
778070,32.40966796875
778090,32.40966796875
778137,32.89794921875
778254,33.75244140625
778353,39.24560546875
778423,35.7666015625
778978,36.2548828125
779118,38.26904296875
780511,32.958984375
794473,37.7197265625
794577,43.8232421875
794723,35.0341796875
794889,36.92626953125
795213,34.60693359375
795342,34.1796875
795371,33.935546875
814051,33.02001953125
814199,36.1328125
814267,33.0810546875
814313,34.97314453125
815564,34.5458984375
829892,36.7431640625
829984,37.90283203125
830034,37.29248046875
830201,33.8134765625
830388,37.29248046875
830498,33.0810546875
831319,33.14208984375
844960,33.50830078125
845112,33.14208984375
845189,36.31591796875
845299,33.38623046875
845396,36.7431640625
845525,36.865234375
845778,39.73388671875
846339,36.43798828125
861592,33.5693359375
861814,37.9638671875
862121,36.4990234375
862378,37.7197265625
862761,34.24072265625
874987,33.14208984375
875052,32.71484375
875218,32.40966796875
888487,41.259765625
888538,39.306640625
888674,33.203125
888759,37.04833984375
888777,32.40966796875
888996,34.72900390625
889426,34.97314453125
903426,35.0341796875
903770,41.32080078125
903880,32.470703125
904175,36.68212890625
904230,40.0390625
904265,33.26416015625
905263,33.02001953125
923459,37.53662109375
923498,37.4755859375
923584,34.11865234375
923644,35.0341796875
923786,35.21728515625
924306,40.58837890625
925029,32.470703125
926719,33.3251953125
941823,33.38623046875
941921,36.4990234375
942464,34.97314453125
942620,41.259765625
942714,34.72900390625
942981,33.69140625
959341,35.09521484375
959380,32.8369140625
959538,32.8369140625
959753,33.99658203125
960119,35.58349609375
1120150,33.14208984375
1181043,32.958984375
1301451,35.400390625
1301506,50.59814453125
1301524,41.44287109375
1301553,37.841796875
1301570,40.34423828125
1301590,45.7763671875
1301615,44.37255859375
1301664,44.7998046875
1301706,32.8369140625
1301752,51.20849609375
1301801,36.68212890625
1301835,34.3017578125
1301928,32.470703125
1301977,36.68212890625
1302029,39.12353515625
1302079,33.203125
1302161,33.3251953125
1302213,35.0341796875
1302296,34.97314453125
1302391,33.63037109375
1302541,36.376953125
1302607,32.40966796875
1302735,33.26416015625
1302989,40.4052734375
1303052,33.3251953125
1303253,33.02001953125
1303368,38.4521484375
1303448,40.283203125
1303566,33.50830078125
1303652,32.53173828125
1303873,37.29248046875
1304046,35.15625
1304165,34.85107421875
1304585,34.66796875
1304716,33.87451171875
1306590,33.14208984375
1544156,37.41455078125
1544195,48.76708984375
1544223,44.73876953125
1544237,39.6728515625
1544255,35.2783203125
1544273,43.64013671875
1544289,33.3251953125
1544366,34.7900390625
1544410,37.59765625
1544424,35.888671875
1544472,36.1328125
1544489,35.70556640625
1544562,34.7900390625
1544600,41.015625
1544627,36.1328125
1544668,46.81396484375
1544742,44.98291015625
1544796,39.1845703125
1544883,43.45703125
1545061,32.65380859375
1545628,36.0107421875
1545850,41.56494140625
1545901,35.7666015625
1545975,36.56005859375
1546025,32.470703125
1546140,33.26416015625
1546235,35.09521484375
1546273,32.5927734375
1546579,43.88427734375
1546610,42.236328125
1546632,32.77587890625
1546778,44.189453125
1546854,35.21728515625
1546903,36.62109375
1547137,34.423828125
1547643,32.470703125
1547853,35.7666015625
1548162,33.3251953125
1549054,35.0341796875
1711973,44.86083984375
1712017,35.46142578125
1712044,40.95458984375
1712087,34.0576171875
1712101,44.677734375
1712135,33.5693359375
1712168,46.7529296875
1712181,40.71044921875
1712263,33.0810546875
1712289,42.17529296875
1712306,33.38623046875
1712545,38.26904296875
1712621,33.02001953125
1712640,36.07177734375
1712730,33.935546875
1712965,39.97802734375
1713072,34.423828125
1713254,33.63037109375
1713311,48.7060546875
1713473,34.5458984375
1713596,39.1845703125
1714026,32.470703125
1714087,33.203125
1714125,33.203125
1714194,35.21728515625
1714350,35.09521484375
1715969,33.63037109375
1717454,33.87451171875
1718633,32.5927734375
1881737,34.7900390625
1881765,37.59765625
1881870,46.81396484375
1881886,35.46142578125
1881919,38.02490234375
1881947,42.66357421875
1881990,41.50390625
1882021,34.36279296875
1882033,34.912109375
1882085,44.7998046875
1882107,40.52734375
1882176,34.423828125
1882282,35.33935546875
1882407,33.87451171875
1882582,34.423828125
1882641,32.53173828125
1883091,33.203125
1883425,36.07177734375
1883482,42.3583984375
1883819,35.46142578125
1883940,32.71484375
1884096,33.3251953125
1884784,37.59765625
1884930,38.51318359375
1885181,34.3017578125
1886276,35.09521484375
1901311,37.53662109375
1901352,33.50830078125
1901396,41.259765625
1901426,58.16650390625
1901556,33.935546875
1901608,34.11865234375
1901724,41.50390625
1901800,32.53173828125
1901950,48.095703125
1902061,32.5927734375
1902098,32.77587890625
1902126,36.31591796875
1902270,40.1611328125
1902328,34.0576171875
1902607,39.12353515625
1902674,33.203125
1902853,33.50830078125
1902919,34.24072265625
1903333,33.935546875
1903629,35.64453125
1904302,32.65380859375
2073256,34.85107421875
2073283,38.63525390625
2073326,35.33935546875
2073359,40.0390625
2073419,40.4052734375
2073461,35.21728515625
2073494,44.73876953125
2073568,36.43798828125
2073604,36.9873046875
2073635,34.97314453125
2073713,46.44775390625
2073746,41.07666015625
2073825,35.09521484375
2073983,46.08154296875
2074093,33.38623046875
2074170,34.85107421875
2074262,34.0576171875
2074315,39.12353515625
2074702,36.62109375
2074790,39.0625
2074882,33.69140625
2075081,36.0107421875
2075867,34.48486328125
2076402,39.9169921875
2076539,32.470703125
2076679,34.423828125
2076812,50.72021484375
2076926,34.423828125
2077584,34.97314453125
2183181,35.70556640625
2203892,36.9873046875
2203934,36.62109375
2204003,34.0576171875
2204022,38.6962890625
2204044,33.5693359375
2204070,34.11865234375
2204092,38.26904296875
2204138,45.83740234375
2204184,39.6728515625
2204237,36.31591796875
2204341,45.71533203125
2204459,37.04833984375
2204537,41.93115234375
2204586,36.865234375
2204740,33.75244140625
2204814,33.14208984375
2204846,32.77587890625
2205225,34.5458984375
2205281,43.9453125
2205341,35.94970703125
2205426,32.77587890625
2205554,36.4990234375
2205613,32.3486328125
2205689,32.89794921875
2205819,34.48486328125
2205887,32.40966796875
2206013,34.3017578125
2206542,32.8369140625
2206813,35.58349609375
2328099,34.0576171875
2328157,38.57421875
2328167,46.142578125
2328185,39.6728515625
2328202,36.68212890625
2328249,38.9404296875
2328275,40.71044921875
2328290,36.7431640625
2328322,34.7900390625
2328351,34.1796875
2328391,33.75244140625
2328430,36.31591796875
2328482,32.40966796875
2328575,34.72900390625
2328666,33.69140625
2328758,35.82763671875
2328809,36.4990234375
2328851,33.447265625
2328863,47.66845703125
2328975,33.8134765625
2329242,39.24560546875
2329922,33.0810546875
2330269,39.4287109375
2330419,33.5693359375
2330812,42.17529296875
2330884,37.41455078125
2331929,34.0576171875
2413838,33.935546875
2413934,36.07177734375
2413979,50.84228515625
2414021,37.53662109375
2414063,35.09521484375
2414092,41.19873046875
2414133,43.15185546875
2414149,39.0625
2414198,33.447265625
2414227,32.53173828125
2414251,36.31591796875
2414284,40.52734375
2414382,32.470703125
2414401,36.07177734375
2414516,34.423828125
2414542,33.8134765625
2414793,37.7197265625
2414910,33.99658203125
2414989,36.68212890625
2415038,32.3486328125
2415124,32.470703125
2415184,33.5693359375
2415378,34.97314453125
2415435,33.0810546875
2415521,37.109375
2415590,33.87451171875
2415658,33.447265625
2415846,33.14208984375
2416124,32.77587890625
2416205,33.203125
2416297,33.38623046875
2416439,49.01123046875
2416621,33.63037109375
2416844,32.5927734375
2418161,33.0810546875
2490075,35.7666015625
2490094,33.5693359375
2490115,36.9873046875
2490179,50.47607421875
2490232,36.19384765625
2490271,35.09521484375
2490306,36.19384765625
2490361,41.8701171875
2490384,34.912109375
2490439,42.236328125
2490521,41.8701171875
2490599,32.470703125
2490670,34.97314453125
2490739,35.7666015625
2490854,34.48486328125
2490928,36.07177734375
2490999,38.63525390625
2491065,32.470703125
2491324,44.7998046875
2491420,37.353515625
2491485,32.77587890625
2491785,36.1328125
2494057,34.5458984375
2561710,43.39599609375
2561801,42.90771484375
2561833,38.818359375
2561852,33.447265625
2561895,35.7666015625
2561946,37.41455078125
2561986,32.5927734375
2562029,32.65380859375
2562059,34.5458984375
2562096,32.65380859375
2562129,35.46142578125
2562166,41.44287109375
2562177,38.4521484375
2562235,35.15625
2562288,36.56005859375
2562356,33.99658203125
2562374,34.72900390625
2562417,34.48486328125
2562509,36.80419921875
2562675,35.82763671875
2562888,32.5927734375
2563073,35.82763671875
2563474,34.423828125
2563570,34.0576171875
2564105,43.212890625
2564428,34.7900390625
2564872,36.68212890625
2565247,39.00146484375
2565364,44.12841796875
2578662,33.203125
2578708,45.71533203125
2578942,34.912109375
2579114,43.8232421875
2579496,33.75244140625
2579592,34.48486328125
2579712,34.0576171875
2579777,38.63525390625
2580104,34.11865234375
2580217,34.11865234375
2580877,32.5927734375
2581771,35.400390625
2595562,41.9921875
2595600,32.470703125
2595637,37.53662109375
2595657,33.69140625
2595909,34.72900390625
2595942,32.958984375
2595972,34.11865234375
2596046,35.64453125
2596202,36.92626953125
2596243,36.0107421875
2596397,41.50390625
2596413,35.7666015625
2596870,37.841796875
2597840,33.3251953125
2598225,34.3017578125
2608832,42.724609375
2608989,36.376953125
2609047,32.3486328125
2609070,32.89794921875
2609479,35.2783203125
2609960,36.865234375
2624012,33.8134765625
2624120,33.63037109375
2624156,35.7666015625
2624233,35.94970703125
2624297,39.9169921875
2624369,34.0576171875
2624391,34.3017578125
2624417,33.8134765625
2624680,35.7666015625
2624757,44.00634765625
2625222,36.7431640625
2625362,33.99658203125
2636451,38.9404296875
2636466,32.53173828125
2636537,36.9873046875
2637129,32.3486328125
2637714,33.02001953125
2637886,33.69140625
2651585,40.83251953125
2651741,40.1611328125
2651772,33.26416015625
2651910,33.203125
2662624,33.63037109375
2662673,33.8134765625
2662712,39.36767578125
2662740,34.48486328125
2662946,39.6728515625
2677316,33.0810546875
2677375,38.2080078125
2677447,34.5458984375
2677541,37.2314453125
2677777,36.19384765625
2678315,32.470703125
2696868,33.14208984375
2696916,33.50830078125
2696930,39.0625
2697016,36.43798828125
2697076,34.912109375
2697259,32.89794921875
2697279,36.9873046875
2697397,32.65380859375
2697903,34.85107421875
2698059,39.61181640625
2698264,34.423828125
2711558,35.46142578125
2711672,33.63037109375
2711794,34.66796875
2711829,33.203125
2712017,32.77587890625
2712694,34.5458984375
2712827,32.958984375
2725378,35.7666015625
2725554,39.61181640625
2725694,40.52734375
2726043,33.203125
2738204,32.65380859375
2738348,34.36279296875
2738528,42.48046875
2738637,46.5087890625
2738838,34.912109375
2751384,34.48486328125
2751445,35.64453125
2751541,34.1796875
2751877,33.447265625
2752984,34.0576171875
2753248,33.63037109375
2766631,32.65380859375
2766968,37.90283203125
2767080,32.8369140625
2767159,32.3486328125
2767341,32.71484375
2767438,37.29248046875
2767882,33.99658203125
2769077,35.58349609375
2782562,33.50830078125
2782609,35.888671875
2782741,42.29736328125
2782755,33.935546875
2782873,35.70556640625
2783712,33.87451171875
2798203,33.3251953125
2798318,35.09521484375
2798368,33.8134765625
2798449,43.02978515625
2798552,35.46142578125
2799133,36.07177734375
2799454,35.82763671875
2817424,33.447265625
2817505,33.63037109375
2817660,37.41455078125
2817792,32.8369140625
2818095,34.423828125
2837177,33.38623046875
2837407,36.62109375
2837507,32.71484375
2837691,34.66796875
2837796,32.77587890625
2915409,58.7158203125
2915429,100.64697265625
2915451,41.9921875
2915464,35.94970703125
3343252,35.400390625
3343288,44.86083984375
3343310,44.7998046875
3343336,34.11865234375
3343364,39.61181640625
3343423,35.2783203125
3343487,35.7666015625
3343539,34.11865234375
3343602,36.7431640625
3343645,34.48486328125
3343692,35.82763671875
3343749,48.33984375
3343903,34.85107421875
3344400,33.99658203125
3344471,34.912109375
3344540,38.57421875
3344872,32.40966796875
3344909,36.0107421875
3345026,38.0859375
3345258,33.14208984375
3345287,33.14208984375
3345544,35.7666015625
3345687,38.2080078125
3345822,32.40966796875
3346160,33.14208984375
3346216,32.5927734375
3346440,34.0576171875
3346598,34.912109375
3347012,37.17041015625
3510218,38.26904296875
3510242,32.53173828125
3510291,35.400390625
3510310,42.05322265625
3510328,40.10009765625
3510401,44.61669921875
3510429,39.6728515625
3510458,33.63037109375
3510486,32.8369140625
3510499,42.8466796875
3510519,39.85595703125
3510545,36.376953125
3510593,32.77587890625
3510667,34.7900390625
3510686,34.5458984375
3510742,33.3251953125
3510827,33.5693359375
3510918,32.40966796875
3511063,35.09521484375
3511114,32.40966796875
3511344,33.0810546875
3511524,33.5693359375
3511603,34.66796875
3511891,35.21728515625
3511948,33.99658203125
3512068,33.87451171875
3512209,39.85595703125
3512776,37.353515625
3512873,38.26904296875
3512901,32.53173828125
3513050,33.203125
3515530,35.0341796875
3516411,33.02001953125
3678671,33.50830078125
3678774,36.92626953125
3678818,39.6728515625
3678848,34.0576171875
3678870,33.26416015625
3678903,54.443359375
3678927,39.6728515625
3678966,35.33935546875
3679109,34.66796875
3679190,44.73876953125
3679264,40.71044921875
3679900,37.04833984375
3680052,33.3251953125
3680114,33.203125
3680136,32.3486328125
3680353,34.36279296875
3680435,37.41455078125
3680585,33.3251953125
3680734,35.0341796875
3680817,35.46142578125
3681078,37.841796875
3681216,44.61669921875
3681863,38.51318359375
3684335,33.0810546875
3696719,37.2314453125
3696792,34.36279296875
3696810,34.72900390625
3696959,36.7431640625
3696971,33.75244140625
3697015,33.26416015625
3697059,34.60693359375
3697110,35.5224609375
3697173,34.423828125
3697206,32.470703125
3697377,33.26416015625
3697452,37.53662109375
3697569,33.447265625
3697595,33.38623046875
3697766,39.1845703125
3697862,35.94970703125
3697977,44.0673828125
3698507,32.77587890625
3698823,36.92626953125
3712385,37.109375
3712472,41.80908203125
3712523,43.76220703125
3712552,42.96875
3712624,35.33935546875
3712651,34.72900390625
3712692,32.65380859375
3712728,37.109375
3712745,33.69140625
3712804,33.14208984375
3712847,36.56005859375
3713037,32.40966796875
3713170,32.470703125
3713628,33.0810546875
3713816,35.33935546875
3713947,33.38623046875
3729349,33.8134765625
3729369,39.48974609375
3729461,45.95947265625
3729480,33.50830078125
3729501,35.64453125
3729576,43.45703125
3729650,36.2548828125
3729724,36.43798828125
3729748,35.15625
3729833,32.53173828125
3729862,34.36279296875
3729896,37.2314453125
3730029,41.50390625
3730050,33.63037109375
3730180,34.66796875
3730263,32.5927734375
3730603,33.38623046875
3730686,35.400390625
3731375,33.63037109375
3742535,32.470703125
3742667,33.26416015625
3742770,36.9873046875
3742785,38.63525390625
3742809,44.86083984375
3743514,34.7900390625
3754212,33.5693359375
3754581,38.51318359375
3754678,33.99658203125
3754853,48.095703125
3755304,39.4287109375
3768710,36.376953125
3768876,34.72900390625
3769003,38.75732421875
3769097,34.5458984375
3769148,32.77587890625
3769177,37.59765625
3769309,43.3349609375
3769582,33.447265625
3769780,35.46142578125
3782933,33.50830078125
3782972,35.7666015625
3783034,33.0810546875
3783283,34.0576171875
3783371,33.5693359375
3784565,34.423828125
3795407,35.15625
3795671,32.65380859375
3807504,34.72900390625
3807559,34.3017578125
3807574,34.60693359375
3807912,42.48046875
3808025,35.70556640625
3808391,42.17529296875
3808539,32.8369140625
3820376,32.77587890625
3820439,35.70556640625
3820539,39.4287109375
3820906,37.78076171875
3838006,41.8701171875
3838159,41.80908203125
3838314,40.283203125
3838338,41.8701171875
3838376,33.87451171875
3838432,35.400390625
3838497,35.15625
3838635,38.330078125
3838906,33.3251953125
3839037,32.65380859375
3839683,34.423828125
3840242,42.48046875
3852246,35.888671875
3852288,38.6962890625
3853027,34.11865234375
3888261,34.97314453125
3888355,33.26416015625
3888414,37.90283203125
3888449,35.888671875
3888559,32.3486328125
3888579,32.53173828125
3888610,40.1611328125
3888685,33.75244140625
3888842,36.62109375
3889343,33.63037109375
3889695,38.39111328125
3890508,39.36767578125
4403328,38.4521484375
4403379,32.89794921875
4403396,48.2177734375
4403453,41.259765625
4403517,41.6259765625
4403569,41.9921875
4403619,40.58837890625
4403793,36.4990234375
4403861,33.38623046875
4404013,33.38623046875
4404202,33.203125
4404291,34.60693359375
4404662,34.48486328125
4404884,34.97314453125
4405270,32.470703125
4405421,33.5693359375
4405489,33.99658203125
4405648,39.794921875
4405713,35.09521484375
4405781,35.400390625
4406172,33.75244140625
4691931,39.0625
4691948,33.75244140625
4691970,35.7666015625
4691998,32.8369140625
4692009,38.26904296875
4692036,50.84228515625
4692049,52.734375
4692069,38.818359375
4692140,32.5927734375
4692164,38.6962890625
4692188,33.203125
4692258,35.70556640625
4692305,44.189453125
4692359,37.17041015625
4692658,33.69140625
4692781,49.8046875
4693014,38.6962890625
4693177,34.3017578125
4693229,39.6728515625
4693462,36.1328125
4693533,35.64453125
4693677,33.14208984375
4693737,33.935546875
4694012,32.53173828125
4694247,33.38623046875
4694480,40.71044921875
4694941,33.75244140625
4695078,35.0341796875
4695489,34.0576171875
4695580,36.07177734375
4696158,32.470703125
4942206,34.48486328125
4942246,40.34423828125
4942270,40.771484375
4942288,46.5087890625
4942310,38.818359375
4942341,37.7197265625
4942353,32.71484375
4942406,33.447265625
4942461,46.44775390625
4942482,42.05322265625
4942504,36.865234375
4942522,36.43798828125
4942561,32.470703125
4942660,36.4990234375
4942919,34.97314453125
4942982,34.85107421875
4943033,37.29248046875
4943125,33.87451171875
4943186,35.0341796875
4943207,35.0341796875
4943360,33.14208984375
4943535,32.77587890625
4943585,32.958984375
4943660,37.17041015625
4943768,32.65380859375
4943896,40.83251953125
4943953,32.5927734375
4944040,35.09521484375
4944082,32.77587890625
4944437,32.77587890625
4944716,47.607421875
4944839,33.0810546875
4945274,34.1796875
4945323,34.5458984375
4945506,32.65380859375
4945781,34.36279296875
4946366,35.46142578125
4947361,32.5927734375
4960903,36.19384765625
4960938,36.865234375
4960957,46.2646484375
4961001,36.1328125
4961011,43.51806640625
4961027,40.6494140625
4961059,34.3017578125
4961126,32.8369140625
4961169,35.82763671875
4961211,35.21728515625
4961288,33.0810546875
4961717,36.56005859375
4961806,32.8369140625
4962030,32.71484375
4962174,39.794921875
4962240,34.3017578125
4962534,36.2548828125
4964643,33.0810546875
4980086,32.77587890625
4980109,35.0341796875
4980140,32.53173828125
4980191,33.02001953125
4980227,34.1796875
4980299,47.2412109375
4980331,33.99658203125
4980357,42.90771484375
4980389,34.85107421875
4980433,39.1845703125
4980455,32.53173828125
4980495,33.69140625
4980595,33.02001953125
4980695,38.63525390625
4980801,39.85595703125
4981059,36.19384765625
4981085,32.40966796875
4981314,33.26416015625
4982886,35.0341796875
4994987,35.5224609375
4995023,35.15625
4995149,33.0810546875
4995181,32.77587890625
4995441,37.65869140625
4995551,40.283203125
4995711,35.94970703125
4995804,36.62109375
4996423,40.58837890625
5009671,32.53173828125
5009727,37.29248046875
5009797,35.2783203125
5009852,32.8369140625
5009911,32.958984375
5009946,36.4990234375
5009989,32.470703125
5010011,34.11865234375
5010070,37.2314453125
5010679,35.15625
5022417,45.41015625
5022765,33.63037109375
5022895,33.447265625
5023032,33.935546875
5025263,33.50830078125
5038746,35.33935546875
5038778,34.3017578125
5038810,36.07177734375
5038861,33.26416015625
5038878,34.72900390625
5038956,32.40966796875
5039087,38.75732421875
5039497,33.26416015625
5051503,33.99658203125
5051589,45.41015625
5051644,32.5927734375
5051861,37.04833984375
5051943,32.958984375
5064406,32.89794921875
5064505,34.11865234375
5064688,38.26904296875
5065105,34.11865234375
5065752,33.0810546875
5075707,38.87939453125
5075817,35.0341796875
5075949,32.89794921875
5076026,32.53173828125
5076110,32.3486328125
5076180,38.6962890625
5076496,35.888671875
5088223,33.203125
5088336,44.189453125
5101315,32.5927734375
5101533,34.36279296875
5101690,32.40966796875
5101886,33.75244140625
5114515,33.3251953125
5114631,34.11865234375
5114734,42.17529296875
5114922,32.77587890625
5115081,34.423828125
5115146,32.3486328125
5115458,34.423828125
5131227,35.888671875
5131267,34.60693359375
5131281,34.0576171875
5131390,33.69140625
5131681,32.53173828125
5132435,32.53173828125
5148090,33.38623046875
5148264,38.2080078125
5148534,32.40966796875
5148753,34.24072265625
5148799,36.92626953125
5148826,35.21728515625
5149440,32.40966796875
5789635,33.8134765625
5789683,33.87451171875
5789709,38.4521484375
5789752,38.2080078125
5789778,54.13818359375
5789799,33.935546875
5789816,37.59765625
5789829,37.7197265625
5789853,34.7900390625
5789934,39.4287109375
5789974,43.3349609375
5790013,42.78564453125
5790065,37.41455078125
5790159,33.38623046875
5790323,40.71044921875
5790795,36.4990234375
5790971,34.0576171875
5791021,41.32080078125
5791137,37.90283203125
5791203,33.0810546875
5791272,43.51806640625
5791674,36.07177734375
5791727,34.423828125
5791945,41.56494140625
5791997,39.0625
5792061,34.24072265625
5792143,33.38623046875
5792875,39.61181640625
5793169,34.72900390625
5793272,34.0576171875
5793447,37.4755859375
5793624,33.447265625
6113300,40.22216796875
6113320,42.41943359375
6113354,34.85107421875
6113412,49.31640625
6113500,34.66796875
6113566,32.470703125
6113585,33.69140625
6113797,32.65380859375
6113859,34.72900390625
6114050,33.5693359375
6114270,32.470703125
6114406,33.0810546875
6114521,39.6728515625
6115048,33.02001953125
6115221,33.99658203125
6115249,35.2783203125
6115459,35.46142578125
6115598,40.4052734375
6115666,35.7666015625
6116349,32.77587890625
6116628,32.40966796875
6117032,33.02001953125
6117486,32.89794921875
6119940,32.77587890625
6132506,38.26904296875
6132578,45.2880859375
6132598,33.14208984375
6132745,33.14208984375
6132802,32.40966796875
6132830,33.447265625
6132880,35.33935546875
6132921,35.7666015625
6132963,34.60693359375
6133038,39.61181640625
6133069,35.400390625
6133092,35.09521484375
6133147,37.9638671875
6133216,34.423828125
6133576,33.63037109375
6133736,36.376953125
6133863,36.56005859375
6133922,33.203125
6134055,42.78564453125
6134133,34.48486328125
6134433,34.423828125
6135488,33.75244140625
6135671,33.8134765625
6135773,32.65380859375
6136352,32.77587890625
6384749,41.19873046875
6384770,38.26904296875
6384797,47.66845703125
6384818,45.41015625
6384858,55.23681640625
6384880,48.7060546875
6384908,55.2978515625
6384923,42.48046875
6384958,32.77587890625
6384982,40.10009765625
6385021,38.57421875
6385083,34.912109375
6385097,32.470703125
6385146,33.203125
6385263,35.82763671875
6385354,35.7666015625
6385402,35.5224609375
6385496,34.423828125
6385615,39.306640625
6385703,32.5927734375
6385754,35.15625
6385976,32.8369140625
6386183,41.50390625
6386279,32.40966796875
6386593,34.912109375
6386735,35.82763671875
6386826,32.3486328125
6387261,32.5927734375
6387372,35.15625
6387468,34.0576171875
6387493,34.3017578125
6403726,32.71484375
6403748,37.4755859375
6403784,34.36279296875
6403838,48.76708984375
6403881,36.2548828125
6403977,33.447265625
6404031,32.958984375
6404059,34.7900390625
6404083,32.53173828125
6404674,34.36279296875
6404687,33.02001953125
6405025,33.5693359375
6405048,36.2548828125
6405072,39.1845703125
6405127,41.93115234375
6405185,34.60693359375
6405701,38.330078125
6405904,32.5927734375
6406138,36.0107421875
6406433,33.69140625
6406899,34.5458984375
6421557,33.99658203125
6421640,40.95458984375
6421672,43.64013671875
6421682,34.3017578125
6421728,36.7431640625
6421851,39.6728515625
6421950,33.02001953125
6421991,36.92626953125
6422038,40.0390625
6422401,32.53173828125
6422518,37.17041015625
6422707,34.72900390625
6423502,32.71484375
6424103,35.82763671875
6424894,34.0576171875
6602062,33.38623046875
6602097,33.69140625
6602147,33.935546875
6602173,43.76220703125
6602210,33.14208984375
6602247,40.71044921875
6602274,36.865234375
6602322,32.77587890625
6602378,39.36767578125
6602393,33.5693359375
6602444,35.888671875
6602623,35.15625
6602679,39.00146484375
6602782,37.53662109375
6603012,42.54150390625
6603341,39.97802734375
6603600,40.4052734375
6603713,39.4287109375
6603830,39.73388671875
6604097,33.63037109375
6604146,33.14208984375
6604530,36.2548828125
6604628,40.283203125
6606555,32.8369140625
6806154,43.27392578125
6806180,43.02978515625
6806236,37.78076171875
6806269,38.818359375
6806291,32.958984375
6806344,34.66796875
6806370,32.53173828125
6806425,44.5556640625
6806490,32.53173828125
6806539,35.33935546875
6806571,41.6259765625
6806609,32.71484375
6806782,33.203125
6806846,36.1328125
6806910,38.51318359375
6807055,37.90283203125
6807151,36.1328125
6807229,33.5693359375
6807527,35.82763671875
6807593,32.89794921875
6807637,39.306640625
6807766,36.0107421875
6807842,34.24072265625
6807959,33.99658203125
6808054,34.1796875
6808109,34.85107421875
6808186,33.447265625
6808244,40.0390625
6808599,39.73388671875
6809029,33.50830078125
6809593,32.65380859375
6809937,34.0576171875
6810338,40.34423828125
6824810,35.58349609375
6824854,46.2646484375
6824966,44.00634765625
6824985,42.05322265625
6825094,37.353515625
6825289,33.203125
6825326,32.89794921875
6825437,34.66796875
6825484,39.0625
6825523,35.2783203125
6825539,37.841796875
6825774,39.6728515625
6826005,32.71484375
6826511,38.57421875
6826662,34.24072265625
6826716,35.0341796875
6826888,34.48486328125
6827248,32.40966796875
7001287,32.5927734375
7001362,41.19873046875
7001382,36.68212890625
7001412,36.07177734375
7001447,36.376953125
7001474,44.0673828125
7001497,40.283203125
7001509,39.24560546875
7001535,34.1796875
7001563,32.958984375
7001666,34.0576171875
7001776,33.75244140625
7001829,34.11865234375
7001921,40.95458984375
7001983,39.1845703125
7002085,36.9873046875
7002097,37.04833984375
7002221,34.912109375
7002322,32.89794921875
7002700,35.0341796875
7002756,32.958984375
7003088,33.0810546875
7003275,37.353515625
7003456,43.02978515625
7003855,34.60693359375
7004154,34.0576171875
7004921,39.12353515625
7006194,33.63037109375
7222667,38.330078125
7222716,38.51318359375
7222727,33.935546875
7222750,58.04443359375
7222792,32.71484375
7222819,40.4052734375
7222840,33.87451171875
7222854,35.15625
7222871,36.62109375
7223032,33.02001953125
7223125,35.46142578125
7223273,37.7197265625
7223319,33.38623046875
7223402,34.85107421875
7223451,32.65380859375
7223558,33.26416015625
7223602,33.14208984375
7223751,34.97314453125
7223805,32.65380859375
7223928,33.50830078125
7223970,35.58349609375
7224211,36.7431640625
7224378,34.0576171875
7224510,48.4619140625
7224790,34.7900390625
7225352,35.400390625
7225637,40.22216796875
7226877,33.14208984375
7433975,41.1376953125
7433996,35.0341796875
7434019,39.36767578125
7434038,34.3017578125
7434061,37.59765625
7434086,34.3017578125
7434110,46.93603515625
7434123,36.43798828125
7434155,47.54638671875
7434165,41.9921875
7434302,34.3017578125
7434375,40.58837890625
7434404,35.33935546875
7434492,32.77587890625
7434560,37.29248046875
7434610,32.958984375
7434670,40.22216796875
7434801,36.376953125
7434931,38.57421875
7435006,34.66796875
7435058,34.1796875
7435201,32.89794921875
7435256,34.85107421875
7435303,34.24072265625
7435509,33.99658203125
7435580,35.888671875
7435705,38.26904296875
7435771,33.02001953125
7435979,37.59765625
7436028,32.5927734375
7436170,33.935546875
7436238,35.82763671875
7436622,34.11865234375
7437412,32.470703125
7640478,37.53662109375
7640489,45.41015625
7640540,34.24072265625
7640623,53.7109375
7640700,33.75244140625
7640755,43.701171875
7640783,33.8134765625
7640826,49.86572265625
7640848,34.3017578125
7640887,39.306640625
7640925,39.12353515625
7641175,35.888671875
7641198,32.8369140625
7641251,37.04833984375
7641300,40.22216796875
7641457,33.447265625
7641488,36.0107421875
7641591,38.75732421875
7641742,36.56005859375
7641953,33.69140625
7642128,32.65380859375
7642352,33.5693359375
7642526,37.65869140625
7642591,34.423828125
7642648,32.958984375
7642719,38.75732421875
7643045,32.40966796875
7643214,36.92626953125
7643409,33.50830078125
7643555,35.400390625
7644304,33.75244140625
7644409,32.470703125
7645828,33.50830078125
7837811,36.92626953125
7837853,43.39599609375
7837884,40.71044921875
7837897,47.4853515625
7837916,48.52294921875
7837929,42.90771484375
7837968,35.15625
7837981,33.50830078125
7838014,37.109375
7838238,34.66796875
7838274,42.3583984375
7838479,32.5927734375
7838656,34.36279296875
7838736,35.70556640625
7838830,35.33935546875
7839224,33.38623046875
7839272,39.97802734375
7839449,36.1328125
7839668,34.36279296875
7839711,32.3486328125
7839736,38.02490234375
7839820,33.63037109375
7840064,32.5927734375
7840194,32.958984375
7840342,35.888671875
7840432,36.0107421875
7841210,32.3486328125
7948326,35.33935546875
7948349,32.53173828125
7948380,39.48974609375
7948400,37.65869140625
7948452,36.68212890625
7948470,37.9638671875
7948507,39.794921875
7948530,42.29736328125
7948555,32.958984375
7948645,32.71484375
7948673,37.4755859375
7948701,47.79052734375
7948731,32.958984375
7948772,33.87451171875
7948823,33.99658203125
7948870,42.90771484375
7948886,37.41455078125
7948974,32.470703125
7949092,32.71484375
7949241,33.87451171875
7949483,32.470703125
7949564,36.07177734375
7949623,32.5927734375
7949742,32.470703125
7950023,36.62109375
7950033,41.3818359375
7950229,37.109375
7950525,37.59765625
7950693,36.31591796875
7950824,33.75244140625
7951085,37.90283203125
7951182,42.48046875
7951458,34.36279296875
7965015,35.64453125
7965039,46.142578125
7965056,34.85107421875
7965090,42.17529296875
7965136,32.470703125
7965179,34.0576171875
7965214,37.9638671875
7965333,43.88427734375
7965652,33.447265625
7965680,36.376953125
7965714,33.0810546875
7965828,45.7763671875
7965895,34.912109375
7966117,33.38623046875
7967306,33.50830078125
8020145,39.36767578125
8020226,34.85107421875
8020257,36.80419921875
8020271,32.470703125
8020299,33.0810546875
8020364,40.0390625
8020418,35.0341796875
8020496,37.17041015625
8020541,34.97314453125
8020557,35.46142578125
8020620,34.5458984375
8020878,36.31591796875
8020940,35.15625
8021127,44.12841796875
8021219,34.60693359375
8021306,35.64453125
8021956,32.3486328125
8022011,32.89794921875
8022116,35.46142578125
8022289,41.3818359375
8022426,34.423828125
8022717,32.3486328125
8024034,34.97314453125
8034723,32.5927734375
8034925,36.62109375
8034947,42.78564453125
8034965,33.87451171875
8034984,37.41455078125
8035033,34.0576171875
8035070,36.9873046875
8035291,38.87939453125
8035325,32.470703125
8035394,33.69140625
8035469,33.38623046875
8035852,35.21728515625
8035994,40.771484375
8036227,35.888671875
8036702,33.935546875
8036824,38.39111328125
8036922,37.17041015625
8037074,33.02001953125
8086368,38.0859375
8086400,33.02001953125
8086471,49.9267578125
8086498,33.26416015625
8086523,36.56005859375
8086550,32.89794921875
8086564,38.63525390625
8086591,33.14208984375
8086630,40.1611328125
8086661,33.3251953125
8086689,34.1796875
8086732,50.72021484375
8086852,33.87451171875
8086877,32.8369140625
8086906,32.77587890625
8086994,33.50830078125
8087300,34.24072265625
8088017,36.0107421875
8088243,36.56005859375
8088440,32.3486328125
8088486,40.22216796875
8088574,35.15625
8088609,32.53173828125
8088641,34.3017578125
8089725,34.36279296875
8090116,35.400390625
8103624,33.87451171875
8103683,32.3486328125
8103708,36.376953125
8103732,34.423828125
8103832,33.69140625
8103867,33.5693359375
8104025,33.0810546875
8104447,33.3251953125
8104774,38.818359375
8105140,33.3251953125
8105307,32.53173828125
8106204,34.60693359375
8122295,33.935546875
8122389,33.75244140625
8122405,32.5927734375
8122437,32.958984375
8122451,44.49462890625
8122504,35.21728515625
8122924,36.31591796875
8123014,33.26416015625
8123276,37.41455078125
8123412,34.11865234375
8123519,33.99658203125
8138454,33.447265625
8138611,33.3251953125
8138633,33.87451171875
8138689,32.77587890625
8138836,33.3251953125
8138889,41.56494140625
8139030,33.50830078125
8139484,34.1796875
8139574,33.87451171875
8139732,36.31591796875
8155975,33.63037109375
8156025,32.958984375
8156060,48.40087890625
8156099,37.109375
8156170,36.31591796875
8156360,42.3583984375
8156458,33.87451171875
8157037,32.40966796875
8173429,35.0341796875
8173463,39.12353515625
8173496,33.935546875
8173570,35.21728515625
8173754,32.53173828125
8173791,33.447265625
8173862,33.203125
8174026,33.50830078125
8174119,33.99658203125
8174249,39.61181640625
8174513,33.26416015625
8174688,36.31591796875
8174980,36.43798828125
8225438,41.44287109375
8225462,36.56005859375
8225553,40.95458984375
8225579,32.71484375
8225633,40.1611328125
8225659,32.89794921875
8225700,34.72900390625
8225715,37.353515625
8225784,36.2548828125
8225820,33.26416015625
8225918,37.53662109375
8225972,45.83740234375
8226165,33.0810546875
8226304,39.1845703125
8226506,32.3486328125
8226535,32.5927734375
8226798,35.5224609375
8226829,32.8369140625
8226892,33.75244140625
8227503,34.423828125
9122011,33.14208984375
9122037,43.0908203125
9122050,33.3251953125
9122079,39.55078125
9122093,46.875
9122121,36.0107421875
9122145,36.9873046875
9122161,35.58349609375
9122180,33.50830078125
9122206,34.11865234375
9122235,32.53173828125
9122251,34.60693359375
9122303,41.80908203125
9122353,40.52734375
9122395,32.5927734375
9122823,34.48486328125
9123003,36.376953125
9123066,33.87451171875
9123198,33.87451171875
9123358,33.8134765625
9123692,32.71484375
9123862,36.1328125
9123962,32.71484375
9124294,40.771484375
9124688,37.53662109375
9124809,38.26904296875
9125614,32.5927734375
9126420,36.92626953125
9303654,37.7197265625
9303679,32.65380859375
9303729,37.04833984375
9303767,44.43359375
9303804,58.04443359375
9303825,38.57421875
9303849,49.13330078125
9303869,40.0390625
9303898,34.36279296875
9303909,35.82763671875
9303934,40.22216796875
9303977,32.53173828125
9304002,35.82763671875
9304148,36.80419921875
9304271,41.19873046875
9304393,41.56494140625
9304435,38.39111328125
9304593,36.7431640625
9304672,32.53173828125
9304710,33.5693359375
9304782,34.60693359375
9304835,32.40966796875
9304966,34.423828125
9305128,33.69140625
9305152,34.66796875
9305454,37.353515625
9305506,38.6962890625
9305572,32.3486328125
9305928,35.5224609375
9306052,37.59765625
9306134,34.97314453125
9306282,34.5458984375
9306385,33.26416015625
9306879,35.5224609375
9307010,38.51318359375
9307253,33.99658203125
9307308,37.29248046875
9307962,41.259765625
9324504,47.18017578125
9324514,36.43798828125
9324599,35.0341796875
9324627,34.5458984375
9324664,36.80419921875
9324675,37.59765625
9324749,42.29736328125
9324759,34.0576171875
9324770,33.0810546875
9324817,36.43798828125
9324851,38.63525390625
9324897,33.14208984375
9324943,34.7900390625
9325072,32.470703125
9325211,33.69140625
9325448,35.09521484375
9326038,34.0576171875
9326434,32.77587890625
9326519,36.376953125
9326948,32.53173828125
9327742,35.21728515625
9328309,33.99658203125
9481076,48.27880859375
9481130,37.29248046875
9481159,37.78076171875
9481170,47.7294921875
9481196,63.5986328125
9481223,33.69140625
9481248,36.68212890625
9481276,36.2548828125
9481315,33.87451171875
9481340,43.701171875
9481372,35.46142578125
9481440,32.3486328125
9481487,39.1845703125
9481548,33.38623046875
9481660,37.841796875
9481677,32.89794921875
9481939,33.26416015625
9481998,35.09521484375
9482084,35.400390625
9482331,32.77587890625
9482421,34.1796875
9482472,33.87451171875
9482604,34.24072265625
9482793,34.60693359375
9482863,34.0576171875
9482969,34.24072265625
9483175,39.61181640625
9483595,32.8369140625
9485007,32.470703125
9486377,34.36279296875
9487396,33.75244140625
9612670,33.5693359375
9612704,34.7900390625
9612762,36.68212890625
9612857,38.39111328125
9612875,49.25537109375
9612921,42.17529296875
9612940,35.888671875
9613020,33.935546875
9613092,33.02001953125
9613323,37.29248046875
9613515,35.5224609375
9613591,33.87451171875
9613827,37.53662109375
9613897,36.43798828125
9613972,32.8369140625
9614143,37.109375
9614447,35.58349609375
9614559,38.4521484375
9614961,37.841796875
9615098,33.0810546875
9615321,35.33935546875
9615587,36.7431640625
9617997,33.5693359375
9831927,35.46142578125
9832023,32.8369140625
9832046,37.7197265625
9832056,41.259765625
9832089,44.86083984375
9832100,48.583984375
9832128,34.36279296875
9832164,52.30712890625
9832191,35.0341796875
9832222,34.97314453125
9832388,39.36767578125
9832437,45.41015625
9832491,33.75244140625
9832627,32.53173828125
9832845,33.8134765625
9832925,37.353515625
9833280,32.8369140625
9833349,35.09521484375
9833548,38.26904296875
9834124,32.77587890625
9834307,34.72900390625
9834344,33.935546875
9834420,34.11865234375
9834488,35.70556640625
9837592,33.3251953125
9851265,33.0810546875
9851316,38.39111328125
9851360,34.0576171875
9851425,36.1328125
9851468,36.56005859375
9851543,42.3583984375
9851692,34.1796875
9852293,32.65380859375
9852367,33.69140625
9852622,32.53173828125
9853137,32.5927734375
9853626,33.14208984375
9868606,34.72900390625
9868626,35.15625
9868663,36.9873046875
9868749,44.49462890625
9868902,33.99658203125
9868943,33.3251953125
9869070,34.66796875
9869131,36.7431640625
9869554,34.3017578125
9869948,33.5693359375
9870159,32.71484375
9871181,33.3251953125
10034560,32.958984375
10034601,37.53662109375
10034636,36.1328125
10034646,36.56005859375
10034708,35.7666015625
10034763,33.5693359375
10034794,50.048828125
10034823,34.1796875
10034859,35.7666015625
10034874,32.8369140625
10034916,32.5927734375
10034963,38.87939453125
10035055,33.26416015625
10035102,33.50830078125
10035189,33.02001953125
10035299,33.99658203125
10035512,44.3115234375
10035676,36.31591796875
10036113,35.64453125
10036551,32.5927734375
10036739,45.10498046875
10036904,32.958984375
10036999,33.99658203125
10038219,34.36279296875
10057018,34.97314453125
10057099,32.40966796875
10057122,34.5458984375
10057159,34.60693359375
10057175,34.912109375
10057216,34.0576171875
10057243,43.5791015625
10057279,43.76220703125
10057307,40.58837890625
10057367,33.0810546875
10057420,33.3251953125
10057492,39.0625
10057552,36.80419921875
10057600,32.5927734375
10057674,35.64453125
10057756,37.29248046875
10057818,36.43798828125
10058182,33.14208984375
10058275,34.97314453125
10238963,36.19384765625
10238989,32.53173828125
10239018,33.50830078125
10239028,35.15625
10239045,33.0810546875
10239067,37.17041015625
10239091,36.68212890625
10239103,36.4990234375
10239138,39.1845703125
10239176,37.17041015625
10239203,32.3486328125
10239297,33.935546875
10239307,39.306640625
10239357,33.75244140625
10239479,41.07666015625
10239539,38.51318359375
10239574,33.203125
10239587,38.02490234375
10239662,33.447265625
10239802,40.283203125
10239906,35.2783203125
10240726,32.470703125
10240892,35.15625
10240917,36.2548828125
10241360,33.38623046875
10241436,33.26416015625
10265097,33.26416015625
10265207,35.888671875
10265225,34.3017578125
10265271,44.00634765625
10265300,39.12353515625
10265323,35.0341796875
10265462,38.51318359375
10265529,35.400390625
10265550,34.48486328125
10265645,40.4052734375
10265711,39.12353515625
10265822,34.423828125
10265880,33.99658203125
10265994,36.43798828125
10266161,33.0810546875
10266174,33.99658203125
10266243,40.52734375
10266545,33.0810546875
10266702,37.841796875
10267026,36.43798828125
10610542,48.40087890625
10610585,37.7197265625
10610625,34.72900390625
10610670,34.66796875
10610699,34.97314453125
10610711,52.24609375
10610742,32.65380859375
10610827,44.98291015625
10610837,44.3115234375
10610902,32.8369140625
10611055,33.63037109375
10611245,33.8134765625
10611410,35.09521484375
10611578,35.94970703125
10611778,33.203125
10611959,42.29736328125
10612050,33.203125
10612412,34.5458984375
10612519,33.26416015625
10612802,33.3251953125
10613072,32.40966796875
10613308,33.99658203125
10613479,35.2783203125
10613552,33.203125
10615206,34.7900390625
10616094,33.8134765625
10899501,35.09521484375
10899544,36.80419921875
10899562,36.68212890625
10899584,40.83251953125
10899626,34.60693359375
10899689,38.75732421875
10899713,39.85595703125
10899733,33.38623046875
10899758,36.92626953125
10899892,49.13330078125
10899946,37.109375
10899998,32.77587890625
10900057,37.353515625
10900116,36.80419921875
10900189,42.6025390625
10900212,37.2314453125
10900231,39.0625
10900577,35.21728515625
10900750,32.71484375
10900787,37.29248046875
10900892,36.0107421875
10900939,32.40966796875
10901042,36.7431640625
10901224,33.26416015625
10901327,32.8369140625
10901583,40.95458984375
10901690,36.31591796875
10902297,33.203125
10902459,34.1796875
10902638,35.5224609375
10903617,37.04833984375
10903751,34.36279296875
11022386,37.59765625
11022412,38.26904296875
11022443,40.283203125
11022475,43.0908203125
11022493,33.38623046875
11022514,38.26904296875
11022546,32.65380859375
11022565,38.39111328125
11022585,39.4287109375
11022649,32.65380859375
11022734,33.50830078125
11022750,36.92626953125
11022787,32.470703125
11022837,35.94970703125
11022976,39.24560546875
11023050,39.6728515625
11023103,33.0810546875
11023380,36.07177734375
11023460,36.1328125
11023518,42.78564453125
11023656,32.3486328125
11023724,44.3115234375
11023786,34.912109375
11023814,32.53173828125
11023877,33.87451171875
11024052,32.71484375
11024380,33.38623046875
11024579,32.3486328125
11024890,34.36279296875
11024923,33.87451171875
11025133,32.470703125
11025371,33.63037109375
11025729,32.8369140625
11025795,35.09521484375
11025866,33.8134765625
11026751,32.77587890625
11039325,42.17529296875
11039400,55.48095703125
11039464,41.015625
11039489,32.53173828125
11039519,32.3486328125
11039566,37.59765625
11039594,36.56005859375
11039622,32.53173828125
11039712,35.0341796875
11039866,35.82763671875
11039902,35.64453125
11040024,36.4990234375
11040321,34.24072265625
11040412,33.5693359375
11040584,37.41455078125
11041193,47.66845703125
11211739,33.63037109375
11211770,40.283203125
11211795,44.3115234375
11211815,37.04833984375
11211847,38.57421875
11211914,40.83251953125
11211964,35.15625
11211979,33.5693359375
11212056,33.447265625
11212092,32.65380859375
11212109,32.3486328125
11212293,33.02001953125
11212378,35.5224609375
11212437,33.447265625
11212941,51.94091796875
11213085,36.43798828125
11213113,33.203125
11213237,33.5693359375
11213539,34.36279296875
11213650,40.34423828125
11214655,33.02001953125
11214841,36.62109375
11566014,34.7900390625
11566091,40.283203125
11566107,40.283203125
11566168,39.55078125
11566186,47.8515625
11566204,37.109375
11566220,32.958984375
11566232,33.26416015625
11566248,33.203125
11566268,46.5087890625
11566294,36.62109375
11566313,42.96875
11566342,38.87939453125
11566517,36.56005859375
11566544,48.7060546875
11566707,32.77587890625
11566779,33.3251953125
11566911,38.51318359375
11566951,37.9638671875
11567078,43.45703125
11567354,34.97314453125
11567574,32.3486328125
11567957,36.19384765625
11568097,34.5458984375
11568193,32.470703125
11568382,34.0576171875
11569069,33.75244140625
11569414,33.38623046875
11570346,32.89794921875
11797293,40.52734375
11797322,36.9873046875
11797355,34.66796875
11797435,36.68212890625
11797472,46.38671875
11797510,37.353515625
11797524,43.212890625
11797625,40.4052734375
11797642,34.7900390625
11797730,38.51318359375
11797820,44.5556640625
11797847,33.63037109375
11797896,36.865234375
11798190,33.99658203125
11798409,36.68212890625
11798693,35.7666015625
11798746,33.8134765625
11798759,32.470703125
11798880,35.64453125
11798966,36.0107421875
11799024,35.0341796875
11799094,33.87451171875
11799249,34.5458984375
11799303,33.02001953125
11799443,35.5224609375
11799525,33.447265625
11800774,34.60693359375
11804126,34.85107421875
