11999000,0
193516,49.86572265625
193557,49.25537109375
193604,45.2880859375
193641,61.09619140625
193766,46.38671875
317035,56.57958984375
317102,47.36328125
317180,49.072265625
491001,47.91259765625
491267,45.10498046875
589901,46.93603515625
644050,53.28369140625
694207,45.47119140625
739463,44.7998046875
763298,45.22705078125
1303559,45.10498046875
1544622,54.443359375
1546566,45.10498046875
1713096,46.69189453125
1881822,48.095703125
1881885,45.654296875
1881912,44.677734375
2073420,53.3447265625
2073470,46.44775390625
2073543,48.40087890625
2073758,48.7060546875
2203987,45.47119140625
2204168,56.7626953125
2328188,46.81396484375
2328349,50.72021484375
2328410,45.47119140625
2413978,46.08154296875
2414346,45.0439453125
2561913,54.5654296875
2561939,54.13818359375
2562855,45.7763671875
2578747,49.1943359375
2609160,48.40087890625
2915403,45.71533203125
2915416,75.1953125
2915430,58.2275390625
2915464,51.33056640625
3343241,44.98291015625
3343421,44.5556640625
3343632,44.98291015625
3510284,51.513671875
3510362,48.2177734375
3510397,53.16162109375
3678928,44.7998046875
3679047,45.95947265625
3729652,46.0205078125
3729757,44.98291015625
3888447,46.2646484375
4403452,48.095703125
4403560,44.7998046875
4403712,44.921875
4405861,44.98291015625
4692189,45.59326171875
4693233,45.71533203125
4942356,47.05810546875
4942396,47.05810546875
4942499,48.76708984375
4942626,45.5322265625
4960966,54.38232421875
4980139,45.71533203125
4995329,47.36328125
4995471,45.10498046875
5064471,49.25537109375
5088159,50.10986328125
5789818,47.119140625
5792028,51.08642578125
6113903,45.47119140625
6132630,51.1474609375
6384770,46.56982421875
6384823,51.025390625
6404052,45.5322265625
6603009,45.10498046875
6806368,48.583984375
6806476,48.4619140625
6806496,44.98291015625
6806889,44.61669921875
6824814,44.5556640625
6824973,47.30224609375
7001415,56.396484375
7001505,52.490234375
7001652,64.3310546875
7434033,44.7998046875
7434160,45.34912109375
7434173,47.66845703125
7640554,47.7294921875
7640853,53.3447265625
7837884,46.56982421875
7838194,45.34912109375
7948573,46.7529296875
7965034,48.64501953125
8020162,45.41015625
8020186,48.095703125
8020347,52.734375
8086470,45.41015625
8086521,50.78125
9122017,48.03466796875
9303730,51.8798828125
9303854,46.32568359375
9303938,49.4384765625
9324918,44.5556640625
9481169,44.7998046875
9481231,46.7529296875
9481323,51.94091796875
9832154,45.95947265625
9851314,48.15673828125
9851343,52.30712890625
9851558,44.73876953125
9852322,48.583984375
9868989,45.71533203125
10034731,56.884765625
10034778,46.38671875
10239139,44.86083984375
10265618,48.15673828125
10610691,49.25537109375
10899574,47.42431640625
11022529,48.27880859375
11039306,47.7294921875
11211965,44.921875
11212035,44.98291015625
11566134,44.5556640625
11566165,47.36328125
11566231,45.83740234375
11799328,45.166015625
