14389000,0
95106,22.15576171875
95186,15.625
199665,17.88330078125
199689,16.2353515625
199719,15.5029296875
362638,16.29638671875
470161,15.31982421875
470206,16.29638671875
470269,16.357421875
470292,15.380859375
605814,15.80810546875
621588,15.31982421875
756817,16.54052734375
807785,15.625
1091743,15.2587890625
1142367,17.9443359375
1142446,15.13671875
1190398,16.9677734375
1291087,21.240234375
1400888,18.49365234375
1400923,18.37158203125
1400948,16.29638671875
1400985,17.39501953125
1415505,16.78466796875
1415623,16.78466796875
1586347,15.869140625
1628276,23.01025390625
1727422,15.5029296875
1727473,16.2353515625
1727611,16.78466796875
1754532,15.625
1754650,15.625
1801786,18.798828125
1848629,15.7470703125
1848667,15.13671875
1848707,18.61572265625
2053283,17.2119140625
2053356,16.66259765625
2067316,15.625
2173446,16.4794921875
2300573,16.7236328125
2450715,18.98193359375
2495043,16.29638671875
2495107,17.63916015625
2495144,16.29638671875
2820287,15.9912109375
2849147,18.06640625
2901196,15.19775390625
2995964,15.13671875
3042399,15.19775390625
3210434,16.9677734375
3318319,15.869140625
3318509,17.822265625
3341743,19.34814453125
3432579,15.7470703125
3647320,15.56396484375
3750289,16.90673828125
3750380,15.2587890625
3766931,15.44189453125
3840015,16.05224609375
3869702,15.5029296875
3932793,16.9677734375
3985902,19.22607421875
3985966,15.380859375
4004976,15.80810546875
4031748,15.56396484375
4114637,15.80810546875
4114668,17.2119140625
4159785,16.7236328125
4159856,16.7236328125
4291058,17.08984375
4291216,20.263671875
4382794,19.53125
4382879,17.88330078125
4473980,16.05224609375
4518817,16.4794921875
4925911,17.15087890625
4990437,15.19775390625
5023169,15.625
5023340,16.54052734375
5023365,15.9912109375
5056063,16.41845703125
5223611,15.869140625
5487158,17.76123046875
5620742,19.95849609375
5620884,15.07568359375
5662720,20.81298828125
5662773,16.357421875
5703414,17.15087890625
5750069,15.9912109375
5859415,18.5546875
5934130,16.11328125
6002463,17.08984375
6023838,16.66259765625
6040695,16.6015625
6120393,15.9912109375
6159277,17.27294921875
6159357,15.9912109375
6220703,15.380859375
6220832,15.380859375
6310237,15.869140625
6369507,16.4794921875
6384026,15.625
6384110,15.380859375
6418147,15.80810546875
6441079,17.2119140625
6453013,15.869140625
6613329,15.68603515625
6802179,15.19775390625
6989981,16.17431640625
7024062,15.2587890625
7058438,19.287109375
7130593,15.19775390625
7130670,16.6015625
7130695,15.380859375
7130753,15.5029296875
7184727,19.22607421875
7215075,18.06640625
7215148,15.44189453125
7256972,16.17431640625
7296333,17.27294921875
7401316,15.31982421875
7401390,18.12744140625
7433566,15.7470703125
7433677,17.08984375
7467826,15.380859375
7500227,18.310546875
7500308,15.07568359375
7532508,17.88330078125
7559324,15.68603515625
7559406,17.9443359375
7592826,15.56396484375
7592861,16.2353515625
7620276,15.7470703125
7620355,16.66259765625
7650627,19.34814453125
7681804,16.05224609375
7681983,17.02880859375
7710981,15.869140625
7738546,16.357421875
7768649,15.31982421875
7768738,15.68603515625
7768757,15.869140625
7857540,15.56396484375
7883817,15.9912109375
7883923,16.78466796875
7911902,17.02880859375
7912002,15.5029296875
7912151,15.44189453125
7964327,17.822265625
7964419,15.2587890625
7980530,16.90673828125
8023147,15.2587890625
8043852,18.06640625
8093919,15.68603515625
8117479,15.9912109375
8203267,15.5029296875
8484266,17.578125
8546639,16.7236328125
8593569,15.380859375
8637192,15.68603515625
8676521,18.12744140625
8676580,15.44189453125
8752465,16.4794921875
8790316,15.93017578125
8825981,15.5029296875
8859622,20.32470703125
8894144,17.76123046875
8925710,16.9677734375
8956417,15.5029296875
8987584,16.17431640625
9014395,17.88330078125
9014476,15.19775390625
9030415,19.10400390625
9042517,17.4560546875
9049942,15.13671875
9057123,15.80810546875
9580634,16.4794921875
9889506,17.15087890625
9889631,15.869140625
9910125,16.54052734375
9910223,15.5029296875
9955109,15.5029296875
9983222,15.13671875
10032107,15.9912109375
10110592,15.7470703125
10110669,16.11328125
10166997,16.29638671875
10359277,15.13671875
10359347,16.7236328125
10359383,16.05224609375
10410713,15.31982421875
10434933,15.93017578125
10463988,16.6015625
10612398,16.6015625
10612479,16.41845703125
10629164,15.7470703125
10642558,16.4794921875
10675921,15.07568359375
11156125,15.2587890625
11255682,15.31982421875
11352995,16.17431640625
11501599,15.5029296875
11501665,17.63916015625
11540227,16.11328125
11574076,16.7236328125
11574134,17.76123046875
11645994,15.31982421875
11691248,17.27294921875
11691309,19.95849609375
11691341,15.7470703125
11727793,16.78466796875
11727861,15.2587890625
11767642,15.31982421875
11767778,15.7470703125
11803675,17.02880859375
11842472,15.56396484375
11842537,18.24951171875
11877837,15.56396484375
11915889,15.93017578125
11915954,15.7470703125
11941480,16.4794921875
11980959,17.333984375
11981029,16.29638671875
12022244,15.869140625
12022349,15.44189453125
12051735,15.13671875
12090094,16.6015625
12090216,16.54052734375
12422991,15.31982421875
12601777,16.2353515625
12601873,15.625
12602117,15.380859375
12646471,16.05224609375
12646530,15.19775390625
12664670,15.9912109375
12712313,16.66259765625
12786159,17.02880859375
12786220,15.44189453125
12822451,15.31982421875
12896005,15.5029296875
12896045,17.02880859375
12896142,17.27294921875
12934497,15.7470703125
12934548,16.7236328125
13009005,18.98193359375
13047309,16.05224609375
13108828,15.07568359375
13108860,15.625
13206024,18.06640625
13206111,16.9677734375
13276524,15.68603515625
13276553,15.625
13276652,16.05224609375
13305760,16.17431640625
13339241,15.80810546875
13372451,16.17431640625
13372518,16.17431640625
13401598,16.66259765625
13401760,15.19775390625
13463084,16.41845703125
13463184,17.39501953125
13530251,15.9912109375
13557508,18.00537109375
13588444,16.357421875
13616936,16.05224609375
13647233,15.56396484375
13647323,16.05224609375
13677515,18.61572265625
13694164,15.625
13729929,15.9912109375
13786888,16.4794921875
13812892,17.7001953125
13841020,15.07568359375
13879292,15.869140625
13969730,16.6015625
14234798,15.93017578125
14234968,15.44189453125
