14389000,0
95179,17.4560546875
122194,15.56396484375
199718,15.625
220651,17.15087890625
220874,15.93017578125
294303,18.6767578125
294459,16.29638671875
362696,17.2119140625
362720,16.845703125
415318,15.869140625
442680,16.05224609375
502531,20.751953125
502596,17.76123046875
502677,16.29638671875
502869,16.2353515625
562436,16.29638671875
566199,15.56396484375
566266,15.7470703125
566326,15.7470703125
571892,15.93017578125
576739,18.73779296875
578922,16.6015625
583205,15.625
587172,16.11328125
589495,16.29638671875
596142,17.02880859375
602480,15.93017578125
621317,16.17431640625
630514,15.9912109375
671554,17.39501953125
681353,17.08984375
695522,15.9912109375
704931,16.2353515625
723040,15.56396484375
756837,16.9677734375
756900,16.05224609375
870194,16.4794921875
1090382,16.845703125
1091580,16.90673828125
1142520,15.56396484375
1193177,15.56396484375
1203667,15.93017578125
1291218,16.9677734375
1305316,15.7470703125
1400925,16.357421875
1401043,17.08984375
1415746,16.357421875
1582786,17.7001953125
1583547,17.76123046875
1586017,16.54052734375
1588556,17.02880859375
1599817,15.7470703125
1603447,16.9677734375
1603924,15.93017578125
1628056,16.357421875
1628108,16.17431640625
1628440,17.63916015625
1630276,16.17431640625
1632411,15.625
1754219,16.05224609375
1848483,16.90673828125
1852489,15.9912109375
1857202,15.93017578125
1862210,16.11328125
1884214,15.9912109375
2053273,15.80810546875
2053298,17.51708984375
2053324,18.5546875
2067245,15.7470703125
2067286,15.80810546875
2067312,19.6533203125
2067339,16.845703125
2083664,16.357421875
2083722,18.00537109375
2083846,19.287109375
2173484,16.845703125
2295526,15.80810546875
2296400,15.68603515625
2300680,17.333984375
2342607,15.56396484375
2342698,17.88330078125
2342762,16.7236328125
2414666,17.63916015625
2488439,16.9677734375
2495103,15.625
2504406,15.625
2505598,15.80810546875
2509591,18.98193359375
2526088,16.7236328125
2526112,15.9912109375
2526159,17.15087890625
2532140,16.7236328125
2532330,17.2119140625
2536753,16.17431640625
2551892,17.76123046875
2569645,15.9912109375
2591485,17.822265625
2615725,16.357421875
2615760,16.357421875
2617639,16.4794921875
2623626,16.41845703125
2637237,15.625
2645330,16.78466796875
2675818,16.4794921875
2690484,15.7470703125
2707804,17.2119140625
2716918,16.2353515625
2744652,16.2353515625
2755822,16.17431640625
2756103,17.27294921875
2768376,16.2353515625
2804151,16.9677734375
2819973,16.9677734375
2820210,17.63916015625
2831650,15.7470703125
2885172,15.56396484375
2885626,16.357421875
2901214,16.6015625
2947313,15.625
3070236,16.11328125
3174909,15.7470703125
3175390,15.68603515625
3318466,16.4794921875
3338694,16.90673828125
3341780,16.17431640625
3432754,18.06640625
3452915,15.7470703125
3583739,15.80810546875
3584308,16.78466796875
3625034,19.1650390625
3651617,15.9912109375
3667999,16.11328125
3671371,16.11328125
3707648,16.2353515625
3711079,15.869140625
3722400,15.625
3722668,15.869140625
3806599,18.5546875
3823799,16.90673828125
3869859,16.17431640625
3908805,15.80810546875
3985544,16.41845703125
3985936,16.357421875
4114558,17.27294921875
4231009,15.9912109375
4291400,15.7470703125
4339591,18.1884765625
4572211,16.66259765625
4716061,21.240234375
4716105,15.9912109375
4766579,16.17431640625
4766706,17.63916015625
4807199,16.17431640625
4848645,16.29638671875
4848732,16.2353515625
4961751,19.775390625
4961877,17.7001953125
4961922,17.822265625
5023424,15.56396484375
5074341,17.02880859375
5097407,16.9677734375
5150550,16.78466796875
5162339,15.9912109375
5185776,15.9912109375
5192652,15.625
5248407,15.93017578125
5362866,17.88330078125
5486735,18.1884765625
5559799,16.41845703125
5620814,17.333984375
5703518,15.80810546875
5793134,17.333984375
5896062,18.1884765625
5974805,16.7236328125
6002414,18.4326171875
6023850,16.6015625
6040682,17.15087890625
6041166,17.08984375
6120278,15.56396484375
6188750,15.68603515625
6220676,16.05224609375
6220755,15.625
6252287,17.7001953125
6252371,16.17431640625
6279165,15.869140625
6279195,16.78466796875
6279232,16.11328125
6369522,16.54052734375
6384194,16.90673828125
6396994,16.54052734375
6397931,15.80810546875
6433912,15.93017578125
6445784,16.41845703125
6452943,15.625
6483483,16.41845703125
6533055,16.41845703125
6587501,15.56396484375
6588607,16.2353515625
6635199,15.625
6635265,15.7470703125
6717074,18.5546875
6763597,15.80810546875
6802183,16.11328125
6895616,16.66259765625
6989817,16.17431640625
7058403,17.08984375
7184843,15.93017578125
7184890,15.68603515625
7296266,15.68603515625
7333091,15.93017578125
7401343,15.869140625
7500002,15.7470703125
7500329,15.80810546875
7559337,16.05224609375
7559982,15.93017578125
7620322,16.54052734375
7650740,15.7470703125
7681798,16.05224609375
7682052,15.93017578125
7738583,15.93017578125
7768563,17.7001953125
7768634,15.7470703125
7768757,16.2353515625
7799429,18.06640625
7827823,16.9677734375
7827903,16.90673828125
7857684,15.80810546875
7883668,17.39501953125
7883727,15.56396484375
7937482,16.66259765625
7964317,15.56396484375
7980310,16.05224609375
8022942,15.56396484375
8043832,17.2119140625
8060311,16.05224609375
8060410,15.7470703125
8060484,16.6015625
8085947,15.68603515625
8093636,16.11328125
8100937,16.54052734375
8141713,16.41845703125
8161499,15.625
8177309,15.869140625
8386321,15.93017578125
8484672,16.11328125
8717131,16.17431640625
8790190,15.93017578125
8790394,15.68603515625
8894106,16.2353515625
8925452,16.05224609375
8956504,16.54052734375
8956617,15.80810546875
8956650,16.54052734375
9014217,16.845703125
9014407,15.7470703125
9064729,16.11328125
9099432,15.7470703125
9099501,16.05224609375
9127143,16.11328125
9154445,15.9912109375
9183878,16.05224609375
9184338,15.7470703125
9197015,15.80810546875
9197197,16.66259765625
9450918,17.88330078125
9486261,15.56396484375
9580720,16.90673828125
9580778,19.22607421875
9634483,15.56396484375
9831413,18.12744140625
9890166,15.7470703125
9955325,18.798828125
9955370,19.8974609375
9983390,15.56396484375
10110445,16.05224609375
10110591,16.17431640625
10166725,16.6015625
10226226,17.39501953125
10226534,16.41845703125
10226675,15.9912109375
10305854,18.310546875
10359028,15.7470703125
10359095,15.7470703125
10410853,15.9912109375
10434910,15.9912109375
10502091,16.9677734375
10589338,15.56396484375
10629203,17.15087890625
10642557,17.4560546875
10649789,17.578125
10656660,17.2119140625
10669027,17.39501953125
10710937,17.02880859375
10813277,16.845703125
10859112,16.4794921875
11066065,15.869140625
11102371,16.29638671875
11208231,16.7236328125
11213113,16.05224609375
11213872,15.625
11255641,16.845703125
11352912,16.78466796875
11438706,17.7001953125
11468919,16.7236328125
11540060,17.27294921875
11574134,18.85986328125
11574153,15.56396484375
11607159,18.1884765625
11607221,16.66259765625
11607388,15.56396484375
11627368,15.93017578125
11627550,16.05224609375
11691320,15.625
11727778,15.68603515625
11727991,16.29638671875
11767707,16.17431640625
11842489,17.2119140625
11842552,16.17431640625
11877809,16.7236328125
11915869,17.9443359375
11915920,17.578125
11980954,16.2353515625
11981026,17.9443359375
12022170,15.7470703125
12022282,16.17431640625
12022374,16.6015625
12051743,16.05224609375
12051884,17.9443359375
12161885,15.7470703125
12195967,17.578125
12257805,17.822265625
12257821,16.4794921875
12257901,15.625
12346438,17.63916015625
12368575,15.869140625
12368661,16.41845703125
12391609,15.7470703125
12430952,17.27294921875
12439186,15.93017578125
12439261,16.29638671875
12448033,16.17431640625
12531451,15.80810546875
12664936,15.7470703125
12712387,17.9443359375
12751308,16.11328125
12751483,16.78466796875
12822610,16.54052734375
12856465,15.7470703125
12896524,16.05224609375
12934508,16.9677734375
12934529,16.357421875
12934875,15.9912109375
12971965,16.11328125
12972026,15.93017578125
13141087,15.56396484375
13141112,15.625
13175430,15.68603515625
13276358,15.80810546875
13276621,18.9208984375
13305875,16.41845703125
13305904,16.29638671875
13306230,15.9912109375
13437609,20.69091796875
13463224,15.7470703125
13530369,18.5546875
13588450,17.27294921875
13616990,17.578125
13647102,15.869140625
13694047,15.625
13729840,16.357421875
13759249,19.4091796875
13787038,17.9443359375
13812812,21.30126953125
13812834,16.11328125
13879299,16.9677734375
13925509,15.625
13969706,16.17431640625
13969734,15.68603515625
14014944,17.4560546875
14015162,15.7470703125
14060016,16.90673828125
14082744,16.17431640625
14186856,16.05224609375
14234985,16.9677734375
14363490,15.9912109375
