14389000,0
95105,19.4091796875
110585,15.869140625
110634,20.93505859375
110761,17.51708984375
122172,22.27783203125
122213,15.9912109375
122225,19.83642578125
220387,17.27294921875
220449,20.6298828125
290674,15.380859375
293931,17.7001953125
294124,16.9677734375
294200,16.357421875
362716,18.12744140625
415096,15.5029296875
415187,18.37158203125
442524,26.3671875
502334,23.01025390625
502370,16.90673828125
502412,15.56396484375
502436,15.44189453125
562484,17.2119140625
566096,15.869140625
566994,17.578125
567629,21.1181640625
567814,17.51708984375
569750,16.9677734375
569979,17.15087890625
570761,16.2353515625
571117,15.5029296875
571593,15.80810546875
572905,16.2353515625
574578,16.2353515625
576013,16.29638671875
576122,15.31982421875
578633,16.78466796875
578827,16.357421875
583739,15.44189453125
583784,15.56396484375
583832,18.310546875
583909,15.44189453125
587407,15.7470703125
587453,15.68603515625
587463,15.7470703125
590120,17.88330078125
590189,15.93017578125
593763,16.845703125
593778,18.310546875
593809,15.2587890625
593864,16.90673828125
596669,15.68603515625
598684,16.6015625
598754,15.31982421875
602416,18.798828125
602514,19.1650390625
602590,15.7470703125
605708,16.845703125
605809,19.04296875
605853,15.56396484375
608111,16.78466796875
611170,15.9912109375
614031,15.9912109375
614101,16.11328125
614302,16.2353515625
616933,16.357421875
616954,16.90673828125
618037,15.9912109375
622507,16.11328125
627805,15.2587890625
629634,19.6533203125
632266,16.41845703125
634909,15.625
634963,18.6767578125
635157,17.9443359375
635324,16.41845703125
636796,18.00537109375
645920,15.869140625
650104,16.7236328125
650158,16.357421875
650183,17.15087890625
654807,15.5029296875
657391,16.6015625
657736,15.625
662040,19.6533203125
662749,15.68603515625
663699,15.68603515625
666564,15.9912109375
667837,16.11328125
671723,18.310546875
675542,16.41845703125
675613,16.7236328125
676349,15.9912109375
676367,15.625
676483,15.80810546875
681121,24.59716796875
681249,15.44189453125
684127,15.7470703125
689523,16.845703125
702341,16.4794921875
704481,15.5029296875
704511,21.1181640625
705280,19.10400390625
712172,15.2587890625
716675,16.357421875
716700,15.380859375
716730,19.95849609375
727715,16.78466796875
727784,17.08984375
729131,15.31982421875
735029,22.8271484375
735062,17.08984375
735752,19.8974609375
744429,16.54052734375
756839,18.24951171875
756850,16.29638671875
757918,15.869140625
768418,16.17431640625
768471,19.287109375
768543,18.12744140625
774352,16.357421875
785572,17.15087890625
794705,16.845703125
807812,16.90673828125
809390,15.5029296875
810483,16.17431640625
822027,16.29638671875
822578,15.44189453125
826666,20.69091796875
826712,15.68603515625
849225,16.41845703125
849268,16.41845703125
849342,17.08984375
849527,15.68603515625
852661,16.05224609375
854033,15.625
870419,15.68603515625
870462,16.41845703125
873127,15.44189453125
1034430,15.93017578125
1034612,16.17431640625
1035156,15.9912109375
1035669,15.625
1036561,16.05224609375
1089679,16.05224609375
1089726,15.31982421875
1090155,15.56396484375
1091538,16.17431640625
1091747,16.41845703125
1091909,15.5029296875
1141591,15.869140625
1141636,18.6767578125
1142186,17.63916015625
1189923,15.31982421875
1196514,16.90673828125
1196770,15.9912109375
1196969,17.08984375
1197189,17.9443359375
1197860,19.04296875
1198048,18.85986328125
1198442,17.51708984375
1199741,16.29638671875
1199904,18.85986328125
1200283,16.41845703125
1200454,16.6015625
1200587,20.99609375
1201373,18.9208984375
1201871,15.2587890625
1203486,15.380859375
1203878,15.31982421875
1205522,15.5029296875
1207135,15.2587890625
1210622,15.7470703125
1211662,16.90673828125
1211922,15.869140625
1215090,15.2587890625
1290607,19.6533203125
1290877,15.7470703125
1297969,15.625
1298023,17.76123046875
1298155,20.01953125
1298378,15.56396484375
1298592,15.80810546875
1298696,16.66259765625
1299353,15.625
1303581,15.31982421875
1303750,20.3857421875
1304141,17.51708984375
1304293,15.93017578125
1304412,16.05224609375
1304863,17.76123046875
1304874,17.08984375
1305163,15.31982421875
1401000,16.17431640625
1415428,15.625
1431715,17.15087890625
1431737,15.5029296875
1431813,15.5029296875
1433892,15.80810546875
1581847,16.4794921875
1581941,16.9677734375
1581987,16.54052734375
1582052,18.73779296875
1584770,20.1416015625
1585835,15.56396484375
1586025,17.578125
1595635,15.9912109375
1595679,17.578125
1595696,17.63916015625
1599895,17.15087890625
1600336,16.17431640625
1601108,18.6767578125
1604304,18.310546875
1604828,19.8974609375
1632296,16.41845703125
1632336,15.5029296875
1632421,15.31982421875
1726827,16.9677734375
1726874,15.5029296875
1726919,16.41845703125
1727182,16.11328125
1754478,15.31982421875
1801266,19.47021484375
1801340,16.66259765625
1801441,16.357421875
1848089,15.80810546875
1848122,16.2353515625
1848506,15.31982421875
1852208,18.73779296875
1852296,15.5029296875
1852754,16.41845703125
1852783,16.05224609375
1853229,15.93017578125
1853419,15.93017578125
1853763,15.44189453125
1854616,15.2587890625
1854749,16.2353515625
1855902,17.76123046875
1856167,16.41845703125
1857713,17.63916015625
1862322,18.5546875
1874787,15.5029296875
1875770,15.2587890625
1876438,17.333984375
1877800,16.05224609375
1883395,15.31982421875
1884112,15.5029296875
1969248,20.69091796875
1969395,16.11328125
1971282,15.5029296875
1975382,18.00537109375
1975524,15.31982421875
1975555,16.05224609375
1981075,17.15087890625
2067100,24.0478515625
2067176,21.17919921875
2067407,16.357421875
2142631,17.333984375
2142703,16.7236328125
2143027,16.17431640625
2173215,20.56884765625
2173272,15.625
2173326,16.845703125
2295334,18.5546875
2295402,16.66259765625
2295422,15.31982421875
2295499,17.02880859375
2300593,17.88330078125
2342482,19.6533203125
2342507,18.798828125
2414425,17.9443359375
2414475,16.90673828125
2450640,17.578125
2450683,19.59228515625
2488136,17.15087890625
2488239,16.4794921875
2488285,15.44189453125
2488394,15.44189453125
2494876,15.44189453125
2502127,18.37158203125
2502177,15.44189453125
2502790,16.4794921875
2503314,18.85986328125
2504493,16.11328125
2505035,17.578125
2508443,16.41845703125
2512726,22.0947265625
2512747,16.2353515625
2512770,15.93017578125
2512830,15.869140625
2518844,15.7470703125
2522619,21.66748046875
2522650,17.76123046875
2523218,16.9677734375
2525945,15.7470703125
2529698,17.333984375
2529916,16.17431640625
2532382,17.39501953125
2532430,15.7470703125
2532489,18.310546875
2532548,16.6015625
2536617,19.53125
2536667,16.2353515625
2538953,15.380859375
2539174,17.51708984375
2539226,19.8974609375
2539403,17.88330078125
2542755,16.2353515625
2545922,17.08984375
2548959,18.00537109375
2549011,19.1650390625
2549063,15.93017578125
2551735,18.00537109375
2551753,17.27294921875
2562464,19.22607421875
2562515,20.8740234375
2562546,17.76123046875
2562570,15.380859375
2562677,15.93017578125
2562835,16.11328125
2564780,15.2587890625
2564820,17.63916015625
2564894,15.7470703125
2569746,16.78466796875
2575857,15.625
2578413,17.51708984375
2579485,18.9208984375
2579532,16.845703125
2579626,16.4794921875
2584244,19.59228515625
2585517,15.869140625
2585583,18.06640625
2590303,18.1884765625
2591108,18.37158203125
2594621,15.44189453125
2594640,15.380859375
2594679,16.17431640625
2594730,15.625
2595708,15.56396484375
2595821,16.17431640625
2600573,15.68603515625
2600637,17.333984375
2602228,18.4326171875
2604226,16.29638671875
2608584,16.29638671875
2615630,16.6015625
2616416,16.29638671875
2617464,18.24951171875
2617534,15.31982421875
2623701,15.44189453125
2623735,16.11328125
2625961,16.41845703125
2626027,15.625
2626100,18.24951171875
2626428,15.68603515625
2632612,16.05224609375
2637097,20.1416015625
2637128,17.15087890625
2640768,16.90673828125
2640838,16.9677734375
2645571,18.5546875
2647250,15.869140625
2651571,17.88330078125
2651621,16.7236328125
2652514,18.06640625
2658716,15.2587890625
2660790,15.68603515625
2667051,15.31982421875
2668241,15.7470703125
2674416,19.34814453125
2674456,15.56396484375
2674471,15.31982421875
2674526,15.625
2690476,15.9912109375
2690502,16.66259765625
2699460,17.63916015625
2707947,15.31982421875
2708003,16.29638671875
2709320,15.7470703125
2717043,15.80810546875
2717100,15.31982421875
2717163,16.6015625
2718760,15.9912109375
2726695,17.88330078125
2728082,15.869140625
2744849,17.63916015625
2744869,16.41845703125
2756018,19.95849609375
2756164,16.41845703125
2768431,15.2587890625
2768478,16.4794921875
2782828,16.2353515625
2783007,16.90673828125
2784720,15.44189453125
2793252,16.357421875
2804281,16.9677734375
2863226,15.7470703125
2901198,16.90673828125
2901249,15.31982421875
2902013,17.39501953125
2903825,16.7236328125
2905843,15.93017578125
2906214,16.05224609375
2906247,20.5078125
2908942,16.4794921875
2919690,20.99609375
2919729,15.56396484375
2920851,16.29638671875
2921298,15.625
2945497,18.798828125
2945534,19.775390625
2945620,18.4326171875
2946226,16.17431640625
2961770,19.04296875
2961812,15.5029296875
2978533,18.98193359375
2978571,18.37158203125
2978608,15.625
2978626,15.56396484375
2979971,15.31982421875
2980760,15.44189453125
2981031,16.05224609375
2995878,17.76123046875
2995924,20.3857421875
3016846,19.59228515625
3016897,16.357421875
3018571,15.380859375
3019784,17.333984375
3020002,15.5029296875
3020164,15.68603515625
3021393,18.1884765625
3042328,15.93017578125
3042362,16.05224609375
3042372,17.27294921875
3042420,18.73779296875
3072853,17.27294921875
3073269,19.10400390625
3100325,16.6015625
3100371,17.51708984375
3101811,22.76611328125
3103442,15.56396484375
3103585,15.56396484375
3104253,16.357421875
3104354,15.380859375
3106125,18.12744140625
3122528,16.05224609375
3124298,19.775390625
3125210,17.333984375
3125464,15.7470703125
3125554,15.44189453125
3126889,18.310546875
3146917,15.5029296875
3146948,16.90673828125
3146967,17.39501953125
3147026,16.2353515625
3147900,16.11328125
3149284,15.5029296875
3175050,20.6298828125
3176817,16.05224609375
3176980,15.56396484375
3178079,16.29638671875
3179262,19.53125
3210325,15.31982421875
3211296,17.578125
3213308,18.310546875
3213322,15.869140625
3213927,16.357421875
3214112,16.4794921875
3317905,20.1416015625
3317982,16.29638671875
3338338,15.869140625
3338425,18.310546875
3340452,17.76123046875
3340496,20.20263671875
3340636,16.29638671875
3341088,15.44189453125
3341108,15.5029296875
3341864,15.7470703125
3433846,15.2587890625
3452506,15.9912109375
3572315,16.78466796875
3572389,17.27294921875
3572755,15.68603515625
3574079,15.7470703125
3574439,16.90673828125
3574650,15.625
3574729,16.11328125
3575521,15.31982421875
3576234,16.357421875
3576755,16.7236328125
3577697,20.08056640625
3579307,18.310546875
3579583,16.11328125
3581677,16.6015625
3581945,19.47021484375
3582996,16.11328125
3583113,17.7001953125
3583227,15.44189453125
3583935,15.625
3588014,16.90673828125
3588271,18.85986328125
3589237,15.2587890625
3618793,15.7470703125
3618808,19.83642578125
3618864,16.11328125
3626770,22.27783203125
3626810,15.380859375
3626883,19.22607421875
3628050,15.56396484375
3628812,15.7470703125
3629517,15.2587890625
3647296,18.85986328125
3651443,21.6064453125
3651506,15.380859375
3651561,15.44189453125
3652618,17.822265625
3656304,17.578125
3671114,16.17431640625
3671233,16.66259765625
3671636,15.44189453125
3671799,15.31982421875
3672222,15.56396484375
3684849,15.869140625
3684902,15.5029296875
3688310,19.34814453125
3688355,16.41845703125
3688373,17.7001953125
3688980,17.27294921875
3698690,16.29638671875
3698735,19.287109375
3698793,17.88330078125
3701607,15.9912109375
3701876,18.310546875
3707716,15.9912109375
3707769,17.39501953125
3707819,17.63916015625
3722545,16.17431640625
3723572,15.7470703125
3723831,16.54052734375
3725903,17.15087890625
3725931,18.61572265625
3735982,16.78466796875
3750307,16.17431640625
3766928,18.37158203125
3783292,16.11328125
3787169,15.80810546875
3787217,15.625
3787807,15.31982421875
3789408,18.61572265625
3789475,15.625
3789535,16.66259765625
3790716,16.6015625
3791596,15.869140625
3791869,16.4794921875
3793281,15.7470703125
3793506,16.90673828125
3806542,19.1650390625
3806649,17.15087890625
3823924,15.380859375
3823945,17.63916015625
3839984,16.2353515625
3841590,16.11328125
3841653,18.5546875
3841761,16.78466796875
3842231,15.380859375
3842390,16.845703125
3842904,17.333984375
3844483,17.27294921875
3844845,16.29638671875
3870983,15.380859375
3890793,19.95849609375
3890826,16.7236328125
3908523,16.845703125
3932651,16.90673828125
3955756,17.39501953125
4114146,16.11328125
4159149,19.10400390625
4159180,16.6015625
4230233,22.39990234375
4230556,15.68603515625
4230578,15.44189453125
4290916,16.05224609375
4291011,17.4560546875
4339204,18.310546875
4397922,19.10400390625
4397952,16.11328125
4398226,18.61572265625
4473718,16.66259765625
4473740,19.53125
4518586,19.34814453125
4571714,18.798828125
4571743,15.380859375
4571776,17.39501953125
4571990,15.5029296875
4627906,16.05224609375
4627954,22.216796875
4670748,19.22607421875
4715901,15.31982421875
4715937,16.9677734375
4766492,20.44677734375
4766518,15.625
4806859,19.04296875
4848489,15.31982421875
4848547,18.98193359375
4886863,15.7470703125
4925820,18.00537109375
4925890,16.78466796875
4961667,16.6015625
4961727,17.51708984375
4990371,20.32470703125
4990420,15.68603515625
4990477,15.68603515625
5023288,15.9912109375
5055890,16.4794921875
5055935,18.73779296875
5060139,15.80810546875
5060182,17.27294921875
5060233,19.22607421875
5074161,15.869140625
5076827,17.39501953125
5078058,15.625
5078157,16.9677734375
5080864,16.9677734375
5094543,17.08984375
5094573,15.80810546875
5097371,16.41845703125
5097384,15.2587890625
5101396,15.9912109375
5105012,15.9912109375
5105102,15.93017578125
5111996,17.333984375
5112058,16.6015625
5114667,16.357421875
5123699,15.2587890625
5127250,18.06640625
5127341,16.66259765625
5129371,16.4794921875
5133787,18.9208984375
5133838,15.80810546875
5137274,16.41845703125
5140922,16.41845703125
5147864,17.51708984375
5147925,23.4375
5153038,17.822265625
5153116,18.9208984375
5156823,15.7470703125
5164765,15.80810546875
5164788,15.380859375
5167882,16.54052734375
5172994,17.88330078125
5180297,15.31982421875
5185943,15.56396484375
5185962,15.56396484375
5192234,16.357421875
5198205,15.869140625
5198282,15.68603515625
5205865,15.31982421875
5211574,17.51708984375
5211621,15.93017578125
5217561,17.578125
5223496,18.00537109375
5230708,16.54052734375
5239658,18.6767578125
5248476,18.310546875
5256627,15.9912109375
5265185,23.98681640625
5265198,15.56396484375
5265235,16.90673828125
5273605,15.80810546875
5290970,16.54052734375
5302768,15.869140625
5325085,19.287109375
5336981,19.4091796875
5349559,18.49365234375
5350415,16.4794921875
5398405,16.9677734375
5486280,15.9912109375
5558424,18.85986328125
5620012,17.4560546875
5662286,20.751953125
5662550,15.380859375
5702557,19.34814453125
5703155,15.2587890625
5743876,15.7470703125
5749187,17.27294921875
5749244,16.9677734375
5749910,16.17431640625
5792049,15.5029296875
5792395,16.4794921875
5792780,17.08984375
5818467,15.625
5818701,17.2119140625
5859270,16.66259765625
5895084,15.44189453125
5895156,17.76123046875
5896146,17.27294921875
5933416,16.17431640625
5933499,15.869140625
5933514,16.17431640625
5933828,18.310546875
5974230,17.88330078125
5974313,15.68603515625
5974626,15.7470703125
6001917,20.01953125
6002068,15.31982421875
6002283,17.15087890625
6024021,15.9912109375
6082031,15.2587890625
6082277,17.02880859375
6158919,15.68603515625
6158962,15.9912109375
6188291,15.93017578125
6188434,15.56396484375
6220494,16.78466796875
6251763,17.02880859375
6251786,17.08984375
6278520,16.29638671875
6309698,16.41845703125
6338312,17.27294921875
6369352,15.380859375
6383513,15.380859375
6383866,18.73779296875
6401689,15.2587890625
6401727,15.869140625
6402144,17.15087890625
6424374,17.27294921875
6424403,15.80810546875
6424458,23.193359375
6424520,17.02880859375
6429368,16.11328125
6429912,16.7236328125
6433966,18.85986328125
6440973,18.12744140625
6446010,15.2587890625
6453034,15.2587890625
6458380,15.9912109375
6458407,16.29638671875
6463637,15.625
6463693,18.798828125
6467253,15.44189453125
6473229,18.73779296875
6473267,20.263671875
6477573,16.11328125
6481120,18.310546875
6483372,15.56396484375
6492222,18.49365234375
6492271,20.32470703125
6495431,15.9912109375
6495473,18.24951171875
6495581,20.3857421875
6504859,21.66748046875
6504920,15.93017578125
6507551,16.11328125
6507618,17.15087890625
6508218,16.90673828125
6512299,17.02880859375
6515199,16.6015625
6518458,19.10400390625
6523995,16.845703125
6524059,16.4794921875
6527768,17.15087890625
6527835,15.68603515625
6532824,15.80810546875
6532873,18.12744140625
6545736,15.56396484375
6563940,22.15576171875
6563967,18.5546875
6571630,17.822265625
6587672,16.41845703125
6595689,18.798828125
6604551,15.2587890625
6604579,16.05224609375
6614417,18.24951171875
6625957,15.44189453125
6635013,19.95849609375
6662611,15.56396484375
6662659,16.66259765625
6675900,16.17431640625
6675916,15.56396484375
6689813,15.625
6701221,16.357421875
6701252,16.4794921875
6716426,17.7001953125
6732447,15.56396484375
6746980,15.56396484375
6763441,18.6767578125
6763483,18.98193359375
6802030,17.333984375
6802082,15.56396484375
6802765,15.7470703125
6830839,15.68603515625
6831185,16.4794921875
6862075,19.4091796875
6894858,15.625
6988475,16.78466796875
7023220,15.869140625
7024329,15.869140625
7056925,17.02880859375
7093607,17.51708984375
7129201,15.5029296875
7183117,15.9912109375
7184317,16.6015625
7214723,15.31982421875
7256053,15.68603515625
7256365,15.68603515625
7256741,15.9912109375
7295174,15.5029296875
7295406,15.380859375
7295423,17.15087890625
7295921,15.80810546875
7331949,17.4560546875
7332093,16.357421875
7332260,16.05224609375
7332534,16.11328125
7367316,16.41845703125
7400472,16.17431640625
7499653,16.7236328125
7531781,15.44189453125
7532207,16.78466796875
7558550,16.05224609375
7558610,15.9912109375
7559187,15.31982421875
7592288,16.41845703125
7619484,15.625
7619559,15.7470703125
7619658,16.4794921875
7620057,15.380859375
7649967,17.27294921875
7681238,16.41845703125
7681365,15.625
7710280,16.11328125
7710503,15.56396484375
7737928,16.41845703125
7737964,18.24951171875
7738073,15.44189453125
7798623,15.380859375
7798650,15.869140625
7798703,15.68603515625
7798735,15.80810546875
7827439,16.6015625
7827576,15.56396484375
7827712,16.05224609375
7828466,15.93017578125
7856938,16.17431640625
7856969,15.625
7883242,18.61572265625
7911653,16.54052734375
7936844,15.5029296875
7964238,15.7470703125
7980229,15.7470703125
8043823,16.17431640625
8060561,16.41845703125
8071269,16.90673828125
8079575,16.41845703125
8085666,16.17431640625
8093761,16.9677734375
8093812,15.56396484375
8101148,18.9208984375
8101208,15.869140625
8117383,15.80810546875
8161393,15.80810546875
8214963,15.625
8385241,15.68603515625
8385711,16.29638671875
8483465,17.63916015625
8545731,18.6767578125
8592649,17.9443359375
8716046,16.9677734375
8752106,22.52197265625
8752378,15.869140625
8752390,16.6015625
8789806,16.9677734375
8825343,16.11328125
8825813,17.88330078125
8859059,17.51708984375
8893506,17.822265625
8893760,16.4794921875
8924849,15.5029296875
8924971,16.29638671875
8925135,16.845703125
8955659,15.31982421875
8955939,17.27294921875
8956016,17.578125
8987175,15.7470703125
9014280,15.9912109375
9014316,16.9677734375
9021078,16.78466796875
9021092,15.5029296875
9021141,15.31982421875
9021185,16.6015625
9030223,16.66259765625
9034724,15.2587890625
9034815,19.95849609375
9049781,16.29638671875
9057029,15.31982421875
9064368,15.380859375
9064433,17.27294921875
9077271,16.7236328125
9077366,16.29638671875
9084536,18.85986328125
9099129,15.869140625
9099184,18.1884765625
9112239,15.625
9118817,19.47021484375
9118867,15.56396484375
9118892,15.5029296875
9126704,15.56396484375
9126747,15.56396484375
9132371,17.15087890625
9132408,18.06640625
9139560,16.845703125
9146043,16.54052734375
9153666,16.41845703125
9153853,16.4794921875
9162244,16.90673828125
9162363,15.5029296875
9173025,17.822265625
9183996,15.68603515625
9198963,16.11328125
9209945,16.41845703125
9209974,16.2353515625
9211311,15.93017578125
9222072,17.15087890625
9222323,17.63916015625
9247788,16.4794921875
9261902,18.5546875
9274202,15.625
9274335,16.41845703125
9292098,17.39501953125
9292609,15.56396484375
9293201,18.6767578125
9293743,15.80810546875
9295947,16.9677734375
9296539,15.625
9310948,16.4794921875
9361549,15.56396484375
9364013,15.44189453125
9364338,15.625
9407708,15.56396484375
9407771,15.31982421875
9408016,15.56396484375
9408141,15.31982421875
9408258,16.2353515625
9409370,18.73779296875
9409893,15.625
9450668,17.27294921875
9450913,16.4794921875
9451768,17.39501953125
9452611,15.5029296875
9452715,15.31982421875
9455401,15.56396484375
9486000,16.4794921875
9486052,16.54052734375
9486388,15.7470703125
9486514,15.2587890625
9486760,16.29638671875
9527043,16.66259765625
9527103,15.80810546875
9527159,15.625
9527834,16.66259765625
9528265,15.380859375
9530150,16.357421875
9530641,15.625
9531557,15.56396484375
9580247,16.357421875
9580462,15.2587890625
9580714,17.333984375
9580786,15.56396484375
9581583,15.869140625
9583269,15.7470703125
9585561,15.56396484375
9586142,16.41845703125
9634176,18.73779296875
9634227,18.6767578125
9635521,16.54052734375
9635659,16.11328125
9636802,16.05224609375
9637834,15.625
9637977,15.2587890625
9685698,18.37158203125
9685861,15.56396484375
9688623,16.29638671875
9689750,16.90673828125
9755575,17.88330078125
9755636,15.380859375
9755668,16.357421875
9756483,16.357421875
9756842,15.68603515625
9757408,15.93017578125
9760481,15.93017578125
9760637,15.625
9830695,16.78466796875
9830739,16.05224609375
9889041,17.63916015625
9908321,17.88330078125
9982327,17.76123046875
10166199,15.9912109375
10305394,16.845703125
10305693,15.2587890625
10463466,15.31982421875
10501364,19.6533203125
10501622,16.41845703125
10532638,16.7236328125
10532764,15.9912109375
10561603,17.51708984375
10562004,17.15087890625
10588972,15.2587890625
10589035,17.333984375
10589193,20.20263671875
10612283,17.39501953125
10634588,15.93017578125
10642640,15.56396484375
10663443,16.7236328125
10675567,18.98193359375
10675610,17.822265625
10675659,20.20263671875
10687113,15.44189453125
10704443,15.80810546875
10704479,17.2119140625
10710821,18.24951171875
10710861,16.90673828125
10716135,15.5029296875
10751875,17.27294921875
10751934,15.9912109375
10779658,19.1650390625
10801255,16.17431640625
10813238,16.41845703125
10825990,17.39501953125
11024134,15.56396484375
11024284,16.357421875
11024351,15.625
11065265,17.02880859375
11101919,15.9912109375
11160448,15.7470703125
11207682,15.68603515625
11212723,15.380859375
11294037,16.2353515625
11296488,15.2587890625
11322944,18.06640625
11328264,18.12744140625
11328318,17.4560546875
11330329,16.845703125
11330514,16.41845703125
11386666,15.625
11386914,17.9443359375
11387071,17.08984375
11394636,15.31982421875
11396153,15.380859375
11438030,15.625
11438196,18.798828125
11468466,15.44189453125
11468583,19.10400390625
11468656,15.31982421875
11500964,16.17431640625
11539469,16.05224609375
11573775,15.2587890625
11606666,18.85986328125
11606816,15.5029296875
11627077,16.29638671875
11645427,15.2587890625
11645516,18.37158203125
11645564,17.7001953125
11690787,15.31982421875
11690860,18.6767578125
11690933,17.02880859375
11727355,16.29638671875
11727494,15.5029296875
11766753,15.5029296875
11803207,17.27294921875
11842194,17.2119140625
11877223,16.2353515625
11877452,16.357421875
11877605,15.93017578125
11916063,15.44189453125
11940820,16.41845703125
11980478,15.9912109375
12021812,19.04296875
12089776,18.06640625
12089960,15.625
12122887,15.31982421875
12195495,15.2587890625
12195570,18.73779296875
12225781,17.63916015625
12257369,16.7236328125
12257537,15.2587890625
12286649,17.7001953125
12286819,15.31982421875
12319475,17.88330078125
12345602,15.44189453125
12345926,16.41845703125
12345954,15.80810546875
12350132,15.44189453125
12368603,15.44189453125
12391466,18.73779296875
12391506,22.0947265625
12391521,15.56396484375
12391579,18.1884765625
12397813,16.17431640625
12398342,16.05224609375
12398763,17.63916015625
12406277,15.56396484375
12406323,27.9541015625
12406432,17.02880859375
12414635,15.380859375
12422899,15.93017578125
12430839,15.31982421875
12439076,15.93017578125
12447967,17.39501953125
12448059,16.78466796875
12464568,18.24951171875
12472948,23.4375
12473817,15.869140625
12483742,18.1884765625
12497166,16.66259765625
12497250,17.08984375
12508896,15.625
12508959,18.1884765625
12531147,15.625
12531184,17.02880859375
12601714,15.5029296875
12664435,16.78466796875
12664464,15.2587890625
12664479,17.39501953125
12709699,15.869140625
12711964,16.54052734375
12751342,15.31982421875
12751388,15.9912109375
12856252,15.44189453125
12921472,15.869140625
13001306,15.93017578125
13008656,17.333984375
13008726,16.4794921875
13008810,15.869140625
13046744,17.76123046875
13046980,15.7470703125
13070956,20.08056640625
13140721,18.00537109375
13140750,16.11328125
13173112,17.02880859375
13174178,17.15087890625
13242262,15.380859375
13242445,17.02880859375
13305262,16.90673828125
13372162,16.357421875
13372213,16.9677734375
13401479,17.15087890625
13437269,16.90673828125
13462800,16.41845703125
13462961,18.85986328125
13463051,16.05224609375
13463148,15.31982421875
13498603,16.4794921875
13498670,17.08984375
13498767,18.24951171875
13588181,17.2119140625
13616478,15.625
13616564,15.5029296875
13616859,15.2587890625
13616913,16.4794921875
13646994,15.7470703125
13677411,15.56396484375
13677424,15.5029296875
13677458,15.5029296875
13677490,17.333984375
13677728,15.31982421875
13693765,15.93017578125
13693860,16.4794921875
13729671,18.85986328125
13759017,17.88330078125
13786834,16.78466796875
13786925,19.34814453125
13812695,16.90673828125
13812717,17.822265625
13840826,16.41845703125
13840841,16.78466796875
13840901,16.11328125
13878939,15.31982421875
13879015,15.7470703125
13924786,20.20263671875
13969389,15.56396484375
14014294,15.869140625
14059606,19.04296875
14140714,19.1650390625
14140773,16.11328125
14186173,15.869140625
14234374,18.9208984375
14234535,16.9677734375
14281050,15.7470703125
14325774,17.39501953125
14325825,15.2587890625
14363116,16.29638671875
14363169,17.7001953125
