14389000,0
95012,16.7236328125
95055,17.333984375
95177,16.54052734375
95199,19.775390625
110927,20.3857421875
110962,19.47021484375
122330,20.01953125
122443,18.00537109375
122465,20.44677734375
199686,20.69091796875
199714,18.310546875
199735,22.64404296875
199800,23.49853515625
220505,19.04296875
220726,20.1416015625
362583,16.7236328125
362642,19.59228515625
362654,17.02880859375
362699,17.39501953125
415268,17.88330078125
415351,19.22607421875
415390,17.2119140625
415438,16.6015625
470278,19.47021484375
470295,19.4091796875
470322,19.10400390625
502473,16.41845703125
502516,21.54541015625
502584,18.06640625
502663,18.310546875
562481,21.1181640625
562548,22.88818359375
566139,17.7001953125
590237,16.54052734375
593863,20.01953125
602593,17.4560546875
671681,17.02880859375
672077,16.78466796875
695428,16.78466796875
716799,19.04296875
807705,19.47021484375
822099,19.10400390625
849065,19.10400390625
849255,16.6015625
1036432,17.333984375
1036475,19.04296875
1036506,16.41845703125
1090350,19.22607421875
1091830,20.6298828125
1091854,18.1884765625
1091915,17.63916015625
1091946,19.04296875
1142113,17.9443359375
1142490,18.310546875
1189985,17.2119140625
1190102,18.6767578125
1190605,17.27294921875
1210307,18.00537109375
1290792,18.73779296875
1290893,17.822265625
1297593,17.822265625
1400907,26.0009765625
1400938,18.61572265625
1400948,19.775390625
1400999,21.3623046875
1415638,16.90673828125
1415652,16.90673828125
1415763,19.04296875
1415966,16.845703125
1431788,17.2119140625
1432041,16.9677734375
1585838,16.90673828125
1586229,19.53125
1586379,17.7001953125
1595858,17.63916015625
1628081,16.4794921875
1628179,16.78466796875
1628385,16.9677734375
1628428,21.42333984375
1628499,19.95849609375
1632352,21.66748046875
1632472,19.04296875
1632717,17.27294921875
1727199,17.51708984375
1727517,17.76123046875
1754669,18.61572265625
1754745,16.4794921875
1848370,18.61572265625
1848455,20.8740234375
1852394,16.6015625
1874831,19.47021484375
1883574,16.4794921875
1969532,17.7001953125
1970924,16.6015625
1971050,18.00537109375
1975696,17.76123046875
2053307,23.49853515625
2053415,22.76611328125
2053441,16.4794921875
2067178,17.2119140625
2067301,16.41845703125
2067327,16.9677734375
2067369,18.06640625
2083551,16.54052734375
2083644,17.2119140625
2083667,20.32470703125
2083828,20.44677734375
2142960,17.39501953125
2143139,19.04296875
2143226,17.2119140625
2143250,19.8974609375
2173460,20.32470703125
2173542,20.8740234375
2173752,16.4794921875
2173803,19.47021484375
2173862,18.310546875
2295610,17.39501953125
2300602,16.78466796875
2300663,16.845703125
2300685,18.6767578125
2300758,18.73779296875
2342608,19.53125
2342805,23.4375
2342886,17.88330078125
2414623,16.9677734375
2450760,28.1982421875
2488401,19.59228515625
2488530,18.73779296875
2488642,17.4560546875
2495136,21.05712890625
2495172,17.88330078125
2495269,16.6015625
2512831,21.91162109375
2515553,18.12744140625
2518490,17.39501953125
2526152,17.76123046875
2532509,16.4794921875
2536681,19.53125
2562549,19.6533203125
2562648,24.23095703125
2569671,17.333984375
2615487,21.17919921875
2658827,16.41845703125
2666909,18.06640625
2716922,17.76123046875
2733226,18.24951171875
2744948,16.78466796875
2755870,17.63916015625
2768273,16.9677734375
2793107,16.41845703125
2804151,17.2119140625
2820080,16.9677734375
2831412,16.9677734375
2848946,17.15087890625
2885470,17.02880859375
2901055,17.2119140625
2919601,18.85986328125
3042290,19.83642578125
3042452,16.66259765625
3122327,18.5546875
3146960,20.263671875
3175055,17.76123046875
3318427,18.310546875
3318459,17.578125
3318504,18.49365234375
3318523,17.7001953125
3318575,16.90673828125
3318609,17.88330078125
3341671,16.90673828125
3341935,17.9443359375
3341946,16.9677734375
3432692,16.78466796875
3432723,17.578125
3432751,25.45166015625
3432902,19.34814453125
3433083,16.66259765625
3453008,19.1650390625
3453076,16.6015625
3453447,18.73779296875
3583204,16.845703125
3618958,19.4091796875
3618972,17.27294921875
3619000,23.193359375
3619186,17.15087890625
3646990,17.7001953125
3647105,16.4794921875
3647360,17.88330078125
3698730,17.63916015625
3698810,18.6767578125
3707483,18.310546875
3707680,17.578125
3707769,21.484375
3736043,17.4560546875
3750383,16.78466796875
3766770,16.7236328125
3766981,20.93505859375
3766998,20.01953125
3767092,19.10400390625
3806518,19.47021484375
3806661,17.7001953125
3823860,19.22607421875
3824005,17.63916015625
3824027,16.41845703125
3839960,18.73779296875
3840151,16.54052734375
3869630,16.7236328125
3869691,17.7001953125
3890985,19.1650390625
3890998,17.51708984375
3908677,18.85986328125
3910214,18.06640625
3932755,17.02880859375
3985437,16.78466796875
3985962,17.27294921875
3986015,17.7001953125
3986060,17.15087890625
4005125,17.578125
4031848,16.4794921875
4031903,17.08984375
4114576,17.51708984375
4114670,18.24951171875
4159870,18.4326171875
4159963,19.6533203125
4230941,17.51708984375
4231027,16.41845703125
4231164,18.6767578125
4291119,18.37158203125
4291232,20.08056640625
4291370,18.1884765625
4291484,20.3857421875
4339377,17.76123046875
4339472,18.73779296875
4339549,17.88330078125
4339616,16.9677734375
4382790,18.798828125
4382904,16.54052734375
4382975,23.92578125
4398031,20.01953125
4398092,18.1884765625
4398159,22.52197265625
4398575,16.54052734375
4473832,21.54541015625
4473873,18.310546875
4473916,18.24951171875
4473936,22.8271484375
4518683,18.98193359375
4518717,16.66259765625
4518755,17.7001953125
4518783,16.66259765625
4571804,17.9443359375
4571893,17.4560546875
4571952,19.34814453125
4628054,16.66259765625
4628130,17.4560546875
4628286,23.5595703125
4670770,18.1884765625
4670780,19.8974609375
4670846,18.310546875
4670886,20.69091796875
4670998,20.20263671875
4671076,18.5546875
4715947,17.02880859375
4716321,20.8740234375
4766552,21.240234375
4766606,20.6298828125
4766867,17.76123046875
4806910,16.66259765625
4806934,19.10400390625
4848673,16.4794921875
4848718,17.88330078125
4848903,17.2119140625
4886937,19.22607421875
4886965,19.83642578125
4887001,16.78466796875
4887035,17.27294921875
4887109,17.76123046875
4925882,17.39501953125
4925897,17.08984375
4925911,22.216796875
4926022,19.47021484375
4961782,23.25439453125
4961843,17.822265625
4961878,18.6767578125
4961954,16.66259765625
4990404,17.88330078125
4990506,18.06640625
4990517,18.73779296875
4991295,17.9443359375
5023318,18.798828125
5023362,16.54052734375
5023400,17.822265625
5024394,17.27294921875
5060215,17.15087890625
5173240,17.02880859375
5291036,17.7001953125
5325112,17.9443359375
5486890,17.4560546875
5487380,17.333984375
5559810,19.95849609375
5620843,21.6064453125
5662846,17.27294921875
5703556,24.7802734375
5703579,16.66259765625
5750079,17.02880859375
5750105,17.578125
5750170,17.7001953125
5750236,19.59228515625
5792918,16.54052734375
5792978,23.193359375
5793033,16.41845703125
5793139,17.02880859375
5819031,16.7236328125
5859340,17.9443359375
5859388,16.7236328125
5859483,20.3857421875
5859557,16.90673828125
5859608,16.78466796875
5859754,17.88330078125
5895890,17.2119140625
5895966,16.4794921875
5896090,26.4892578125
5934037,21.17919921875
5934122,29.052734375
5934161,19.22607421875
5974825,17.27294921875
6002409,21.240234375
6002452,18.12744140625
6002489,27.34375
6002588,16.4794921875
6023647,16.78466796875
6023767,19.04296875
6023784,22.88818359375
6023859,17.27294921875
6023932,16.78466796875
6082695,22.03369140625
6082769,16.78466796875
6082807,17.51708984375
6082909,19.59228515625
6120452,18.06640625
6120472,23.37646484375
6159189,18.12744140625
6159245,19.04296875
6159411,16.4794921875
6188733,20.93505859375
6188806,18.4326171875
6188836,17.15087890625
6220634,19.8974609375
6220766,19.4091796875
6252279,16.90673828125
6252388,18.61572265625
6252577,19.8974609375
6279158,20.8740234375
6310228,17.333984375
6338729,16.9677734375
6369398,17.2119140625
6369589,16.9677734375
6369631,16.41845703125
6369729,18.37158203125
6384158,17.15087890625
6396961,17.88330078125
6397018,17.4560546875
6418000,17.08984375
6418210,18.5546875
6418292,16.7236328125
6424677,16.845703125
6473630,16.4794921875
6604585,17.2119140625
6675971,16.41845703125
6701324,16.4794921875
6831533,16.6015625
6862787,16.66259765625
6863468,16.41845703125
6895521,21.91162109375
6990199,19.71435546875
7024191,17.08984375
7024265,17.333984375
7024301,21.3623046875
7058317,16.78466796875
7058404,18.4326171875
7058482,16.41845703125
7058567,21.30126953125
7058608,17.27294921875
7094975,16.6015625
7095056,20.8740234375
7130662,23.86474609375
7130686,16.845703125
7130749,20.08056640625
7130778,16.54052734375
7184660,19.8974609375
7184790,17.27294921875
7184806,17.39501953125
7184908,18.5546875
7214998,16.6015625
7215045,18.06640625
7215161,16.6015625
7215191,20.01953125
7215265,18.6767578125
7215397,18.37158203125
7256929,19.34814453125
7256961,16.78466796875
7256991,17.27294921875
7257108,17.63916015625
7296188,23.25439453125
7296271,17.578125
7296370,17.63916015625
7296416,16.90673828125
7332851,22.76611328125
7332912,18.61572265625
7333000,17.27294921875
7333071,16.7236328125
7367949,23.0712890625
7401108,17.333984375
7401192,17.333984375
7401242,17.822265625
7401308,17.7001953125
7401389,17.7001953125
7401480,17.2119140625
7433497,23.5595703125
7433568,16.4794921875
7467798,17.4560546875
7499951,18.85986328125
7500100,16.41845703125
7500176,17.333984375
7500273,23.01025390625
7532373,19.10400390625
7532393,18.00537109375
7532567,17.822265625
7559200,18.85986328125
7559485,16.78466796875
7592690,16.78466796875
7592729,17.27294921875
7592754,18.49365234375
7592941,16.845703125
7620064,18.49365234375
7650506,19.22607421875
7650589,17.39501953125
7650825,18.12744140625
7681766,21.05712890625
7681974,17.51708984375
7710804,18.06640625
7710880,18.798828125
7710939,16.78466796875
7711026,16.90673828125
7738553,17.51708984375
7738629,16.6015625
7768575,17.08984375
7768690,18.1884765625
7799266,17.39501953125
7799378,17.63916015625
7827865,19.1650390625
7827929,21.91162109375
7857466,17.9443359375
7857547,24.84130859375
7883738,21.6064453125
7883798,17.02880859375
7883823,21.17919921875
7911944,20.81298828125
7912060,18.1884765625
7912079,20.99609375
7912224,16.845703125
7937356,17.9443359375
7937493,17.333984375
7964220,16.66259765625
7964322,16.66259765625
7964358,21.30126953125
7964406,18.49365234375
7964463,21.97265625
7964512,16.54052734375
7980323,16.90673828125
7980372,19.04296875
7980384,17.08984375
7980671,16.41845703125
7980797,17.63916015625
7999018,16.41845703125
7999068,17.08984375
7999150,17.15087890625
7999252,17.578125
7999279,23.4375
7999498,18.310546875
8022840,17.578125
8022933,16.6015625
8023065,19.287109375
8023116,18.1884765625
8043716,19.83642578125
8043782,20.20263671875
8043803,16.7236328125
8043835,17.822265625
8060459,17.63916015625
8071152,19.8974609375
8071317,18.798828125
8071365,18.49365234375
8085975,22.27783203125
8093878,16.6015625
8101360,16.41845703125
8109842,16.7236328125
8109902,17.39501953125
8125417,17.2119140625
8151836,16.7236328125
8161541,18.12744140625
8168902,16.7236328125
8169008,16.7236328125
8484355,17.08984375
8484481,20.56884765625
8546742,17.39501953125
8546837,17.63916015625
8593614,17.7001953125
8637077,16.845703125
8637167,16.4794921875
8637262,17.7001953125
8637341,17.333984375
8637429,16.845703125
8676343,17.88330078125
8676398,18.61572265625
8676658,17.4560546875
8716338,20.08056640625
8716398,18.61572265625
8716453,16.66259765625
8716497,16.6015625
8752462,16.78466796875
8752530,16.78466796875
8752595,17.51708984375
8790231,21.91162109375
8790298,17.822265625
8790399,21.1181640625
8825843,17.39501953125
8825885,17.333984375
8825960,22.216796875
8826035,16.4794921875
8826148,17.51708984375
8859586,17.822265625
8893952,16.90673828125
8894073,16.66259765625
8894214,23.01025390625
8925544,16.41845703125
8925608,23.681640625
8956374,17.9443359375
8956436,17.39501953125
8956509,21.3623046875
8956562,16.845703125
8956602,19.10400390625
8987514,17.15087890625
8987588,20.81298828125
8987672,18.4326171875
9014382,18.12744140625
9014456,18.98193359375
9014551,17.08984375
9021384,16.41845703125
9021433,17.15087890625
9035095,17.88330078125
9042459,16.66259765625
9049758,17.39501953125
9057071,16.845703125
9064699,21.30126953125
9072041,16.66259765625
9072437,21.6064453125
9084608,17.39501953125
9084786,17.63916015625
9099298,18.06640625
9099326,16.6015625
9119039,19.1650390625
9146132,16.4794921875
9162228,16.54052734375
9184185,16.845703125
9197099,16.41845703125
9210243,16.41845703125
9235032,18.1884765625
9247481,16.54052734375
9261944,18.24951171875
9291959,19.04296875
9311033,16.66259765625
9361807,17.7001953125
9361871,22.8271484375
9361907,17.63916015625
9450759,16.6015625
9486159,18.98193359375
9486223,16.6015625
9527310,18.49365234375
9527387,17.9443359375
9580648,18.310546875
9580795,17.76123046875
9686098,17.51708984375
9686205,21.1181640625
9755956,18.00537109375
9756027,16.41845703125
9831090,19.47021484375
9831135,17.88330078125
9831323,18.06640625
9831342,18.798828125
9831416,23.4375
9889564,21.6064453125
9889609,16.78466796875
9889749,18.24951171875
9889791,17.7001953125
9889812,17.02880859375
9889861,19.6533203125
9910222,17.15087890625
9910356,18.4326171875
9910529,16.7236328125
9910669,17.08984375
9955100,17.4560546875
9955183,22.39990234375
9955252,17.2119140625
9955352,23.86474609375
9983059,17.822265625
9983154,16.845703125
9983171,18.06640625
9983219,17.578125
9983250,21.30126953125
9983359,18.61572265625
9983498,18.85986328125
10032150,17.15087890625
10032216,18.00537109375
10110620,17.27294921875
10110715,18.00537109375
10166916,17.08984375
10166976,17.9443359375
10226414,16.66259765625
10226533,17.02880859375
10226546,18.24951171875
10282947,22.8271484375
10283182,21.30126953125
10283195,19.59228515625
10283298,18.12744140625
10305995,18.4326171875
10306005,20.32470703125
10306185,17.9443359375
10359324,16.66259765625
10359338,17.76123046875
10359390,18.00537109375
10410508,18.06640625
10410582,19.1650390625
10434856,19.22607421875
10463759,17.02880859375
10501766,18.49365234375
10501813,16.90673828125
10501935,18.00537109375
10561842,16.54052734375
10561864,17.02880859375
10589340,21.1181640625
10612332,21.8505859375
10612445,18.49365234375
10612498,18.310546875
10629033,20.263671875
10629129,19.34814453125
10629260,17.15087890625
10634928,16.7236328125
10642721,17.2119140625
10704448,16.7236328125
11102301,16.4794921875
11208209,18.61572265625
11255677,18.00537109375
11294961,19.4091796875
11295084,17.9443359375
11323066,17.27294921875
11328579,18.5546875
11352825,18.1884765625
11387113,18.06640625
11387194,16.78466796875
11387226,17.2119140625
11393389,19.71435546875
11438441,19.10400390625
11438544,16.41845703125
11468950,19.22607421875
11501506,19.1650390625
11501627,20.32470703125
11501717,20.263671875
11540017,17.9443359375
11540170,19.83642578125
11573994,16.6015625
11574177,19.53125
11607048,17.9443359375
11607121,22.4609375
11607176,18.4326171875
11627302,21.484375
11627361,17.15087890625
11627421,18.9208984375
11627492,19.04296875
11627537,18.06640625
11645889,16.54052734375
11645959,25.0244140625
11646046,16.6015625
11646081,16.90673828125
11646181,20.01953125
11691374,18.06640625
11727722,18.00537109375
11727814,19.1650390625
11727826,19.53125
11727866,18.06640625
11767625,17.4560546875
11767648,19.59228515625
11767678,17.27294921875
11803588,16.90673828125
11803680,19.04296875
11803721,21.6064453125
11803753,17.76123046875
11803801,16.4794921875
11842477,16.41845703125
11842585,21.8505859375
11842929,16.90673828125
11877666,18.73779296875
11877696,22.39990234375
11877739,17.27294921875
11877810,16.78466796875
11915858,21.728515625
11915890,18.798828125
11915911,18.9208984375
11915948,21.17919921875
11916126,17.08984375
11941357,16.9677734375
11941390,17.822265625
11941407,18.00537109375
11941632,17.27294921875
11980864,16.845703125
11980893,19.22607421875
11980918,18.06640625
11980929,18.00537109375
11981193,16.6015625
12022182,18.98193359375
12022293,16.41845703125
12051577,17.51708984375
12051676,18.73779296875
12051737,24.35302734375
12051755,17.578125
12090041,17.02880859375
12090096,16.78466796875
12090157,17.2119140625
12090219,21.3623046875
12123333,18.310546875
12123351,24.658203125
12123420,17.63916015625
12161713,20.93505859375
12161755,18.49365234375
12161972,19.10400390625
12195963,18.5546875
12196026,17.7001953125
12196129,20.81298828125
12257842,20.20263671875
12287331,16.41845703125
12319912,18.6767578125
12346283,17.88330078125
12368706,18.798828125
12391475,19.47021484375
12391619,19.83642578125
12431101,16.9677734375
12472891,18.12744140625
12483868,16.7236328125
12497217,16.54052734375
12497256,18.6767578125
12497333,18.00537109375
12509126,17.15087890625
12601744,19.775390625
12601902,21.42333984375
12602004,20.56884765625
12602103,17.08984375
12646422,18.12744140625
12646756,19.34814453125
12712280,16.845703125
12712353,19.04296875
12751276,17.15087890625
12751365,17.4560546875
12751482,17.63916015625
12786226,18.1884765625
12786302,17.2119140625
12786357,17.15087890625
12822412,16.4794921875
12822572,17.2119140625
12822654,18.12744140625
12856270,17.2119140625
12856304,21.6064453125
12856319,17.02880859375
12896268,17.76123046875
12896745,16.6015625
12934488,17.27294921875
12934543,17.15087890625
12934593,18.61572265625
12971981,18.49365234375
12972002,16.9677734375
12972041,18.06640625
13008966,17.63916015625
13009031,19.47021484375
13009064,21.240234375
13009090,23.49853515625
13009136,18.24951171875
13047327,18.85986328125
13047390,26.06201171875
13047406,16.9677734375
13047455,18.4326171875
13047622,17.2119140625
13071099,18.4326171875
13071138,17.822265625
13071179,18.61572265625
13071270,21.484375
13071319,16.4794921875
13108795,18.00537109375
13108836,17.578125
13108858,19.71435546875
13174811,21.30126953125
13174863,18.798828125
13174929,23.0712890625
13174940,16.4794921875
13206103,19.34814453125
13206361,17.63916015625
13242433,18.00537109375
13242487,19.59228515625
13242526,18.310546875
13242539,16.845703125
13276515,18.85986328125
13276576,16.78466796875
13276650,17.4560546875
13305850,22.15576171875
13305935,19.287109375
13339187,18.06640625
13339256,21.8505859375
13339269,18.37158203125
13339287,18.06640625
13372433,17.822265625
13372517,17.08984375
13372539,16.66259765625
13372559,21.66748046875
13372607,21.54541015625
13401593,17.15087890625
13401848,18.61572265625
13437516,16.78466796875
13437537,18.12744140625
13437577,17.4560546875
13437593,16.78466796875
13437662,19.775390625
13463077,18.37158203125
13463144,19.95849609375
13463190,17.51708984375
13498955,21.91162109375
13498997,19.59228515625
13530226,19.53125
13530295,18.37158203125
13530324,16.90673828125
13530355,18.73779296875
13530403,18.49365234375
13557463,19.53125
13557584,19.59228515625
13557646,18.4326171875
13588424,20.69091796875
13588507,21.240234375
13588531,21.42333984375
13588560,23.92578125
13616893,20.263671875
13617004,16.90673828125
13617133,16.7236328125
13647142,20.44677734375
13647194,24.658203125
13647261,21.3623046875
13677516,19.95849609375
13677542,16.845703125
13677585,19.775390625
13677658,18.4326171875
13677776,18.798828125
13694010,21.05712890625
13694070,21.728515625
13694088,19.8974609375
13694120,17.08984375
13729748,17.39501953125
13729799,16.6015625
13729908,17.7001953125
13759140,16.7236328125
13759181,17.02880859375
13787116,16.845703125
13787143,17.02880859375
13812806,17.15087890625
13813188,20.5078125
13840948,16.9677734375
13879211,18.98193359375
13879230,20.1416015625
13879262,18.37158203125
13925055,16.41845703125
13925095,20.69091796875
13925122,20.08056640625
13925193,18.9208984375
13969666,20.8740234375
13969704,23.37646484375
14014918,20.1416015625
14060046,16.41845703125
14060087,18.06640625
14060298,16.78466796875
14082531,21.6064453125
14082606,16.54052734375
14141204,20.93505859375
14141339,17.27294921875
14186861,17.822265625
14234945,17.76123046875
14235019,16.4794921875
14235080,16.4794921875
14281605,16.9677734375
14326265,21.484375
14363516,16.78466796875
14363561,17.822265625
