14389000,0
12114,15.93017578125
76949,16.2353515625
94997,21.42333984375
95029,18.37158203125
95043,19.1650390625
95066,16.17431640625
95088,30.21240234375
95109,27.28271484375
95132,17.7001953125
95174,17.51708984375
95199,19.4091796875
95224,17.76123046875
95272,16.845703125
95289,18.6767578125
110799,18.5546875
110830,18.00537109375
111002,15.80810546875
111082,16.54052734375
111097,18.61572265625
111260,18.06640625
121768,16.4794921875
122202,17.39501953125
122228,20.5078125
122256,21.240234375
122280,15.9912109375
122312,23.49853515625
122325,20.1416015625
122355,19.59228515625
122378,17.15087890625
122405,20.32470703125
122432,22.27783203125
122584,17.333984375
163206,16.78466796875
166207,15.93017578125
173498,16.05224609375
184360,16.845703125
189695,15.80810546875
199459,16.2353515625
199592,15.9912109375
199623,25.32958984375
199636,17.2119140625
199672,27.89306640625
199686,23.86474609375
199753,22.27783203125
199779,18.24951171875
199794,23.193359375
199810,20.81298828125
199838,21.97265625
220396,21.05712890625
220453,16.54052734375
220592,19.4091796875
220635,19.47021484375
220658,16.90673828125
220720,20.99609375
220757,22.27783203125
220795,31.43310546875
220826,16.845703125
220846,25.390625
241285,15.869140625
294151,24.0478515625
294247,19.287109375
294416,16.41845703125
294461,22.3388671875
294498,15.9912109375
294528,16.29638671875
314660,16.4794921875
356932,16.17431640625
362620,26.123046875
362647,23.37646484375
362675,22.5830078125
362694,16.78466796875
362706,20.56884765625
362725,28.80859375
362763,22.94921875
362779,22.76611328125
362797,21.97265625
383415,15.80810546875
415154,17.578125
415192,21.484375
415251,16.66259765625
415273,16.11328125
415347,18.12744140625
415388,23.01025390625
415401,20.5078125
415422,17.51708984375
415461,30.82275390625
415477,19.53125
415502,24.5361328125
415532,18.37158203125
442559,19.34814453125
442582,17.2119140625
442612,24.10888671875
442649,20.69091796875
442707,21.54541015625
442765,18.4326171875
442818,16.54052734375
442853,19.4091796875
470126,17.333984375
470196,16.29638671875
470248,17.02880859375
470299,20.32470703125
470313,16.29638671875
470331,18.00537109375
470362,16.7236328125
470375,16.6015625
470394,28.38134765625
470407,20.3857421875
470457,25.57373046875
470492,22.0947265625
502362,20.1416015625
502411,16.7236328125
502438,15.9912109375
502461,17.2119140625
502500,20.1416015625
502550,17.63916015625
502571,24.90234375
502608,21.05712890625
502629,18.73779296875
502676,16.66259765625
502714,16.4794921875
527245,16.7236328125
562400,16.9677734375
562410,17.333984375
562458,16.11328125
562482,18.37158203125
562556,16.7236328125
562602,17.02880859375
562629,19.775390625
566050,17.9443359375
566064,17.822265625
566082,21.1181640625
566114,16.357421875
566135,18.06640625
566193,19.59228515625
567033,16.11328125
567878,16.9677734375
569173,16.6015625
569282,18.1884765625
572916,19.83642578125
574711,16.11328125
576141,18.24951171875
578757,16.54052734375
583745,19.1650390625
583895,16.41845703125
583907,16.66259765625
583943,18.12744140625
587433,18.12744140625
587446,24.5361328125
587463,17.15087890625
587487,20.01953125
587545,18.61572265625
587635,17.578125
590147,16.54052734375
590182,19.71435546875
590221,18.37158203125
590246,19.04296875
590323,20.6298828125
593740,17.4560546875
593791,18.61572265625
593814,17.27294921875
593829,16.41845703125
593880,18.37158203125
593913,22.8271484375
593948,16.2353515625
596460,17.88330078125
596632,15.869140625
596696,18.06640625
598712,17.7001953125
598785,16.357421875
602420,17.39501953125
602455,15.9912109375
602499,26.0009765625
602521,16.357421875
602534,21.05712890625
602556,20.5078125
602597,15.80810546875
605744,17.08984375
605781,20.69091796875
605803,20.751953125
605831,22.705078125
605864,17.76123046875
608152,25.20751953125
608167,22.3388671875
608226,17.02880859375
609077,20.751953125
609115,17.88330078125
609669,18.798828125
611134,21.240234375
611413,15.9912109375
614025,19.287109375
614090,18.00537109375
614129,19.04296875
614283,15.9912109375
616956,18.73779296875
617070,17.51708984375
617915,16.4794921875
617940,16.17431640625
617972,19.95849609375
617986,16.357421875
618024,15.93017578125
621554,19.775390625
621619,16.7236328125
621645,16.845703125
623958,17.578125
624083,22.27783203125
624094,16.4794921875
627821,17.02880859375
627834,15.9912109375
627885,16.4794921875
627901,23.01025390625
627981,17.08984375
629577,17.51708984375
629657,19.775390625
629702,17.63916015625
629714,16.9677734375
629738,15.869140625
632233,18.9208984375
632253,16.9677734375
632333,19.59228515625
632365,17.88330078125
634953,22.52197265625
634996,21.8505859375
635016,18.5546875
635081,16.7236328125
636778,16.54052734375
636802,15.9912109375
636838,17.9443359375
638655,18.61572265625
641791,16.41845703125
641831,20.01953125
641862,19.6533203125
643519,17.27294921875
643583,19.34814453125
643633,19.10400390625
643935,17.7001953125
645896,15.869140625
645940,16.6015625
645974,17.822265625
646033,18.798828125
646053,18.5546875
650136,29.541015625
650151,18.06640625
650186,18.00537109375
651587,17.51708984375
651805,17.63916015625
651849,18.24951171875
654560,18.98193359375
654605,20.1416015625
654619,17.76123046875
654934,16.17431640625
657433,20.99609375
657456,16.54052734375
657480,19.34814453125
658082,16.357421875
662032,17.2119140625
662087,19.6533203125
662170,16.357421875
662780,15.93017578125
663110,17.2119140625
663175,15.93017578125
666604,20.1416015625
666674,19.10400390625
671699,17.63916015625
671727,15.80810546875
671740,16.9677734375
671752,15.93017578125
671905,17.4560546875
672475,16.29638671875
672563,20.1416015625
675547,18.73779296875
675633,26.85546875
676163,16.2353515625
676326,15.9912109375
681101,26.3671875
681136,16.41845703125
681155,20.08056640625
682208,17.08984375
682391,16.7236328125
689529,23.0712890625
689544,18.4326171875
689557,19.10400390625
689595,20.32470703125
689638,18.798828125
689785,19.4091796875
690241,18.00537109375
690414,16.6015625
695464,16.17431640625
695484,15.80810546875
695521,26.67236328125
695587,18.9208984375
696739,16.357421875
696839,16.05224609375
702334,18.1884765625
702359,22.88818359375
702378,15.93017578125
702467,16.29638671875
704498,16.41845703125
704764,16.41845703125
705272,19.6533203125
705309,15.9912109375
711397,19.775390625
711409,17.88330078125
711430,19.47021484375
711480,23.98681640625
711873,19.287109375
716710,19.95849609375
716724,16.90673828125
716774,16.90673828125
717068,19.95849609375
723250,16.11328125
723261,17.7001953125
723305,28.4423828125
724027,15.80810546875
724448,17.4560546875
727682,15.9912109375
727697,16.4794921875
727737,17.39501953125
727830,16.9677734375
727947,18.9208984375
729071,16.05224609375
729364,15.80810546875
735042,18.49365234375
735110,19.10400390625
735764,20.56884765625
736397,17.39501953125
744369,17.51708984375
744386,23.37646484375
744428,23.25439453125
744476,16.05224609375
745834,15.80810546875
745875,15.93017578125
756817,22.52197265625
756830,20.01953125
756862,18.310546875
756879,19.59228515625
757535,16.357421875
768421,22.27783203125
768440,16.29638671875
768459,20.32470703125
768488,15.9912109375
768504,18.4326171875
768532,18.61572265625
768610,16.845703125
769780,16.41845703125
770452,16.54052734375
770682,17.51708984375
773356,17.333984375
776090,19.47021484375
784197,16.4794921875
784230,23.25439453125
784257,21.6064453125
784312,21.17919921875
784692,21.97265625
785543,16.41845703125
786260,15.869140625
793577,19.10400390625
793658,20.01953125
793684,20.01953125
794248,18.6767578125
794520,16.17431640625
794722,16.11328125
807777,18.73779296875
807803,21.91162109375
807831,20.751953125
807859,17.76123046875
807877,18.73779296875
807902,17.333984375
808277,16.11328125
808603,16.90673828125
809823,19.287109375
821974,25.08544921875
822014,16.17431640625
822074,15.9912109375
822084,16.2353515625
822192,17.88330078125
823255,16.11328125
824800,18.12744140625
824968,25.2685546875
836828,16.41845703125
849225,15.9912109375
849245,20.08056640625
849288,18.24951171875
849451,28.01513671875
849723,16.54052734375
850633,16.90673828125
853319,18.98193359375
870432,22.3388671875
870456,26.611328125
870494,18.4326171875
870780,16.9677734375
871276,22.0947265625
871810,15.9912109375
881171,15.869140625
909183,16.41845703125
918290,16.6015625
925564,17.88330078125
961844,16.41845703125
1036371,16.6015625
1036491,19.8974609375
1036517,19.4091796875
1036558,18.1884765625
1036577,18.00537109375
1036602,15.869140625
1036641,18.24951171875
1082520,15.93017578125
1091732,16.78466796875
1091822,16.845703125
1106167,15.869140625
1141797,15.80810546875
1142487,18.5546875
1142514,17.02880859375
1190314,16.54052734375
1190388,20.1416015625
1190479,19.83642578125
1190559,18.798828125
1199748,15.80810546875
1204991,16.4794921875
1290660,21.1181640625
1291064,15.80810546875
1291120,16.05224609375
1291147,16.54052734375
1291187,15.93017578125
1296614,16.4794921875
1296638,24.35302734375
1301285,16.41845703125
1302274,20.08056640625
1304336,18.85986328125
1400681,17.333984375
1400846,19.4091796875
1400898,17.4560546875
1400921,22.5830078125
1400939,18.85986328125
1400974,21.484375
1401014,19.59228515625
1401028,20.81298828125
1401054,17.7001953125
1401116,18.24951171875
1401126,17.63916015625
1401155,17.578125
1415246,23.193359375
1415382,17.822265625
1415416,19.4091796875
1415427,29.1748046875
1415517,22.03369140625
1415588,34.85107421875
1415609,18.1884765625
1415639,20.1416015625
1415658,22.94921875
1415675,27.16064453125
1415688,20.8740234375
1415724,22.03369140625
1415737,16.2353515625
1415757,17.27294921875
1415799,23.0712890625
1415818,22.39990234375
1415867,24.0478515625
1415910,18.49365234375
1430665,16.357421875
1431382,16.41845703125
1431727,17.08984375
1431763,17.76123046875
1431833,16.17431640625
1431928,19.71435546875
1432089,17.02880859375
1433904,16.9677734375
1433953,17.63916015625
1433970,18.00537109375
1433987,19.47021484375
1434001,19.8974609375
1434037,19.53125
1434180,17.333984375
1434279,19.775390625
1469902,16.05224609375
1557975,19.4091796875
1565101,16.41845703125
1583583,16.11328125
1583754,17.02880859375
1586274,16.66259765625
1595678,15.869140625
1599221,19.10400390625
1628240,16.41845703125
1628316,16.845703125
1628369,19.4091796875
1628406,19.71435546875
1628430,26.91650390625
1632359,16.9677734375
1632415,16.05224609375
1632451,17.27294921875
1632600,16.54052734375
1727049,22.76611328125
1727231,16.05224609375
1727403,17.76123046875
1727476,16.29638671875
1754587,17.15087890625
1754610,18.310546875
1754700,16.17431640625
1754726,17.4560546875
1754756,16.78466796875
1754816,18.06640625
1801507,19.775390625
1801827,19.71435546875
1801886,15.93017578125
1801988,15.93017578125
1822005,16.17431640625
1848211,15.80810546875
1848546,18.5546875
1852294,19.10400390625
1852318,18.49365234375
1852370,18.4326171875
1853303,16.11328125
1853441,16.05224609375
1855814,20.01953125
1860794,15.9912109375
1862749,19.6533203125
1874762,15.9912109375
1874853,17.7001953125
1874877,19.47021484375
1876459,18.24951171875
1883440,16.66259765625
1883529,16.05224609375
1883596,20.751953125
1969381,16.54052734375
1969391,18.49365234375
1969435,16.78466796875
1969445,16.6015625
1970952,18.49365234375
1971005,19.95849609375
1971016,17.27294921875
1971060,17.333984375
1971145,20.32470703125
1975679,17.578125
1981080,16.845703125
1981093,16.357421875
1981351,15.80810546875
2053232,16.2353515625
2053248,18.37158203125
2053282,27.9541015625
2053309,26.06201171875
2053320,19.1650390625
2053364,17.76123046875
2053380,19.4091796875
2053397,23.3154296875
2053447,17.27294921875
2067091,17.76123046875
2067119,19.22607421875
2067152,21.8505859375
2067233,22.0947265625
2067287,17.333984375
2067320,30.45654296875
2067340,26.3671875
2067361,18.00537109375
2067380,25.57373046875
2067427,28.076171875
2067448,18.73779296875
2067490,16.357421875
2083516,17.7001953125
2083531,18.73779296875
2083547,18.4326171875
2083566,17.27294921875
2083589,18.24951171875
2083616,16.29638671875
2083628,21.1181640625
2083664,16.357421875
2083693,26.4892578125
2083706,15.869140625
2083724,31.982421875
2083743,18.24951171875
2083787,19.59228515625
2083804,23.3154296875
2083835,17.822265625
2083865,20.5078125
2142642,17.578125
2142671,15.869140625
2142701,23.01025390625
2142738,23.4375
2142853,20.01953125
2142872,17.51708984375
2142883,17.578125
2142910,16.41845703125
2142923,16.78466796875
2142948,23.49853515625
2142959,30.21240234375
2142977,18.4326171875
2143009,31.43310546875
2143021,20.81298828125
2143045,23.681640625
2143059,19.34814453125
2143091,15.80810546875
2143148,17.88330078125
2173275,20.01953125
2173290,17.63916015625
2173313,16.78466796875
2173344,18.12744140625
2173366,18.310546875
2173474,17.822265625
2173490,17.2119140625
2173511,16.90673828125
2173548,28.6865234375
2173575,28.25927734375
2173594,17.51708984375
2173616,19.04296875
2173632,16.90673828125
2173656,19.6533203125
2173681,25.81787109375
2173696,20.6298828125
2173769,16.66259765625
2218968,16.29638671875
2220494,16.41845703125
2227847,16.9677734375
2285596,17.51708984375
2295515,19.83642578125
2300570,18.85986328125
2300591,16.17431640625
2300616,16.54052734375
2300653,18.4326171875
2300667,22.03369140625
2300701,20.69091796875
2300718,26.2451171875
2300738,25.87890625
2300749,21.3623046875
2300812,21.30126953125
2342501,16.90673828125
2342512,17.02880859375
2342550,25.87890625
2342714,18.5546875
2342742,17.63916015625
2342761,30.3955078125
2342773,17.333984375
2342790,16.357421875
2342807,18.85986328125
2342835,17.02880859375
2342846,17.15087890625
2342910,21.484375
2342942,15.869140625
2406448,16.11328125
2414505,16.17431640625
2414732,18.00537109375
2414780,18.9208984375
2414800,20.20263671875
2431691,16.41845703125
2450657,30.2734375
2450727,17.39501953125
2450833,16.54052734375
2450854,16.05224609375
2450932,24.658203125
2488270,18.5546875
2488318,15.869140625
2488361,17.9443359375
2488395,17.27294921875
2488643,20.32470703125
2488733,15.93017578125
2494922,24.47509765625
2495063,19.287109375
2495135,16.11328125
2495203,22.94921875
2495228,16.17431640625
2495265,31.8603515625
2495308,16.41845703125
2495348,16.7236328125
2502032,16.9677734375
2502067,20.01953125
2502142,20.751953125
2502158,17.08984375
2502847,17.08984375
2503982,16.05224609375
2504515,16.54052734375
2505851,16.6015625
2507585,16.78466796875
2507753,17.08984375
2508103,15.9912109375
2508576,15.93017578125
2512757,18.61572265625
2512807,16.11328125
2515467,16.9677734375
2515544,21.97265625
2515571,19.04296875
2522644,17.2119140625
2522683,17.76123046875
2522703,25.7568359375
2522767,19.83642578125
2525988,16.78466796875
2526049,18.24951171875
2526110,25.45166015625
2526131,16.9677734375
2526233,15.9912109375
2529774,17.02880859375
2529798,19.6533203125
2529816,17.02880859375
2529853,15.80810546875
2529898,18.06640625
2532425,21.42333984375
2532440,17.333984375
2532486,16.7236328125
2532558,20.01953125
2532612,18.37158203125
2536621,23.193359375
2536813,19.34814453125
2539163,16.90673828125
2539192,16.6015625
2539240,18.798828125
2539283,23.193359375
2542792,25.08544921875
2542818,18.85986328125
2542853,19.53125
2545859,19.4091796875
2545874,21.484375
2545902,20.6298828125
2545967,21.3623046875
2549003,18.00537109375
2549094,16.41845703125
2549181,18.06640625
2551778,16.845703125
2551807,16.7236328125
2551818,16.4794921875
2551907,17.76123046875
2553581,17.88330078125
2553602,15.80810546875
2553625,17.578125
2562443,15.80810546875
2562475,19.83642578125
2562495,18.310546875
2562523,20.56884765625
2562581,18.00537109375
2562603,17.08984375
2562640,15.9912109375
2562705,19.6533203125
2564846,18.98193359375
2564888,16.845703125
2564969,25.0244140625
2569710,19.775390625
2569746,16.2353515625
2569820,17.15087890625
2570837,16.845703125
2575747,19.4091796875
2575794,16.05224609375
2575831,15.9912109375
2575875,18.4326171875
2575944,20.56884765625
2578411,18.73779296875
2578428,17.08984375
2578460,15.80810546875
2578520,17.2119140625
2578543,19.22607421875
2579557,15.869140625
2584234,16.7236328125
2584269,17.578125
2584314,19.10400390625
2584379,16.7236328125
2585578,17.51708984375
2590219,16.66259765625
2590236,17.88330078125
2590258,18.5546875
2590272,19.4091796875
2590291,21.6064453125
2590301,16.4794921875
2591339,17.2119140625
2591399,16.2353515625
2591485,17.9443359375
2591498,16.17431640625
2594651,16.78466796875
2594735,18.37158203125
2594758,20.263671875
2594811,16.4794921875
2595824,19.775390625
2595841,18.00537109375
2600570,18.98193359375
2600593,19.34814453125
2600633,18.37158203125
2602222,20.1416015625
2602268,16.6015625
2602289,17.63916015625
2604360,16.2353515625
2604413,21.3623046875
2608547,17.88330078125
2608578,16.9677734375
2608613,22.216796875
2609751,19.775390625
2609766,16.2353515625
2609884,16.78466796875
2615601,22.8271484375
2615632,21.8505859375
2615657,15.93017578125
2615802,16.66259765625
2615831,16.17431640625
2617495,18.310546875
2617522,19.59228515625
2617566,17.39501953125
2617588,20.99609375
2623721,18.61572265625
2623751,18.798828125
2623779,22.15576171875
2623799,20.3857421875
2623816,16.17431640625
2624124,16.357421875
2626065,16.4794921875
2626081,18.1884765625
2626095,17.63916015625
2626164,18.798828125
2630339,24.2919921875
2630357,16.78466796875
2630404,17.02880859375
2632589,19.59228515625
2632671,16.2353515625
2632711,17.27294921875
2637088,16.29638671875
2637126,16.05224609375
2637140,22.5830078125
2640785,22.4609375
2640800,20.01953125
2640832,17.76123046875
2640889,18.24951171875
2640919,23.3154296875
2645539,16.845703125
2645557,27.89306640625
2645598,16.4794921875
2647287,16.7236328125
2647319,16.11328125
2651600,22.15576171875
2651627,19.6533203125
2651643,16.78466796875
2651675,16.66259765625
2652524,15.869140625
2652538,16.7236328125
2652560,16.41845703125
2652578,19.47021484375
2658678,16.54052734375
2658696,19.34814453125
2658722,23.98681640625
2658786,16.41845703125
2660775,18.798828125
2660791,17.51708984375
2660813,20.6298828125
2660923,20.01953125
2667000,19.1650390625
2667067,17.76123046875
2668361,15.9912109375
2674454,16.05224609375
2674502,19.1650390625
2674532,19.287109375
2675648,17.7001953125
2675680,16.05224609375
2675752,17.7001953125
2675805,17.2119140625
2682391,19.59228515625
2682426,21.728515625
2682475,16.54052734375
2682501,16.41845703125
2683884,16.54052734375
2690481,18.00537109375
2690503,20.08056640625
2690552,18.37158203125
2691584,16.9677734375
2698718,20.01953125
2698729,19.22607421875
2698788,17.15087890625
2707964,16.4794921875
2707981,16.90673828125
2708041,23.193359375
2708087,16.41845703125
2709281,18.4326171875
2709334,16.357421875
2709347,18.85986328125
2709407,17.2119140625
2717081,19.83642578125
2717111,18.85986328125
2717145,17.4560546875
2726677,24.169921875
2726689,16.11328125
2728043,18.9208984375
2728066,16.6015625
2728109,20.01953125
2733302,16.2353515625
2733760,16.2353515625
2744852,15.80810546875
2744870,20.20263671875
2744900,20.69091796875
2744911,18.310546875
2744957,16.29638671875
2755999,16.41845703125
2756029,16.9677734375
2756050,26.123046875
2756089,18.4326171875
2756224,16.05224609375
2768410,15.9912109375
2768441,17.822265625
2768456,22.3388671875
2768515,18.73779296875
2768568,18.1884765625
2782853,17.51708984375
2782864,24.71923828125
2782900,16.17431640625
2782948,21.17919921875
2782988,16.05224609375
2783012,28.25927734375
2784688,19.59228515625
2784750,15.9912109375
2793215,16.66259765625
2793284,18.73779296875
2793306,24.47509765625
2804306,16.05224609375
2804338,27.587890625
2804384,18.5546875
2820228,16.41845703125
2820268,21.8505859375
2820317,17.9443359375
2831476,18.37158203125
2844934,16.41845703125
2849109,19.1650390625
2849128,20.20263671875
2849147,18.9208984375
2849179,18.73779296875
2849336,17.4560546875
2850251,16.17431640625
2863206,23.62060546875
2885424,25.5126953125
2885475,16.90673828125
2902567,17.08984375
2903692,16.4794921875
2903882,21.97265625
2906681,17.9443359375
2919707,18.9208984375
2919745,20.44677734375
2919764,17.15087890625
2919788,21.17919921875
2920667,16.54052734375
2945494,17.51708984375
2945540,18.61572265625
2945565,15.9912109375
2946589,18.61572265625
2947808,16.7236328125
2948450,19.34814453125
2961781,22.3388671875
2961803,21.54541015625
2961826,16.845703125
2961853,16.54052734375
2962808,17.4560546875
2963077,17.15087890625
2963275,16.90673828125
2978508,16.2353515625
2978550,15.80810546875
2978562,18.6767578125
2978579,16.66259765625
2978596,23.681640625
2978625,20.08056640625
2979613,16.7236328125
2980802,15.9912109375
2981066,15.9912109375
2995868,16.29638671875
2995894,23.25439453125
2995930,17.39501953125
2995949,19.1650390625
2996685,19.1650390625
2996842,15.869140625
3016863,17.76123046875
3016879,17.08984375
3016894,19.95849609375
3016951,17.39501953125
3020609,16.11328125
3020655,15.869140625
3042265,16.357421875
3042350,16.11328125
3042395,17.4560546875
3043001,16.7236328125
3043422,20.1416015625
3070497,24.71923828125
3070513,22.705078125
3070528,19.10400390625
3070559,19.10400390625
3070594,16.2353515625
3070604,17.88330078125
3100305,18.310546875
3100325,18.49365234375
3100372,20.99609375
3100576,17.63916015625
3101792,15.93017578125
3104353,18.00537109375
3104398,15.9912109375
3122527,15.869140625
3122542,22.5830078125
3122574,20.01953125
3122638,17.76123046875
3123894,16.66259765625
3124309,19.71435546875
3146903,16.05224609375
3146917,18.5546875
3146934,21.17919921875
3146959,17.4560546875
3146972,16.05224609375
3147009,17.7001953125
3147753,17.02880859375
3175021,18.49365234375
3175044,21.05712890625
3177011,18.85986328125
3178427,17.15087890625
3180896,20.5078125
3210314,16.11328125
3210324,22.8271484375
3210355,16.05224609375
3210374,17.2119140625
3210431,17.39501953125
3211405,17.08984375
3212163,19.22607421875
3318346,17.15087890625
3318410,16.4794921875
3318440,18.00537109375
3318475,24.169921875
3318503,19.1650390625
3318514,27.099609375
3318560,46.44775390625
3318575,22.705078125
3318599,19.8974609375
3318634,20.20263671875
3318650,19.287109375
3340549,16.66259765625
3340579,17.76123046875
3341720,16.78466796875
3341893,16.357421875
3341936,16.357421875
3342013,15.9912109375
3432565,18.1884765625
3432640,16.90673828125
3432650,16.9677734375
3432726,20.93505859375
3432766,16.2353515625
3432788,34.1796875
3432802,29.35791015625
3432836,28.4423828125
3432861,16.54052734375
3432883,16.41845703125
3432898,18.00537109375
3432932,17.578125
3451896,16.78466796875
3452141,16.78466796875
3452192,16.9677734375
3452424,15.9912109375
3452450,17.9443359375
3452598,17.27294921875
3452735,24.10888671875
3452883,20.20263671875
3452917,34.912109375
3452959,24.10888671875
3452974,23.8037109375
3452993,16.17431640625
3453034,33.99658203125
3453051,19.8974609375
3453116,18.73779296875
3453137,22.76611328125
3453153,17.39501953125
3453178,19.71435546875
3453240,19.47021484375
3465480,16.17431640625
3488413,16.90673828125
3494382,17.7001953125
3504434,15.869140625
3557060,16.357421875
3573994,19.71435546875
3575771,16.05224609375
3583199,21.1181640625
3583532,18.9208984375
3588016,17.333984375
3588072,16.357421875
3589292,20.01953125
3618808,17.51708984375
3618862,20.56884765625
3618896,16.357421875
3619078,16.29638671875
3619101,28.1982421875
3619112,30.45654296875
3619145,16.05224609375
3619168,16.9677734375
3619182,16.54052734375
3626826,22.27783203125
3626868,18.310546875
3627664,16.17431640625
3627691,16.4794921875
3629174,17.333984375
3630055,17.333984375
3631106,16.78466796875
3647169,15.869140625
3647211,21.728515625
3647238,19.287109375
3647264,24.169921875
3647300,18.5546875
3647333,16.66259765625
3647426,20.8740234375
3651446,16.9677734375
3651462,15.93017578125
3651525,18.00537109375
3651567,16.17431640625
3653291,18.6767578125
3654216,16.54052734375
3654426,18.00537109375
3654615,19.287109375
3655205,15.9912109375
3655400,17.63916015625
3655536,17.578125
3667934,18.798828125
3667995,18.4326171875
3668062,18.798828125
3668073,16.90673828125
3671140,23.5595703125
3671181,18.61572265625
3671208,20.01953125
3671219,18.24951171875
3672140,17.15087890625
3672970,17.822265625
3684860,18.310546875
3684870,32.958984375
3684895,17.333984375
3684913,18.5546875
3684936,20.8740234375
3684949,20.69091796875
3688318,19.1650390625
3688332,16.2353515625
3688360,19.83642578125
3688390,15.93017578125
3688433,17.63916015625
3688456,18.85986328125
3688487,16.17431640625
3689026,20.81298828125
3689721,19.1650390625
3698718,30.3955078125
3698733,17.39501953125
3698756,17.15087890625
3698790,21.3623046875
3701550,16.2353515625
3701589,16.29638671875
3701616,17.578125
3701671,19.287109375
3701715,20.20263671875
3701759,18.85986328125
3701867,16.05224609375
3707724,19.04296875
3707773,20.93505859375
3707793,18.4326171875
3707815,16.2353515625
3707841,16.29638671875
3710963,17.7001953125
3711019,16.845703125
3711047,16.6015625
3711133,21.1181640625
3722551,19.53125
3722593,22.03369140625
3722612,16.29638671875
3722631,22.39990234375
3722683,17.7001953125
3725925,17.39501953125
3725965,16.29638671875
3725991,21.54541015625
3726066,17.02880859375
3726101,20.751953125
3735918,16.54052734375
3735947,16.90673828125
3735968,19.53125
3736009,17.51708984375
3736048,18.1884765625
3736071,16.29638671875
3750260,16.9677734375
3750275,34.423828125
3750289,21.484375
3750312,20.99609375
3750335,17.2119140625
3750365,20.99609375
3750377,19.47021484375
3750394,19.47021484375
3766899,24.47509765625
3766923,20.93505859375
3766939,23.92578125
3766965,17.08984375
3766989,19.59228515625
3767020,17.39501953125
3767091,18.85986328125
3767116,18.73779296875
3783320,17.15087890625
3783350,25.146484375
3783367,22.5830078125
3783417,18.9208984375
3783444,19.71435546875
3787179,19.6533203125
3787216,16.54052734375
3787294,22.64404296875
3787491,20.3857421875
3789492,19.04296875
3789639,23.13232421875
3789661,16.05224609375
3790630,21.54541015625
3790989,16.90673828125
3791530,16.9677734375
3791900,15.9912109375
3793252,17.02880859375
3806526,16.05224609375
3806556,25.87890625
3806600,21.42333984375
3806619,16.6015625
3806649,21.240234375
3806698,16.05224609375
3823902,17.02880859375
3823917,28.9306640625
3823939,31.18896484375
3823953,16.357421875
3823986,21.30126953125
3824011,22.03369140625
3824054,17.2119140625
3839968,22.0947265625
3840011,18.5546875
3840027,18.73779296875
3840043,28.62548828125
3840053,20.99609375
3840126,16.6015625
3840143,25.2685546875
3841769,16.17431640625
3841918,16.357421875
3842567,16.7236328125
3844646,18.310546875
3869734,17.7001953125
3869761,23.01025390625
3869782,16.11328125
3869799,26.85546875
3869827,18.310546875
3869851,23.5595703125
3869897,17.02880859375
3869913,18.85986328125
3890786,19.1650390625
3890798,16.17431640625
3890827,20.20263671875
3890856,20.81298828125
3890872,18.24951171875
3890908,23.0712890625
3890962,18.85986328125
3891023,16.11328125
3908478,17.9443359375
3908507,20.751953125
3908520,17.15087890625
3908546,22.39990234375
3908556,18.24951171875
3908623,21.240234375
3908655,16.05224609375
3932737,22.27783203125
3932761,25.146484375
3932805,17.08984375
3932830,19.59228515625
3932847,17.02880859375
3932910,16.41845703125
3932946,17.88330078125
3932992,21.54541015625
3955810,17.822265625
3955874,16.78466796875
3985665,18.49365234375
3985834,16.78466796875
3985876,19.47021484375
3986039,15.9912109375
4004855,18.4326171875
4005080,24.71923828125
4031702,20.263671875
4031754,17.51708984375
4031781,17.15087890625
4031845,15.869140625
4031895,17.63916015625
4031932,16.41845703125
4078703,15.80810546875
4090224,16.17431640625
4113846,19.287109375
4114208,15.93017578125
4114504,19.95849609375
4114570,17.08984375
4114712,16.7236328125
4114753,25.32958984375
4114807,15.869140625
4132232,15.80810546875
4159843,16.9677734375
4159928,19.34814453125
4230542,17.88330078125
4230553,18.4326171875
4230819,15.93017578125
4230927,17.15087890625
4230955,28.25927734375
4230990,17.2119140625
4231010,18.798828125
4251661,17.333984375
4290997,18.00537109375
4291014,17.333984375
4291055,17.7001953125
4291072,18.9208984375
4291108,16.2353515625
4291180,19.4091796875
4291218,18.98193359375
4291261,20.56884765625
4291287,19.34814453125
4291337,16.05224609375
4291361,19.1650390625
4291473,15.93017578125
4339310,20.93505859375
4339353,17.822265625
4339404,21.1181640625
4339447,17.4560546875
4339532,15.93017578125
4339562,20.32470703125
4382672,19.287109375
4382730,27.34375
4382764,24.10888671875
4382795,23.62060546875
4382827,31.55517578125
4382840,15.9912109375
4382867,20.01953125
4382893,19.6533203125
4382903,20.3857421875
4382993,17.2119140625
4397471,21.728515625
4397707,19.1650390625
4397852,20.20263671875
4397943,18.4326171875
4398051,16.357421875
4398061,22.216796875
4398115,20.44677734375
4398151,23.193359375
4398169,29.78515625
4398194,30.82275390625
4398233,23.681640625
4398245,17.76123046875
4398286,20.01953125
4398299,21.97265625
4398345,19.83642578125
4413088,16.2353515625
4416398,18.12744140625
4424974,16.90673828125
4473743,17.08984375
4473773,17.7001953125
4473802,18.24951171875
4473820,18.1884765625
4473882,23.01025390625
4473896,31.67724609375
4473942,27.16064453125
4473996,17.88330078125
4474030,19.34814453125
4474058,16.90673828125
4474091,18.1884765625
4494877,17.76123046875
4518635,19.4091796875
4518673,18.37158203125
4518683,16.6015625
4518708,16.2353515625
4518721,34.3017578125
4518770,25.7568359375
4518798,22.64404296875
4518811,29.78515625
4518837,20.81298828125
4518875,16.4794921875
4543925,15.9912109375
4571741,16.90673828125
4571761,19.775390625
4571791,23.3154296875
4571809,23.193359375
4571841,24.0478515625
4571858,26.9775390625
4571882,31.31103515625
4571910,18.98193359375
4571933,25.5126953125
4571978,26.4892578125
4572034,23.681640625
4627936,18.5546875
4627988,16.17431640625
4628012,24.59716796875
4628043,16.11328125
4628084,19.10400390625
4628103,16.357421875
4628117,21.30126953125
4628145,25.32958984375
4628171,22.52197265625
4628197,18.37158203125
4628213,23.0712890625
4628257,16.845703125
4628272,25.20751953125
4670745,19.4091796875
4670774,17.63916015625
4670785,16.78466796875
4670806,17.4560546875
4670825,20.69091796875
4670891,31.55517578125
4670918,29.052734375
4670953,20.6298828125
4670986,18.61572265625
4671008,18.49365234375
4671024,16.29638671875
4671049,16.357421875
4671082,19.8974609375
4695946,17.333984375
4715947,24.169921875
4715966,21.91162109375
4715981,18.37158203125
4716009,21.54541015625
4716027,19.59228515625
4716045,27.34375
4716073,25.634765625
4716094,20.3857421875
4716136,19.1650390625
4716198,16.11328125
4716221,18.12744140625
4732418,18.49365234375
4738511,16.357421875
4741866,17.08984375
4751656,16.2353515625
4766524,15.80810546875
4766540,17.76123046875
4766560,21.17919921875
4766579,19.71435546875
4766635,15.869140625
4766668,29.78515625
4766688,16.357421875
4766698,20.56884765625
4766751,16.29638671875
4766767,22.94921875
4766777,25.87890625
4766858,17.08984375
4779871,15.80810546875
4796008,17.27294921875
4806880,18.9208984375
4806913,19.1650390625
4806931,21.3623046875
4806953,22.8271484375
4806973,21.17919921875
4806994,17.63916015625
4807028,32.958984375
4807039,34.36279296875
4807066,17.333984375
4807093,18.85986328125
4807104,19.59228515625
4807169,20.263671875
4843531,15.869140625
4846191,16.357421875
4848514,17.4560546875
4848560,25.0244140625
4848639,16.54052734375
4848673,19.10400390625
4848730,18.00537109375
4848773,24.658203125
4859294,16.41845703125
4886834,16.66259765625
4886855,17.2119140625
4886878,23.74267578125
4886899,31.92138671875
4886917,25.5126953125
4886936,18.00537109375
4886971,18.49365234375
4886981,16.17431640625
4887003,32.71484375
4887028,17.51708984375
4887055,20.751953125
4925858,18.798828125
4925891,22.39990234375
4925907,18.4326171875
4925939,16.78466796875
4925970,22.03369140625
4925991,31.3720703125
4926003,21.42333984375
4926019,15.80810546875
4926033,20.3857421875
4926052,20.56884765625
4961696,21.91162109375
4961730,18.85986328125
4961759,24.35302734375
4961778,17.02880859375
4961835,20.8740234375
4961848,22.705078125
4961883,17.88330078125
4961916,19.53125
4961946,18.24951171875
4990396,17.7001953125
4990418,16.66259765625
4990429,23.37646484375
4990471,22.216796875
4990506,27.03857421875
4990525,17.51708984375
4990566,20.08056640625
4990594,22.5830078125
4990608,17.7001953125
4990687,16.11328125
5023215,17.9443359375
5023243,25.87890625
5023262,23.0712890625
5023277,23.92578125
5023298,27.34375
5023324,16.29638671875
5023345,29.47998046875
5023368,20.5078125
5023396,16.357421875
5023409,18.98193359375
5023459,15.869140625
5023490,17.08984375
5055918,23.193359375
5055945,17.02880859375
5055970,24.658203125
5055998,18.00537109375
5056011,16.6015625
5056036,22.64404296875
5056048,17.76123046875
5056074,18.98193359375
5056090,22.4609375
5056123,18.06640625
5056137,16.11328125
5056207,17.2119140625
5060156,18.85986328125
5060183,16.9677734375
5060259,16.66259765625
5060372,20.08056640625
5060421,18.06640625
5060543,18.00537109375
5060709,17.9443359375
5061031,16.11328125
5064321,18.00537109375
5064397,16.7236328125
5064555,18.798828125
5065306,19.22607421875
5066700,18.12744140625
5067034,20.81298828125
5067365,15.80810546875
5068408,17.9443359375
5074195,22.64404296875
5074239,16.11328125
5074283,15.93017578125
5074342,18.6767578125
5078132,20.1416015625
5078169,16.05224609375
5078278,16.7236328125
5080833,15.9912109375
5080858,16.7236328125
5080904,19.775390625
5080946,17.27294921875
5085706,26.4892578125
5085743,15.93017578125
5085788,19.22607421875
5088979,15.80810546875
5089056,19.775390625
5089130,16.78466796875
5094552,16.4794921875
5094581,19.83642578125
5094613,20.20263671875
5097414,16.90673828125
5097454,19.71435546875
5097479,16.29638671875
5097490,20.6298828125
5097621,17.2119140625
5101264,21.240234375
5101323,36.376953125
5101347,26.42822265625
5101396,23.681640625
5101420,15.93017578125
5104988,18.61572265625
5105052,24.5361328125
5105103,17.9443359375
5105131,19.8974609375
5107987,18.24951171875
5108012,16.17431640625
5108090,18.00537109375
5108184,19.59228515625
5112046,18.4326171875
5112080,15.80810546875
5112115,16.41845703125
5112151,20.263671875
5114665,17.333984375
5119315,15.869140625
5119346,18.61572265625
5119422,16.78466796875
5123690,16.66259765625
5123769,28.86962890625
5123809,17.88330078125
5127290,17.578125
5127340,17.39501953125
5129408,18.1884765625
5129468,18.4326171875
5129483,21.05712890625
5133812,17.27294921875
5133857,19.6533203125
5133942,16.2353515625
5134042,19.53125
5135320,16.845703125
5137209,16.05224609375
5137282,16.7236328125
5137305,18.12744140625
5137510,16.845703125
5140895,18.06640625
5140957,17.9443359375
5141027,16.17431640625
5141156,20.99609375
5143275,20.44677734375
5143325,16.7236328125
5147911,18.49365234375
5147937,18.06640625
5147989,18.98193359375
5150361,20.5078125
5150374,15.93017578125
5150480,16.4794921875
5150508,17.578125
5150523,16.66259765625
5150658,18.798828125
5153145,17.76123046875
5153176,22.88818359375
5156849,16.2353515625
5156937,19.47021484375
5162260,19.47021484375
5162296,16.78466796875
5162418,19.71435546875
5162886,15.9912109375
5164838,18.37158203125
5167812,17.4560546875
5167866,19.22607421875
5167888,16.41845703125
5173006,18.1884765625
5173038,21.91162109375
5173247,15.80810546875
5175183,17.15087890625
5180310,16.9677734375
5180350,18.5546875
5180378,20.3857421875
5180491,18.37158203125
5185963,19.04296875
5185996,17.333984375
5186062,22.216796875
5192252,16.05224609375
5192272,18.24951171875
5192322,15.93017578125
5192338,16.29638671875
5198244,29.541015625
5198318,17.15087890625
5198345,19.83642578125
5199074,16.41845703125
5203936,20.08056640625
5203962,17.333984375
5204002,17.9443359375
5205806,20.32470703125
5205888,18.73779296875
5205929,18.85986328125
5211605,16.7236328125
5211672,16.90673828125
5217507,22.76611328125
5217540,18.6767578125
5223520,18.798828125
5223540,19.8974609375
5223585,19.95849609375
5223640,17.39501953125
5230722,19.83642578125
5230787,24.71923828125
5231209,16.17431640625
5239657,18.73779296875
5239687,16.7236328125
5239710,20.3857421875
5239769,17.76123046875
5248452,20.8740234375
5248503,20.20263671875
5248992,16.41845703125
5256601,25.7568359375
5256615,16.66259765625
5256643,21.30126953125
5256690,17.15087890625
5256752,16.7236328125
5265239,21.484375
5265311,22.88818359375
5273574,16.66259765625
5273596,18.61572265625
5273640,15.80810546875
5273655,19.1650390625
5282166,24.84130859375
5282186,20.99609375
5282224,20.32470703125
5291021,22.705078125
5291098,17.02880859375
5302794,17.7001953125
5302816,17.15087890625
5302855,21.484375
5312859,17.02880859375
5312941,18.85986328125
5312953,17.7001953125
5313039,16.54052734375
5325137,18.310546875
5325194,15.869140625
5325217,21.30126953125
5325333,16.845703125
5336989,19.6533203125
5337011,19.775390625
5337059,16.6015625
5337087,21.78955078125
5337207,17.88330078125
5349577,22.216796875
5349605,17.2119140625
5362313,16.05224609375
5362340,24.59716796875
5362374,17.08984375
5362448,15.869140625
5380326,17.4560546875
5380370,20.93505859375
5380412,18.73779296875
5380942,18.12744140625
5397361,23.37646484375
5397389,16.54052734375
5397412,18.37158203125
5397438,17.9443359375
5397452,16.11328125
5397497,19.22607421875
5397569,16.54052734375
5397789,16.2353515625
5415830,21.91162109375
5415844,17.822265625
5415862,17.63916015625
5415927,17.39501953125
5415977,21.6064453125
5416076,15.869140625
5417125,15.9912109375
5486312,16.66259765625
5487000,18.4326171875
5487019,18.49365234375
5487202,16.41845703125
5487223,17.27294921875
5487357,19.22607421875
5558804,16.7236328125
5558839,17.27294921875
5559590,15.869140625
5559648,19.1650390625
5559740,17.7001953125
5620462,16.11328125
5620735,16.845703125
5620789,16.41845703125
5620848,20.08056640625
5620899,16.29638671875
5620946,17.51708984375
5662349,19.6533203125
5662772,16.05224609375
5662823,16.54052734375
5662916,16.66259765625
5703441,17.63916015625
5703522,19.22607421875
5749965,16.66259765625
5750125,15.869140625
5750187,23.3154296875
5750253,18.310546875
5750280,18.9208984375
5786014,17.39501953125
5792490,16.7236328125
5792915,18.4326171875
5793028,16.357421875
5818497,16.9677734375
5818842,19.71435546875
5818867,19.34814453125
5818930,16.41845703125
5819013,15.93017578125
5859282,17.7001953125
5859324,16.7236328125
5859457,18.6767578125
5859512,18.37158203125
5859553,19.71435546875
5859597,17.333984375
5895228,15.9912109375
5895741,23.4375
5895765,21.97265625
5896064,17.2119140625
5896154,16.357421875
5915334,15.80810546875
5933890,15.80810546875
5934060,23.8037109375
5934105,16.41845703125
5934119,15.9912109375
5934190,15.93017578125
5934216,23.0712890625
5974391,21.8505859375
5974415,26.0009765625
5974689,16.41845703125
5974786,16.66259765625
5974806,17.27294921875
5974862,19.287109375
5974909,19.10400390625
6001970,16.9677734375
6002312,18.4326171875
6023598,22.3388671875
6023738,16.90673828125
6023845,16.2353515625
6023896,16.78466796875
6040822,15.93017578125
6040882,16.66259765625
6040923,19.83642578125
6082517,15.9912109375
6082757,19.34814453125
6082809,17.9443359375
6082846,24.59716796875
6082879,15.93017578125
6120037,15.9912109375
6120433,19.775390625
6120473,18.9208984375
6120497,17.02880859375
6120528,15.93017578125
6120625,17.76123046875
6158964,16.7236328125
6159057,18.24951171875
6159101,17.333984375
6159142,17.27294921875
6159180,18.85986328125
6159267,16.11328125
6159301,15.80810546875
6188474,18.798828125
6188612,18.4326171875
6188638,23.4375
6188874,17.2119140625
6188902,22.64404296875
6188938,19.6533203125
6220437,31.005859375
6220489,18.37158203125
6220515,18.73779296875
6220687,17.02880859375
6220704,17.15087890625
6220757,19.47021484375
6220775,19.22607421875
6220812,16.66259765625
6251905,19.4091796875
6252076,19.47021484375
6252285,16.6015625
6252339,20.8740234375
6252434,22.216796875
6252451,17.08984375
6278938,20.32470703125
6279053,20.263671875
6279073,18.61572265625
6279252,15.93017578125
6279453,16.05224609375
6309816,17.02880859375
6309897,21.54541015625
6310025,20.751953125
6310047,18.49365234375
6310233,18.98193359375
6310263,18.06640625
6310292,16.357421875
6338468,19.04296875
6338494,19.287109375
6338594,16.17431640625
6338610,17.39501953125
6338730,16.17431640625
6338740,16.6015625
6338852,19.8974609375
6369391,22.705078125
6369404,24.47509765625
6369440,16.6015625
6369455,18.06640625
6369479,16.41845703125
6369491,17.76123046875
6369523,26.7333984375
6369537,26.42822265625
6369573,19.1650390625
6369597,20.3857421875
6369638,17.578125
6369662,17.08984375
6369672,19.775390625
6369723,16.29638671875
6383525,20.263671875
6383898,17.76123046875
6383964,16.845703125
6383980,23.193359375
6384093,15.9912109375
6384160,20.01953125
6384200,18.37158203125
6396773,15.93017578125
6396826,16.41845703125
6396937,18.85986328125
6396962,17.7001953125
6396988,15.80810546875
6397010,17.02880859375
6397045,20.08056640625
6397094,23.01025390625
6397120,20.3857421875
6397133,26.67236328125
6397203,16.66259765625
6401673,19.4091796875
6401750,19.34814453125
6401773,20.08056640625
6401800,17.02880859375
6401822,17.7001953125
6401837,16.845703125
6401898,17.822265625
6418048,17.63916015625
6418117,18.798828125
6418131,16.4794921875
6418152,23.13232421875
6418176,25.20751953125
6418208,24.59716796875
6418245,28.01513671875
6418272,25.32958984375
6424414,19.34814453125
6424426,21.8505859375
6424459,16.29638671875
6424481,16.9677734375
6424530,17.88330078125
6424605,19.59228515625
6424619,18.06640625
6424724,17.15087890625
6429343,16.9677734375
6429395,15.93017578125
6429455,20.6298828125
6429516,15.93017578125
6429597,16.11328125
6434003,17.7001953125
6434027,18.61572265625
6434042,18.00537109375
6434071,20.93505859375
6434099,19.22607421875
6434211,17.63916015625
6434375,16.41845703125
6434577,15.9912109375
6434786,15.80810546875
6440930,16.9677734375
6440971,27.2216796875
6440987,15.93017578125
6441012,16.05224609375
6441048,22.0947265625
6441081,16.29638671875
6441110,15.93017578125
6441188,16.66259765625
6441394,15.80810546875
6446030,18.1884765625
6446086,16.05224609375
6446111,15.9912109375
6446131,19.34814453125
6446155,16.05224609375
6452987,18.310546875
6453000,20.263671875
6453039,17.08984375
6453088,21.8505859375
6453114,15.93017578125
6453166,15.93017578125
6458372,21.78955078125
6458402,20.32470703125
6458434,19.8974609375
6458449,17.02880859375
6458466,16.357421875
6458484,15.9912109375
6458507,16.4794921875
6458545,18.37158203125
6458894,16.41845703125
6463752,16.4794921875
6463779,17.4560546875
6463988,17.333984375
6467362,19.95849609375
6467396,18.5546875
6467531,16.9677734375
6468415,15.869140625
6468553,15.80810546875
6468774,16.17431640625
6473221,19.47021484375
6473252,18.61572265625
6473394,19.95849609375
6477602,15.93017578125
6477628,23.98681640625
6477666,26.55029296875
6477698,16.17431640625
6477808,21.6064453125
6477837,18.98193359375
6481083,24.658203125
6481139,17.88330078125
6481166,16.41845703125
6481189,16.17431640625
6481231,16.845703125
6481314,16.6015625
6483397,17.88330078125
6483407,16.9677734375
6483446,17.333984375
6483486,19.83642578125
6483536,16.05224609375
6487615,15.93017578125
6487657,20.93505859375
6487727,17.39501953125
6492238,17.4560546875
6492282,18.1884765625
6495485,20.44677734375
6495508,18.37158203125
6495608,18.310546875
6499931,17.15087890625
6500042,15.93017578125
6504843,15.93017578125
6504883,17.51708984375
6504917,19.95849609375
6504928,22.03369140625
6507642,19.71435546875
6507694,16.17431640625
6507817,22.94921875
6512268,16.05224609375
6512319,16.357421875
6512353,16.05224609375
6512364,22.0947265625
6512407,17.02880859375
6512482,18.06640625
6515255,18.00537109375
6515362,18.61572265625
6518410,19.71435546875
6518454,16.11328125
6518470,26.06201171875
6518532,17.08984375
6518553,17.4560546875
6524025,21.97265625
6524042,18.73779296875
6524075,17.39501953125
6524117,25.69580078125
6527728,16.29638671875
6527785,18.98193359375
6527870,20.44677734375
6532846,26.0009765625
6532886,19.22607421875
6533079,16.41845703125
6539577,18.85986328125
6539619,17.4560546875
6539638,18.61572265625
6539657,20.5078125
6539678,16.29638671875
6539774,16.845703125
6544886,18.798828125
6544936,35.09521484375
6545104,15.93017578125
6551245,18.9208984375
6551323,25.390625
6551341,15.93017578125
6551368,21.42333984375
6556335,16.4794921875
6556365,22.705078125
6556395,17.39501953125
6556437,16.6015625
6556450,15.80810546875
6564027,26.42822265625
6571623,17.2119140625
6571661,18.798828125
6571700,17.2119140625
6571729,19.6533203125
6571800,15.80810546875
6572068,18.06640625
6579343,16.6015625
6579370,15.93017578125
6579657,18.24951171875
6587678,23.01025390625
6587690,21.17919921875
6587723,26.7333984375
6595656,27.03857421875
6595677,18.61572265625
6595741,15.869140625
6595835,17.51708984375
6604577,17.4560546875
6604607,18.6767578125
6604619,17.51708984375
6604658,17.15087890625
6604681,19.59228515625
6604766,16.41845703125
6613278,16.17431640625
6613397,24.2919921875
6625936,18.98193359375
6625956,22.94921875
6625981,23.193359375
6626022,23.25439453125
6626092,23.98681640625
6626433,17.333984375
6634981,19.10400390625
6635012,18.49365234375
6635063,22.88818359375
6647481,17.578125
6647518,18.310546875
6647561,19.22607421875
6647671,15.93017578125
6662668,19.34814453125
6662703,17.578125
6662737,21.66748046875
6662825,17.51708984375
6663036,16.6015625
6663583,20.32470703125
6675852,16.11328125
6675865,26.9775390625
6675892,17.333984375
6675919,19.6533203125
6676007,16.6015625
6676137,18.4326171875
6689819,18.61572265625
6689921,15.93017578125
6690366,16.78466796875
6701224,19.34814453125
6701235,19.287109375
6701269,17.88330078125
6701337,15.9912109375
6701475,18.310546875
6701923,16.17431640625
6716434,17.08984375
6716462,21.1181640625
6716539,16.4794921875
6716631,17.27294921875
6716882,16.11328125
6717011,17.7001953125
6717622,21.54541015625
6732427,19.22607421875
6732443,17.15087890625
6732475,18.24951171875
6732498,16.6015625
6732543,17.08984375
6746965,19.1650390625
6746998,26.0009765625
6747060,20.3857421875
6747086,16.54052734375
6747123,15.80810546875
6747182,17.27294921875
6763445,17.08984375
6763509,19.287109375
6763537,25.32958984375
6763554,16.54052734375
6763643,18.4326171875
6802037,16.357421875
6802070,17.63916015625
6802106,20.08056640625
6802151,22.52197265625
6802180,18.5546875
6802455,16.66259765625
6831171,17.333984375
6831249,18.98193359375
6831469,19.47021484375
6831616,22.39990234375
6831660,16.9677734375
6832408,16.4794921875
6862396,16.7236328125
6862424,21.6064453125
6862447,16.845703125
6862471,18.00537109375
6862669,16.357421875
6862750,18.61572265625
6862784,16.78466796875
6862874,19.34814453125
6863171,16.9677734375
6895130,17.333984375
6895510,18.24951171875
6895526,16.9677734375
6895640,17.02880859375
6896086,15.93017578125
6896242,17.2119140625
6896836,16.66259765625
6937303,15.80810546875
6937673,16.17431640625
6937703,17.2119140625
6937840,16.2353515625
6937896,16.357421875
6963472,16.11328125
6965160,17.578125
6988639,17.2119140625
6988769,19.4091796875
6989778,18.1884765625
6990021,20.01953125
6990155,16.357421875
7023287,17.08984375
7023324,17.7001953125
7024032,17.02880859375
7024115,17.7001953125
7024187,19.71435546875
7024206,16.4794921875
7024270,16.6015625
7057251,17.15087890625
7057905,18.98193359375
7058458,20.5078125
7058509,17.02880859375
7094012,15.869140625
7094882,18.06640625
7095000,16.17431640625
7095042,21.54541015625
7095071,19.53125
7095103,22.8271484375
7095152,17.02880859375
7129574,16.05224609375
7130633,15.869140625
7130646,16.9677734375
7130672,16.66259765625
7130705,17.578125
7130728,19.4091796875
7130746,18.73779296875
7130782,18.12744140625
7130839,16.2353515625
7174920,17.2119140625
7183382,25.08544921875
7184386,16.17431640625
7184398,20.20263671875
7184416,16.11328125
7184785,25.45166015625
7184801,16.29638671875
7184832,17.822265625
7184847,20.01953125
7184896,23.5595703125
7209509,15.9912109375
7214319,17.9443359375
7214764,16.54052734375
7214799,20.56884765625
7215117,16.6015625
7215191,16.05224609375
7255952,17.2119140625
7256011,23.5595703125
7256048,18.98193359375
7256766,17.02880859375
7257004,17.02880859375
7257077,17.333984375
7257113,18.6767578125
7257169,18.98193359375
7271353,19.95849609375
7295603,16.9677734375
7295706,17.02880859375
7295971,15.93017578125
7295984,15.80810546875
7296340,19.8974609375
7296393,17.7001953125
7296518,17.822265625
7332219,17.9443359375
7332285,21.05712890625
7332333,15.80810546875
7332368,16.05224609375
7332585,16.90673828125
7332612,15.9912109375
7332862,20.20263671875
7332882,17.333984375
7332938,18.1884765625
7333001,24.4140625
7333015,17.2119140625
7367321,19.53125
7367363,18.85986328125
7367376,17.27294921875
7367591,16.7236328125
7367611,17.822265625
7367924,17.63916015625
7368046,16.7236328125
7388704,15.869140625
7400677,17.578125
7401226,17.9443359375
7401265,16.2353515625
7401293,17.15087890625
7401327,19.34814453125
7401373,21.3623046875
7433187,15.869140625
7433582,17.88330078125
7433595,16.90673828125
7433660,18.798828125
7433673,16.845703125
7433700,23.8037109375
7433753,16.4794921875
7467234,16.11328125
7467587,17.63916015625
7467774,19.71435546875
7467871,22.88818359375
7467886,17.333984375
7467975,16.6015625
7500163,19.6533203125
7500221,17.76123046875
7500275,15.869140625
7531913,16.11328125
7531937,18.73779296875
7532212,16.90673828125
7532471,17.88330078125
7532521,20.263671875
7532606,15.869140625
7558893,17.333984375
7559072,19.04296875
7559118,16.17431640625
7559354,16.90673828125
7559379,17.76123046875
7559407,16.2353515625
7559430,18.49365234375
7559461,17.7001953125
7592404,16.41845703125
7592546,20.20263671875
7592604,16.357421875
7592738,15.9912109375
7592817,18.37158203125
7592855,20.08056640625
7610135,16.4794921875
7619672,16.05224609375
7619749,17.08984375
7619985,16.17431640625
7620155,16.6015625
7620184,16.9677734375
7620241,16.357421875
7620256,18.61572265625
7620326,16.05224609375
7620414,26.85546875
7620545,16.17431640625
7638962,16.29638671875
7650137,19.04296875
7650264,20.08056640625
7650294,16.17431640625
7650590,17.76123046875
7650669,16.05224609375
7650690,16.357421875
7650719,16.357421875
7681249,16.05224609375
7681363,18.6767578125
7681765,22.216796875
7681856,16.29638671875
7681953,16.4794921875
7681964,15.869140625
7710449,16.41845703125
7710582,17.02880859375
7710858,15.869140625
7711000,16.845703125
7711018,16.6015625
7711046,19.04296875
7711069,17.578125
7711110,21.78955078125
7737882,18.85986328125
7737894,19.53125
7738307,16.7236328125
7738367,16.9677734375
7738576,16.845703125
7738646,17.15087890625
7738716,17.578125
7768418,21.54541015625
7768541,17.15087890625
7768589,17.08984375
7768712,22.3388671875
7768737,17.9443359375
7768771,20.3857421875
7799014,25.146484375
7799042,17.333984375
7799184,17.333984375
7799211,16.845703125
7799295,16.29638671875
7799356,17.39501953125
7799399,16.66259765625
7799460,18.06640625
7827742,16.78466796875
7827762,16.2353515625
7827867,16.2353515625
7827892,18.5546875
7827992,24.71923828125
7828029,22.3388671875
7828125,16.7236328125
7857115,16.41845703125
7857277,16.11328125
7857427,19.287109375
7857535,20.32470703125
7857635,24.0478515625
7883414,16.9677734375
7883428,16.05224609375
7883638,17.4560546875
7883702,21.17919921875
7883866,16.4794921875
7883887,21.6064453125
7883910,18.9208984375
7911648,24.96337890625
7911786,15.93017578125
7911943,17.27294921875
7912154,16.29638671875
7912244,18.310546875
7937059,16.05224609375
7937104,19.71435546875
7937302,16.41845703125
7937450,15.93017578125
7964219,21.484375
7964230,18.00537109375
7964257,18.49365234375
7964304,15.869140625
7964325,16.54052734375
7964348,21.17919921875
7964374,30.09033203125
7964394,16.90673828125
7964408,16.41845703125
7964449,19.04296875
7964470,24.35302734375
7964506,17.7001953125
7979981,18.5546875
7980118,19.4091796875
7980268,19.47021484375
7980337,15.80810546875
7980375,21.3623046875
7980401,19.1650390625
7980442,19.04296875
7980471,24.84130859375
7980482,25.20751953125
7980521,18.61572265625
7980546,19.287109375
7980562,16.29638671875
7980580,33.75244140625
7980590,18.1884765625
7980680,16.7236328125
7980786,15.9912109375
7999112,19.287109375
7999177,20.01953125
7999189,19.775390625
7999229,21.6064453125
7999244,37.109375
7999260,17.08984375
7999284,22.216796875
7999295,18.9208984375
7999323,18.98193359375
7999353,17.76123046875
7999385,23.13232421875
7999438,20.44677734375
7999471,19.04296875
7999677,17.02880859375
8023009,16.7236328125
8023032,22.64404296875
8023049,24.84130859375
8023077,41.8701171875
8023098,28.4423828125
8023113,22.94921875
8023137,15.869140625
8023152,19.10400390625
8023175,28.4423828125
8023212,23.74267578125
8023322,16.9677734375
8023394,16.17431640625
8043751,23.25439453125
8043779,22.64404296875
8043807,25.20751953125
8043835,27.4658203125
8043857,20.1416015625
8043914,25.45166015625
8043939,20.32470703125
8043985,17.08984375
8044050,16.66259765625
8044433,16.29638671875
8060404,19.22607421875
8060427,16.41845703125
8060462,23.681640625
8060520,25.69580078125
8060564,24.0478515625
8060579,16.357421875
8060592,18.5546875
8060642,22.94921875
8060660,17.4560546875
8060686,20.32470703125
8071218,16.6015625
8071247,23.25439453125
8071285,29.541015625
8071309,26.18408203125
8071322,17.08984375
8071367,16.2353515625
8071387,25.5126953125
8071416,19.47021484375
8071427,20.32470703125
8071484,17.4560546875
8071502,25.146484375
8071517,16.66259765625
8071551,18.6767578125
8079557,16.78466796875
8079593,24.4140625
8079603,20.3857421875
8079655,16.17431640625
8079677,21.8505859375
8079692,28.3203125
8079734,23.01025390625
8079747,24.59716796875
8079774,20.56884765625
8079787,23.62060546875
8079869,18.98193359375
8079885,20.44677734375
8085729,26.611328125
8085754,20.69091796875
8085799,19.287109375
8085827,17.08984375
8085864,27.587890625
8085921,17.7001953125
8085935,20.8740234375
8085976,16.78466796875
8086002,21.484375
8086060,21.91162109375
8086110,20.93505859375
8086167,19.95849609375
8093703,21.6064453125
8093747,19.71435546875
8093769,29.23583984375
8093789,21.42333984375
8093802,21.30126953125
8093822,36.92626953125
8093850,27.64892578125
8093874,29.47998046875
8093898,17.88330078125
8093948,17.08984375
8093984,18.12744140625
8094087,16.11328125
8101173,16.78466796875
8101201,16.54052734375
8101227,19.10400390625
8101245,21.54541015625
8101255,16.05224609375
8101278,36.07177734375
8101301,28.50341796875
8101335,26.611328125
8101345,21.484375
8101377,24.10888671875
8101410,20.751953125
8101421,23.13232421875
8101459,17.08984375
8101596,16.6015625
8109708,16.4794921875
8109734,20.01953125
8109758,27.03857421875
8109777,30.2734375
8109792,24.5361328125
8109803,17.76123046875
8109818,16.78466796875
8109850,30.6396484375
8109885,16.17431640625
8109906,21.1181640625
8109923,18.12744140625
8109955,15.9912109375
8117354,18.61572265625
8117371,22.88818359375
8117410,16.41845703125
8117434,20.56884765625
8117444,20.751953125
8117464,19.10400390625
8117511,19.1650390625
8117526,19.6533203125
8117590,23.49853515625
8117606,18.49365234375
8117651,22.88818359375
8117663,17.76123046875
8117720,16.2353515625
8125293,21.8505859375
8125319,27.03857421875
8125341,23.01025390625
8125365,26.611328125
8125384,16.66259765625
8125413,23.193359375
8125455,23.13232421875
8125480,16.357421875
8125506,19.4091796875
8125554,18.9208984375
8133768,16.78466796875
8133798,29.296875
8133815,17.08984375
8133835,19.04296875
8133883,16.17431640625
8133907,17.7001953125
8133990,18.00537109375
8134019,16.4794921875
8141428,18.310546875
8141453,20.1416015625
8141469,23.5595703125
8141486,21.42333984375
8141501,17.9443359375
8141598,18.00537109375
8141635,17.15087890625
8141653,19.34814453125
8141695,16.357421875
8151619,20.93505859375
8151629,16.05224609375
8151676,20.08056640625
8151694,28.9306640625
8151724,17.63916015625
8151736,18.798828125
8151765,28.80859375
8151777,20.99609375
8151794,19.10400390625
8151830,17.7001953125
8151854,17.15087890625
8161416,17.02880859375
8161434,21.8505859375
8161465,17.2119140625
8161488,26.91650390625
8161513,20.8740234375
8161528,17.7001953125
8161568,28.25927734375
8161612,21.97265625
8161627,18.98193359375
8161657,16.29638671875
8161677,17.4560546875
8161753,18.310546875
8162256,15.869140625
8168841,18.49365234375
8168906,21.240234375
8168951,26.55029296875
8168969,17.4560546875
8168998,20.6298828125
8169033,16.4794921875
8169048,16.6015625
8169079,19.34814453125
8177435,16.11328125
8177482,22.4609375
8177518,20.32470703125
8177540,31.005859375
8177675,18.5546875
8177714,24.2919921875
8185812,17.822265625
8185830,17.7001953125
8185897,17.15087890625
8185959,25.81787109375
8185974,16.11328125
8186005,19.10400390625
8186031,23.01025390625
8186081,16.90673828125
8186141,15.9912109375
8186151,24.71923828125
8186216,16.17431640625
8186322,19.04296875
8186455,17.9443359375
8194642,19.287109375
8194675,23.98681640625
8194706,17.15087890625
8194838,21.3623046875
8194866,15.9912109375
8194922,16.41845703125
8195219,16.357421875
8203213,20.44677734375
8203276,16.78466796875
8203350,21.91162109375
8203439,16.90673828125
8203474,19.04296875
8203510,16.9677734375
8203542,15.9912109375
8203894,16.54052734375
8214968,19.4091796875
8215002,17.08984375
8215058,18.6767578125
8215096,18.310546875
8215137,16.11328125
8215846,16.4794921875
8226015,20.69091796875
8226042,18.61572265625
8226095,26.85546875
8226120,19.04296875
8226159,18.06640625
8226189,16.2353515625
8226438,18.98193359375
8236974,17.578125
8236989,25.0244140625
8237051,20.1416015625
8237121,16.41845703125
8237152,19.95849609375
8237530,16.2353515625
8237625,17.2119140625
8238123,15.9912109375
8260988,17.88330078125
8261012,15.9912109375
8261057,24.35302734375
8261068,17.63916015625
8261092,16.17431640625
8261113,17.2119140625
8261171,15.80810546875
8261185,21.54541015625
8261612,16.17431640625
8385487,16.05224609375
8385806,17.15087890625
8386905,19.1650390625
8546736,16.845703125
8546756,16.78466796875
8546778,18.6767578125
8546824,17.4560546875
8546842,18.12744140625
8546942,15.869140625
8593817,19.47021484375
8637028,20.01953125
8637049,16.357421875
8637178,16.357421875
8637278,17.333984375
8637325,17.51708984375
8637339,15.869140625
8637383,23.25439453125
8637472,18.24951171875
8676532,16.41845703125
8716365,19.53125
8716469,20.08056640625
8716496,15.9912109375
8752210,16.845703125
8752527,16.845703125
8752641,25.32958984375
8752684,18.00537109375
8790040,20.08056640625
8790258,17.02880859375
8790291,17.333984375
8790364,16.4794921875
8790420,17.2119140625
8825721,19.47021484375
8825989,17.4560546875
8826012,16.6015625
8826078,16.29638671875
8826108,16.17431640625
8826216,20.81298828125
8859393,19.47021484375
8859428,16.9677734375
8859646,17.333984375
8859667,24.47509765625
8893749,16.17431640625
8893872,16.2353515625
8893921,18.310546875
8894015,17.08984375
8894098,16.357421875
8925210,17.76123046875
8925423,17.9443359375
8925551,19.47021484375
8925603,15.869140625
8925624,17.9443359375
8925717,20.01953125
8956077,23.37646484375
8956483,17.63916015625
8956511,15.9912109375
8956544,19.83642578125
8956582,22.216796875
8956598,19.59228515625
8987324,18.00537109375
8987356,17.15087890625
8987395,16.17431640625
8987574,17.7001953125
8987636,17.08984375
8987692,22.76611328125
8987705,23.01025390625
8987730,15.93017578125
8987743,17.9443359375
8987776,19.4091796875
9014319,18.06640625
9014341,21.17919921875
9014367,21.8505859375
9014408,17.51708984375
9014449,17.15087890625
9014502,17.7001953125
9014530,16.54052734375
9014544,19.10400390625
9021092,15.80810546875
9021115,16.4794921875
9021153,18.4326171875
9021180,21.42333984375
9021241,20.263671875
9021421,17.333984375
9021472,18.6767578125
9021565,19.04296875
9030253,17.76123046875
9030314,21.05712890625
9030345,16.845703125
9030412,19.71435546875
9030429,18.798828125
9034794,15.80810546875
9034878,15.9912109375
9034893,16.54052734375
9034930,21.97265625
9035273,17.2119140625
9042293,19.95849609375
9042383,18.73779296875
9042407,16.54052734375
9042509,18.5546875
9042565,15.80810546875
9049758,18.6767578125
9049768,20.01953125
9049812,16.17431640625
9049846,19.287109375
9049876,16.05224609375
9049922,16.11328125
9049975,16.357421875
9057001,19.1650390625
9057063,16.845703125
9057136,16.90673828125
9064427,16.29638671875
9064471,22.705078125
9064503,17.02880859375
9064534,17.4560546875
9064584,25.2685546875
9064737,15.869140625
9072160,16.90673828125
9072178,16.9677734375
9072218,16.4794921875
9072263,15.93017578125
9072516,16.17431640625
9077341,16.11328125
9077424,18.1884765625
9077441,18.798828125
9077522,19.10400390625
9077539,20.99609375
9084575,15.93017578125
9084659,18.61572265625
9084745,17.63916015625
9091431,17.333984375
9091547,16.05224609375
9091572,18.9208984375
9091588,17.88330078125
9099138,19.10400390625
9099223,18.85986328125
9099273,17.27294921875
9105829,22.216796875
9105862,15.869140625
9105877,18.24951171875
9106117,17.9443359375
9112226,16.6015625
9112288,16.41845703125
9112324,19.34814453125
9112345,15.869140625
9112361,16.845703125
9118885,16.2353515625
9118979,17.51708984375
9126739,17.76123046875
9126758,18.24951171875
9126771,18.00537109375
9126851,16.54052734375
9126876,18.12744140625
9127047,16.4794921875
9132408,16.66259765625
9132490,18.12744140625
9139615,17.51708984375
9139659,18.4326171875
9139788,15.869140625
9146072,17.27294921875
9146143,16.6015625
9153710,22.94921875
9153767,16.17431640625
9153894,16.17431640625
9162261,18.61572265625
9162361,19.53125
9162403,16.78466796875
9173016,16.357421875
9173063,15.80810546875
9173180,16.66259765625
9184000,17.51708984375
9184038,15.93017578125
9184116,18.4326171875
9196898,19.6533203125
9196939,18.37158203125
9196967,22.15576171875
9197015,16.17431640625
9209996,24.59716796875
9210071,23.8037109375
9222118,20.32470703125
9222235,17.2119140625
9222270,15.93017578125
9234897,20.01953125
9234913,17.08984375
9234949,18.6767578125
9234963,18.49365234375
9234989,16.6015625
9235021,18.85986328125
9235048,18.24951171875
9247219,16.2353515625
9247244,18.6767578125
9247297,16.17431640625
9247331,21.91162109375
9261781,17.02880859375
9261800,24.5361328125
9261840,19.47021484375
9261851,21.8505859375
9261926,19.10400390625
9274206,22.27783203125
9274221,18.37158203125
9274253,15.869140625
9274274,18.5546875
9291861,19.287109375
9291893,18.9208984375
9291904,18.24951171875
9291924,15.80810546875
9291949,16.2353515625
9292018,18.06640625
9310887,18.6767578125
9310922,31.25
9310962,17.76123046875
9310988,17.15087890625
9311005,17.4560546875
9311196,17.578125
9356802,17.08984375
9361567,18.6767578125
9361634,16.78466796875
9361652,17.7001953125
9361700,17.02880859375
9361725,16.2353515625
9407869,16.4794921875
9407942,18.5546875
9407963,18.61572265625
9408081,16.2353515625
9408444,18.24951171875
9408693,19.34814453125
9409047,20.08056640625
9450480,16.78466796875
9450491,17.02880859375
9450556,16.66259765625
9450607,16.845703125
9450643,19.8974609375
9451623,16.7236328125
9485883,23.62060546875
9485936,18.798828125
9485993,21.91162109375
9486091,15.80810546875
9486316,18.798828125
9527124,16.17431640625
9527233,23.62060546875
9527291,18.12744140625
9527510,15.869140625
9527881,18.98193359375
9528053,16.2353515625
9528422,16.05224609375
9531622,18.12744140625
9580389,15.93017578125
9580443,20.5078125
9580535,31.005859375
9580678,16.357421875
9580712,17.63916015625
9581205,17.15087890625
9634152,17.2119140625
9634164,16.4794921875
9634223,16.05224609375
9634271,19.04296875
9634294,18.00537109375
9634351,16.6015625
9635012,18.37158203125
9637688,16.78466796875
9639321,16.17431640625
9685856,17.7001953125
9685892,16.29638671875
9685906,21.1181640625
9685962,15.869140625
9686055,15.80810546875
9686178,25.146484375
9686195,19.1650390625
9689810,17.4560546875
9755542,16.7236328125
9755563,21.30126953125
9755610,19.53125
9755660,21.3623046875
9755895,17.88330078125
9756009,17.39501953125
9756185,16.54052734375
9758458,17.02880859375
9758882,15.80810546875
9830689,19.6533203125
9830707,16.357421875
9831158,16.4794921875
9831236,17.7001953125
9831445,19.775390625
9888967,16.11328125
9889601,19.95849609375
9889638,19.4091796875
9889648,22.15576171875
9889660,17.76123046875
9889743,17.27294921875
9889776,22.15576171875
9889789,25.0244140625
9889824,19.59228515625
9889848,23.681640625
9889872,20.263671875
9908191,16.845703125
9908273,16.845703125
9908381,17.578125
9910177,17.822265625
9910481,17.7001953125
9954493,17.7001953125
9955108,22.76611328125
9955236,19.95849609375
9955281,20.5078125
9955305,27.4658203125
9955321,16.78466796875
9955357,20.81298828125
9955374,27.2216796875
9955408,16.7236328125
9955429,19.10400390625
9955454,16.7236328125
9955474,27.16064453125
9955505,15.9912109375
9982022,17.08984375
9982737,17.63916015625
9983273,18.310546875
9983295,20.32470703125
9983325,24.35302734375
9983349,19.53125
9983372,19.47021484375
9983382,17.9443359375
9983417,22.0947265625
9983447,16.90673828125
10023820,16.6015625
10031407,16.6015625
10031491,16.11328125
10032167,22.76611328125
10032207,18.06640625
10032226,25.0244140625
10032255,23.74267578125
10032288,20.3857421875
10032305,18.5546875
10032321,27.587890625
10032336,20.32470703125
10032353,22.27783203125
10032380,18.49365234375
10032430,17.27294921875
10109756,16.29638671875
10109855,16.17431640625
10109897,18.06640625
10110543,16.845703125
10110578,21.97265625
10110608,28.076171875
10110647,19.95849609375
10110672,25.69580078125
10110687,19.10400390625
10110705,24.59716796875
10110731,20.5078125
10110747,18.61572265625
10110805,16.78466796875
10166760,17.9443359375
10166992,19.6533203125
10167047,24.35302734375
10167065,22.4609375
10167085,18.4326171875
10167115,24.90234375
10167156,24.4140625
10167173,18.4326171875
10167221,18.798828125
10225852,19.287109375
10225934,17.578125
10226391,18.4326171875
10226454,22.27783203125
10226470,20.69091796875
10226518,25.08544921875
10226541,20.69091796875
10226574,18.98193359375
10282910,15.93017578125
10283070,16.11328125
10283126,18.00537109375
10283166,24.5361328125
10283202,22.705078125
10283286,18.61572265625
10283398,17.2119140625
10305703,18.73779296875
10305824,17.63916015625
10305926,16.11328125
10306142,21.30126953125
10355199,16.66259765625
10359059,17.15087890625
10359199,16.4794921875
10359301,19.95849609375
10359362,21.54541015625
10359406,17.39501953125
10410279,21.1181640625
10410370,20.56884765625
10410389,24.658203125
10410577,15.9912109375
10410666,16.357421875
10410719,18.37158203125
10434383,15.80810546875
10434595,16.7236328125
10434684,26.30615234375
10435182,21.1181640625
10435307,16.54052734375
10463362,18.06640625
10463523,17.9443359375
10463635,16.54052734375
10463679,17.63916015625
10463708,16.4794921875
10463907,18.9208984375
10463970,17.51708984375
10463993,18.6767578125
10464074,17.39501953125
10501609,15.93017578125
10501710,18.85986328125
10501833,18.73779296875
10501985,17.15087890625
10502017,21.17919921875
10532808,16.29638671875
10532866,18.310546875
10533045,17.27294921875
10533364,17.333984375
10533471,20.1416015625
10553709,17.2119140625
10561410,16.9677734375
10561527,16.845703125
10561737,16.7236328125
10561880,18.9208984375
10562062,16.7236328125
10589209,19.04296875
10589246,19.8974609375
10589295,17.822265625
10589448,18.73779296875
10589462,16.2353515625
10612238,16.78466796875
10612259,17.7001953125
10612274,22.03369140625
10612299,16.05224609375
10612318,24.658203125
10612373,19.1650390625
10612389,18.24951171875
10612410,22.88818359375
10612442,27.587890625
10612454,16.05224609375
10612469,22.52197265625
10612500,17.51708984375
10628875,16.90673828125
10628885,17.63916015625
10628915,19.10400390625
10629054,21.3623046875
10629115,17.15087890625
10629138,18.310546875
10629152,18.24951171875
10629207,17.88330078125
10629220,15.93017578125
10634643,17.63916015625
10634653,15.9912109375
10634706,17.333984375
10634739,16.17431640625
10634837,15.93017578125
10634881,16.6015625
10634916,18.12744140625
10634990,16.66259765625
10642599,19.4091796875
10642627,16.05224609375
10642640,17.63916015625
10642667,22.27783203125
10642685,16.7236328125
10642779,19.83642578125
10642822,16.41845703125
10642910,23.4375
10650040,16.17431640625
10650053,18.00537109375
10650087,17.4560546875
10650110,22.5830078125
10650135,18.49365234375
10650169,16.78466796875
10650198,28.74755859375
10650238,19.8974609375
10650428,16.17431640625
10656698,22.5830078125
10656733,16.41845703125
10656749,16.66259765625
10656812,24.90234375
10656842,19.6533203125
10656868,16.2353515625
10656931,17.63916015625
10657045,17.39501953125
10657316,17.51708984375
10663485,18.4326171875
10663501,18.12744140625
10663521,20.99609375
10663543,19.287109375
10663565,19.10400390625
10663698,18.37158203125
10663777,18.9208984375
10669157,20.1416015625
10669235,18.1884765625
10669261,19.53125
10669449,15.80810546875
10669621,16.17431640625
10669756,16.54052734375
10669786,17.88330078125
10675644,16.05224609375
10675675,21.17919921875
10675776,18.24951171875
10675821,18.798828125
10675843,18.24951171875
10682774,16.90673828125
10682818,18.310546875
10682871,16.845703125
10682891,20.99609375
10682902,15.869140625
10682999,18.00537109375
10687222,18.37158203125
10687236,17.578125
10687293,17.2119140625
10687448,17.02880859375
10687676,17.39501953125
10693072,17.27294921875
10693148,16.845703125
10693334,18.4326171875
10697377,17.08984375
10697405,18.1884765625
10697482,19.04296875
10697513,15.869140625
10697676,17.39501953125
10698134,17.63916015625
10704457,19.8974609375
10704474,19.04296875
10704490,16.05224609375
10704526,21.05712890625
10704600,17.08984375
10704621,18.24951171875
10704705,16.11328125
10704779,18.12744140625
10705039,15.80810546875
10705287,18.85986328125
10710858,17.4560546875
10710922,16.78466796875
10711040,16.9677734375
10711110,17.08984375
10716097,19.775390625
10716169,16.41845703125
10716202,18.85986328125
10716231,16.17431640625
10716550,16.66259765625
10717320,16.9677734375
10724389,21.1181640625
10724437,19.287109375
10724505,17.822265625
10724639,16.11328125
10724684,17.08984375
10724846,17.08984375
10732503,17.822265625
10732526,18.85986328125
10732568,19.10400390625
10732614,19.95849609375
10733732,15.869140625
10741834,18.9208984375
10741884,21.1181640625
10741905,19.1650390625
10741930,15.869140625
10742833,16.6015625
10751893,16.66259765625
10751907,15.9912109375
10751952,16.05224609375
10751964,16.05224609375
10751984,16.4794921875
10752038,18.06640625
10752048,20.20263671875
10752138,17.88330078125
10752162,17.02880859375
10752258,16.4794921875
10752373,16.4794921875
10759984,20.263671875
10760073,17.02880859375
10760259,16.11328125
10760344,16.90673828125
10760645,18.4326171875
10760802,16.2353515625
10769390,16.17431640625
10769453,17.333984375
10769522,20.1416015625
10769542,16.4794921875
10769712,16.6015625
10779668,15.93017578125
10779702,16.6015625
10779774,15.9912109375
10779802,21.1181640625
10779848,16.90673828125
10779912,17.51708984375
10780089,17.7001953125
10780324,19.34814453125
10790657,18.61572265625
10790694,17.76123046875
10790709,25.20751953125
10790775,22.52197265625
10790804,16.7236328125
10791053,23.37646484375
10791286,15.869140625
10801240,15.9912109375
10801259,18.00537109375
10801272,17.822265625
10801284,22.27783203125
10801312,15.9912109375
10801342,16.05224609375
10801366,17.27294921875
10801403,18.9208984375
10801445,16.2353515625
10801527,17.333984375
10802265,16.2353515625
10813251,18.06640625
10813262,16.41845703125
10813328,19.10400390625
10813550,16.66259765625
10826085,16.90673828125
10826180,24.169921875
10826204,16.6015625
10826359,18.98193359375
10826565,16.2353515625
10826867,19.1650390625
10841418,23.193359375
10841463,16.05224609375
10841502,19.1650390625
10841547,17.822265625
10841650,16.29638671875
10841868,21.42333984375
10842102,16.845703125
10842289,15.869140625
10858816,16.2353515625
10858833,22.5830078125
10858855,22.705078125
10858900,20.93505859375
10858924,16.78466796875
10858961,16.90673828125
10858988,19.22607421875
10859153,16.11328125
10859263,19.6533203125
10859347,16.845703125
10859613,20.93505859375
10859883,16.2353515625
10928237,16.11328125
10963240,22.94921875
10963762,21.8505859375
10964095,17.39501953125
11024368,16.66259765625
11024661,17.02880859375
11024871,16.17431640625
11024936,16.78466796875
11025084,15.869140625
11025220,15.93017578125
11025579,18.1884765625
11065551,17.02880859375
11066008,18.12744140625
11066036,21.6064453125
11066240,15.9912109375
11102121,17.15087890625
11102146,19.10400390625
11102296,17.2119140625
11102326,16.7236328125
11102384,18.61572265625
11102399,18.4326171875
11102566,16.17431640625
11103305,17.51708984375
11109058,15.869140625
11110122,15.9912109375
11155459,21.8505859375
11155657,16.17431640625
11155883,15.93017578125
11155914,18.49365234375
11160631,19.8974609375
11160688,20.751953125
11161101,16.90673828125
11161292,17.27294921875
11207962,16.54052734375
11208043,18.73779296875
11208063,17.02880859375
11208517,15.93017578125
11208588,16.78466796875
11214867,16.29638671875
11255305,16.357421875
11255326,20.8740234375
11255336,24.10888671875
11255548,16.05224609375
11255763,17.51708984375
11255831,16.90673828125
11255876,16.54052734375
11255908,19.04296875
11256423,16.9677734375
11294684,21.54541015625
11294705,17.822265625
11294781,17.4560546875
11294794,17.15087890625
11294934,18.61572265625
11294991,17.08984375
11295040,16.90673828125
11295305,17.333984375
11295443,19.22607421875
11296996,15.80810546875
11300320,18.61572265625
11300456,16.17431640625
11300580,21.05712890625
11302292,18.00537109375
11322864,16.6015625
11322928,16.2353515625
11322955,19.04296875
11323006,20.1416015625
11323036,18.98193359375
11323127,18.12744140625
11328440,17.51708984375
11328461,18.00537109375
11328478,15.9912109375
11328498,20.56884765625
11329007,16.78466796875
11330354,16.845703125
11352678,17.88330078125
11352771,17.2119140625
11352899,17.39501953125
11352975,16.17431640625
11353043,17.08984375
11386859,20.1416015625
11387110,23.13232421875
11387232,16.90673828125
11393199,17.02880859375
11393426,16.11328125
11394396,17.4560546875
11395455,15.9912109375
11438238,19.95849609375
11438435,17.08984375
11438509,16.357421875
11438669,20.01953125
11468507,18.06640625
11468599,18.85986328125
11468702,16.78466796875
11468814,17.51708984375
11468909,19.53125
11469051,15.869140625
11469109,18.9208984375
11501164,16.54052734375
11501202,15.93017578125
11501529,15.869140625
11501590,15.80810546875
11501613,33.0810546875
11501713,16.11328125
11539718,18.00537109375
11539788,17.4560546875
11539905,19.47021484375
11540113,16.9677734375
11540157,21.42333984375
11540187,19.4091796875
11540288,18.49365234375
11573723,16.7236328125
11574079,18.5546875
11574159,22.0947265625
11574190,21.91162109375
11574213,20.99609375
11574237,20.1416015625
11574257,16.66259765625
11574298,16.11328125
11574425,17.02880859375
11606770,15.869140625
11607145,22.3388671875
11607216,18.24951171875
11607242,20.81298828125
11607284,19.1650390625
11607306,18.00537109375
11607322,18.6767578125
11627040,16.11328125
11627140,17.08984375
11627154,16.4794921875
11627242,16.17431640625
11627275,15.869140625
11627351,19.8974609375
11627387,19.04296875
11627418,17.27294921875
11627466,18.00537109375
11645720,18.98193359375
11645918,19.8974609375
11645975,24.5361328125
11646009,16.2353515625
11646040,16.90673828125
11646106,17.15087890625
11646127,18.798828125
11690821,20.8740234375
11691278,16.54052734375
11691293,28.1982421875
11691364,21.17919921875
11691408,17.51708984375
11691425,20.751953125
11691460,16.41845703125
11691474,18.9208984375
11691507,16.66259765625
11727505,16.78466796875
11727558,16.05224609375
11727633,15.93017578125
11727653,16.4794921875
11727699,17.63916015625
11727788,17.9443359375
11727816,19.287109375
11727826,16.17431640625
11727848,18.85986328125
11727876,17.39501953125
11727890,20.69091796875
11727987,23.0712890625
11728060,16.54052734375
11767300,19.775390625
11767467,18.310546875
11767599,20.1416015625
11767623,21.42333984375
11767656,20.263671875
11767674,16.4794921875
11767787,16.66259765625
11767821,27.7099609375
11767883,16.357421875
11767932,15.80810546875
11803319,22.52197265625
11803365,16.4794921875
11803513,21.6064453125
11803543,19.10400390625
11803571,16.66259765625
11803597,21.42333984375
11803611,15.93017578125
11803658,18.310546875
11803668,22.0947265625
11803741,18.24951171875
11803772,16.2353515625
11803790,33.203125
11803819,15.93017578125
11842184,17.15087890625
11842235,17.822265625
11842316,18.06640625
11842438,16.66259765625
11842454,16.4794921875
11842490,18.73779296875
11842536,19.53125
11842571,22.03369140625
11842590,30.76171875
11842608,19.1650390625
11842630,16.41845703125
11842647,26.67236328125
11842665,17.7001953125
11842719,16.4794921875
11877369,23.01025390625
11877431,20.32470703125
11877576,17.02880859375
11877660,18.06640625
11877671,18.1884765625
11877692,17.4560546875
11877709,16.54052734375
11877740,37.59765625
11877768,17.51708984375
11877791,16.54052734375
11877819,25.08544921875
11877836,25.69580078125
11877852,16.78466796875
11877870,17.333984375
11877915,27.16064453125
11877929,23.74267578125
11877952,18.6767578125
11878014,16.4794921875
11915533,18.9208984375
11915559,16.357421875
11915596,17.51708984375
11915619,19.1650390625
11915650,15.93017578125
11915723,16.11328125
11915764,16.845703125
11915782,19.10400390625
11915847,28.80859375
11915867,15.93017578125
11915913,17.02880859375
11915945,34.11865234375
11915963,25.390625
11915981,17.9443359375
11915997,21.97265625
11916020,17.2119140625
11916034,21.30126953125
11916072,18.73779296875
11941015,16.4794921875
11941038,16.357421875
11941156,22.76611328125
11941193,17.15087890625
11941232,24.35302734375
11941297,17.578125
11941325,16.05224609375
11941369,16.7236328125
11941380,16.357421875
11941454,18.98193359375
11941472,28.99169921875
11941487,20.20263671875
11941502,16.357421875
11941522,16.845703125
11941564,30.09033203125
11941613,19.775390625
11980508,17.15087890625
11980519,25.2685546875
11980748,16.7236328125
11980834,29.9072265625
11980892,18.00537109375
11980923,16.4794921875
11980942,25.0244140625
11980960,16.90673828125
11980993,29.96826171875
11981010,15.93017578125
11981045,22.4609375
11981068,26.91650390625
11981104,20.1416015625
11981155,17.4560546875
12021810,23.25439453125
12021896,21.728515625
12021935,17.02880859375
12021997,17.39501953125
12022131,19.10400390625
12022186,20.32470703125
12022241,16.41845703125
12022254,20.8740234375
12022275,24.0478515625
12022304,28.1982421875
12022327,18.310546875
12022341,18.00537109375
12022378,24.7802734375
12022434,16.2353515625
12022474,23.98681640625
12051344,16.29638671875
12051371,21.484375
12051421,18.24951171875
12051524,17.2119140625
12051554,22.216796875
12051596,21.42333984375
12051671,23.86474609375
12051704,15.9912109375
12051738,16.9677734375
12051763,17.9443359375
12051783,24.90234375
12051802,20.751953125
12051877,31.31103515625
12089767,17.7001953125
12089814,16.90673828125
12089875,17.333984375
12089915,21.17919921875
12090009,19.8974609375
12090092,15.93017578125
12090114,20.1416015625
12090160,20.81298828125
12090211,20.81298828125
12090263,25.0244140625
12090291,16.11328125
12122990,16.90673828125
12123073,16.66259765625
12123118,16.7236328125
12123154,19.04296875
12123322,16.05224609375
12123338,17.27294921875
12123409,16.29638671875
12123447,16.4794921875
12123491,16.2353515625
12123538,17.39501953125
12123557,16.54052734375
12161345,18.37158203125
12161475,21.3623046875
12161679,19.47021484375
12161707,21.42333984375
12161758,15.869140625
12161810,17.39501953125
12161881,21.42333984375
12162037,21.78955078125
12195624,18.00537109375
12195654,16.6015625
12195692,17.15087890625
12195729,17.02880859375
12195786,21.6064453125
12195876,20.8740234375
12195972,16.78466796875
12195990,20.32470703125
12196103,17.88330078125
12196151,17.88330078125
12225728,17.51708984375
12225756,17.63916015625
12225922,15.869140625
12226131,16.845703125
12226276,16.90673828125
12249668,16.845703125
12257701,16.05224609375
12257721,15.869140625
12257756,16.4794921875
12257792,16.17431640625
12257824,15.9912109375
12257867,22.4609375
12257951,17.15087890625
12286908,17.333984375
12286981,18.5546875
12287050,20.8740234375
12287085,18.5546875
12287110,16.11328125
12287146,18.61572265625
12287215,17.2119140625
12287286,17.7001953125
12287357,17.333984375
12319630,21.42333984375
12319684,19.6533203125
12319712,18.06640625
12319726,18.6767578125
12319779,17.88330078125
12319916,18.98193359375
12320006,21.30126953125
12320139,15.93017578125
12346136,15.869140625
12346194,16.41845703125
12346383,17.2119140625
12346470,19.04296875
12348662,16.6015625
12350839,16.7236328125
12351959,17.88330078125
12352990,15.9912109375
12368598,19.59228515625
12368634,16.11328125
12368697,17.63916015625
12368785,24.23095703125
12368820,18.4326171875
12391469,17.88330078125
12391549,23.4375
12391577,17.08984375
12391629,19.53125
12391655,19.34814453125
12391678,28.99169921875
12397699,17.08984375
12397757,26.85546875
12397816,21.97265625
12397833,23.92578125
12397877,17.27294921875
12397928,21.66748046875
12398014,18.4326171875
12398220,16.11328125
12398556,18.61572265625
12406279,17.15087890625
12406321,21.30126953125
12406335,18.37158203125
12406411,27.52685546875
12406421,17.51708984375
12406486,21.1181640625
12406506,16.17431640625
12406630,17.9443359375
12414598,15.9912109375
12414633,18.61572265625
12414671,20.32470703125
12414696,17.333984375
12414706,22.88818359375
12414793,17.08984375
12414812,17.15087890625
12422932,16.78466796875
12422966,19.53125
12422990,20.8740234375
12423011,16.4794921875
12423046,17.822265625
12423091,18.5546875
12423114,17.76123046875
12423613,15.80810546875
12430924,20.263671875
12430958,26.9775390625
12430974,19.6533203125
12431053,17.4560546875
12439068,16.9677734375
12439103,20.56884765625
12439124,15.80810546875
12439145,19.34814453125
12439180,25.08544921875
12439198,17.822265625
12439257,15.869140625
12439267,23.681640625
12439435,16.2353515625
12447982,17.2119140625
12448041,26.30615234375
12448069,16.90673828125
12448123,26.4892578125
12448159,16.2353515625
12448314,16.357421875
12456277,21.1181640625
12456295,18.1884765625
12456315,24.169921875
12456327,16.78466796875
12456374,18.5546875
12456443,20.01953125
12456500,15.93017578125
12464589,22.39990234375
12464617,17.9443359375
12464667,20.81298828125
12464728,15.80810546875
12464753,19.4091796875
12464813,19.04296875
12472979,16.54052734375
12472999,18.00537109375
12473039,18.49365234375
12473073,19.47021484375
12473143,18.61572265625
12473159,17.02880859375
12473192,17.27294921875
12473268,18.37158203125
12483716,16.90673828125
12483751,28.38134765625
12483763,17.51708984375
12483788,16.41845703125
12483857,20.93505859375
12483879,15.9912109375
12483915,19.47021484375
12483934,18.9208984375
12497185,18.9208984375
12497226,17.822265625
12497283,17.51708984375
12497373,16.90673828125
12497564,17.15087890625
12508962,20.01953125
12508990,19.22607421875
12509036,27.34375
12509076,18.4326171875
12509141,19.47021484375
12531135,15.9912109375
12531149,16.4794921875
12531172,18.6767578125
12531182,20.44677734375
12531238,15.869140625
12531263,17.2119140625
12531386,16.6015625
12601409,19.04296875
12601878,17.9443359375
12601931,19.95849609375
12601953,17.08984375
12601978,21.240234375
12602008,16.41845703125
12602043,18.73779296875
12646416,18.85986328125
12646572,16.17431640625
12646582,27.77099609375
12646645,17.333984375
12664417,16.357421875
12664549,19.4091796875
12664568,23.13232421875
12664584,16.357421875
12664638,20.93505859375
12664652,18.6767578125
12664690,20.751953125
12664739,19.4091796875
12711930,17.578125
12712004,17.63916015625
12712311,17.333984375
12712439,18.85986328125
12712459,18.24951171875
12712496,16.9677734375
12712534,16.17431640625
12734461,17.2119140625
12751241,16.05224609375
12751420,17.08984375
12751467,17.39501953125
12751548,17.39501953125
12785802,16.66259765625
12785822,16.2353515625
12785872,24.59716796875
12786237,17.578125
12786336,19.71435546875
12786394,16.17431640625
12822252,15.93017578125
12822398,16.7236328125
12822556,20.32470703125
12822702,16.90673828125
12855878,15.80810546875
12856013,21.05712890625
12856278,16.41845703125
12856334,17.08984375
12856396,21.1181640625
12856424,16.90673828125
12856442,18.49365234375
12895950,17.63916015625
12896057,23.193359375
12896094,20.3857421875
12896169,17.02880859375
12896219,16.357421875
12896250,20.20263671875
12896263,16.11328125
12896316,16.78466796875
12896365,17.02880859375
12934581,16.9677734375
12934645,18.24951171875
12934687,17.2119140625
12971453,16.05224609375
12971514,18.61572265625
12971959,15.869140625
12972009,21.240234375
12972045,19.8974609375
12972079,17.4560546875
12972133,18.00537109375
13008737,17.15087890625
13008934,20.81298828125
13009035,15.93017578125
13009081,18.310546875
13009144,23.0712890625
13009186,17.333984375
13009215,17.7001953125
13009276,16.11328125
13047011,15.93017578125
13047069,16.7236328125
13047193,18.310546875
13047400,16.357421875
13047458,16.4794921875
13047488,18.798828125
13047522,19.4091796875
13070611,16.66259765625
13070914,18.73779296875
13071165,21.05712890625
13071224,17.15087890625
13071239,17.51708984375
13108505,16.05224609375
13108521,16.2353515625
13108842,17.88330078125
13108857,27.2216796875
13108897,15.93017578125
13108926,19.59228515625
13108963,20.20263671875
13140732,15.93017578125
13140744,18.1884765625
13140785,16.05224609375
13140905,18.6767578125
13141027,15.9912109375
13141106,17.7001953125
13141127,18.1884765625
13141185,20.20263671875
13174563,15.869140625
13174627,20.6298828125
13174683,19.53125
13174881,21.30126953125
13174934,18.49365234375
13174957,15.80810546875
13175014,23.92578125
13175054,17.76123046875
13205704,15.9912109375
13205740,16.11328125
13205776,16.41845703125
13205801,25.2685546875
13205885,15.9912109375
13205940,15.9912109375
13206005,17.27294921875
13206046,17.39501953125
13206058,16.54052734375
13206158,17.333984375
13206242,17.63916015625
13242256,17.39501953125
13242345,15.80810546875
13242408,19.22607421875
13242499,16.41845703125
13242516,21.54541015625
13242526,15.93017578125
13242601,19.04296875
13242659,15.869140625
13276076,16.17431640625
13276563,17.76123046875
13276589,17.4560546875
13276642,17.578125
13276679,19.1650390625
13276721,16.05224609375
13276748,18.4326171875
13305608,20.32470703125
13305675,16.11328125
13305764,20.93505859375
13305968,17.27294921875
13305982,18.49365234375
13306002,16.7236328125
13306027,15.9912109375
13339007,17.27294921875
13339096,15.9912109375
13339108,20.5078125
13339188,16.05224609375
13339211,18.98193359375
13339272,18.37158203125
13339302,19.34814453125
13339399,15.93017578125
13372059,15.9912109375
13372193,17.2119140625
13372278,20.20263671875
13372294,18.37158203125
13372528,17.333984375
13372544,16.845703125
13401397,21.484375
13401648,19.47021484375
13401727,25.634765625
13401791,23.3154296875
13401891,17.333984375
13401911,16.2353515625
13437301,15.80810546875
13437358,16.6015625
13437500,17.08984375
13437539,16.6015625
13437610,15.9912109375
13437638,17.27294921875
13437682,16.29638671875
13437696,19.71435546875
13437716,16.29638671875
13437797,16.78466796875
13462737,15.93017578125
13462889,18.00537109375
13463061,18.37158203125
13463170,19.04296875
13463199,15.80810546875
13498666,15.93017578125
13498755,18.12744140625
13498819,20.3857421875
13498856,24.90234375
13498972,17.08984375
13498993,17.15087890625
13529895,17.63916015625
13530049,15.9912109375
13530102,16.11328125
13530312,15.9912109375
13530328,18.06640625
13530378,16.2353515625
13557175,17.4560546875
13557186,16.357421875
13557315,17.333984375
13557355,20.69091796875
13557458,22.76611328125
13557545,16.41845703125
13557588,16.78466796875
13557626,17.39501953125
13557698,17.822265625
13588196,19.4091796875
13588222,18.1884765625
13588458,17.27294921875
13588480,15.80810546875
13616708,22.15576171875
13616721,19.71435546875
13616777,17.51708984375
13616795,19.34814453125
13616821,17.578125
13616866,16.845703125
13616896,17.88330078125
13616929,15.869140625
13616985,17.02880859375
13617098,18.4326171875
13617128,17.4560546875
13646914,16.17431640625
13646937,16.4794921875
13646982,17.27294921875
13647036,17.27294921875
13647138,19.71435546875
13647177,18.798828125
13647246,17.822265625
13647276,18.73779296875
13647323,16.29638671875
13677443,18.9208984375
13677468,20.5078125
13677479,19.53125
13677526,17.51708984375
13677538,20.93505859375
13677560,23.5595703125
13677615,17.822265625
13677638,16.78466796875
13677668,16.9677734375
13677708,26.55029296875
13677748,15.93017578125
13677788,24.90234375
13677798,18.310546875
13693779,17.578125
13693813,18.4326171875
13693824,20.8740234375
13693840,21.1181640625
13693930,16.11328125
13693975,16.05224609375
13693993,18.9208984375
13694048,18.00537109375
13694084,15.80810546875
13694111,25.93994140625
13694139,16.78466796875
13729691,16.05224609375
13729753,18.00537109375
13729782,19.95849609375
13729809,15.869140625
13729825,22.39990234375
13729841,18.9208984375
13729856,18.73779296875
13729887,29.47998046875
13729933,23.01025390625
13729963,24.10888671875
13730010,18.9208984375
13758985,18.85986328125
13758996,24.0478515625
13759028,19.34814453125
13759050,28.80859375
13759071,19.71435546875
13759092,22.15576171875
13759110,28.076171875
13759135,20.93505859375
13759149,18.9208984375
13759164,16.6015625
13759238,23.5595703125
13759269,17.333984375
13759280,16.54052734375
13759324,17.7001953125
13786945,23.25439453125
13786959,19.8974609375
13786983,24.5361328125
13787010,43.64013671875
13787039,23.74267578125
13787081,23.4375
13787112,23.92578125
13787143,25.57373046875
13787172,24.47509765625
13787189,15.80810546875
13787280,19.6533203125
13787356,17.39501953125
13787397,18.06640625
13812677,21.1181640625
13812692,22.27783203125
13812713,17.7001953125
13812749,36.0107421875
13812774,26.0009765625
13812784,18.24951171875
13812805,17.08984375
13812825,22.52197265625
13812853,18.12744140625
13812881,21.240234375
13812971,17.7001953125
13813005,16.29638671875
13840812,16.845703125
13840850,29.4189453125
13840861,16.11328125
13840892,20.56884765625
13840917,21.97265625
13840955,23.3154296875
13840970,21.30126953125
13841012,16.90673828125
13841026,16.05224609375
13841179,19.53125
13841368,21.3623046875
13869696,16.2353515625
13878929,18.24951171875
13878944,17.9443359375
13878968,16.2353515625
13878999,22.27783203125
13879027,20.263671875
13879038,17.88330078125
13879062,17.7001953125
13879128,23.86474609375
13879142,24.2919921875
13879164,18.37158203125
13879177,21.8505859375
13879200,17.9443359375
13879211,18.9208984375
13879255,16.78466796875
13879266,19.04296875
13879300,16.54052734375
13879366,18.73779296875
13924757,22.15576171875
13924777,15.9912109375
13924821,18.9208984375
13924848,21.484375
13924903,18.06640625
13924940,23.49853515625
13924980,15.9912109375
13925004,27.52685546875
13925019,16.357421875
13925057,16.54052734375
13925082,16.357421875
13925097,20.44677734375
13925120,15.869140625
13925141,23.92578125
13969375,15.80810546875
13969400,16.78466796875
13969447,17.63916015625
13969505,16.54052734375
13969524,30.21240234375
13969539,25.08544921875
13969587,17.76123046875
13969610,21.484375
13969666,17.2119140625
13969677,16.78466796875
13969710,16.357421875
13969779,18.1884765625
14014567,15.9912109375
14014627,18.24951171875
14014656,17.76123046875
14014678,19.04296875
14014711,19.775390625
14014743,17.39501953125
14014768,22.8271484375
14014819,18.6767578125
14014849,29.47998046875
14014869,17.51708984375
14014894,17.39501953125
14014985,21.8505859375
14014999,19.71435546875
14015051,16.05224609375
14015064,17.7001953125
14015100,17.88330078125
14015124,16.41845703125
14045452,16.05224609375
14059629,16.90673828125
14059675,18.310546875
14059717,21.8505859375
14059728,15.80810546875
14059764,17.15087890625
14059806,19.287109375
14059855,18.1884765625
14059867,17.88330078125
14059898,18.4326171875
14059933,15.93017578125
14059978,27.4658203125
14060008,17.9443359375
14060052,28.62548828125
14060102,19.95849609375
14081934,16.4794921875
14082030,20.751953125
14082059,15.80810546875
14082105,17.4560546875
14082117,16.54052734375
14082138,18.6767578125
14082197,17.51708984375
14082217,18.12744140625
14082271,20.08056640625
14082316,27.64892578125
14082357,16.357421875
14082370,26.3671875
14082428,21.42333984375
14082450,17.88330078125
14082460,20.08056640625
14082517,24.47509765625
14082574,17.76123046875
14082622,16.845703125
14082702,15.869140625
14140760,16.4794921875
14140797,16.2353515625
14140894,16.66259765625
14140963,22.15576171875
14140985,17.4560546875
14141044,18.85986328125
14141060,20.81298828125
14141104,27.89306640625
14141126,17.51708984375
14141150,16.4794921875
14141181,17.2119140625
14141207,23.49853515625
14141228,21.484375
14141251,17.15087890625
14141289,17.822265625
14141361,16.7236328125
14186478,20.3857421875
14186589,18.98193359375
14186610,16.05224609375
14186645,23.8037109375
14186668,19.04296875
14186681,21.728515625
14186747,26.7333984375
14186771,19.775390625
14186839,18.12744140625
14186857,22.88818359375
14186875,16.357421875
14186907,16.7236328125
14186937,17.51708984375
14234662,15.9912109375
14234753,30.3955078125
14234809,22.15576171875
14234861,19.22607421875
14234890,26.06201171875
14234916,17.4560546875
14234954,27.16064453125
14235004,18.73779296875
14235027,20.1416015625
14235050,22.76611328125
14235133,20.751953125
14281376,19.1650390625
14281424,21.97265625
14281496,17.88330078125
14281509,16.7236328125
14281542,17.7001953125
14281601,20.20263671875
14281633,27.099609375
14281680,21.8505859375
14281690,21.484375
14281731,20.93505859375
14281782,21.6064453125
14281814,17.4560546875
14326023,16.11328125
14326139,16.2353515625
14326180,15.93017578125
14326242,27.099609375
14326276,16.4794921875
14326322,17.39501953125
14326344,17.63916015625
14326365,22.94921875
14326412,19.47021484375
14326434,22.64404296875
14363293,20.81298828125
14363331,17.02880859375
14363356,16.41845703125
14363412,21.240234375
14363508,21.484375
14363519,17.822265625
14363559,26.91650390625
14363569,21.97265625
14363613,16.29638671875
14363647,16.29638671875
14363669,18.61572265625
14363853,20.6298828125
