14389000,0
94626,14.46533203125
94887,14.70947265625
95025,15.380859375
95065,25.08544921875
95075,30.029296875
95111,23.0712890625
95124,15.80810546875
95145,26.4892578125
95214,24.23095703125
95280,19.71435546875
95399,15.0146484375
96008,31.06689453125
110660,17.4560546875
110759,15.13671875
110861,15.56396484375
110894,14.7705078125
110917,15.68603515625
111142,17.76123046875
111189,28.076171875
111471,27.4658203125
122188,16.7236328125
122200,21.97265625
122254,20.44677734375
122282,17.63916015625
122371,15.625
122404,19.10400390625
122446,26.18408203125
122485,15.625
122523,17.39501953125
122549,16.7236328125
122595,28.74755859375
122641,20.1416015625
122687,23.13232421875
189193,16.17431640625
199535,17.2119140625
199655,18.9208984375
199693,20.6298828125
199712,27.03857421875
199730,22.27783203125
199802,21.3623046875
199853,28.25927734375
199914,23.92578125
199925,16.4794921875
199986,25.93994140625
200000,17.15087890625
200252,33.75244140625
220407,18.4326171875
220449,14.5263671875
220475,15.380859375
220673,16.7236328125
220761,23.193359375
220797,32.1044921875
220808,20.1416015625
220852,19.775390625
220865,19.47021484375
220911,14.58740234375
220930,23.25439453125
220993,30.517578125
221044,28.25927734375
293828,15.2587890625
294066,15.13671875
294140,20.32470703125
294480,33.14208984375
294647,31.43310546875
362626,15.68603515625
362663,22.39990234375
362683,30.517578125
362705,25.20751953125
362744,43.02978515625
362791,34.0576171875
362896,18.6767578125
362958,17.578125
362987,33.63037109375
363617,24.90234375
415077,18.798828125
415166,16.66259765625
415199,18.798828125
415245,16.66259765625
415371,15.9912109375
415445,21.54541015625
415463,19.775390625
415486,19.4091796875
415527,15.625
415544,29.541015625
415614,30.33447265625
416014,33.203125
442513,16.66259765625
442540,15.19775390625
442560,16.54052734375
442585,15.93017578125
442607,26.85546875
442639,16.845703125
442814,34.423828125
442890,28.6865234375
443091,24.23095703125
470225,14.5263671875
470271,15.9912109375
470313,14.83154296875
470348,15.80810546875
470369,38.02490234375
470392,15.5029296875
470441,26.9775390625
470469,20.32470703125
470491,28.62548828125
470536,25.81787109375
470629,32.53173828125
502304,16.357421875
502335,17.578125
502385,20.56884765625
502436,21.8505859375
502583,14.6484375
502615,19.53125
502636,23.3154296875
502743,29.84619140625
502794,32.1044921875
562254,16.41845703125
562390,15.80810546875
562426,16.17431640625
562461,15.625
562607,14.5263671875
562655,14.892578125
562731,31.005859375
566008,15.68603515625
566069,17.7001953125
566685,35.21728515625
567670,15.13671875
568198,14.46533203125
568358,16.17431640625
569110,16.05224609375
570100,14.58740234375
570286,15.13671875
571980,15.7470703125
572219,14.6484375
572927,15.2587890625
573114,14.46533203125
573373,19.1650390625
575905,16.11328125
575960,15.625
576109,18.24951171875
578800,14.7705078125
578829,14.7705078125
583792,17.08984375
583834,15.7470703125
587421,15.19775390625
587439,14.7705078125
587493,17.2119140625
587648,27.9541015625
587832,14.70947265625
590119,16.9677734375
590152,15.869140625
590182,17.02880859375
590220,15.625
590295,14.5263671875
590411,28.9306640625
590545,14.6484375
593712,15.31982421875
593817,16.357421875
593836,15.5029296875
593937,18.00537109375
596468,15.5029296875
596499,16.2353515625
596566,16.29638671875
598673,17.02880859375
602553,15.0146484375
602757,28.86962890625
605669,14.70947265625
605708,14.58740234375
605742,15.625
605759,16.11328125
605858,17.2119140625
606041,27.9541015625
608194,16.66259765625
608462,34.36279296875
609083,15.68603515625
609262,14.7705078125
609716,15.13671875
611215,15.2587890625
611324,14.95361328125
614138,15.0146484375
616909,14.46533203125
617049,15.56396484375
617892,14.70947265625
617952,15.2587890625
621428,16.90673828125
621511,14.5263671875
623770,15.13671875
624063,15.869140625
627831,15.56396484375
627869,16.845703125
629650,14.46533203125
632163,16.05224609375
632276,14.7705078125
636813,15.56396484375
638665,16.357421875
638736,17.4560546875
641786,14.70947265625
643513,15.19775390625
650147,14.5263671875
650331,29.1748046875
654540,17.9443359375
654890,15.2587890625
661959,15.07568359375
666580,14.46533203125
671707,15.7470703125
671763,17.15087890625
675612,17.02880859375
676446,15.19775390625
680999,15.19775390625
681079,15.80810546875
681103,18.9208984375
682201,14.5263671875
682280,14.70947265625
683785,14.6484375
683801,15.07568359375
683867,15.44189453125
684244,33.50830078125
689559,16.66259765625
689580,17.63916015625
689634,14.58740234375
690181,17.15087890625
690271,16.29638671875
690366,19.8974609375
695481,14.46533203125
695529,14.70947265625
696026,15.44189453125
702265,14.5263671875
702352,18.12744140625
704615,15.13671875
705449,17.02880859375
711451,22.5830078125
716732,15.56396484375
716753,15.44189453125
723201,17.333984375
723240,14.892578125
724006,16.78466796875
727657,15.31982421875
727679,15.07568359375
727711,14.892578125
727939,14.892578125
729080,15.80810546875
735038,15.07568359375
735100,23.0712890625
735222,28.564453125
735462,14.70947265625
744365,14.892578125
744441,16.29638671875
745797,14.7705078125
756807,14.6484375
756897,15.44189453125
757911,15.31982421875
758070,16.4794921875
768428,19.775390625
768774,16.4794921875
768831,26.67236328125
769024,15.0146484375
770452,16.4794921875
774610,15.56396484375
784117,15.13671875
784192,15.5029296875
784247,17.08984375
793563,17.333984375
793608,16.11328125
807724,14.46533203125
807763,15.0146484375
807800,15.380859375
807842,17.88330078125
821915,14.6484375
821954,14.58740234375
822269,14.70947265625
823197,15.31982421875
823236,14.58740234375
825744,19.10400390625
825797,29.9072265625
826252,14.95361328125
849202,18.24951171875
849235,18.49365234375
849284,19.71435546875
849333,15.44189453125
849358,15.19775390625
849540,14.95361328125
849704,14.58740234375
852005,15.31982421875
853252,15.44189453125
854039,14.46533203125
870369,15.31982421875
870403,16.9677734375
870431,17.76123046875
870486,15.07568359375
870517,14.6484375
870815,26.55029296875
870956,15.31982421875
871251,14.7705078125
871825,16.357421875
872063,15.31982421875
1035015,16.11328125
1035227,15.80810546875
1035885,14.5263671875
1036205,14.95361328125
1036426,17.15087890625
1036517,19.53125
1036559,15.2587890625
1036584,36.56005859375
1036667,32.65380859375
1036764,30.94482421875
1089664,16.41845703125
1090107,15.5029296875
1091634,14.6484375
1091654,28.3203125
1091721,16.78466796875
1091774,15.2587890625
1091957,18.1884765625
1092055,22.0947265625
1141774,14.7705078125
1142320,16.17431640625
1142353,17.08984375
1142408,17.2119140625
1142465,14.58740234375
1142516,14.46533203125
1142620,33.69140625
1189842,15.2587890625
1190332,16.11328125
1190479,15.5029296875
1190545,16.9677734375
1190584,17.02880859375
1190668,25.634765625
1190902,26.3671875
1191070,24.59716796875
1196491,15.68603515625
1196530,14.6484375
1197858,15.56396484375
1200599,15.44189453125
1205400,16.9677734375
1210585,18.9208984375
1210863,15.5029296875
1211130,16.9677734375
1211645,35.09521484375
1212708,15.2587890625
1290511,15.93017578125
1290611,15.07568359375
1290637,16.54052734375
1290675,15.07568359375
1291013,15.13671875
1291097,14.892578125
1291159,15.0146484375
1291419,25.20751953125
1296701,21.1181640625
1300818,14.5263671875
1302214,15.2587890625
1304826,15.44189453125
1305472,15.9912109375
1305590,15.2587890625
1400708,15.80810546875
1400806,15.5029296875
1400825,21.728515625
1400879,16.2353515625
1400896,29.1748046875
1400924,29.9072265625
1400959,21.3623046875
1400970,24.59716796875
1401007,24.7802734375
1401050,15.380859375
1401141,23.8037109375
1401156,16.78466796875
1401189,24.0478515625
1401420,26.7333984375
1415520,14.6484375
1415587,27.64892578125
1415624,21.42333984375
1415656,16.66259765625
1415674,18.61572265625
1415766,32.5927734375
1415810,32.2265625
1415893,14.83154296875
1415904,21.17919921875
1415948,29.9072265625
1415971,17.51708984375
1416070,32.16552734375
1416104,14.892578125
1416197,15.80810546875
1416256,25.81787109375
1416267,18.6767578125
1416356,23.92578125
1416465,21.91162109375
1431730,15.5029296875
1431799,15.44189453125
1434067,15.19775390625
1434190,15.625
1567199,15.68603515625
1582077,19.59228515625
1583486,15.80810546875
1583531,15.380859375
1583674,14.7705078125
1584430,19.10400390625
1584747,14.58740234375
1584921,15.07568359375
1586124,17.7001953125
1586259,17.76123046875
1586328,16.90673828125
1586417,14.83154296875
1586432,15.5029296875
1586511,27.77099609375
1586835,28.13720703125
1586989,26.3671875
1587152,29.60205078125
1587213,26.42822265625
1587403,28.4423828125
1587472,25.08544921875
1587590,27.77099609375
1587665,31.005859375
1588026,25.2685546875
1588214,33.3251953125
1588362,24.96337890625
1588470,27.28271484375
1588648,36.92626953125
1588802,31.1279296875
1588945,30.70068359375
1589086,26.85546875
1589132,32.470703125
1589268,31.79931640625
1589356,27.89306640625
1589542,26.9775390625
1589708,22.216796875
1590177,30.3955078125
1590276,14.46533203125
1590388,24.2919921875
1590527,28.74755859375
1590596,20.99609375
1590694,19.4091796875
1591016,31.494140625
1591160,32.71484375
1591272,30.029296875
1591427,27.03857421875
1591576,20.6298828125
1591958,28.80859375
1592056,30.21240234375
1592190,28.9306640625
1592383,25.390625
1592793,30.57861328125
1592897,33.14208984375
1593209,26.42822265625
1593577,26.55029296875
1593762,29.052734375
1593911,24.7802734375
1594152,22.27783203125
1594470,33.50830078125
1594655,29.60205078125
1594782,25.0244140625
1595046,24.169921875
1595438,35.70556640625
1595595,31.73828125
1595702,15.93017578125
1595809,16.7236328125
1595982,15.44189453125
1596262,27.099609375
1596496,31.1279296875
1597191,32.8369140625
1597248,31.92138671875
1599102,14.70947265625
1599179,14.83154296875
1599216,14.46533203125
1599281,15.07568359375
1604150,15.13671875
1628343,21.54541015625
1628354,15.0146484375
1628367,15.07568359375
1628407,16.66259765625
1628432,18.73779296875
1628451,16.90673828125
1628475,32.40966796875
1628624,22.64404296875
1632320,15.68603515625
1632826,32.958984375
1633167,34.423828125
1712564,14.5263671875
1726922,15.07568359375
1726969,14.46533203125
1727182,16.17431640625
1727507,17.2119140625
1727592,31.31103515625
1727672,24.2919921875
1754265,14.892578125
1754506,16.4794921875
1754591,20.44677734375
1754627,14.83154296875
1754693,17.51708984375
1754734,15.07568359375
1754781,35.7666015625
1754873,26.06201171875
1801336,15.869140625
1801464,14.95361328125
1801551,15.0146484375
1801774,18.6767578125
1801830,14.6484375
1801862,15.68603515625
1801911,21.05712890625
1802124,23.49853515625
1802608,14.6484375
1848102,14.892578125
1848148,15.625
1848616,19.10400390625
1848683,18.85986328125
1848940,17.9443359375
1852211,15.7470703125
1852255,14.70947265625
1852455,23.01025390625
1852760,16.11328125
1852772,16.78466796875
1852912,17.39501953125
1853112,14.6484375
1853650,14.7705078125
1853957,17.9443359375
1857285,15.13671875
1857468,15.625
1857723,28.1982421875
1859165,15.0146484375
1859412,14.95361328125
1859439,19.10400390625
1862341,14.70947265625
1874841,16.2353515625
1875752,14.46533203125
1876440,17.02880859375
1876985,14.7705078125
1877100,14.46533203125
1877552,15.380859375
1883452,17.27294921875
1883699,30.09033203125
1969334,18.61572265625
1969515,16.17431640625
1969806,14.892578125
1970211,26.0009765625
1970629,14.70947265625
1970641,20.3857421875
1970878,14.46533203125
1970913,14.83154296875
1971014,18.06640625
1971070,14.83154296875
1971105,28.13720703125
1971234,26.4892578125
1971386,34.1796875
1975387,16.90673828125
1975564,17.02880859375
1975999,24.10888671875
1981053,15.7470703125
1981063,16.90673828125
1981514,27.16064453125
2025649,15.625
2053185,14.95361328125
2053263,20.93505859375
2053280,15.80810546875
2053299,17.08984375
2053316,28.4423828125
2053342,18.798828125
2053366,19.287109375
2053390,33.0810546875
2053442,30.8837890625
2053453,14.5263671875
2053502,31.982421875
2053526,19.22607421875
2053560,14.58740234375
2053581,34.66796875
2053596,15.2587890625
2059435,35.21728515625
2067060,14.83154296875
2067123,16.2353515625
2067162,16.41845703125
2067193,14.46533203125
2067322,19.6533203125
2067373,48.88916015625
2067402,15.80810546875
2067412,21.8505859375
2067440,21.91162109375
2067462,18.12744140625
2067510,29.60205078125
2067523,14.6484375
2067566,20.3857421875
2067724,30.76171875
2067832,25.2685546875
2083487,20.44677734375
2083537,18.06640625
2083605,16.7236328125
2083620,14.7705078125
2083683,19.10400390625
2083714,27.4658203125
2083745,23.193359375
2083785,21.54541015625
2083805,30.82275390625
2083864,25.08544921875
2083915,34.423828125
2083980,14.892578125
2084014,29.60205078125
2142640,15.31982421875
2142672,16.2353515625
2142883,17.2119140625
2142924,17.63916015625
2142970,25.87890625
2143004,34.912109375
2143024,19.8974609375
2143068,22.27783203125
2143096,25.146484375
2143144,24.7802734375
2143191,25.5126953125
2172616,24.23095703125
2173317,14.7705078125
2173407,16.11328125
2173494,15.56396484375
2173552,17.39501953125
2173602,18.9208984375
2173625,23.01025390625
2173670,21.05712890625
2173689,26.67236328125
2173733,30.09033203125
2173777,20.44677734375
2173792,26.2451171875
2173802,15.869140625
2261533,15.7470703125
2295408,14.46533203125
2296522,15.7470703125
2300206,17.15087890625
2300368,22.76611328125
2300537,15.68603515625
2300577,15.13671875
2300613,30.94482421875
2300669,22.5830078125
2300684,14.7705078125
2300721,28.01513671875
2300793,19.53125
2300929,14.58740234375
2300957,21.78955078125
2342566,17.63916015625
2342605,14.5263671875
2342675,14.7705078125
2342718,21.3623046875
2342760,20.01953125
2342777,21.66748046875
2342847,24.23095703125
2342876,24.84130859375
2342914,32.3486328125
2342981,31.43310546875
2343104,24.2919921875
2414428,14.7705078125
2414728,15.68603515625
2414887,31.43310546875
2450590,15.44189453125
2450608,17.76123046875
2450692,15.13671875
2451054,30.3955078125
2488164,14.58740234375
2488249,15.13671875
2488350,14.6484375
2488378,17.9443359375
2488560,16.29638671875
2488818,22.705078125
2494266,32.2265625
2494744,15.44189453125
2494883,22.216796875
2495013,29.23583984375
2495040,14.6484375
2495097,26.123046875
2495111,18.310546875
2495141,15.80810546875
2495198,16.66259765625
2495221,14.5263671875
2495245,27.52685546875
2495267,29.541015625
2495303,15.0146484375
2495340,31.005859375
2502067,15.13671875
2503276,15.19775390625
2504546,17.39501953125
2505594,17.2119140625
2505852,16.2353515625
2508622,14.70947265625
2509814,14.892578125
2512718,17.51708984375
2512755,16.05224609375
2512787,16.29638671875
2513737,15.13671875
2515487,14.7705078125
2515502,16.7236328125
2518213,15.13671875
2518390,14.95361328125
2522599,14.46533203125
2522659,15.9912109375
2522715,15.07568359375
2525913,17.578125
2525949,15.5029296875
2526024,19.34814453125
2526061,14.95361328125
2526157,15.93017578125
2526359,28.38134765625
2529762,20.32470703125
2529879,16.357421875
2530163,22.0947265625
2532525,17.15087890625
2536626,15.07568359375
2536657,14.83154296875
2536877,15.19775390625
2539182,15.2587890625
2542640,35.09521484375
2545775,19.34814453125
2545852,15.869140625
2545894,16.357421875
2545940,16.05224609375
2546177,24.96337890625
2546404,15.56396484375
2549022,15.5029296875
2549129,14.95361328125
2551823,17.02880859375
2551892,15.380859375
2553495,17.15087890625
2562445,14.6484375
2562471,14.70947265625
2562615,17.2119140625
2564799,14.46533203125
2564863,15.44189453125
2564903,24.84130859375
2564996,14.5263671875
2569635,16.4794921875
2569804,20.751953125
2570866,15.07568359375
2570915,14.5263671875
2575743,15.13671875
2575837,14.95361328125
2576140,31.6162109375
2578329,16.29638671875
2578417,18.9208984375
2578483,19.34814453125
2579412,17.76123046875
2579507,14.70947265625
2579721,14.70947265625
2584177,18.310546875
2584221,14.95361328125
2584258,16.29638671875
2584291,14.6484375
2584326,16.05224609375
2584392,14.7705078125
2590169,16.54052734375
2590225,18.06640625
2591407,15.625
2591773,18.6767578125
2594593,15.2587890625
2594791,23.01025390625
2594879,15.7470703125
2595799,14.7705078125
2595813,18.49365234375
2600490,15.13671875
2600547,18.9208984375
2602202,16.845703125
2602312,16.54052734375
2604164,14.46533203125
2604492,14.95361328125
2608786,26.42822265625
2609726,16.357421875
2615583,15.44189453125
2615989,15.07568359375
2617459,16.11328125
2623748,16.4794921875
2624015,30.33447265625
2626039,14.7705078125
2626066,15.56396484375
2630279,16.845703125
2630340,15.07568359375
2630386,18.06640625
2630729,31.25
2632513,17.51708984375
2632608,15.9912109375
2632652,16.66259765625
2632736,15.5029296875
2637011,17.63916015625
2637089,18.73779296875
2637375,27.83203125
2640759,18.24951171875
2641241,24.169921875
2645567,18.5546875
2645995,14.892578125
2647261,14.5263671875
2647298,17.822265625
2651519,16.9677734375
2651612,15.5029296875
2658691,15.9912109375
2658931,30.029296875
2660738,15.31982421875
2660848,15.13671875
2660939,14.6484375
2666990,22.03369140625
2667033,15.56396484375
2667346,29.11376953125
2668232,15.7470703125
2668272,17.9443359375
2674412,18.73779296875
2674481,14.58740234375
2675066,15.68603515625
2675566,14.5263671875
2675682,14.5263671875
2682362,18.00537109375
2682385,15.44189453125
2682707,23.5595703125
2683193,15.19775390625
2683709,14.58740234375
2690442,14.46533203125
2691619,18.37158203125
2698637,15.07568359375
2698702,16.05224609375
2698737,16.29638671875
2698954,29.6630859375
2707880,18.1884765625
2707928,14.95361328125
2707992,16.78466796875
2708061,15.07568359375
2716986,16.41845703125
2717052,15.7470703125
2717107,17.578125
2717610,14.892578125
2726703,15.19775390625
2727987,17.15087890625
2744826,18.00537109375
2744864,16.05224609375
2745022,14.95361328125
2745066,22.0947265625
2756004,21.78955078125
2756025,14.892578125
2756371,26.3671875
2756519,14.95361328125
2756645,15.68603515625
2768364,15.56396484375
2768393,15.68603515625
2768459,18.85986328125
2768507,15.31982421875
2769028,18.73779296875
2782775,16.6015625
2782802,17.63916015625
2782861,14.7705078125
2782940,14.46533203125
2783208,16.2353515625
2784721,15.13671875
2793216,15.13671875
2793264,15.19775390625
2794338,14.892578125
2804433,15.07568359375
2820192,14.7705078125
2820228,20.20263671875
2820259,17.578125
2820342,24.23095703125
2820541,16.41845703125
2831341,14.5263671875
2831454,17.333984375
2831486,14.83154296875
2831508,15.9912109375
2831790,28.13720703125
2849070,15.13671875
2849083,17.02880859375
2849111,15.44189453125
2849221,17.08984375
2863173,19.6533203125
2863236,19.22607421875
2863256,16.66259765625
2863500,15.19775390625
2885430,17.822265625
2885471,16.41845703125
2901149,14.58740234375
2901249,14.83154296875
2901568,14.95361328125
2901976,14.83154296875
2903931,15.13671875
2905831,15.68603515625
2906677,14.892578125
2919647,16.05224609375
2919689,14.58740234375
2919756,15.5029296875
2920469,15.44189453125
2945454,16.9677734375
2945513,17.7001953125
2945543,15.0146484375
2946624,18.9208984375
2947804,15.19775390625
2947896,15.2587890625
2961657,17.08984375
2962368,15.19775390625
2978513,15.44189453125
2978557,16.17431640625
2978595,17.63916015625
2979476,14.7705078125
2980041,15.68603515625
2995858,15.44189453125
2995914,18.9208984375
2997562,16.2353515625
3016826,14.83154296875
3016861,15.31982421875
3016904,14.7705078125
3017574,17.51708984375
3018443,15.0146484375
3020171,16.11328125
3042357,14.6484375
3042519,18.310546875
3070451,14.83154296875
3070477,16.66259765625
3070527,15.56396484375
3070713,15.5029296875
3070775,31.79931640625
3070944,17.15087890625
3071193,14.70947265625
3071449,15.80810546875
3073086,15.44189453125
3073950,16.17431640625
3100305,14.7705078125
3100349,16.7236328125
3100368,18.12744140625
3100398,18.49365234375
3100612,29.9072265625
3101266,16.41845703125
3102083,15.44189453125
3122398,16.6015625
3122531,14.70947265625
3122554,15.13671875
3122585,17.333984375
3122918,14.95361328125
3123298,16.29638671875
3123461,17.333984375
3125415,16.4794921875
3146878,16.11328125
3146939,18.310546875
3146976,20.99609375
3147365,15.68603515625
3174802,15.93017578125
3174921,14.5263671875
3175007,17.27294921875
3175030,14.6484375
3175056,18.06640625
3175713,14.6484375
3176021,17.27294921875
3176929,15.07568359375
3178895,17.4560546875
3210412,15.625
3211261,14.70947265625
3211405,15.31982421875
3212070,15.93017578125
3212403,14.5263671875
3213026,14.46533203125
3213044,15.80810546875
3213135,15.13671875
3213713,34.85107421875
3214130,14.5263671875
3317873,17.76123046875
3318021,15.19775390625
3318292,16.78466796875
3318306,15.93017578125
3318363,20.751953125
3318411,16.05224609375
3318459,16.845703125
3318472,16.54052734375
3318518,19.6533203125
3318547,28.25927734375
3318579,31.31103515625
3318605,30.2734375
3318695,23.92578125
3318705,14.892578125
3318794,25.93994140625
3319097,29.541015625
3338862,14.58740234375
3341559,17.2119140625
3341676,18.85986328125
3341752,16.41845703125
3341978,25.32958984375
3342050,31.3720703125
3342114,25.81787109375
3342189,27.4658203125
3342376,30.029296875
3342595,32.77587890625
3393195,17.2119140625
3417694,15.56396484375
3432571,14.5263671875
3432589,19.287109375
3432685,16.29638671875
3432714,16.41845703125
3432725,19.287109375
3432756,27.83203125
3432794,16.17431640625
3432833,18.73779296875
3432856,36.1328125
3432866,18.98193359375
3432919,23.0712890625
3432971,24.5361328125
3433206,30.33447265625
3452819,16.4794921875
3452897,26.55029296875
3452947,18.85986328125
3452987,15.93017578125
3453024,16.90673828125
3453051,17.51708984375
3453067,28.80859375
3453132,14.46533203125
3453165,20.81298828125
3453207,32.1044921875
3453244,23.25439453125
3453316,23.62060546875
3453376,17.4560546875
3453434,24.59716796875
3453472,17.9443359375
3453557,18.49365234375
3453799,33.203125
3533543,14.7705078125
3566355,15.31982421875
3567163,14.7705078125
3572403,15.869140625
3572661,19.04296875
3572723,15.869140625
3573121,14.46533203125
3573714,16.357421875
3575522,14.70947265625
3575543,17.51708984375
3576254,15.869140625
3587910,14.70947265625
3588043,17.08984375
3588246,16.54052734375
3588436,15.13671875
3588734,14.58740234375
3588745,15.44189453125
3618784,14.6484375
3618818,20.81298828125
3618880,20.751953125
3618945,16.11328125
3619069,15.44189453125
3619104,26.4892578125
3619121,25.45166015625
3619153,28.564453125
3619257,24.169921875
3619628,32.2265625
3625963,14.58740234375
3626807,14.5263671875
3626899,14.7705078125
3627482,14.83154296875
3631342,14.46533203125
3647036,15.31982421875
3647222,14.46533203125
3647269,17.333984375
3647299,15.9912109375
3647342,14.70947265625
3647371,28.25927734375
3647400,15.2587890625
3647426,16.54052734375
3651431,15.2587890625
3651512,15.869140625
3653193,17.88330078125
3654204,15.13671875
3667978,25.57373046875
3668024,21.6064453125
3668219,31.3720703125
3671043,17.63916015625
3671143,15.380859375
3671256,14.5263671875
3671641,14.5263671875
3672143,15.5029296875
3684865,14.7705078125
3684953,15.44189453125
3688397,15.0146484375
3688529,14.7705078125
3688974,14.6484375
3689731,15.07568359375
3698667,16.29638671875
3698695,15.93017578125
3698741,16.66259765625
3698805,20.263671875
3698869,28.13720703125
3701676,15.380859375
3707686,15.0146484375
3707716,15.80810546875
3707738,14.6484375
3707776,16.9677734375
3708124,29.72412109375
3710986,16.11328125
3722480,18.310546875
3722520,15.7470703125
3722545,16.78466796875
3722562,14.7705078125
3722600,17.2119140625
3722613,14.46533203125
3722683,14.83154296875
3722697,29.23583984375
3725832,15.31982421875
3725868,15.56396484375
3725907,16.66259765625
3725992,15.0146484375
3726014,15.9912109375
3735915,17.4560546875
3736024,16.66259765625
3736103,14.5263671875
3736172,29.1748046875
3750251,16.41845703125
3750305,14.95361328125
3750344,14.46533203125
3750373,20.99609375
3750506,21.8505859375
3766877,14.7705078125
3766947,19.287109375
3766995,15.380859375
3767086,15.56396484375
3767152,30.70068359375
3783233,16.05224609375
3783290,19.59228515625
3783320,16.11328125
3783353,14.70947265625
3783609,22.0947265625
3787178,15.5029296875
3787202,17.39501953125
3787315,14.892578125
3788184,14.46533203125
3789307,14.46533203125
3789452,16.357421875
3790291,14.46533203125
3790995,15.2587890625
3791503,16.17431640625
3806504,15.80810546875
3806536,15.2587890625
3806713,16.2353515625
3806834,32.28759765625
3823829,17.7001953125
3823873,16.357421875
3823894,21.30126953125
3823920,14.46533203125
3823981,16.4794921875
3824051,14.892578125
3824114,23.37646484375
3824180,14.70947265625
3824290,21.6064453125
3839873,15.68603515625
3839939,15.31982421875
3839961,20.44677734375
3839974,17.27294921875
3839989,21.17919921875
3840006,16.9677734375
3840025,17.2119140625
3840063,14.58740234375
3840180,15.13671875
3841654,17.15087890625
3841789,16.54052734375
3842182,15.380859375
3842336,16.05224609375
3842527,14.83154296875
3843026,15.625
3844005,15.0146484375
3869679,15.19775390625
3869717,14.95361328125
3869735,14.5263671875
3869754,18.4326171875
3869834,14.70947265625
3869865,32.28759765625
3890840,15.9912109375
3890918,15.9912109375
3891015,15.5029296875
3891037,27.34375
3908507,17.333984375
3908575,16.2353515625
3908640,18.5546875
3932782,14.46533203125
3932848,15.13671875
3955860,14.892578125
3955951,16.4794921875
3956218,21.54541015625
3985571,14.70947265625
3985843,15.93017578125
3985896,15.9912109375
3985945,19.71435546875
3986011,16.66259765625
3986048,15.5029296875
3986087,24.0478515625
3986287,30.8837890625
4004946,18.1884765625
4004959,16.17431640625
4005074,19.59228515625
4005121,32.8369140625
4005349,28.62548828125
4031684,14.46533203125
4031796,20.08056640625
4031824,15.13671875
4031890,15.19775390625
4031942,38.57421875
4032016,24.2919921875
4032093,31.18896484375
4032304,31.25
4093911,17.27294921875
4113656,15.80810546875
4113794,16.29638671875
4113908,19.10400390625
4114142,15.93017578125
4114180,14.5263671875
4114621,14.7705078125
4114652,15.13671875
4114794,31.18896484375
4114843,29.1748046875
4114950,27.03857421875
4159155,14.46533203125
4159430,14.5263671875
4159530,15.93017578125
4159669,14.5263671875
4159803,14.892578125
4159827,17.27294921875
4159864,16.54052734375
4159940,14.83154296875
4159998,17.4560546875
4160028,29.78515625
4160104,33.63037109375
4160332,32.1044921875
4230854,15.0146484375
4230914,16.6015625
4230936,18.00537109375
4230948,15.5029296875
4231067,28.3203125
4231127,25.08544921875
4231210,27.4658203125
4231265,25.20751953125
4231664,23.681640625
4291037,15.2587890625
4291049,21.6064453125
4291101,14.83154296875
4291220,20.5078125
4291256,14.892578125
4291297,17.76123046875
4291336,15.625
4291402,16.05224609375
4291423,27.28271484375
4291505,23.5595703125
4291698,32.2265625
4291894,22.3388671875
4330606,16.17431640625
4339318,14.83154296875
4339539,18.98193359375
4339606,25.20751953125
4339680,28.38134765625
4339751,25.2685546875
4339902,31.79931640625
4340045,32.470703125
4382767,16.54052734375
4382778,21.1181640625
4382810,21.240234375
4382838,15.68603515625
4382856,32.2265625
4382912,22.03369140625
4382952,25.08544921875
4382996,28.62548828125
4383053,21.484375
4383069,16.357421875
4383115,15.9912109375
4383139,19.287109375
4383198,15.19775390625
4397759,16.54052734375
4397929,14.7705078125
4397959,15.0146484375
4397998,16.6015625
4398117,15.19775390625
4398153,16.845703125
4398193,21.3623046875
4398234,30.57861328125
4398278,29.35791015625
4398290,14.70947265625
4398327,21.78955078125
4398370,31.3720703125
4398412,29.35791015625
4398465,20.32470703125
4398483,16.78466796875
4398554,17.76123046875
4398580,33.26416015625
4430411,33.3251953125
4455831,28.076171875
4460216,18.06640625
4461678,14.83154296875
4473710,15.380859375
4473760,14.6484375
4473851,16.41845703125
4473884,17.7001953125
4473895,29.9072265625
4473916,17.63916015625
4473935,17.88330078125
4473975,17.76123046875
4474009,27.4658203125
4474039,28.076171875
4474104,25.45166015625
4474172,15.7470703125
4474182,21.1181640625
4474275,16.78466796875
4474306,35.0341796875
4518505,19.83642578125
4518566,14.83154296875
4518578,22.27783203125
4518646,18.4326171875
4518669,20.263671875
4518682,15.13671875
4518736,17.9443359375
4518754,25.20751953125
4518786,16.41845703125
4518801,15.68603515625
4518832,24.4140625
4518866,20.08056640625
4518885,16.9677734375
4518913,27.099609375
4519010,22.5830078125
4571689,16.11328125
4571739,15.7470703125
4571774,14.70947265625
4571800,23.13232421875
4571822,18.37158203125
4571846,14.58740234375
4571870,14.46533203125
4571892,24.4140625
4571908,15.56396484375
4571931,17.39501953125
4571948,20.56884765625
4571967,21.91162109375
4571982,25.20751953125
4572000,17.578125
4572044,24.96337890625
4572117,22.52197265625
4572185,33.02001953125
4627864,14.892578125
4627938,20.32470703125
4628059,16.41845703125
4628139,15.13671875
4628164,27.28271484375
4628207,24.169921875
4628230,19.287109375
4628251,34.1796875
4628295,15.625
4628306,25.0244140625
4628344,36.1328125
4628422,24.59716796875
4628436,16.11328125
4637992,14.58740234375
4670697,15.31982421875
4670707,17.4560546875
4670739,19.71435546875
4670764,18.5546875
4670810,14.892578125
4670851,15.31982421875
4670872,14.5263671875
4670919,25.69580078125
4670990,18.5546875
4671007,26.2451171875
4671045,26.18408203125
4671082,21.728515625
4671116,22.4609375
4671185,27.16064453125
4715836,16.7236328125
4715907,14.6484375
4715926,15.625
4715953,14.7705078125
4715985,16.6015625
4715998,14.892578125
4716039,15.68603515625
4716081,16.66259765625
4716097,24.5361328125
4716134,20.5078125
4716144,50.23193359375
4716186,18.12744140625
4716225,20.751953125
4716294,26.2451171875
4716343,26.0009765625
4763862,15.31982421875
4766431,14.46533203125
4766565,17.2119140625
4766585,17.15087890625
4766657,15.7470703125
4766702,32.89794921875
4766712,27.16064453125
4766765,30.70068359375
4766812,14.46533203125
4766823,26.3671875
4766852,38.26904296875
4766918,24.84130859375
4806911,16.05224609375
4807094,28.4423828125
4807130,30.6396484375
4807220,24.47509765625
4807257,21.05712890625
4807273,17.08984375
4807326,24.10888671875
4807568,33.69140625
4848442,15.07568359375
4848467,15.380859375
4848521,14.58740234375
4848613,18.4326171875
4848781,14.95361328125
4848898,33.14208984375
4848997,25.7568359375
4849194,19.775390625
4886788,16.78466796875
4886814,16.6015625
4886845,16.17431640625
4886858,18.61572265625
4886894,19.95849609375
4886907,16.78466796875
4886950,18.9208984375
4887005,21.1181640625
4887099,34.85107421875
4887176,23.3154296875
4887302,27.64892578125
4925761,15.7470703125
4925840,16.2353515625
4925882,14.7705078125
4925898,20.20263671875
4925910,15.56396484375
4926013,14.5263671875
4926057,15.07568359375
4926082,25.81787109375
4926175,33.38623046875
4926380,20.08056640625
4961656,15.19775390625
4961694,18.85986328125
4961735,16.90673828125
4961791,16.7236328125
4961805,15.93017578125
4961844,26.85546875
4962001,25.08544921875
4962104,25.45166015625
4990390,19.1650390625
4990440,17.2119140625
4990482,15.0146484375
4990497,14.46533203125
4990524,14.5263671875
4990593,16.29638671875
4990633,18.4326171875
4990743,33.38623046875
4990811,26.55029296875
4990887,28.50341796875
5023235,15.0146484375
5023258,18.5546875
5023303,14.6484375
5023334,19.71435546875
5023422,27.16064453125
5023500,28.1982421875
5023571,30.8837890625
5023660,28.01513671875
5055904,14.5263671875
5055920,16.90673828125
5055949,19.47021484375
5055961,15.380859375
5056021,17.15087890625
5056047,17.02880859375
5056066,14.892578125
5056155,18.5546875
5056166,17.08984375
5056205,29.6630859375
5056217,16.7236328125
5056293,24.169921875
5060131,14.5263671875
5060199,17.76123046875
5060258,16.17431640625
5060326,14.46533203125
5060584,32.89794921875
5060711,15.13671875
5060987,21.484375
5064689,15.0146484375
5066525,16.78466796875
5066693,16.11328125
5068927,15.19775390625
5069724,16.11328125
5074191,17.08984375
5074311,15.19775390625
5074578,32.470703125
5074766,18.61572265625
5078430,30.70068359375
5080857,14.892578125
5080892,17.02880859375
5081237,26.79443359375
5085695,17.63916015625
5085963,22.4609375
5086255,31.06689453125
5088935,14.58740234375
5089025,16.11328125
5089072,14.5263671875
5094591,19.95849609375
5094622,15.07568359375
5094862,22.27783203125
5097402,17.2119140625
5097434,17.63916015625
5101250,14.58740234375
5101569,29.541015625
5101721,14.7705078125
5104870,15.7470703125
5105007,16.357421875
5105074,17.08984375
5105105,16.2353515625
5108033,15.2587890625
5108121,14.46533203125
5108336,23.13232421875
5112007,18.1884765625
5112155,15.19775390625
5112423,20.5078125
5113140,14.7705078125
5114572,14.892578125
5119309,16.2353515625
5119348,14.6484375
5119623,30.1513671875
5119709,14.83154296875
5123699,17.15087890625
5124029,33.0810546875
5129314,15.31982421875
5129472,15.44189453125
5134481,27.40478515625
5137297,15.869140625
5137437,14.5263671875
5137685,27.2216796875
5140994,15.31982421875
5143230,14.58740234375
5143300,14.95361328125
5147757,16.41845703125
5147893,14.83154296875
5147921,14.70947265625
5150296,16.2353515625
5150469,15.19775390625
5153155,15.0146484375
5156890,20.8740234375
5162268,15.625
5167726,15.9912109375
5172981,15.0146484375
5173045,15.869140625
5173545,29.60205078125
5175212,16.05224609375
5180228,16.2353515625
5180272,16.66259765625
5180310,16.29638671875
5180340,16.05224609375
5180796,29.60205078125
5186363,28.62548828125
5192245,15.625
5192321,14.58740234375
5198211,15.19775390625
5203858,14.6484375
5203916,15.2587890625
5205901,14.6484375
5206019,14.58740234375
5211542,15.13671875
5211578,17.88330078125
5217478,20.32470703125
5223566,15.869140625
5223778,14.70947265625
5230733,18.798828125
5230767,17.4560546875
5230795,15.625
5239677,17.2119140625
5239706,14.6484375
5239782,15.93017578125
5239892,22.8271484375
5248461,17.51708984375
5248521,17.15087890625
5248852,28.1982421875
5249060,16.66259765625
5256587,15.625
5256619,16.11328125
5257285,16.6015625
5265234,18.98193359375
5265575,33.38623046875
5265704,15.2587890625
5273598,14.58740234375
5273647,15.19775390625
5273753,14.6484375
5273851,27.64892578125
5282102,15.5029296875
5282135,16.05224609375
5290954,17.15087890625
5290985,16.90673828125
5291057,17.27294921875
5291098,15.0146484375
5291391,15.93017578125
5302779,16.357421875
5302917,14.5263671875
5303182,15.0146484375
5304104,14.6484375
5312828,14.58740234375
5312871,15.625
5312923,15.13671875
5313449,25.7568359375
5325094,18.98193359375
5325120,15.9912109375
5325423,24.96337890625
5349570,15.2587890625
5349668,20.751953125
5362252,16.2353515625
5362354,16.6015625
5362441,15.56396484375
5362607,15.07568359375
5380196,14.892578125
5380968,29.72412109375
5381203,16.4794921875
5381653,14.70947265625
5397343,14.892578125
5397377,15.19775390625
5397406,14.83154296875
5398059,28.62548828125
5415763,15.7470703125
5415802,14.5263671875
5415860,15.0146484375
5486195,15.19775390625
5486622,14.70947265625
5486757,14.58740234375
5487190,14.892578125
5487231,14.83154296875
5487406,15.31982421875
5487559,27.9541015625
5487684,18.98193359375
5558729,18.00537109375
5559412,14.95361328125
5559510,14.7705078125
5559577,16.9677734375
5559707,14.70947265625
5559740,18.49365234375
5559757,20.1416015625
5559845,24.169921875
5559952,27.2216796875
5560032,27.34375
5560195,31.3720703125
5620317,14.6484375
5620711,16.4794921875
5620768,16.11328125
5620876,15.380859375
5620924,15.2587890625
5620949,19.6533203125
5621047,15.9912109375
5621062,20.81298828125
5621138,30.76171875
5621219,28.86962890625
5621323,29.47998046875
5621458,20.263671875
5654655,14.58740234375
5662314,14.70947265625
5662627,17.08984375
5662778,14.892578125
5662938,26.7333984375
5662994,30.21240234375
5663075,31.1279296875
5663169,29.541015625
5663251,25.20751953125
5663303,31.005859375
5663413,34.66796875
5663551,23.8037109375
5663605,38.39111328125
5702613,14.892578125
5703386,17.822265625
5703454,19.53125
5703516,15.0146484375
5703548,15.13671875
5703604,17.02880859375
5703635,33.50830078125
5703700,15.9912109375
5703721,24.5361328125
5703793,33.5693359375
5703834,20.20263671875
5703906,16.6015625
5703985,29.1748046875
5704097,33.0810546875
5704379,23.98681640625
5749961,21.42333984375
5750003,14.6484375
5750097,17.02880859375
5750125,17.63916015625
5750163,20.5078125
5750188,14.58740234375
5750249,24.90234375
5750310,23.4375
5750377,31.3720703125
5750450,20.56884765625
5750542,30.94482421875
5750725,24.90234375
5750879,32.5927734375
5792362,15.80810546875
5792444,14.83154296875
5792487,14.83154296875
5792855,14.892578125
5792964,15.31982421875
5793032,18.61572265625
5793103,15.13671875
5793145,18.85986328125
5793163,17.333984375
5793188,26.85546875
5793266,21.6064453125
5793312,19.34814453125
5793435,30.33447265625
5793864,25.20751953125
5818475,16.357421875
5818747,15.869140625
5818882,15.625
5818926,34.85107421875
5818984,17.27294921875
5819032,23.92578125
5819166,24.169921875
5819233,31.55517578125
5819425,31.982421875
5819558,28.38134765625
5819837,20.08056640625
5859053,14.95361328125
5859230,22.64404296875
5859324,14.95361328125
5859366,14.7705078125
5859423,16.41845703125
5859531,16.54052734375
5859592,32.16552734375
5859664,23.62060546875
5859744,30.09033203125
5859800,26.30615234375
5859890,27.83203125
5895721,16.9677734375
5896032,17.02880859375
5896111,20.20263671875
5896189,25.08544921875
5896229,16.41845703125
5896305,30.3955078125
5896353,26.9775390625
5896603,29.1748046875
5933802,14.7705078125
5933835,14.58740234375
5933954,17.2119140625
5934026,14.7705078125
5934127,17.15087890625
5934162,17.02880859375
5934181,14.7705078125
5934248,17.27294921875
5934296,27.03857421875
5934354,21.6064453125
5934448,22.4609375
5934484,15.31982421875
5934534,27.64892578125
5934794,32.28759765625
5974351,14.46533203125
5974372,18.61572265625
5974397,14.6484375
5974660,15.68603515625
5974758,14.5263671875
5974779,18.61572265625
5974852,15.5029296875
5974872,16.54052734375
5974901,15.5029296875
5974979,22.705078125
5975049,34.3017578125
5975105,26.0009765625
5975326,33.0810546875
6002003,20.751953125
6002214,14.83154296875
6002334,16.9677734375
6002379,14.6484375
6002468,25.2685546875
6002508,21.66748046875
6002583,16.17431640625
6002663,23.3154296875
6002799,27.52685546875
6003051,34.66796875
6023359,17.39501953125
6023591,20.99609375
6023704,16.66259765625
6023733,16.90673828125
6023791,15.44189453125
6023846,17.88330078125
6023900,22.64404296875
6023985,26.67236328125
6024070,26.06201171875
6024157,32.1044921875
6024240,22.5830078125
6024316,22.64404296875
6040693,16.29638671875
6040711,18.12744140625
6040768,17.63916015625
6040800,21.30126953125
6040833,15.68603515625
6040848,17.39501953125
6040872,26.06201171875
6040952,29.052734375
6041029,26.611328125
6041126,23.74267578125
6041436,26.91650390625
6082748,16.78466796875
6082769,14.7705078125
6082826,16.05224609375
6082866,30.45654296875
6082933,32.958984375
6083071,30.029296875
6083182,21.3623046875
6120218,16.29638671875
6120242,16.7236328125
6120288,15.5029296875
6120371,19.8974609375
6120394,16.11328125
6120444,31.494140625
6120482,19.47021484375
6120501,14.7705078125
6120519,26.18408203125
6120647,31.3720703125
6120767,30.45654296875
6159009,14.46533203125
6159118,25.32958984375
6159286,15.44189453125
6159362,19.6533203125
6159382,32.3486328125
6159396,15.9912109375
6159462,16.29638671875
6159529,22.39990234375
6159650,24.23095703125
6159724,27.587890625
6188539,17.333984375
6188864,15.625
6188945,14.58740234375
6188977,21.6064453125
6189053,28.74755859375
6189198,24.84130859375
6189485,23.8037109375
6220183,17.4560546875
6220386,14.892578125
6220474,14.95361328125
6220508,17.63916015625
6220739,33.8134765625
6220760,14.70947265625
6220802,20.20263671875
6220884,19.83642578125
6220966,25.69580078125
6247778,29.052734375
6251896,19.04296875
6252129,14.70947265625
6252177,14.70947265625
6252441,16.6015625
6252485,28.076171875
6252580,26.67236328125
6252686,26.85546875
6278912,15.68603515625
6279071,15.68603515625
6279324,14.7705078125
6279427,16.29638671875
6279541,17.7001953125
6279661,23.8037109375
6310153,15.2587890625
6310362,16.2353515625
6310480,23.4375
6310551,33.75244140625
6310665,27.34375
6338430,15.19775390625
6338733,15.380859375
6338782,16.11328125
6338812,17.27294921875
6338878,14.46533203125
6338907,25.69580078125
6339064,25.2685546875
6339194,27.28271484375
6360856,15.56396484375
6369291,15.7470703125
6369339,14.46533203125
6369356,17.39501953125
6369431,15.625
6369532,16.29638671875
6369563,21.30126953125
6369578,20.01953125
6369598,25.2685546875
6369667,30.517578125
6369725,28.62548828125
6369738,15.44189453125
6369785,23.62060546875
6369920,27.2216796875
6370181,25.08544921875
6383515,15.44189453125
6383919,14.5263671875
6384184,17.7001953125
6384217,28.6865234375
6384425,27.28271484375
6384493,30.2734375
6396685,15.31982421875
6396823,14.95361328125
6396964,14.58740234375
6396996,15.19775390625
6397024,17.51708984375
6397146,31.25
6397237,28.25927734375
6397355,17.822265625
6401709,14.58740234375
6401835,15.7470703125
6402033,28.076171875
6402222,24.4140625
6402365,33.50830078125
6418063,17.63916015625
6418122,15.80810546875
6418134,18.85986328125
6418161,16.66259765625
6418206,14.892578125
6418222,27.16064453125
6418245,15.0146484375
6418336,26.9775390625
6418402,20.56884765625
6418554,24.10888671875
6424409,15.80810546875
6424449,16.357421875
6424500,17.02880859375
6424912,30.09033203125
6429287,17.08984375
6429344,17.76123046875
6429386,15.869140625
6429660,26.06201171875
6429706,14.58740234375
6429851,30.6396484375
6434078,16.357421875
6434290,28.99169921875
6434543,21.728515625
6440971,19.287109375
6441005,16.9677734375
6441184,30.21240234375
6441315,22.94921875
6441331,14.95361328125
6446037,15.7470703125
6446066,15.07568359375
6446103,15.56396484375
6446331,24.23095703125
6446528,27.89306640625
6453056,19.1650390625
6453078,14.58740234375
6453201,22.705078125
6453350,27.4658203125
6458379,15.13671875
6458469,17.9443359375
6458626,23.62060546875
6463716,17.2119140625
6463734,16.357421875
6463862,14.95361328125
6467495,14.58740234375
6468429,15.9912109375
6473221,14.5263671875
6473318,15.19775390625
6473419,27.83203125
6473779,25.390625
6473987,15.7470703125
6477945,27.16064453125
6481379,24.59716796875
6481533,14.46533203125
6483433,18.24951171875
6487628,16.05224609375
6492244,14.46533203125
6495454,16.66259765625
6495500,15.07568359375
6496017,23.62060546875
6499916,15.7470703125
6500569,22.15576171875
6504848,15.44189453125
6504917,16.90673828125
6505112,14.6484375
6507799,14.46533203125
6524043,17.76123046875
6524648,22.0947265625
6527735,16.90673828125
6527805,14.5263671875
6532867,15.13671875
6532922,15.625
6539739,14.6484375
6539931,29.35791015625
6544927,15.68603515625
6551225,15.5029296875
6551257,17.51708984375
6551281,14.46533203125
6551493,14.58740234375
6551521,31.55517578125
6551928,17.88330078125
6556302,15.07568359375
6563886,16.05224609375
6563950,15.80810546875
6564013,16.9677734375
6571589,14.58740234375
6571636,14.5263671875
6571686,15.44189453125
6571711,15.869140625
6579325,14.7705078125
6579371,15.44189453125
6587652,15.31982421875
6587706,16.7236328125
6587778,15.80810546875
6595736,14.892578125
6604725,14.892578125
6613304,14.5263671875
6613845,15.80810546875
6613901,30.70068359375
6625904,14.83154296875
6625950,16.54052734375
6634883,15.19775390625
6634960,16.05224609375
6636092,14.95361328125
6647523,16.66259765625
6647771,30.94482421875
6662718,14.46533203125
6662741,18.06640625
6662864,15.68603515625
6675864,14.58740234375
6675885,15.19775390625
6676123,25.93994140625
6676474,15.07568359375
6689789,15.5029296875
6689859,15.19775390625
6701309,14.892578125
6716421,15.5029296875
6716457,14.83154296875
6716528,15.625
6716593,17.76123046875
6716613,15.13671875
6732547,18.06640625
6732717,15.9912109375
6746931,19.71435546875
6747006,15.5029296875
6747108,18.73779296875
6747321,35.64453125
6763513,15.380859375
6763595,14.892578125
6763917,29.296875
6764252,17.08984375
6802007,15.13671875
6802044,16.05224609375
6802112,18.06640625
6802144,17.08984375
6802246,14.5263671875
6831179,15.2587890625
6862081,18.00537109375
6862798,17.08984375
6862866,14.892578125
6863223,31.1279296875
6895425,15.0146484375
6895629,15.56396484375
6937628,15.0146484375
6938040,24.23095703125
6938349,26.79443359375
6939449,15.56396484375
6962641,16.845703125
6962790,14.83154296875
6962907,14.7705078125
6962944,17.4560546875
6963568,14.6484375
6963690,18.310546875
6963799,27.34375
6964080,34.1796875
6988771,15.0146484375
6989326,14.95361328125
6989854,16.29638671875
6989926,15.19775390625
6990012,16.54052734375
6990104,31.6162109375
6990186,32.53173828125
6990279,29.4189453125
6990410,32.04345703125
7022827,14.5263671875
7023258,15.13671875
7024081,15.68603515625
7024138,15.93017578125
7024151,16.66259765625
7024184,16.357421875
7024265,28.076171875
7024333,17.27294921875
7024379,23.92578125
7024484,21.8505859375
7057917,15.13671875
7058086,15.44189453125
7058342,15.44189453125
7058412,16.4794921875
7058445,17.27294921875
7058471,21.54541015625
7058499,15.68603515625
7058537,31.25
7058619,14.892578125
7058690,20.93505859375
7058856,31.005859375
7058947,25.20751953125
7093740,16.66259765625
7093975,14.892578125
7094026,15.380859375
7094808,15.13671875
7094883,14.70947265625
7095001,15.68603515625
7095042,15.625
7095082,29.35791015625
7095143,31.73828125
7095186,25.5126953125
7095256,26.55029296875
7095317,27.34375
7095528,26.3671875
7095597,29.60205078125
7129542,16.17431640625
7129632,15.13671875
7130589,15.7470703125
7130661,15.31982421875
7130689,16.4794921875
7130734,15.9912109375
7130799,18.5546875
7130836,14.7705078125
7130857,27.16064453125
7130908,26.85546875
7130984,27.16064453125
7131082,29.60205078125
7131181,25.87890625
7131333,25.634765625
7183228,16.05224609375
7183351,15.9912109375
7184309,16.41845703125
7184351,15.380859375
7184378,15.19775390625
7184719,15.44189453125
7184769,15.13671875
7184801,17.333984375
7184835,15.80810546875
7184885,26.91650390625
7184925,15.80810546875
7184958,24.35302734375
7184998,28.4423828125
7185075,14.46533203125
7185113,27.34375
7185169,27.7099609375
7185311,24.23095703125
7214046,15.19775390625
7214742,16.66259765625
7215077,18.12744140625
7215112,18.1884765625
7215132,14.5263671875
7215157,15.44189453125
7215282,26.06201171875
7215348,28.9306640625
7215432,30.57861328125
7215500,23.8037109375
7215608,21.97265625
7216041,32.5927734375
7256061,14.46533203125
7256970,17.51708984375
7257025,16.6015625
7257072,16.54052734375
7257106,29.1748046875
7257162,25.81787109375
7257216,29.1748046875
7257287,31.1279296875
7257381,21.1181640625
7295522,15.13671875
7295615,17.27294921875
7296293,14.58740234375
7296364,14.70947265625
7296399,17.4560546875
7296506,24.10888671875
7296554,33.75244140625
7296608,30.2734375
7296658,23.98681640625
7296802,30.21240234375
7296933,25.634765625
7331965,16.4794921875
7332402,16.05224609375
7332540,15.0146484375
7332606,14.95361328125
7332807,15.13671875
7332835,14.83154296875
7332891,15.2587890625
7332969,17.39501953125
7332991,24.35302734375
7333045,15.44189453125
7333072,27.9541015625
7333146,25.08544921875
7333194,20.32470703125
7333321,21.78955078125
7367818,14.5263671875
7367890,19.8974609375
7367904,17.51708984375
7367951,15.7470703125
7367974,15.31982421875
7368069,32.3486328125
7368155,25.69580078125
7368225,26.85546875
7368338,27.9541015625
7368472,31.982421875
7368649,29.78515625
7400504,14.46533203125
7400769,14.892578125
7401208,17.51708984375
7401305,14.83154296875
7401317,19.04296875
7401373,15.7470703125
7401387,33.26416015625
7401501,31.25
7401554,27.03857421875
7401781,33.63037109375
7433296,14.5263671875
7433540,16.11328125
7433590,19.04296875
7433621,16.6015625
7433655,15.0146484375
7433665,15.13671875
7433717,19.47021484375
7433761,16.2353515625
7433790,25.5126953125
7433861,30.1513671875
7434015,20.08056640625
7434203,26.2451171875
7467546,15.44189453125
7467749,21.1181640625
7467850,17.2119140625
7467903,15.68603515625
7467983,30.82275390625
7468048,27.64892578125
7468119,16.78466796875
7468195,25.93994140625
7500130,14.95361328125
7500158,24.7802734375
7500200,19.287109375
7500245,15.07568359375
7500339,27.7099609375
7500417,26.611328125
7500472,30.94482421875
7500544,25.57373046875
7500712,30.3955078125
7531783,14.46533203125
7532146,16.357421875
7532169,15.56396484375
7532221,14.70947265625
7532453,17.02880859375
7532464,16.29638671875
7532528,16.05224609375
7532574,15.5029296875
7532590,21.240234375
7532780,18.98193359375
7532879,28.86962890625
7558736,15.44189453125
7559337,14.892578125
7559420,16.05224609375
7559448,14.892578125
7559526,21.78955078125
7559642,27.34375
7559750,29.4189453125
7592368,14.83154296875
7592541,15.380859375
7592613,15.380859375
7592767,28.80859375
7592867,16.2353515625
7592921,31.43310546875
7592992,29.4189453125
7593093,23.5595703125
7593252,27.2216796875
7620240,21.17919921875
7620301,22.8271484375
7620353,14.892578125
7620397,16.54052734375
7620425,35.33935546875
7620603,27.64892578125
7620684,22.88818359375
7649962,19.4091796875
7650051,19.83642578125
7650236,15.68603515625
7650346,14.892578125
7650436,16.4794921875
7650576,15.93017578125
7650631,18.310546875
7650654,30.8837890625
7650809,23.86474609375
7650957,26.18408203125
7651090,14.58740234375
7681232,16.6015625
7681828,18.85986328125
7681868,17.15087890625
7681972,32.89794921875
7682009,14.5263671875
7682077,32.04345703125
7682240,20.32470703125
7710959,15.380859375
7710997,14.83154296875
7711055,32.958984375
7711086,14.7705078125
7711206,20.6298828125
7711273,28.99169921875
7711368,26.9775390625
7737877,15.0146484375
7738045,15.625
7738387,14.5263671875
7738467,17.76123046875
7738497,17.02880859375
7738528,14.7705078125
7738574,18.37158203125
7738677,27.77099609375
7738727,14.46533203125
7738856,28.13720703125
7738984,23.62060546875
7739087,26.9775390625
7768285,15.80810546875
7768434,15.68603515625
7768590,14.70947265625
7768659,20.751953125
7768695,23.4375
7768716,15.5029296875
7768793,15.380859375
7768878,34.3017578125
7768968,18.49365234375
7799298,15.44189453125
7799330,16.17431640625
7799347,27.28271484375
7799388,14.58740234375
7799435,15.2587890625
7799499,15.07568359375
7799551,24.7802734375
7799622,25.32958984375
7799707,22.0947265625
7827784,14.892578125
7827913,14.46533203125
7828006,18.310546875
7828035,19.10400390625
7828066,33.38623046875
7828128,15.869140625
7828157,30.57861328125
7828235,26.42822265625
7828319,22.27783203125
7857162,14.892578125
7857258,15.0146484375
7857329,15.93017578125
7857370,16.05224609375
7857585,26.67236328125
7857700,14.5263671875
7857712,23.01025390625
7857815,15.80810546875
7857846,22.216796875
7858005,26.123046875
7883283,15.2587890625
7883596,14.46533203125
7883616,17.08984375
7883819,19.1650390625
7883830,16.90673828125
7883875,16.41845703125
7883931,17.15087890625
7883944,16.05224609375
7884030,21.8505859375
7884181,32.89794921875
7911620,15.0146484375
7911719,16.11328125
7911869,18.06640625
7911975,14.83154296875
7912077,14.83154296875
7912200,15.68603515625
7912301,31.92138671875
7912469,26.123046875
7936932,15.13671875
7937021,16.17431640625
7937109,15.5029296875
7937246,15.7470703125
7937532,14.892578125
7937592,29.47998046875
7937626,15.80810546875
7937702,21.728515625
7964261,16.845703125
7964311,17.63916015625
7964328,17.4560546875
7964372,15.19775390625
7964396,17.27294921875
7964412,22.15576171875
7964464,33.935546875
7964474,14.7705078125
7964554,20.20263671875
7964566,15.68603515625
7964592,24.84130859375
7964724,16.05224609375
7964740,25.5126953125
7980021,16.7236328125
7980180,20.08056640625
7980198,15.9912109375
7980240,15.7470703125
7980292,16.4794921875
7980450,16.845703125
7980475,31.79931640625
7980523,18.85986328125
7980549,15.13671875
7980562,22.0947265625
7980584,39.4287109375
7980607,31.6162109375
7980670,25.32958984375
7980689,31.3720703125
7980744,20.6298828125
7980824,16.845703125
7980883,20.69091796875
7999211,24.59716796875
7999250,27.40478515625
7999285,24.71923828125
7999301,30.8837890625
7999321,18.37158203125
7999354,27.099609375
7999401,30.6396484375
7999425,29.11376953125
7999463,19.1650390625
7999503,27.89306640625
7999557,33.26416015625
7999596,31.79931640625
7999711,14.892578125
7999778,14.892578125
7999920,19.10400390625
8022957,31.1279296875
8022977,16.7236328125
8023023,16.2353515625
8023060,21.484375
8023079,23.01025390625
8023102,15.56396484375
8023115,18.85986328125
8023141,14.46533203125
8023160,24.4140625
8023189,21.30126953125
8023202,31.92138671875
8023231,23.86474609375
8023263,20.3857421875
8023307,26.0009765625
8023361,30.2734375
8023471,15.9912109375
8023523,26.18408203125
8023613,18.06640625
8023645,17.63916015625
8023682,19.775390625
8023742,20.01953125
8041215,27.89306640625
8043712,15.44189453125
8043760,16.845703125
8043784,20.69091796875
8043795,21.91162109375
8043828,25.2685546875
8043842,17.9443359375
8043870,14.70947265625
8043881,25.08544921875
8043918,28.62548828125
8043942,18.9208984375
8043963,28.076171875
8043996,29.052734375
8044044,24.5361328125
8044073,32.53173828125
8044125,15.5029296875
8044176,26.85546875
8044193,21.42333984375
8044282,19.71435546875
8060408,15.380859375
8060465,17.08984375
8060478,37.59765625
8060532,17.822265625
8060556,18.98193359375
8060578,17.63916015625
8060592,30.94482421875
8060646,26.06201171875
8060658,26.611328125
8060680,14.58740234375
8060720,34.423828125
8060774,32.65380859375
8061035,23.49853515625
8071166,16.05224609375
8071257,15.7470703125
8071313,29.78515625
8071333,18.1884765625
8071343,43.3349609375
8071370,15.44189453125
8071406,30.517578125
8071441,30.94482421875
8071477,30.76171875
8071517,17.578125
8071528,16.2353515625
8071607,22.216796875
8071655,23.37646484375
8079451,15.13671875
8079598,15.5029296875
8079639,18.5546875
8079670,14.6484375
8079699,28.4423828125
8079711,17.578125
8079736,27.2216796875
8079774,38.87939453125
8079804,19.04296875
8079832,30.6396484375
8079860,22.4609375
8079890,30.57861328125
8079923,25.45166015625
8079935,15.80810546875
8080015,26.611328125
8085724,15.0146484375
8085763,15.869140625
8085799,14.70947265625
8085943,20.1416015625
8085991,37.353515625
8086032,14.5263671875
8086048,18.85986328125
8086092,39.794921875
8086194,26.67236328125
8093685,16.17431640625
8093711,16.6015625
8093776,15.13671875
8093799,15.93017578125
8093826,17.2119140625
8093858,30.21240234375
8093912,23.5595703125
8093943,21.240234375
8093999,21.30126953125
8094087,24.2919921875
8101062,15.13671875
8101124,16.78466796875
8101239,16.845703125
8101343,27.40478515625
8101360,29.4189453125
8101410,37.29248046875
8101460,15.80810546875
8101495,20.44677734375
8101517,29.4189453125
8109645,15.0146484375
8109753,17.15087890625
8109779,16.11328125
8109805,18.12744140625
8109842,39.85595703125
8109881,21.66748046875
8109921,34.7900390625
8109967,22.15576171875
8109996,29.47998046875
8117336,15.44189453125
8117544,39.9169921875
8117575,26.42822265625
8117673,30.517578125
8117761,29.60205078125
8125287,18.00537109375
8125353,17.88330078125
8125393,16.2353515625
8125424,18.798828125
8125456,27.7099609375
8125574,24.35302734375
8133669,16.05224609375
8133708,15.31982421875
8133785,15.19775390625
8133848,14.95361328125
8133934,27.16064453125
8133996,24.23095703125
8134014,14.7705078125
8134068,31.3720703125
8141413,15.31982421875
8141463,14.7705078125
8141543,14.46533203125
8141657,34.912109375
8141743,26.67236328125
8141920,23.8037109375
8151583,15.7470703125
8151642,17.76123046875
8151673,15.7470703125
8151709,17.2119140625
8151732,14.7705078125
8151800,30.1513671875
8151874,23.8037109375
8151986,24.10888671875
8161442,23.193359375
8161479,15.56396484375
8161505,14.5263671875
8161661,31.67724609375
8161748,27.77099609375
8168856,14.70947265625
8168991,15.9912109375
8169114,24.71923828125
8169209,28.13720703125
8169389,35.58349609375
8177449,15.13671875
8177689,29.78515625
8177819,32.2265625
8186123,15.2587890625
8186231,26.4892578125
8186507,22.705078125
8194578,15.0146484375
8194631,15.7470703125
8194772,14.5263671875
8194910,34.912109375
8195081,22.03369140625
8203221,16.7236328125
8203500,27.16064453125
8203743,32.89794921875
8203857,15.31982421875
8215009,16.7236328125
8215074,16.6015625
8215255,22.94921875
8215463,32.40966796875
8225942,15.07568359375
8226039,16.78466796875
8226174,14.5263671875
8226228,18.98193359375
8226279,27.03857421875
8226484,18.12744140625
8237292,14.5263671875
8237351,35.94970703125
8237729,31.31103515625
8261187,30.029296875
8387009,14.6484375
8387129,41.80908203125
8387566,28.076171875
8387839,36.68212890625
8484186,16.05224609375
8484358,15.44189453125
8484447,16.6015625
8484505,20.8740234375
8484623,25.69580078125
8484794,20.08056640625
8484867,24.47509765625
8484983,30.21240234375
8485059,23.5595703125
8485324,25.69580078125
8546066,16.6015625
8546155,16.11328125
8546587,15.80810546875
8546675,14.46533203125
8546730,19.59228515625
8546907,15.0146484375
8546933,26.123046875
8547052,22.27783203125
8547119,21.17919921875
8547144,14.46533203125
8547208,27.16064453125
8547300,24.84130859375
8547440,28.1982421875
8592938,14.58740234375
8593244,16.66259765625
8593507,14.58740234375
8593591,17.333984375
8593650,15.68603515625
8593705,16.54052734375
8593753,15.07568359375
8593838,27.4658203125
8593940,26.91650390625
8594010,31.06689453125
8594122,19.4091796875
8594359,23.49853515625
8636986,16.2353515625
8637008,15.0146484375
8637148,19.6533203125
8637169,16.29638671875
8637251,17.9443359375
8637318,16.54052734375
8637356,16.845703125
8637423,42.41943359375
8637499,21.240234375
8637586,23.74267578125
8637694,27.099609375
8637823,28.25927734375
8637947,28.6865234375
8675864,14.58740234375
8675986,15.0146484375
8676113,17.02880859375
8676490,15.93017578125
8676585,15.625
8676667,14.95361328125
8676704,15.7470703125
8676716,28.86962890625
8676786,26.67236328125
8677016,31.79931640625
8677164,14.46533203125
8677245,29.23583984375
8715991,16.357421875
8716230,14.83154296875
8716331,14.5263671875
8716393,15.44189453125
8716418,14.70947265625
8716441,17.08984375
8716539,30.3955078125
8716662,26.0009765625
8716766,27.7099609375
8716885,24.96337890625
8717068,31.92138671875
8752188,14.46533203125
8752227,14.70947265625
8752371,14.7705078125
8752440,19.22607421875
8752523,16.41845703125
8752662,15.9912109375
8752718,27.64892578125
8752823,29.35791015625
8752990,25.45166015625
8753127,23.13232421875
8753247,26.79443359375
8789802,15.07568359375
8790045,16.4794921875
8790117,17.02880859375
8790149,15.13671875
8790202,23.3154296875
8790249,15.56396484375
8790280,20.751953125
8790301,15.7470703125
8790428,15.56396484375
8790471,23.01025390625
8790545,26.0009765625
8790713,22.15576171875
8790780,31.79931640625
8790881,26.611328125
8825740,15.13671875
8826054,19.47021484375
8826133,16.66259765625
8826183,26.06201171875
8826252,20.93505859375
8826304,27.77099609375
8826379,25.32958984375
8826577,26.3671875
8859435,16.2353515625
8859608,16.9677734375
8859637,16.41845703125
8859696,14.7705078125
8859716,15.869140625
8859783,30.82275390625
8859876,22.88818359375
8860029,27.587890625
8860132,31.73828125
8860237,18.85986328125
8893542,14.70947265625
8893758,14.5263671875
8893859,15.68603515625
8894068,18.1884765625
8894096,15.625
8894136,18.49365234375
8894161,18.6767578125
8894191,14.7705078125
8894226,28.01513671875
8894313,23.0712890625
8894390,23.8037109375
8894487,22.27783203125
8894614,22.94921875
8925131,16.17431640625
8925606,20.5078125
8925642,18.06640625
8925685,15.5029296875
8925723,27.16064453125
8925793,23.3154296875
8925863,27.77099609375
8956375,15.0146484375
8956452,15.9912109375
8956473,15.07568359375
8956542,16.17431640625
8956600,24.84130859375
8956639,20.20263671875
8956667,15.380859375
8956680,27.4658203125
8956734,26.4892578125
8956839,28.6865234375
8956912,25.57373046875
8987380,15.5029296875
8987418,16.29638671875
8987519,14.5263671875
8987574,14.83154296875
8987611,19.775390625
8987629,14.83154296875
8987665,15.19775390625
8987785,28.80859375
8987887,24.7802734375
8987984,33.02001953125
8988081,18.4326171875
8988323,29.35791015625
9014256,16.78466796875
9014287,15.5029296875
9014356,18.37158203125
9014405,15.380859375
9014426,22.5830078125
9014439,17.333984375
9014489,22.3388671875
9014499,34.1796875
9014555,19.34814453125
9014565,16.54052734375
9014594,14.6484375
9014688,31.31103515625
9014745,24.84130859375
9014831,25.81787109375
9021055,15.68603515625
9021171,17.76123046875
9021201,14.83154296875
9021216,14.83154296875
9021466,16.6015625
9021690,30.8837890625
9021803,29.84619140625
9021959,24.4140625
9022194,28.9306640625
9029992,14.46533203125
9030299,14.95361328125
9030392,18.798828125
9030479,23.37646484375
9030512,16.17431640625
9030624,25.93994140625
9030698,19.47021484375
9031002,29.78515625
9034749,14.5263671875
9034770,17.9443359375
9035109,15.80810546875
9035162,22.8271484375
9035341,31.55517578125
9035373,14.5263671875
9035563,32.53173828125
9042432,17.51708984375
9042526,34.423828125
9042543,15.5029296875
9042692,24.47509765625
9042848,23.8037109375
9049644,15.13671875
9049752,18.00537109375
9049775,17.2119140625
9049944,15.5029296875
9050086,22.3388671875
9056956,17.333984375
9056968,18.37158203125
9056993,18.06640625
9057036,14.70947265625
9057127,40.283203125
9057191,17.333984375
9057334,18.1884765625
9057429,23.98681640625
9064412,15.93017578125
9064470,16.6015625
9064526,15.13671875
9064708,15.68603515625
9064782,28.1982421875
9064926,25.146484375
9072084,14.58740234375
9072144,15.19775390625
9072202,18.310546875
9072433,15.0146484375
9072468,17.27294921875
9072498,18.85986328125
9072514,24.169921875
9072715,27.28271484375
9077317,17.822265625
9077361,15.380859375
9077655,29.47998046875
9077673,14.5263671875
9077792,15.625
9077839,30.94482421875
9077957,33.447265625
9084454,16.17431640625
9084524,15.07568359375
9084612,15.13671875
9084756,37.353515625
9084817,17.333984375
9084901,32.65380859375
9085005,16.7236328125
9085078,30.6396484375
9091347,17.15087890625
9091397,15.380859375
9091472,15.56396484375
9091495,16.7236328125
9091534,15.07568359375
9091891,32.5927734375
9092053,24.59716796875
9099111,16.90673828125
9099197,15.625
9099251,14.58740234375
9099403,27.52685546875
9099551,15.07568359375
9099570,25.0244140625
9099792,27.52685546875
9105788,14.7705078125
9105832,17.4560546875
9105961,14.95361328125
9106139,29.1748046875
9106238,14.58740234375
9106262,16.357421875
9106339,21.42333984375
9106502,21.8505859375
9112175,16.845703125
9112199,16.90673828125
9112305,19.1650390625
9112493,16.05224609375
9112529,29.4189453125
9112825,30.45654296875
9118825,17.02880859375
9118900,14.70947265625
9119093,26.85546875
9119137,15.13671875
9119205,29.6630859375
9119584,32.2265625
9126740,15.19775390625
9126775,15.9912109375
9126830,15.31982421875
9126949,14.46533203125
9127006,30.517578125
9127135,27.587890625
9127170,14.892578125
9127413,26.06201171875
9132477,14.892578125
9132580,15.13671875
9132721,28.1982421875
9132750,19.34814453125
9132761,15.93017578125
9133103,31.8603515625
9139730,14.5263671875
9139811,15.80810546875
9139940,15.56396484375
9140103,24.658203125
9140256,30.517578125
9146119,15.869140625
9146148,17.2119140625
9146308,15.93017578125
9146323,28.99169921875
9146410,14.46533203125
9146459,22.64404296875
9146626,30.94482421875
9153711,20.32470703125
9153924,33.99658203125
9154123,29.541015625
9154449,14.6484375
9162239,20.32470703125
9162290,19.95849609375
9162440,21.91162109375
9162561,21.30126953125
9173240,18.12744140625
9173309,22.0947265625
9173454,31.3720703125
9183933,14.7705078125
9183980,17.578125
9183991,16.9677734375
9184025,14.6484375
9184051,14.95361328125
9184124,16.357421875
9184360,28.13720703125
9184475,22.88818359375
9196888,17.51708984375
9196938,15.5029296875
9196969,16.4794921875
9197022,18.6767578125
9197121,14.7705078125
9197154,30.94482421875
9197219,15.0146484375
9197397,30.76171875
9209948,16.41845703125
9209998,15.2587890625
9210060,14.892578125
9210109,16.4794921875
9210231,15.625
9210381,24.2919921875
9222310,19.4091796875
9222426,26.0009765625
9223348,20.99609375
9234876,17.15087890625
9234890,18.85986328125
9235070,17.2119140625
9235226,26.0009765625
9247182,15.07568359375
9247248,14.46533203125
9247350,14.46533203125
9247401,17.15087890625
9247545,22.94921875
9247555,15.56396484375
9247793,32.8369140625
9261706,14.46533203125
9261829,15.13671875
9261874,17.7001953125
9261954,16.11328125
9262107,30.09033203125
9262122,23.4375
9262285,16.6015625
9263288,15.19775390625
9274113,14.58740234375
9274256,16.41845703125
9274382,15.5029296875
9274454,15.56396484375
9274496,15.2587890625
9274738,24.0478515625
9274822,14.6484375
9274841,14.892578125
9291864,15.380859375
9292056,15.07568359375
9292242,29.23583984375
9310952,17.88330078125
9311053,14.46533203125
9311124,14.6484375
9311198,29.296875
9311292,15.625
9361465,16.9677734375
9361940,14.6484375
9361983,14.892578125
9362199,32.8369140625
9362465,30.09033203125
9362490,14.7705078125
9407861,14.70947265625
9408062,15.380859375
9450361,16.845703125
9450376,14.5263671875
9450426,15.5029296875
9450813,14.892578125
9450887,16.9677734375
9451312,31.31103515625
9452625,14.83154296875
9485821,14.70947265625
9485876,14.7705078125
9527021,18.6767578125
9527203,16.357421875
9527268,14.5263671875
9527486,15.0146484375
9528040,15.5029296875
9580284,15.2587890625
9580456,16.90673828125
9580662,14.70947265625
9580762,19.47021484375
9634148,17.51708984375
9634189,15.19775390625
9634420,18.06640625
9635570,14.46533203125
9639862,15.44189453125
9685854,16.6015625
9685921,15.9912109375
9686028,15.31982421875
9686222,15.80810546875
9686861,14.7705078125
9755459,15.5029296875
9755596,17.76123046875
9755786,14.83154296875
9755937,18.49365234375
9756347,16.78466796875
9756488,15.380859375
9756676,15.9912109375
9761037,17.4560546875
9830699,14.83154296875
9830771,16.2353515625
9830812,15.13671875
9831217,15.19775390625
9831276,16.7236328125
9831363,16.845703125
9831469,31.005859375
9831547,23.13232421875
9831680,28.86962890625
9831793,29.1748046875
9889040,19.10400390625
9889494,14.892578125
9889567,15.19775390625
9889621,14.6484375
9889695,19.47021484375
9889780,28.38134765625
9889830,50.47607421875
9889905,27.83203125
9889922,17.578125
9889990,30.2734375
9908620,18.00537109375
9908697,14.892578125
9909335,16.66259765625
9910018,35.5224609375
9910077,14.83154296875
9910200,16.05224609375
9910262,15.13671875
9910433,18.49365234375
9910531,28.38134765625
9910614,23.74267578125
9910701,27.52685546875
9910803,28.74755859375
9910979,30.57861328125
9955071,16.29638671875
9955141,18.49365234375
9955195,17.9443359375
9955218,14.58740234375
9955353,30.45654296875
9955380,28.74755859375
9955414,15.13671875
9955432,29.4189453125
9955486,28.3203125
9955545,22.27783203125
9955672,31.1279296875
9982970,18.06640625
9982998,16.357421875
9983045,14.892578125
9983177,17.2119140625
9983285,36.7431640625
9983302,16.90673828125
9983378,30.029296875
9983398,18.98193359375
9983434,34.72900390625
9983481,47.18017578125
9983543,22.4609375
9983678,26.18408203125
10032067,15.13671875
10032087,19.53125
10032144,16.7236328125
10032214,16.17431640625
10032308,29.052734375
10032328,23.0712890625
10032374,24.47509765625
10032385,31.06689453125
10032440,31.005859375
10032482,32.8369140625
10032590,20.5078125
10033068,23.8037109375
10110332,15.13671875
10110442,16.66259765625
10110561,14.70947265625
10110616,37.353515625
10110688,24.2919921875
10110712,20.93505859375
10110751,37.841796875
10110834,31.6162109375
10110889,14.83154296875
10166190,20.751953125
10166329,14.58740234375
10166382,19.22607421875
10166436,15.19775390625
10166945,16.78466796875
10166965,15.44189453125
10167043,18.06640625
10167056,25.81787109375
10167083,14.892578125
10167109,15.5029296875
10167166,17.76123046875
10167226,24.35302734375
10167287,26.67236328125
10225820,14.46533203125
10226401,15.5029296875
10226431,19.47021484375
10226519,23.8037109375
10226553,21.1181640625
10226606,23.3154296875
10226666,29.35791015625
10226743,21.42333984375
10226867,16.4794921875
10226957,33.75244140625
10227066,27.77099609375
10282615,15.0146484375
10282744,14.95361328125
10282788,16.66259765625
10283173,15.9912109375
10283294,14.892578125
10283307,15.5029296875
10283352,21.78955078125
10283393,15.5029296875
10283463,22.705078125
10283510,31.43310546875
10283584,29.052734375
10305433,15.5029296875
10305720,20.1416015625
10306074,33.02001953125
10306212,22.76611328125
10306383,21.17919921875
10306523,21.17919921875
10358843,19.1650390625
10359261,14.95361328125
10359369,14.7705078125
10359401,30.8837890625
10359501,27.77099609375
10359598,28.4423828125
10359706,23.25439453125
10410210,14.6484375
10410250,17.02880859375
10410293,17.4560546875
10410331,16.41845703125
10410478,14.892578125
10410556,18.00537109375
10410645,15.7470703125
10410781,15.19775390625
10410868,29.78515625
10410922,22.94921875
10411076,25.08544921875
10426410,14.46533203125
10434734,20.99609375
10435132,16.845703125
10435453,33.38623046875
10435702,25.2685546875
10463537,14.892578125
10463761,15.5029296875
10463908,16.41845703125
10463953,29.72412109375
10464178,22.3388671875
10501603,15.68603515625
10501687,16.05224609375
10502081,25.5126953125
10502240,28.25927734375
10532832,15.869140625
10532917,20.01953125
10533173,17.2119140625
10533257,15.56396484375
10533676,32.04345703125
10561859,14.70947265625
10562144,21.17919921875
10589168,16.66259765625
10589294,14.58740234375
10589408,18.12744140625
10589450,29.296875
10589564,25.81787109375
10589708,19.775390625
10612210,15.13671875
10612220,15.93017578125
10612306,15.869140625
10612350,17.2119140625
10612444,14.46533203125
10612463,31.43310546875
10612481,35.58349609375
10612579,26.91650390625
10612731,21.6064453125
10629017,14.46533203125
10629032,16.7236328125
10629259,14.892578125
10629363,35.70556640625
10629535,24.0478515625
10634684,15.80810546875
10634719,15.9912109375
10634812,14.6484375
10635167,24.23095703125
10642549,14.58740234375
10642568,14.70947265625
10642625,16.29638671875
10642714,14.5263671875
10642785,14.46533203125
10642815,18.00537109375
10642955,27.2216796875
10643152,25.146484375
10649972,14.7705078125
10650020,14.58740234375
10650107,14.83154296875
10650476,20.751953125
10656630,15.68603515625
10656713,17.08984375
10656879,15.2587890625
10657069,33.14208984375
10663481,14.7705078125
10663901,32.958984375
10669165,14.70947265625
10669191,17.333984375
10669856,31.67724609375
10669936,15.56396484375
10675717,15.31982421875
10675957,25.0244140625
10676136,24.169921875
10682728,14.892578125
10682802,16.6015625
10682890,15.44189453125
10682978,31.005859375
10687211,17.51708984375
10687287,16.4794921875
10692965,15.68603515625
10693219,14.892578125
10693589,34.0576171875
10697371,16.2353515625
10697996,25.0244140625
10704413,16.2353515625
10704469,17.15087890625
10704798,27.587890625
10710854,14.46533203125
10711156,14.83154296875
10716858,34.60693359375
10717093,35.15625
10724352,14.46533203125
10724690,26.06201171875
10725176,24.4140625
10732951,31.1279296875
10733513,34.60693359375
10742158,31.494140625
10742441,34.912109375
10751844,16.05224609375
10751927,14.70947265625
10752502,34.36279296875
10760015,15.19775390625
10760154,25.5126953125
10760602,34.72900390625
10769267,14.7705078125
10769369,14.5263671875
10769698,27.9541015625
10769899,30.57861328125
10779698,15.0146484375
10779725,15.0146484375
10780144,22.39990234375
10790643,15.869140625
10790658,15.31982421875
10790977,26.2451171875
10791107,29.96826171875
10801167,17.76123046875
10801253,16.11328125
10801683,22.94921875
10801894,31.005859375
10813133,16.17431640625
10813438,17.7001953125
10813548,15.2587890625
10813927,30.33447265625
10825918,15.7470703125
10825987,14.892578125
10826043,14.892578125
10826493,29.23583984375
10841411,14.95361328125
10841436,18.310546875
10841770,14.95361328125
10841782,24.47509765625
10858836,15.31982421875
10859016,17.51708984375
10859100,16.4794921875
10963644,15.56396484375
10964237,23.5595703125
11025228,27.7099609375
11065978,14.6484375
11066366,29.6630859375
11066678,25.69580078125
11101693,14.7705078125
11102959,27.587890625
11108598,14.58740234375
11109487,18.61572265625
11155463,17.63916015625
11160543,16.2353515625
11161100,32.5927734375
11161390,24.4140625
11207895,15.19775390625
11207945,18.00537109375
11208391,15.13671875
11208664,15.0146484375
11294801,16.66259765625
11296402,15.68603515625
11300303,14.46533203125
11300384,14.58740234375
11322690,15.13671875
11322919,14.7705078125
11322952,14.58740234375
11328269,15.68603515625
11328367,16.29638671875
11352488,19.22607421875
11352734,18.1884765625
11352953,17.4560546875
11353442,29.78515625
11386910,17.39501953125
11387089,17.39501953125
11387219,14.5263671875
11393173,15.31982421875
11393343,15.68603515625
11438191,20.32470703125
11438596,15.5029296875
11468743,16.54052734375
11468914,14.5263671875
11468998,18.1884765625
11469139,16.78466796875
11469279,15.80810546875
11501395,14.892578125
11501496,16.90673828125
11501644,16.9677734375
11501809,29.23583984375
11501867,29.9072265625
11501932,18.6767578125
11539668,14.7705078125
11539728,17.08984375
11539861,16.29638671875
11540019,19.8974609375
11540214,19.22607421875
11540260,15.625
11540339,26.55029296875
11540404,22.0947265625
11540552,32.2265625
11573746,16.7236328125
11574097,18.310546875
11574149,14.892578125
11574176,20.01953125
11574216,19.8974609375
11574325,37.04833984375
11574337,16.17431640625
11574396,30.6396484375
11574460,22.3388671875
11574565,19.04296875
11574726,33.935546875
11606984,19.34814453125
11607035,16.357421875
11607081,23.98681640625
11607255,34.0576171875
11607305,33.935546875
11607362,21.42333984375
11607447,19.59228515625
11627058,14.58740234375
11627386,16.7236328125
11627415,16.54052734375
11627483,27.099609375
11627515,14.7705078125
11627555,33.50830078125
11627649,26.7333984375
11627704,28.6865234375
11627981,21.30126953125
11645619,17.15087890625
11645638,15.80810546875
11645772,14.46533203125
11645834,15.19775390625
11645922,14.83154296875
11645979,16.29638671875
11646020,36.4990234375
11646061,18.85986328125
11646080,14.95361328125
11646101,24.35302734375
11646137,26.9775390625
11646194,22.8271484375
11646263,23.49853515625
11646330,21.728515625
11646425,28.62548828125
11646576,23.74267578125
11690731,17.4560546875
11690838,17.88330078125
11690855,14.6484375
11690936,15.13671875
11691033,15.2587890625
11691259,14.83154296875
11691326,14.7705078125
11691391,14.5263671875
11691407,29.35791015625
11691454,30.029296875
11691495,27.83203125
11691546,30.09033203125
11691621,29.84619140625
11691789,29.96826171875
11727341,15.869140625
11727401,14.892578125
11727494,15.9912109375
11727608,15.9912109375
11727715,14.46533203125
11727827,28.86962890625
11727847,16.4794921875
11727907,25.08544921875
11727977,29.78515625
11728004,21.66748046875
11728085,27.64892578125
11728186,29.78515625
11767464,17.333984375
11767676,16.41845703125
11767692,15.869140625
11767735,15.31982421875
11767748,41.015625
11767764,14.70947265625
11767809,25.08544921875
11767825,19.4091796875
11767852,29.23583984375
11767892,19.83642578125
11767905,16.90673828125
11768017,22.216796875
11803450,14.6484375
11803530,20.263671875
11803667,14.5263671875
11803682,17.51708984375
11803710,26.2451171875
11803739,14.58740234375
11803769,20.56884765625
11803821,28.62548828125
11803885,23.74267578125
11803926,25.390625
11803947,15.19775390625
11804096,34.0576171875
11842179,15.7470703125
11842204,16.66259765625
11842397,17.7001953125
11842432,14.83154296875
11842502,15.380859375
11842560,25.146484375
11842659,37.4755859375
11842730,25.634765625
11842821,29.4189453125
11877222,15.31982421875
11877405,15.93017578125
11877490,15.07568359375
11877565,14.892578125
11877789,29.23583984375
11877813,14.46533203125
11877842,28.564453125
11877872,26.85546875
11877891,14.70947265625
11877945,30.57861328125
11878008,26.67236328125
11915685,18.73779296875
11915766,14.5263671875
11915818,16.17431640625
11915858,19.04296875
11915900,15.93017578125
11915930,23.86474609375
11915955,23.01025390625
11915987,33.69140625
11916014,21.78955078125
11916047,23.0712890625
11916075,17.08984375
11916114,18.06640625
11941168,15.31982421875
11941244,14.7705078125
11941293,14.70947265625
11941439,30.2734375
11941506,25.57373046875
11941547,28.01513671875
11941577,16.05224609375
11941591,51.08642578125
11941664,25.45166015625
11941702,27.52685546875
11980442,16.4794921875
11980560,14.46533203125
11980633,16.78466796875
11980707,15.44189453125
11980920,15.07568359375
11980952,18.12744140625
11980969,30.94482421875
11981013,28.01513671875
11981043,15.31982421875
11981071,23.0712890625
11981096,18.9208984375
11981140,22.4609375
11981224,19.53125
11981411,21.240234375
12021808,20.5078125
12022153,15.07568359375
12022256,14.95361328125
12022311,23.25439453125
12022366,31.79931640625
12022463,26.91650390625
12022552,33.38623046875
12022634,28.62548828125
12051161,14.7705078125
12051251,14.70947265625
12051693,17.88330078125
12051768,31.31103515625
12051858,27.099609375
12051956,24.10888671875
12052109,21.42333984375
12089633,15.625
12089802,14.70947265625
12089855,16.357421875
12089996,15.07568359375
12090014,16.41845703125
12090104,14.46533203125
12090149,16.05224609375
12090188,15.869140625
12090221,29.1748046875
12090315,15.2587890625
12090352,33.26416015625
12090431,30.6396484375
12090549,33.26416015625
12123183,14.83154296875
12123254,16.357421875
12123389,39.12353515625
12123517,22.27783203125
12123615,31.55517578125
12123714,28.9306640625
12161437,17.15087890625
12161696,14.58740234375
12161983,21.17919921875
12162202,30.21240234375
12195690,14.46533203125
12196212,29.84619140625
12225694,15.2587890625
12225906,19.83642578125
12225922,15.80810546875
12225986,14.6484375
12226372,14.70947265625
12257410,15.380859375
12257595,16.11328125
12257782,15.31982421875
12257951,30.029296875
12258088,16.90673828125
12258213,30.09033203125
12287188,14.46533203125
12319528,14.46533203125
12319660,15.44189453125
12319698,16.7236328125
12319737,15.0146484375
12319849,18.73779296875
12319954,15.7470703125
12320019,14.46533203125
12320101,28.564453125
12345939,15.2587890625
12346059,14.95361328125
12346123,14.6484375
12346208,19.95849609375
12346333,17.08984375
12350904,15.56396484375
12351194,16.41845703125
12391396,16.7236328125
12391471,15.13671875
12391495,15.56396484375
12391549,15.0146484375
12391569,14.46533203125
12391595,16.05224609375
12391678,15.380859375
12391903,30.8837890625
12397698,15.869140625
12397712,18.85986328125
12398498,14.5263671875
12406268,14.95361328125
12406394,17.51708984375
12406746,32.470703125
12414603,14.6484375
12414673,16.90673828125
12414766,15.625
12414807,15.93017578125
12422881,14.5263671875
12422898,16.4794921875
12422923,17.4560546875
12422976,20.1416015625
12423004,16.29638671875
12423068,17.15087890625
12423422,23.0712890625
12430823,15.31982421875
12430941,14.5263671875
12430973,14.46533203125
12431254,35.46142578125
12439156,15.93017578125
12439507,30.76171875
12439653,15.07568359375
12448016,14.58740234375
12448056,14.6484375
12448091,14.46533203125
12448322,24.84130859375
12448499,16.17431640625
12456319,16.11328125
12456342,15.13671875
12456576,32.470703125
12456819,23.0712890625
12465105,27.4658203125
12472969,14.83154296875
12473052,17.08984375
12483746,15.0146484375
12483786,18.4326171875
12484104,17.9443359375
12497117,16.845703125
12497204,15.625
12497296,18.61572265625
12497917,16.05224609375
12508842,15.380859375
12508986,16.66259765625
12509288,26.79443359375
12509355,14.83154296875
12531137,14.83154296875
12531165,14.70947265625
12531216,16.11328125
12531277,15.44189453125
12531307,17.39501953125
12531360,21.728515625
12601772,15.44189453125
12601876,17.08984375
12601891,16.2353515625
12601963,15.13671875
12602065,27.52685546875
12602078,14.83154296875
12602223,30.2734375
12602344,21.17919921875
12646415,18.49365234375
12646471,18.73779296875
12646510,15.5029296875
12646537,14.70947265625
12646611,15.19775390625
12646633,16.29638671875
12646672,15.13671875
12646688,32.89794921875
12646788,25.69580078125
12646885,20.81298828125
12646999,20.751953125
12664453,16.6015625
12664502,16.2353515625
12664772,25.87890625
12664847,28.076171875
12665069,31.1279296875
12711800,15.80810546875
12711863,14.83154296875
12712005,14.46533203125
12712300,24.59716796875
12712365,15.13671875
12712380,14.83154296875
12712441,17.2119140625
12712497,28.86962890625
12712573,29.72412109375
12712639,34.423828125
12712720,20.8740234375
12712786,31.43310546875
12751235,15.13671875
12751272,17.02880859375
12751381,16.7236328125
12751407,14.83154296875
12751496,31.55517578125
12751535,16.90673828125
12751581,33.14208984375
12751676,27.89306640625
12751727,21.3623046875
12751844,22.94921875
12752017,29.47998046875
12752277,24.35302734375
12785766,16.54052734375
12786164,15.625
12786216,15.0146484375
12786288,17.27294921875
12786309,26.91650390625
12786357,15.93017578125
12786412,20.751953125
12786478,17.39501953125
12786562,31.67724609375
12786679,23.4375
12786773,27.03857421875
12822409,18.73779296875
12822443,17.4560546875
12822631,15.9912109375
12822652,30.6396484375
12822680,14.5263671875
12822753,24.35302734375
12822786,15.9912109375
12822820,25.634765625
12822873,22.39990234375
12822951,30.6396484375
12823067,22.52197265625
12823345,29.052734375
12855803,15.07568359375
12855887,15.625
12856175,15.2587890625
12856251,15.44189453125
12856294,19.34814453125
12856339,15.869140625
12856364,16.66259765625
12856385,14.892578125
12856398,14.46533203125
12856432,31.982421875
12856511,26.85546875
12856605,31.43310546875
12856761,27.16064453125
12856858,20.69091796875
12895703,14.892578125
12895907,15.31982421875
12895961,16.54052734375
12896033,16.11328125
12896062,15.31982421875
12896093,19.1650390625
12896121,20.93505859375
12896163,14.6484375
12896194,32.04345703125
12896280,25.87890625
12896384,28.80859375
12896472,19.4091796875
12896529,24.71923828125
12896688,30.09033203125
12896780,30.029296875
12934080,15.2587890625
12934445,16.90673828125
12934495,14.95361328125
12934529,14.95361328125
12934568,15.9912109375
12934600,19.83642578125
12934652,34.0576171875
12934698,15.44189453125
12934747,27.7099609375
12934804,27.40478515625
12934878,28.076171875
12934971,25.7568359375
12935080,24.658203125
12971790,16.9677734375
12971812,14.46533203125
12971879,18.85986328125
12971899,16.7236328125
12971922,15.5029296875
12971978,15.19775390625
12971991,28.3203125
12972077,27.9541015625
12972101,24.0478515625
12972153,32.958984375
12972200,14.892578125
12972220,32.04345703125
12972296,30.029296875
12972386,30.517578125
12972690,30.3955078125
13008662,14.5263671875
13008904,17.76123046875
13008949,14.7705078125
13009051,15.68603515625
13009083,27.7099609375
13009122,15.5029296875
13009153,36.376953125
13009230,25.81787109375
13009333,26.7333984375
13009394,24.96337890625
13009621,32.2265625
13009743,34.0576171875
13047080,14.70947265625
13047246,14.70947265625
13047286,15.07568359375
13047371,14.892578125
13047450,21.30126953125
13047463,15.07568359375
13047558,24.169921875
13047615,27.9541015625
13047660,33.14208984375
13047750,28.076171875
13047820,31.1279296875
13048019,29.96826171875
13070848,16.90673828125
13070976,19.775390625
13071057,15.869140625
13071120,15.2587890625
13071179,30.517578125
13071287,24.47509765625
13071423,28.86962890625
13071518,24.4140625
13071720,33.38623046875
13071951,23.0712890625
13108554,14.70947265625
13108575,17.2119140625
13108712,15.0146484375
13108788,14.6484375
13108811,17.15087890625
13108850,18.24951171875
13108953,37.841796875
13108994,17.27294921875
13109024,26.4892578125
13109074,15.19775390625
13109097,24.658203125
13109222,24.7802734375
13109286,25.20751953125
13109369,24.7802734375
13109731,34.912109375
13140707,15.68603515625
13140894,16.05224609375
13141014,15.31982421875
13141069,15.07568359375
13141139,21.54541015625
13141151,18.00537109375
13141181,23.8037109375
13141256,25.2685546875
13141335,21.240234375
13141384,24.90234375
13141497,22.8271484375
13174381,16.54052734375
13174649,15.625
13174675,14.5263671875
13174715,16.2353515625
13174748,18.5546875
13174856,15.19775390625
13174893,16.41845703125
13175026,15.56396484375
13175058,32.28759765625
13175154,21.6064453125
13175249,33.63037109375
13175327,23.681640625
13175524,23.37646484375
13205950,17.88330078125
13206029,17.9443359375
13206070,16.66259765625
13206177,26.18408203125
13206244,27.2216796875
13206296,30.94482421875
13206377,23.01025390625
13206619,28.38134765625
13242201,18.73779296875
13242275,17.08984375
13242337,15.13671875
13242463,14.58740234375
13242507,16.66259765625
13242559,36.0107421875
13242605,14.70947265625
13242628,15.7470703125
13242677,19.10400390625
13242746,32.40966796875
13242821,30.57861328125
13242909,21.1181640625
13276454,16.6015625
13276497,15.9912109375
13276522,16.6015625
13276592,17.76123046875
13276602,24.23095703125
13276645,19.95849609375
13276675,27.9541015625
13276742,20.1416015625
13276800,25.390625
13276924,26.9775390625
13276983,21.6064453125
13305657,14.46533203125
13305688,15.7470703125
13305769,18.310546875
13305804,19.59228515625
13305839,15.380859375
13305874,15.19775390625
13305902,14.95361328125
13305952,30.76171875
13305983,20.44677734375
13306036,27.7099609375
13306056,16.357421875
13306163,27.77099609375
13306337,26.85546875
13338957,14.5263671875
13339159,17.27294921875
13339207,17.51708984375
13339309,14.58740234375
13339445,26.67236328125
13339503,28.38134765625
13339651,24.47509765625
13339750,25.5126953125
13372137,15.56396484375
13372244,15.2587890625
13372294,14.6484375
13372487,19.53125
13372516,15.19775390625
13372536,15.2587890625
13372576,16.41845703125
13372627,30.21240234375
13372697,23.74267578125
13372773,35.15625
13372888,21.30126953125
13401467,15.19775390625
13401536,16.357421875
13401599,15.80810546875
13401610,16.6015625
13401706,14.6484375
13401745,14.95361328125
13401792,30.21240234375
13401849,26.55029296875
13401902,31.494140625
13401988,22.4609375
13402172,22.88818359375
13437387,17.63916015625
13437463,15.07568359375
13437508,20.3857421875
13437564,16.54052734375
13437645,15.19775390625
13437667,23.5595703125
13437687,15.31982421875
13437755,16.11328125
13437815,30.70068359375
13437915,23.193359375
13462971,15.19775390625
13463057,21.1181640625
13463110,14.6484375
13463210,15.93017578125
13463238,15.2587890625
13463259,16.05224609375
13463271,31.6162109375
13463313,16.17431640625
13463341,23.74267578125
13463497,29.84619140625
13463599,26.79443359375
13498893,15.93017578125
13498973,17.76123046875
13499159,18.1884765625
13499322,24.5361328125
13499490,27.9541015625
13529841,14.58740234375
13530142,16.17431640625
13530259,20.1416015625
13530351,18.49365234375
13530434,23.4375
13530532,21.6064453125
13530606,27.4658203125
13530682,30.517578125
13557309,16.11328125
13557430,18.9208984375
13557497,16.17431640625
13557530,19.95849609375
13557581,20.8740234375
13557690,33.75244140625
13557762,24.7802734375
13557966,20.99609375
13588280,14.7705078125
13588436,15.07568359375
13588498,15.56396484375
13588570,24.4140625
13588608,17.39501953125
13588716,27.9541015625
13588853,30.029296875
13588971,25.87890625
13616760,18.798828125
13616892,16.17431640625
13616997,17.39501953125
13617049,16.78466796875
13617067,14.70947265625
13617094,28.1982421875
13617141,15.7470703125
13617212,19.04296875
13617349,28.4423828125
13646837,15.80810546875
13646895,15.56396484375
13646931,17.51708984375
13647094,14.6484375
13647143,15.07568359375
13647168,17.15087890625
13647243,14.95361328125
13647256,16.17431640625
13647304,23.25439453125
13647403,22.39990234375
13647492,27.2216796875
13647749,20.56884765625
13677367,16.6015625
13677397,16.2353515625
13677445,14.892578125
13677485,16.05224609375
13677538,16.9677734375
13677553,16.66259765625
13677729,18.49365234375
13677757,49.01123046875
13677793,15.19775390625
13677825,22.76611328125
13677878,23.3154296875
13677954,28.9306640625
13693873,15.0146484375
13694142,15.5029296875
13694245,15.56396484375
13694270,28.99169921875
13694384,32.470703125
13694443,23.74267578125
13729671,18.4326171875
13729747,16.2353515625
13729772,17.4560546875
13729873,15.5029296875
13729908,17.51708984375
13729939,15.44189453125
13729961,30.45654296875
13729974,18.49365234375
13730016,35.09521484375
13730090,18.00537109375
13730163,22.27783203125
13730303,23.37646484375
13758969,18.5546875
13758979,18.73779296875
13759029,15.380859375
13759071,15.68603515625
13759106,19.287109375
13759117,16.357421875
13759142,23.74267578125
13759163,28.86962890625
13759179,21.42333984375
13759217,22.4609375
13759246,28.25927734375
13759302,23.13232421875
13759369,21.484375
13759430,22.03369140625
13759444,14.83154296875
13759525,26.18408203125
13759536,16.357421875
13786908,20.81298828125
13786948,19.47021484375
13787013,19.34814453125
13787037,15.0146484375
13787047,31.25
13787059,15.44189453125
13787092,23.8037109375
13787118,14.70947265625
13787132,16.78466796875
13787196,26.85546875
13787252,31.31103515625
13787315,35.7666015625
13787371,29.1748046875
13787469,22.15576171875
13787484,25.87890625
13787559,16.05224609375
13812699,15.31982421875
13812731,15.68603515625
13812761,23.86474609375
13812806,22.27783203125
13812841,21.484375
13812900,16.7236328125
13812923,28.564453125
13812962,24.47509765625
13813006,18.98193359375
13813054,20.32470703125
13813117,23.193359375
13813130,14.6484375
13813189,18.73779296875
13840694,15.869140625
13840833,15.80810546875
13840951,24.59716796875
13840996,25.93994140625
13841018,25.81787109375
13841093,14.58740234375
13841111,29.4189453125
13841195,29.84619140625
13841244,15.19775390625
13841262,17.08984375
13841361,25.0244140625
13878984,16.54052734375
13879051,17.15087890625
13879165,16.4794921875
13879181,20.56884765625
13879217,26.9775390625
13879254,21.54541015625
13879283,15.68603515625
13879293,27.03857421875
13879356,34.24072265625
13879423,24.7802734375
13879452,14.892578125
13879477,21.17919921875
13879619,27.83203125
13924883,21.6064453125
13924894,14.95361328125
13924931,15.31982421875
13925023,22.39990234375
13925062,23.98681640625
13925099,17.76123046875
13925121,15.19775390625
13925154,34.24072265625
13925182,14.70947265625
13925210,24.7802734375
13925278,28.62548828125
13925326,28.50341796875
13925741,23.4375
13969596,18.00537109375
13969627,23.3154296875
13969674,19.287109375
13969709,16.41845703125
13969721,21.728515625
13969773,16.9677734375
13969806,34.85107421875
13969891,31.18896484375
13969986,34.24072265625
14014608,14.5263671875
14014688,14.7705078125
14014809,17.2119140625
14014855,15.07568359375
14014880,28.62548828125
14014918,15.44189453125
14014983,16.29638671875
14015054,16.9677734375
14015065,33.87451171875
14015131,27.4658203125
14015199,27.03857421875
14015302,32.71484375
14059687,15.0146484375
14059746,16.11328125
14059909,16.357421875
14060004,14.70947265625
14060042,20.3857421875
14060083,19.10400390625
14060113,31.18896484375
14060161,17.4560546875
14060204,27.52685546875
14060265,27.2216796875
14060671,21.91162109375
14081942,14.46533203125
14082047,15.07568359375
14082369,15.44189453125
14082406,24.35302734375
14082437,14.58740234375
14082463,19.8974609375
14082512,17.9443359375
14082547,30.2734375
14082640,31.67724609375
14082735,27.03857421875
14082822,25.2685546875
14083089,32.8369140625
14140706,16.78466796875
14140999,15.5029296875
14141061,15.13671875
14141097,15.93017578125
14141143,22.8271484375
14141190,18.1884765625
14141250,15.31982421875
14141306,30.45654296875
14141350,21.05712890625
14141384,29.96826171875
14141438,24.5361328125
14155128,14.83154296875
14186520,15.5029296875
14186532,15.93017578125
14186606,15.9912109375
14186738,17.27294921875
14186808,21.54541015625
14186868,20.08056640625
14186893,15.380859375
14186915,19.10400390625
14186956,16.11328125
14186979,18.98193359375
14187029,23.25439453125
14187139,20.20263671875
14202142,14.70947265625
14234292,16.845703125
14234367,14.70947265625
14234778,15.19775390625
14234942,31.1279296875
14234958,23.193359375
14235030,20.01953125
14235118,30.1513671875
14235194,23.98681640625
14281707,15.7470703125
14281738,20.01953125
14281801,28.25927734375
14282002,26.67236328125
14325979,15.93017578125
14326140,15.625
14326213,16.357421875
14363224,19.22607421875
14363385,16.9677734375
14363764,29.6630859375
