11999000,0
142556,23.49853515625
142632,20.5078125
142728,22.8271484375
142792,21.91162109375
142893,20.20263671875
142965,21.240234375
143486,22.64404296875
143689,17.4560546875
143831,21.78955078125
143951,22.94921875
144114,20.263671875
144318,24.10888671875
144461,24.10888671875
144645,24.10888671875
144904,26.7333984375
145123,22.5830078125
145407,28.25927734375
145547,22.4609375
145837,21.97265625
146417,25.390625
292904,21.3623046875
292997,24.59716796875
293073,24.5361328125
293141,21.30126953125
293231,24.2919921875
293323,23.8037109375
293498,20.44677734375
293955,21.42333984375
294080,23.5595703125
294163,26.67236328125
294289,21.728515625
294451,21.3623046875
294589,23.98681640625
294755,20.3857421875
294983,18.4326171875
295240,19.6533203125
295484,21.97265625
295625,23.3154296875
295928,20.6298828125
296400,23.01025390625
438753,24.47509765625
438849,24.7802734375
438956,24.96337890625
439040,20.6298828125
439128,25.390625
439236,22.705078125
439643,18.61572265625
440080,23.62060546875
440283,26.4892578125
440430,23.5595703125
440628,22.64404296875
440812,19.22607421875
441028,21.54541015625
441413,24.5361328125
441626,24.0478515625
441908,25.20751953125
609059,23.3154296875
609145,24.71923828125
609229,22.39990234375
609309,21.54541015625
609388,21.66748046875
609505,22.5830078125
609642,22.94921875
610079,22.216796875
610276,29.4189453125
610391,22.52197265625
610582,23.193359375
610837,19.53125
611202,21.17919921875
611564,20.44677734375
611713,25.146484375
612346,20.6298828125
772835,26.7333984375
772921,24.658203125
772990,25.81787109375
773066,25.2685546875
773134,23.01025390625
773257,25.634765625
773369,26.30615234375
773803,21.484375
773962,26.7333984375
774137,20.5078125
774237,23.62060546875
774494,18.73779296875
774588,19.95849609375
774689,22.705078125
774912,22.8271484375
775259,24.47509765625
775527,17.2119140625
776004,20.751953125
932873,21.6064453125
932960,24.35302734375
933055,23.62060546875
933122,23.8037109375
933201,24.71923828125
933296,20.99609375
933476,23.13232421875
933996,29.6630859375
934147,23.62060546875
934339,18.4326171875
934488,22.64404296875
934691,25.32958984375
934868,21.78955078125
935054,23.193359375
935305,23.5595703125
935746,20.44677734375
936023,23.49853515625
936795,19.775390625
1096921,21.30126953125
1097022,22.27783203125
1097092,23.01025390625
1097189,20.44677734375
1097263,23.86474609375
1097375,25.08544921875
1097880,25.20751953125
1098082,21.728515625
1098222,28.076171875
1098343,23.74267578125
1098652,18.5546875
1098805,21.3623046875
1099198,23.681640625
1099429,23.49853515625
1099623,24.7802734375
1100094,18.37158203125
1100357,23.5595703125
1257045,24.90234375
1257148,23.92578125
1257227,23.13232421875
1257295,24.71923828125
1257377,19.04296875
1257441,21.728515625
1257519,25.57373046875
1258071,19.287109375
1258172,18.37158203125
1258295,16.6015625
1258404,18.61572265625
1258495,21.78955078125
1258659,20.1416015625
1258764,22.3388671875
1259193,20.93505859375
1259527,22.52197265625
1259853,28.62548828125
1260531,23.49853515625
1416770,25.69580078125
1416903,24.35302734375
1416967,21.3623046875
1417034,24.59716796875
1417105,26.0009765625
1417179,24.90234375
1417320,18.73779296875
1417654,24.169921875
1417924,23.0712890625
1418057,23.37646484375
1418211,22.64404296875
1418333,23.5595703125
1418501,19.83642578125
1418721,24.47509765625
1418861,26.123046875
1419118,17.578125
1419499,17.88330078125
1419698,22.76611328125
1420121,24.47509765625
1420762,21.3623046875
1613210,27.83203125
1613293,17.822265625
1613373,19.1650390625
1613434,20.8740234375
1613512,25.20751953125
1613590,22.5830078125
1613753,16.90673828125
1613823,24.2919921875
1614080,22.76611328125
1614287,23.3154296875
1614386,23.49853515625
1614557,23.4375
1614793,26.30615234375
1614930,20.6298828125
1615120,23.193359375
1615400,22.52197265625
1615672,21.66748046875
1615818,23.0712890625
1616396,19.59228515625
1616769,22.216796875
1617352,19.8974609375
1849421,22.64404296875
1849478,18.73779296875
1849512,21.484375
1849576,24.96337890625
1849641,26.06201171875
1849712,23.0712890625
1849819,21.54541015625
1850043,20.56884765625
1850336,22.3388671875
1850598,21.30126953125
1850686,23.681640625
1850872,21.728515625
1851005,20.01953125
1851225,19.4091796875
1851429,17.39501953125
1851634,20.93505859375
1851868,19.287109375
1852219,21.78955078125
1852420,18.9208984375
1852639,23.37646484375
1852789,24.59716796875
1853194,20.69091796875
2029678,19.59228515625
2029775,17.4560546875
2029887,18.4326171875
2029952,27.40478515625
2030022,16.9677734375
2030603,22.39990234375
2030786,25.5126953125
2030898,18.798828125
2030951,21.66748046875
2031039,23.193359375
2031146,22.94921875
2031293,18.37158203125
2031428,16.66259765625
2031540,25.57373046875
2031696,17.7001953125
2031837,21.6064453125
2032211,21.05712890625
2032475,20.32470703125
2032651,20.5078125
2033100,19.34814453125
2033716,18.5546875
2254626,17.39501953125
2254723,20.751953125
2254796,21.728515625
2254855,21.30126953125
2254935,24.10888671875
2255028,16.845703125
2255525,24.10888671875
2255680,22.64404296875
2255829,28.01513671875
2255972,20.08056640625
2256173,23.0712890625
2256354,22.88818359375
2256577,25.0244140625
2256692,25.20751953125
2256967,22.15576171875
2257214,26.7333984375
2257356,25.2685546875
2257731,23.92578125
2258355,22.64404296875
2444497,23.25439453125
2444616,24.10888671875
2444690,24.10888671875
2444754,25.32958984375
2444822,28.86962890625
2444906,24.90234375
2444988,23.92578125
2445579,24.7802734375
2445717,26.4892578125
2445870,20.93505859375
2445999,28.01513671875
2446216,25.390625
2446500,20.751953125
2446686,22.8271484375
2447109,25.0244140625
2447448,21.3623046875
2447694,20.751953125
2448079,21.97265625
2448652,23.13232421875
2622885,18.310546875
2623005,20.01953125
2623032,16.6015625
2623106,22.76611328125
2623190,21.8505859375
2623286,26.9775390625
2623423,25.634765625
2623949,23.92578125
2624133,18.61572265625
2624231,22.39990234375
2624334,24.169921875
2624533,21.97265625
2624655,18.49365234375
2624822,22.0947265625
2624944,23.13232421875
2625110,27.9541015625
2625310,27.16064453125
2625473,17.39501953125
2625484,22.5830078125
2625841,18.12744140625
2626009,20.99609375
2626456,23.25439453125
2801123,29.052734375
2801224,26.91650390625
2801310,26.0009765625
2801386,21.54541015625
2801455,24.47509765625
2801527,25.45166015625
2801665,26.30615234375
2802040,23.13232421875
2802273,22.64404296875
2802440,24.59716796875
2802612,21.240234375
2802867,19.22607421875
2803072,23.25439453125
2803423,18.310546875
2803526,20.44677734375
2803757,23.13232421875
2803921,17.15087890625
2804226,17.2119140625
2804320,20.32470703125
2804756,24.90234375
3006840,20.56884765625
3006938,20.99609375
3007006,21.66748046875
3007068,26.18408203125
3007150,21.30126953125
3007271,21.54541015625
3007436,22.76611328125
3007584,24.4140625
3007885,21.484375
3008219,22.03369140625
3008377,19.04296875
3008551,19.10400390625
3008677,24.5361328125
3008819,19.6533203125
3009019,20.99609375
3009204,22.27783203125
3009366,23.0712890625
3009539,23.5595703125
3009917,21.240234375
3010380,23.74267578125
3010879,18.9208984375
3011279,22.88818359375
3270290,23.74267578125
3270372,20.5078125
3270455,22.03369140625
3270519,22.03369140625
3270614,26.85546875
3270711,22.88818359375
3270874,21.91162109375
3271165,18.6767578125
3271369,23.13232421875
3271492,21.6064453125
3271577,24.7802734375
3271724,25.45166015625
3271903,21.91162109375
3272054,24.47509765625
3272137,24.35302734375
3272266,18.9208984375
3272517,25.69580078125
3272705,23.74267578125
3272883,18.24951171875
3273009,20.99609375
3273165,18.61572265625
3273647,19.8974609375
3273908,19.775390625
3274316,23.01025390625
3274937,18.5546875
3473349,23.193359375
3473433,26.7333984375
3473533,19.34814453125
3473651,22.8271484375
3473733,24.84130859375
3473801,23.3154296875
3474124,23.25439453125
3474447,22.0947265625
3474671,21.97265625
3474802,23.62060546875
3474928,21.30126953125
3475063,19.10400390625
3475207,26.4892578125
3475356,21.42333984375
3475493,24.84130859375
3475899,18.98193359375
3476055,20.81298828125
3476300,21.3623046875
3476518,23.01025390625
3477066,19.6533203125
3685986,24.5361328125
3686075,21.728515625
3686135,18.5546875
3686146,24.0478515625
3686206,24.7802734375
3686274,26.67236328125
3686346,19.59228515625
3686446,19.47021484375
3686613,23.13232421875
3686858,21.3623046875
3687109,28.38134765625
3687258,23.4375
3687364,19.4091796875
3687586,25.2685546875
3687733,24.90234375
3687949,25.0244140625
3688074,20.8740234375
3688325,20.5078125
3688686,19.22607421875
3688922,19.34814453125
3689331,22.4609375
3689596,19.6533203125
3690019,26.611328125
3913099,22.03369140625
3913184,31.8603515625
3913251,22.5830078125
3913344,23.74267578125
3913420,23.4375
3913494,20.01953125
3913655,17.4560546875
3913818,23.74267578125
3913834,16.54052734375
3914027,18.6767578125
3914187,21.240234375
3914272,23.37646484375
3914408,26.06201171875
3914605,22.5830078125
3914720,18.98193359375
3914949,25.87890625
3915196,22.64404296875
3915295,20.99609375
3915493,23.92578125
3915736,18.24951171875
3916019,25.146484375
3916295,23.0712890625
3916623,22.0947265625
3917040,21.3623046875
4187369,19.775390625
4187455,24.7802734375
4187517,22.64404296875
4187575,25.2685546875
4187641,23.193359375
4187727,19.1650390625
4187839,20.263671875
4188332,21.54541015625
4188434,24.7802734375
4188622,21.6064453125
4188736,20.81298828125
4188822,24.2919921875
4188958,23.3154296875
4189175,21.30126953125
4189366,17.333984375
4189527,20.01953125
4189779,21.54541015625
4189944,23.37646484375
4190198,24.658203125
4190346,25.08544921875
4190876,22.4609375
4191128,24.71923828125
4191881,20.6298828125
4373431,24.71923828125
4373530,26.06201171875
4373628,23.193359375
4373688,24.59716796875
4373755,28.3203125
4373843,21.8505859375
4373991,18.9208984375
4374436,22.4609375
4374519,16.54052734375
4374588,21.240234375
4374782,19.47021484375
4374874,25.20751953125
4374976,24.658203125
4375106,18.00537109375
4375267,16.7236328125
4375511,19.8974609375
4375641,20.263671875
4375894,25.08544921875
4376008,26.55029296875
4376282,20.20263671875
4376449,26.18408203125
4376922,25.08544921875
4377167,21.91162109375
4377390,21.1181640625
4377957,20.751953125
4609700,22.216796875
4609799,17.51708984375
4609862,27.77099609375
4609934,25.87890625
4609998,23.8037109375
4610060,22.216796875
4610526,17.333984375
4610635,20.81298828125
4610801,25.0244140625
4610918,27.28271484375
4611052,23.8037109375
4611182,21.484375
4611390,22.216796875
4611571,23.0712890625
4611731,21.91162109375
4611978,25.390625
4612102,20.32470703125
4612535,26.4892578125
4612893,23.193359375
4613440,25.20751953125
4613932,26.2451171875
4794791,22.64404296875
4794882,21.728515625
4794946,24.71923828125
4795031,25.7568359375
4795134,23.0712890625
4795285,29.052734375
4795513,24.84130859375
4795778,21.728515625
4795904,24.23095703125
4796051,24.84130859375
4796160,24.0478515625
4796283,23.74267578125
4796535,19.775390625
4796770,25.7568359375
4796940,18.49365234375
4797195,25.2685546875
4797333,21.54541015625
4797489,25.7568359375
4797988,25.32958984375
4798392,27.587890625
4988315,19.47021484375
4988336,18.06640625
4988405,23.193359375
4988471,26.611328125
4988529,20.69091796875
4988602,20.01953125
4988727,22.94921875
4988884,23.13232421875
4989042,22.705078125
4989170,20.1416015625
4989318,25.57373046875
4989412,16.54052734375
4989491,23.62060546875
4989679,19.8974609375
4989806,26.7333984375
4990035,17.76123046875
4990167,24.169921875
4990411,21.97265625
4990576,20.93505859375
4990755,23.0712890625
4991079,23.74267578125
4991325,24.35302734375
4991547,17.39501953125
4991667,18.61572265625
4991907,22.5830078125
5371449,27.34375
5371541,24.35302734375
5371619,20.81298828125
5371735,19.59228515625
5371849,19.10400390625
5372091,21.8505859375
5372488,25.93994140625
5372568,24.71923828125
5372706,25.81787109375
5372813,21.728515625
5372945,22.8271484375
5373110,21.1181640625
5373224,22.5830078125
5373590,25.57373046875
5373746,27.89306640625
5373981,19.6533203125
5374092,20.69091796875
5374322,19.95849609375
5374452,19.95849609375
5374734,20.8740234375
5374970,20.263671875
5375391,22.88818359375
5375709,20.32470703125
5552904,24.2919921875
5552995,24.23095703125
5553035,17.27294921875
5553078,20.8740234375
5553150,21.484375
5553213,23.01025390625
5553317,24.23095703125
5553615,19.53125
5553764,26.2451171875
5553925,19.83642578125
5554157,24.169921875
5554294,19.4091796875
5554403,26.9775390625
5554583,22.4609375
5554752,20.751953125
5554896,22.39990234375
5555176,25.57373046875
5555495,22.705078125
5555717,17.08984375
5555806,22.705078125
5556208,20.5078125
5556331,22.03369140625
5556513,20.44677734375
5556900,24.0478515625
5557441,22.5830078125
5759199,20.01953125
5759304,19.4091796875
5759395,19.83642578125
5759457,21.42333984375
5759741,21.8505859375
5760178,22.52197265625
5760317,22.94921875
5760397,24.71923828125
5760569,25.634765625
5760645,18.9208984375
5760792,22.15576171875
5760984,20.01953125
5761092,23.3154296875
5761214,25.69580078125
5761439,19.04296875
5761625,24.84130859375
5761826,23.5595703125
5762313,22.94921875
5762703,28.076171875
5763049,24.84130859375
5763299,17.333984375
6046880,25.634765625
6046954,23.25439453125
6047019,26.3671875
6047087,27.40478515625
6047155,26.4892578125
6047261,21.17919921875
6047760,24.84130859375
6047926,25.20751953125
6048024,23.25439453125
6048130,20.08056640625
6048316,26.4892578125
6048556,17.02880859375
6048720,22.52197265625
6048874,21.97265625
6049085,19.71435546875
6049198,24.35302734375
6049447,24.169921875
6049544,23.0712890625
6049973,22.27783203125
6050116,23.8037109375
6050297,25.32958984375
6050446,17.02880859375
6209746,28.80859375
6209816,28.13720703125
6209891,28.99169921875
6209953,23.62060546875
6210021,23.92578125
6210129,23.13232421875
6210271,27.52685546875
6210753,24.35302734375
6210890,16.845703125
6211073,20.5078125
6211183,19.47021484375
6211282,28.62548828125
6211485,27.40478515625
6211565,22.39990234375
6211863,24.59716796875
6212158,20.1416015625
6212356,19.53125
6212584,27.64892578125
6212786,19.775390625
6213012,24.84130859375
6213358,22.03369140625
6479914,18.310546875
6480007,21.97265625
6480068,18.00537109375
6480145,23.74267578125
6480257,19.8974609375
6480342,18.12744140625
6480707,23.86474609375
6480851,18.12744140625
6480989,23.681640625
6481128,23.0712890625
6481267,26.30615234375
6481453,19.6533203125
6481594,23.01025390625
6481784,22.216796875
6481963,24.90234375
6482263,29.4189453125
6482437,22.8271484375
6482799,22.39990234375
6482966,21.3623046875
6483118,24.5361328125
6483744,21.240234375
6484122,25.5126953125
6688868,27.52685546875
6688940,27.77099609375
6689009,25.7568359375
6689074,22.8271484375
6689139,16.41845703125
6689222,19.10400390625
6689347,21.484375
6689818,22.705078125
6689986,22.216796875
6690123,22.15576171875
6690219,23.193359375
6690328,19.4091796875
6690503,27.7099609375
6690648,20.263671875
6690856,24.169921875
6690984,21.97265625
6691151,19.4091796875
6691350,22.39990234375
6691495,24.90234375
6691747,19.8974609375
6691947,26.0009765625
6692123,20.6298828125
6692865,18.85986328125
6950372,30.76171875
6950468,24.658203125
6950563,26.06201171875
6950629,21.1181640625
6950693,24.84130859375
6950791,22.94921875
6950944,23.0712890625
6951300,18.00537109375
6951525,21.240234375
6951636,26.0009765625
6951726,21.484375
6951828,17.2119140625
6952043,23.01025390625
6952279,23.74267578125
6952412,24.658203125
6952610,24.90234375
6952814,18.4326171875
6952906,21.78955078125
6953018,22.64404296875
6953281,20.8740234375
6953380,22.52197265625
6953547,22.03369140625
6953887,17.88330078125
6954089,24.71923828125
7193842,23.98681640625
7193923,21.240234375
7193982,20.3857421875
7194052,23.62060546875
7194117,17.63916015625
7194203,21.42333984375
7194633,23.62060546875
7194794,21.728515625
7194920,24.0478515625
7195081,25.08544921875
7195237,26.4892578125
7195374,22.27783203125
7195507,18.00537109375
7195695,20.8740234375
7195846,24.0478515625
7196037,23.0712890625
7196225,26.9775390625
7196425,23.01025390625
7196652,20.93505859375
7196923,20.20263671875
7197334,22.39990234375
7393550,27.34375
7393652,19.775390625
7393728,22.5830078125
7393793,19.83642578125
7393851,25.5126953125
7393941,22.8271484375
7394066,19.53125
7394610,22.5830078125
7394743,17.76123046875
7394843,21.91162109375
7394962,19.47021484375
7395127,27.2216796875
7395410,17.88330078125
7395531,25.32958984375
7395746,19.04296875
7395973,22.27783203125
7396187,22.216796875
7396387,18.6767578125
7396762,26.9775390625
7397125,22.52197265625
7397939,26.18408203125
7649110,23.4375
7649178,32.04345703125
7649256,21.66748046875
7649334,24.96337890625
7649401,18.73779296875
7649466,20.3857421875
7649565,21.6064453125
7649710,25.45166015625
7650147,23.86474609375
7650290,23.86474609375
7650427,26.67236328125
7650528,25.2685546875
7650738,19.47021484375
7650873,22.15576171875
7651038,24.96337890625
7651212,25.93994140625
7651403,24.35302734375
7651589,18.00537109375
7651785,25.93994140625
7652057,23.5595703125
7652197,21.6064453125
7652414,19.34814453125
7652821,23.92578125
7849306,23.86474609375
7849395,20.93505859375
7849471,24.5361328125
7849545,25.0244140625
7849623,27.77099609375
7849718,25.93994140625
7850240,24.658203125
7850393,29.1748046875
7850538,25.08544921875
7850669,23.25439453125
7850781,19.775390625
7850948,20.6298828125
7851239,19.83642578125
7851537,22.15576171875
7851650,24.47509765625
7851850,23.49853515625
7852011,24.0478515625
7852290,21.05712890625
7852587,25.20751953125
7852884,24.71923828125
7853075,18.4326171875
7853514,26.9775390625
8017772,25.390625
8017873,30.8837890625
8017949,29.78515625
8018012,19.34814453125
8018102,33.38623046875
8018276,23.193359375
8018661,23.8037109375
8018818,23.5595703125
8018979,23.5595703125
8019141,24.90234375
8019257,22.705078125
8019393,22.5830078125
8019584,27.40478515625
8019727,23.37646484375
8019940,19.287109375
8020042,25.87890625
8020373,22.94921875
8020590,26.30615234375
8020875,23.74267578125
8021107,21.240234375
8021641,23.681640625
8292989,24.10888671875
8293062,28.01513671875
8293141,22.216796875
8293205,19.10400390625
8293302,17.4560546875
8293495,21.91162109375
8293841,21.17919921875
8293936,18.00537109375
8294088,23.49853515625
8294219,20.81298828125
8294316,22.27783203125
8294419,20.32470703125
8294625,19.34814453125
8294839,23.74267578125
8294964,19.8974609375
8295066,21.97265625
8295310,23.25439453125
8295431,22.03369140625
8295674,26.30615234375
8295918,22.15576171875
8296037,22.27783203125
8296347,17.7001953125
8296660,18.61572265625
8296915,19.47021484375
8297337,20.56884765625
8533426,28.076171875
8533514,29.9072265625
8533588,22.76611328125
8533662,21.8505859375
8533678,16.54052734375
8533730,21.78955078125
8533930,22.39990234375
8534445,19.4091796875
8534683,24.96337890625
8534830,23.92578125
8535004,21.6064453125
8535297,18.73779296875
8535491,29.72412109375
8535670,21.728515625
8535856,21.6064453125
8535993,20.1416015625
8536210,25.390625
8536443,26.4892578125
8536601,24.2919921875
8536883,18.4326171875
8537271,24.2919921875
8537509,24.35302734375
8801602,23.62060546875
8801670,26.123046875
8801739,24.47509765625
8801815,24.0478515625
8801913,26.2451171875
8802134,25.0244140625
8802497,21.3623046875
8802611,24.5361328125
8802709,25.93994140625
8802833,22.15576171875
8802919,21.6064453125
8803094,19.34814453125
8803437,22.705078125
8803526,20.5078125
8803736,20.1416015625
8803890,26.611328125
8804002,26.79443359375
8804315,25.7568359375
8804478,21.30126953125
8804868,25.5126953125
8805226,21.6064453125
8805983,20.32470703125
9014738,23.37646484375
9014814,22.8271484375
9014876,19.6533203125
9014941,22.03369140625
9015002,20.6298828125
9015089,25.2685546875
9015319,16.7236328125
9015517,24.10888671875
9015730,20.08056640625
9015882,21.97265625
9016006,26.79443359375
9016178,26.79443359375
9016330,20.5078125
9016503,26.85546875
9016758,18.85986328125
9016965,23.62060546875
9017127,20.6298828125
9017222,24.5361328125
9017368,18.49365234375
9017764,22.94921875
9017878,20.32470703125
9018020,28.076171875
9019141,21.54541015625
9244635,21.66748046875
9244713,19.287109375
9244781,23.49853515625
9244845,24.59716796875
9244930,23.4375
9245021,23.98681640625
9245128,23.193359375
9245462,23.8037109375
9245714,20.263671875
9245832,21.66748046875
9245931,19.59228515625
9246124,32.65380859375
9246278,18.5546875
9246505,21.3623046875
9246755,19.8974609375
9246861,21.05712890625
9246964,20.01953125
9247140,21.97265625
9247414,27.89306640625
9247537,24.5361328125
9247949,21.05712890625
9248223,22.52197265625
9248791,22.39990234375
9542338,19.59228515625
9542426,23.13232421875
9542515,19.04296875
9542531,16.41845703125
9542587,25.93994140625
9542652,24.10888671875
9542733,20.08056640625
9543277,19.53125
9543390,20.8740234375
9543535,23.49853515625
9543737,19.4091796875
9543861,24.90234375
9544005,26.9775390625
9544189,20.263671875
9544405,22.76611328125
9544617,24.0478515625
9544780,20.44677734375
9544994,16.90673828125
9545172,24.84130859375
9545318,22.5830078125
9545420,24.5361328125
9545548,27.89306640625
9545771,27.2216796875
9546036,23.49853515625
9546313,21.1181640625
9546507,23.8037109375
9744422,25.20751953125
9744520,29.6630859375
9744594,21.240234375
9744670,18.9208984375
9744746,23.98681640625
9744843,21.8505859375
9744998,24.23095703125
9745257,22.94921875
9745523,31.73828125
9745780,22.15576171875
9745952,17.88330078125
9746146,18.85986328125
9746261,21.42333984375
9746456,18.61572265625
9746573,22.705078125
9746726,19.59228515625
9746854,21.6064453125
9747055,22.76611328125
9747276,21.42333984375
9747636,20.32470703125
9748011,21.05712890625
9748189,21.30126953125
9748772,23.74267578125
9749156,21.66748046875
9901981,21.30126953125
9902076,23.92578125
9902141,24.96337890625
9902202,23.8037109375
9902274,21.05712890625
9902415,19.95849609375
9902729,19.95849609375
9903060,27.52685546875
9903154,22.64404296875
9903253,26.9775390625
9903392,21.54541015625
9903504,19.1650390625
9903796,20.01953125
9903960,23.3154296875
9904194,19.4091796875
9904373,26.30615234375
9904571,23.25439453125
9905125,21.97265625
9905248,20.56884765625
9905412,22.27783203125
9905776,23.49853515625
9906023,25.7568359375
10169351,18.85986328125
10169422,25.69580078125
10169500,23.92578125
10169592,18.798828125
10169710,22.705078125
10170144,17.39501953125
10170168,22.88818359375
10170287,28.3203125
10170402,21.54541015625
10170566,20.08056640625
10170757,21.66748046875
10170894,19.47021484375
10171028,20.1416015625
10171147,22.64404296875
10171400,20.263671875
10171526,22.0947265625
10171682,21.05712890625
10171851,22.27783203125
10172091,34.48486328125
10172380,19.95849609375
10172695,22.4609375
10172907,25.57373046875
10173115,18.49365234375
10173403,20.08056640625
10455117,26.42822265625
10455215,23.74267578125
10455278,23.13232421875
10455341,21.66748046875
10455418,29.6630859375
10455821,20.263671875
10456039,23.8037109375
10456208,25.57373046875
10456326,24.658203125
10456488,17.02880859375
10456570,23.193359375
10456706,24.71923828125
10456988,29.1748046875
10457279,21.1181640625
10457436,24.90234375
10457534,25.87890625
10457785,19.95849609375
10458010,19.6533203125
10458469,22.3388671875
10458846,21.17919921875
10459114,21.54541015625
10459486,21.484375
10881742,24.658203125
10881837,22.0947265625
10881907,24.35302734375
10881972,17.88330078125
10882039,23.8037109375
10882533,22.3388671875
10882710,22.705078125
10882907,25.2685546875
10882973,22.03369140625
10883075,23.193359375
10883155,17.08984375
10883245,28.25927734375
10883406,22.216796875
10883570,27.587890625
10883665,23.01025390625
10883796,25.7568359375
10883914,22.216796875
10884090,22.0947265625
10884233,27.03857421875
10884387,20.08056640625
10884506,19.34814453125
10884675,20.99609375
10884786,20.08056640625
10885152,20.01953125
10885463,21.30126953125
10885678,21.97265625
11099732,19.95849609375
11099815,19.6533203125
11099884,23.8037109375
11099967,20.81298828125
11100139,18.12744140625
11100506,23.62060546875
11100660,22.03369140625
11100805,19.6533203125
11100942,25.20751953125
11101088,24.0478515625
11101191,17.51708984375
11101345,20.8740234375
11101467,19.4091796875
11101626,16.41845703125
11101759,20.32470703125
11101905,18.1884765625
11102061,23.0712890625
11102183,23.5595703125
11102452,26.123046875
11102680,22.64404296875
11102824,25.2685546875
11103060,22.03369140625
11103323,20.93505859375
11103521,22.27783203125
11103842,27.16064453125
11425814,17.9443359375
11425903,21.78955078125
11425971,24.35302734375
11426035,21.1181640625
11426115,25.45166015625
11426683,23.01025390625
11426792,20.5078125
11427002,21.1181640625
11427120,25.0244140625
11427214,20.263671875
11427318,22.705078125
11427431,22.15576171875
11427558,24.59716796875
11427719,25.634765625
11427913,20.08056640625
11428080,19.83642578125
11428184,16.41845703125
11428317,25.32958984375
11428567,20.8740234375
11428813,23.3154296875
11428981,25.93994140625
11429209,22.8271484375
11429618,18.5546875
11429928,19.22607421875
11430290,23.8037109375
11619035,27.64892578125
11619111,23.5595703125
11619172,24.71923828125
11619242,27.83203125
11619327,23.37646484375
11619467,17.578125
11619604,21.240234375
11619806,20.3857421875
11620021,23.5595703125
11620117,17.51708984375
11620135,23.0712890625
11620292,22.03369140625
11620455,20.81298828125
11620592,27.34375
11620699,22.5830078125
11620860,19.22607421875
11621099,24.23095703125
11621239,22.5830078125
11621509,18.12744140625
11621697,21.97265625
11621881,22.64404296875
11622077,22.03369140625
11622550,20.69091796875
11622775,23.5595703125
11623118,22.15576171875
11817135,22.94921875
11817210,22.39990234375
11817276,18.1884765625
11817347,22.216796875
11817408,22.705078125
11817597,22.4609375
11817775,24.0478515625
11818001,28.50341796875
11818096,22.76611328125
11818249,18.61572265625
11818366,22.88818359375
11818460,24.84130859375
11818671,17.578125
11818845,24.10888671875
11819020,20.263671875
11819196,19.83642578125
11819317,18.6767578125
11819461,26.85546875
11819878,23.98681640625
11820041,24.84130859375
11820270,18.5546875
11820592,20.3857421875
11821019,23.01025390625
