11999000,0
142556,18.310546875
142672,17.4560546875
142770,17.51708984375
142861,18.9208984375
143309,17.578125
143596,18.37158203125
143855,17.7001953125
144107,16.11328125
144280,14.892578125
144562,18.4326171875
144971,15.93017578125
145319,16.41845703125
145639,20.1416015625
146051,17.578125
146591,16.41845703125
148175,13.36669921875
292913,16.845703125
293031,17.578125
293128,23.4375
293257,17.333984375
293613,15.07568359375
293833,15.625
294054,16.54052734375
294269,16.17431640625
294485,16.17431640625
294833,16.41845703125
295151,17.27294921875
295456,18.73779296875
295775,15.19775390625
295864,13.671875
296241,16.357421875
296873,14.58740234375
438770,16.78466796875
438898,18.37158203125
439001,16.4794921875
439116,16.78466796875
439270,18.06640625
439695,17.02880859375
440008,16.17431640625
440280,16.357421875
440620,16.41845703125
440842,17.333984375
441099,16.845703125
441436,13.61083984375
441457,15.07568359375
441837,18.06640625
442040,13.48876953125
442242,17.39501953125
443177,14.58740234375
609048,19.1650390625
609160,17.4560546875
609257,15.0146484375
609367,17.7001953125
609710,18.73779296875
610060,17.63916015625
610262,15.869140625
610490,15.5029296875
610856,16.29638671875
611084,16.17431640625
611374,16.05224609375
611753,19.10400390625
612138,16.7236328125
612571,16.66259765625
613070,15.2587890625
772838,17.7001953125
772961,16.78466796875
773067,16.78466796875
773177,17.39501953125
773429,16.6015625
773803,17.15087890625
774039,13.85498046875
774117,17.02880859375
774315,16.54052734375
774587,16.2353515625
774820,15.625
775267,15.7470703125
775635,14.0380859375
775968,16.90673828125
776443,17.4560546875
932901,14.70947265625
932999,17.578125
933103,17.08984375
933202,17.76123046875
933984,18.61572265625
934263,17.88330078125
934470,17.578125
934723,18.06640625
935017,16.41845703125
935415,15.80810546875
935446,13.36669921875
935808,19.287109375
936133,16.2353515625
936534,18.12744140625
1096893,16.41845703125
1097013,20.08056640625
1097106,15.5029296875
1097214,19.34814453125
1097843,17.4560546875
1098068,19.22607421875
1098352,14.09912109375
1098639,15.80810546875
1098959,17.88330078125
1099343,20.99609375
1099723,18.00537109375
1099913,14.22119140625
1100115,18.1884765625
1100516,17.51708984375
1104199,15.56396484375
1257102,16.9677734375
1257211,16.845703125
1257298,15.44189453125
1257407,16.11328125
1257586,16.9677734375
1258091,17.578125
1258405,15.68603515625
1258594,17.7001953125
1258853,15.44189453125
1259212,17.822265625
1259528,14.0380859375
1259831,17.2119140625
1260113,17.9443359375
1260546,15.68603515625
1261450,15.07568359375
1261813,14.09912109375
1262086,13.427734375
1416778,16.11328125
1416893,15.7470703125
1416980,18.1884765625
1417103,17.51708984375
1417698,20.6298828125
1417946,14.5263671875
1418205,15.68603515625
1418447,18.798828125
1418801,15.7470703125
1419110,17.7001953125
1419367,17.08984375
1419728,17.51708984375
1420067,17.88330078125
1420592,16.54052734375
1421058,16.7236328125
1613179,13.7939453125
1613299,14.0380859375
1613396,17.7001953125
1613514,15.07568359375
1614050,19.04296875
1614392,16.9677734375
1614617,15.625
1614804,16.41845703125
1614932,13.5498046875
1615094,16.54052734375
1615309,16.357421875
1615695,16.357421875
1616067,18.49365234375
1616399,16.54052734375
1616810,15.380859375
1617206,18.37158203125
1849443,14.0380859375
1849561,19.34814453125
1849646,17.51708984375
1849755,16.66259765625
1850313,20.93505859375
1850470,15.68603515625
1850730,13.427734375
1850953,16.2353515625
1851169,15.0146484375
1851576,17.578125
1851890,19.1650390625
1852273,17.15087890625
1852623,18.798828125
1852941,15.625
1853405,16.05224609375
1854223,13.5498046875
2029702,14.58740234375
2029810,16.78466796875
2029895,13.916015625
2030012,17.08984375
2030600,16.41845703125
2030813,18.06640625
2031028,17.88330078125
2031263,15.68603515625
2031632,17.2119140625
2031944,16.54052734375
2032245,17.2119140625
2032594,18.798828125
2032953,18.9208984375
2033302,15.44189453125
2033806,15.31982421875
2254690,15.93017578125
2254784,15.31982421875
2254885,17.333984375
2254992,15.0146484375
2255106,20.5078125
2255324,13.73291015625
2255688,15.56396484375
2255981,14.70947265625
2256140,15.68603515625
2256374,16.05224609375
2256791,18.9208984375
2257141,15.93017578125
2257412,18.1884765625
2257720,16.90673828125
2258170,17.08984375
2258775,16.11328125
2444550,17.822265625
2444660,15.5029296875
2444759,20.93505859375
2444872,15.80810546875
2445520,14.34326171875
2445741,14.2822265625
2445967,16.90673828125
2446547,17.822265625
2446746,17.822265625
2447151,17.822265625
2447453,15.07568359375
2447939,15.31982421875
2448643,15.80810546875
2622938,17.822265625
2623036,15.93017578125
2623136,15.44189453125
2623237,15.93017578125
2623519,22.52197265625
2623879,17.9443359375
2624154,16.54052734375
2624362,17.578125
2624591,17.4560546875
2624834,15.31982421875
2625114,19.83642578125
2625314,16.78466796875
2625691,16.78466796875
2626080,21.54541015625
2626450,16.05224609375
2626822,15.07568359375
2801155,18.1884765625
2801260,18.06640625
2801359,16.9677734375
2801462,15.7470703125
2801603,18.6767578125
2801874,16.29638671875
2802087,16.90673828125
2802351,16.6015625
2802567,18.24951171875
2802882,16.9677734375
2803188,18.798828125
2803480,17.02880859375
2803777,16.7236328125
2804123,15.7470703125
2804485,13.85498046875
2804842,15.31982421875
2805403,18.4326171875
3006890,14.34326171875
3006990,17.822265625
3007098,18.4326171875
3007201,17.63916015625
3007520,23.01025390625
3007881,16.2353515625
3008109,15.93017578125
3008339,13.73291015625
3008645,15.9912109375
3008911,18.06640625
3009339,16.41845703125
3009696,17.2119140625
3009956,17.15087890625
3010447,19.775390625
3011004,15.31982421875
3011535,17.4560546875
3270288,15.68603515625
3270388,18.37158203125
3270476,15.625
3270570,20.01953125
3270885,16.54052734375
3271239,17.76123046875
3271477,15.869140625
3271788,16.66259765625
3272039,20.1416015625
3272298,20.263671875
3272719,14.58740234375
3272976,15.31982421875
3273303,15.68603515625
3273650,14.34326171875
3274043,19.8974609375
3274668,15.625
3473363,13.916015625
3473469,14.58740234375
3473565,16.54052734375
3474228,17.08984375
3474470,16.29638671875
3474653,18.61572265625
3474845,17.333984375
3475088,18.310546875
3475610,17.76123046875
3476082,17.4560546875
3476402,17.822265625
3476812,18.12744140625
3477270,16.9677734375
3477821,15.31982421875
3479396,13.3056640625
3686025,21.54541015625
3686120,17.27294921875
3686209,14.34326171875
3686315,15.80810546875
3686914,16.11328125
3687121,17.08984375
3687378,13.73291015625
3687711,15.07568359375
3687982,15.0146484375
3688212,14.6484375
3688578,17.02880859375
3688942,16.90673828125
3689273,17.76123046875
3690170,15.7470703125
3690772,15.9912109375
3913072,17.2119140625
3913160,15.93017578125
3913244,14.892578125
3913351,16.41845703125
3913506,14.09912109375
3913735,14.16015625
3914025,18.61572265625
3914258,14.6484375
3914542,18.85986328125
3914822,17.2119140625
3915105,16.41845703125
3915389,16.4794921875
3915705,17.63916015625
3916014,16.05224609375
3916346,18.37158203125
3916748,16.357421875
3917296,17.2119140625
4187395,17.39501953125
4187483,16.54052734375
4187568,17.39501953125
4187680,20.5078125
4188234,13.3056640625
4188441,16.6015625
4188665,17.578125
4188921,16.78466796875
4189562,19.95849609375
4189877,20.1416015625
4190066,17.63916015625
4190361,18.06640625
4190769,16.90673828125
4191188,15.07568359375
4191662,17.333984375
4373502,15.2587890625
4373600,16.357421875
4373694,13.97705078125
4373796,14.95361328125
4374336,15.07568359375
4374552,16.11328125
4374765,16.4794921875
4374938,16.05224609375
4375193,17.9443359375
4375414,17.4560546875
4375725,13.97705078125
4376086,15.80810546875
4376397,19.6533203125
4376713,17.4560546875
4377024,15.7470703125
4377422,18.798828125
4377908,17.4560546875
4378502,14.22119140625
4609712,14.6484375
4609803,15.869140625
4609890,17.08984375
4609997,17.578125
4610285,13.7939453125
4610378,15.68603515625
4610676,17.63916015625
4610894,15.0146484375
4611072,17.63916015625
4611282,15.80810546875
4611537,14.5263671875
4611801,15.13671875
4612113,17.02880859375
4612434,15.9912109375
4612696,16.9677734375
4613012,20.32470703125
4613452,16.54052734375
4613887,15.13671875
4614985,13.5498046875
4794780,18.24951171875
4794873,17.15087890625
4794964,16.41845703125
4795067,16.29638671875
4795370,19.4091796875
4795717,17.333984375
4795909,16.9677734375
4796158,15.80810546875
4796313,17.88330078125
4796556,15.56396484375
4796779,16.7236328125
4797088,18.1884765625
4797391,14.58740234375
4797647,14.5263671875
4797947,13.3056640625
4797993,20.44677734375
4798433,15.56396484375
4798648,13.3056640625
4798959,16.9677734375
4988340,17.02880859375
4988427,16.29638671875
4988508,16.05224609375
4989146,15.07568359375
4989361,17.822265625
4989575,16.7236328125
4989774,16.7236328125
4990011,13.48876953125
4990184,17.39501953125
4990455,16.17431640625
4990888,19.04296875
4991157,16.4794921875
4991495,15.80810546875
4991971,18.24951171875
4992352,15.31982421875
5371465,14.0380859375
5371549,20.56884765625
5371633,16.90673828125
5371739,17.4560546875
5372365,17.822265625
5372613,15.5029296875
5372778,15.80810546875
5373012,16.11328125
5373377,17.39501953125
5373686,17.7001953125
5373923,14.46533203125
5374284,18.06640625
5374663,17.7001953125
5374957,18.61572265625
5375363,15.9912109375
5552905,13.3056640625
5553009,15.625
5553110,16.78466796875
5553214,19.34814453125
5553374,21.3623046875
5553704,15.13671875
5553992,16.41845703125
5554146,18.1884765625
5554347,13.73291015625
5554592,15.5029296875
5554872,14.892578125
5555108,16.66259765625
5555388,15.2587890625
5555661,15.2587890625
5556041,18.49365234375
5556391,17.27294921875
5556704,17.4560546875
5557228,15.56396484375
5759216,19.4091796875
5759308,13.5498046875
5759400,18.4326171875
5759523,13.427734375
5759857,15.0146484375
5759959,13.85498046875
5760146,15.68603515625
5760364,16.6015625
5760529,15.869140625
5760679,18.5546875
5761007,19.04296875
5761259,14.83154296875
5761576,14.46533203125
5761837,18.49365234375
5762164,16.90673828125
5762487,15.2587890625
5762854,14.404296875
5763277,13.3056640625
5763367,16.11328125
5763845,13.61083984375
5766378,13.36669921875
6046827,14.34326171875
6046927,13.671875
6047021,14.09912109375
6047121,16.4794921875
6047591,13.3056640625
6047863,15.56396484375
6048061,20.32470703125
6048210,17.63916015625
6048481,16.845703125
6048675,17.39501953125
6048933,14.58740234375
6049261,14.7705078125
6049576,17.76123046875
6049909,18.24951171875
6050166,19.287109375
6050478,14.83154296875
6050976,14.6484375
6209745,14.6484375
6209829,16.4794921875
6209922,16.6015625
6210025,17.08984375
6210297,15.31982421875
6210634,17.7001953125
6210818,16.357421875
6211047,15.2587890625
6211348,15.31982421875
6211774,16.78466796875
6212053,13.916015625
6212350,16.357421875
6212693,14.6484375
6213030,23.5595703125
6213439,16.78466796875
6213908,15.9912109375
6215075,14.0380859375
6479904,13.5498046875
6479993,15.93017578125
6480085,14.95361328125
6480190,15.93017578125
6480730,13.73291015625
6480844,15.625
6481077,15.869140625
6481238,17.02880859375
6481426,16.6015625
6481769,16.845703125
6482127,15.7470703125
6482404,14.5263671875
6482577,13.48876953125
6482665,14.46533203125
6483086,17.27294921875
6483502,20.263671875
6483845,18.9208984375
6484243,15.5029296875
6688858,17.76123046875
6688944,16.29638671875
6689023,15.93017578125
6689125,16.29638671875
6689777,14.5263671875
6690014,19.775390625
6690216,17.63916015625
6690437,16.29638671875
6690676,16.11328125
6690975,15.380859375
6691280,14.5263671875
6691543,15.869140625
6691841,16.66259765625
6692220,15.0146484375
6692612,14.16015625
6693175,18.06640625
6950382,14.7705078125
6950479,13.85498046875
6950564,17.02880859375
6950662,15.869140625
6950902,14.5263671875
6951202,17.578125
6951407,15.7470703125
6951623,15.7470703125
6951776,17.2119140625
6952025,16.90673828125
6952328,17.2119140625
6952597,15.19775390625
6952837,16.7236328125
6953228,16.29638671875
6953635,16.845703125
6953949,17.08984375
6954283,16.11328125
7193803,15.2587890625
7193902,16.90673828125
7193992,16.78466796875
7194098,16.6015625
7194389,16.54052734375
7194818,17.27294921875
7195011,17.333984375
7195192,14.6484375
7195412,17.51708984375
7195691,15.93017578125
7195951,15.5029296875
7196296,15.5029296875
7196621,16.11328125
7197367,16.357421875
7197711,15.9912109375
7393557,15.07568359375
7393653,15.19775390625
7393737,16.05224609375
7393844,18.4326171875
7394479,15.380859375
7394730,14.0380859375
7394908,13.36669921875
7395474,15.625
7395781,13.48876953125
7396097,17.39501953125
7396416,17.39501953125
7396728,16.78466796875
7397684,16.54052734375
7399926,13.5498046875
7649142,15.7470703125
7649234,14.892578125
7649320,13.916015625
7649440,17.39501953125
7649939,15.2587890625
7650171,15.31982421875
7650470,15.9912109375
7650971,18.06640625
7651246,20.69091796875
7651603,14.7705078125
7651861,16.845703125
7652191,14.95361328125
7652527,15.869140625
7652911,15.869140625
7849293,15.07568359375
7849400,15.380859375
7849473,13.61083984375
7849588,14.892578125
7849987,13.61083984375
7850296,15.68603515625
7850533,13.61083984375
7850787,14.22119140625
7851054,18.6767578125
7851339,14.6484375
7851669,14.22119140625
7851977,14.2822265625
7852289,16.2353515625
7852602,18.4326171875
7852944,16.7236328125
7853338,19.04296875
7855225,13.3056640625
7879053,13.427734375
8017731,16.845703125
8017825,17.51708984375
8017909,19.53125
8018012,17.2119140625
8018469,13.73291015625
8018672,17.15087890625
8018952,16.17431640625
8019177,15.68603515625
8019429,17.02880859375
8019686,15.7470703125
8019997,19.1650390625
8020293,14.892578125
8020604,16.6015625
8020873,15.13671875
8021679,14.22119140625
8022196,15.68603515625
8292941,14.22119140625
8293047,15.44189453125
8293132,15.2587890625
8293229,18.73779296875
8293810,14.70947265625
8294032,15.07568359375
8294190,15.44189453125
8294659,15.2587890625
8294987,13.73291015625
8295275,16.17431640625
8295614,17.4560546875
8295992,15.93017578125
8296344,13.7939453125
8296699,15.380859375
8297141,18.61572265625
8533407,15.68603515625
8533497,15.625
8533589,15.31982421875
8533695,14.70947265625
8533984,14.34326171875
8534293,14.58740234375
8534502,14.5263671875
8534685,17.333984375
8534868,16.4794921875
8535190,14.0380859375
8535451,13.671875
8535760,14.58740234375
8536063,18.61572265625
8536281,15.0146484375
8536598,16.2353515625
8536937,23.193359375
8537264,14.58740234375
8537953,16.29638671875
8539188,13.73291015625
8801582,13.36669921875
8801676,18.85986328125
8801761,16.4794921875
8802515,17.76123046875
8802869,15.56396484375
8803170,14.22119140625
8803357,17.15087890625
8803604,16.11328125
8803637,13.671875
8804020,14.5263671875
8804369,16.78466796875
8804695,15.56396484375
8805070,13.97705078125
8805597,14.16015625
8806073,15.13671875
9014806,16.17431640625
9014900,15.19775390625
9015007,18.24951171875
9015511,16.9677734375
9015738,18.12744140625
9015939,14.09912109375
9016132,15.19775390625
9016489,14.83154296875
9016798,15.380859375
9017056,16.05224609375
9017353,14.22119140625
9017673,13.97705078125
9017967,17.88330078125
9018348,14.58740234375
9018815,16.41845703125
9019342,18.4326171875
9244523,14.70947265625
9244581,16.17431640625
9244687,16.9677734375
9244781,14.46533203125
9244886,14.46533203125
9245497,13.48876953125
9245740,15.56396484375
9245906,17.27294921875
9246087,15.869140625
9246367,17.15087890625
9246632,15.5029296875
9246925,14.70947265625
9247322,18.310546875
9247642,16.9677734375
9247965,22.94921875
9248448,14.16015625
9248952,18.798828125
9249949,13.3056640625
9542349,16.6015625
9542431,16.54052734375
9542512,16.54052734375
9542607,13.97705078125
9543367,15.2587890625
9543543,14.6484375
9543753,17.4560546875
9544089,17.08984375
9544372,16.41845703125
9544712,17.333984375
9544989,17.76123046875
9545663,16.90673828125
9546061,15.869140625
9546388,18.00537109375
9546831,15.80810546875
9744440,17.51708984375
9744531,14.22119140625
9744607,17.02880859375
9745199,18.310546875
9745450,17.63916015625
9745637,13.97705078125
9745916,19.287109375
9746161,15.93017578125
9746488,18.12744140625
9746814,17.08984375
9747034,14.46533203125
9747346,16.90673828125
9747733,15.19775390625
9748129,16.17431640625
9748667,17.51708984375
9749412,16.2353515625
9901938,16.4794921875
9902053,17.822265625
9902147,17.4560546875
9902241,13.97705078125
9902623,14.404296875
9902937,13.48876953125
9903114,18.06640625
9903274,14.46533203125
9903559,16.9677734375
9903843,13.427734375
9904174,15.625
9904415,14.22119140625
9904677,16.9677734375
9905024,15.44189453125
9905346,16.9677734375
9905738,16.41845703125
9906240,17.2119140625
10169339,16.357421875
10169425,14.22119140625
10169507,15.380859375
10169769,14.5263671875
10170141,15.93017578125
10170373,14.7705078125
10170601,13.73291015625
10170781,16.41845703125
10171049,14.7705078125
10171370,13.916015625
10171613,15.5029296875
10171873,14.34326171875
10172160,16.78466796875
10172504,15.44189453125
10172829,18.12744140625
10173154,14.7705078125
10173650,17.15087890625
10455160,14.70947265625
10455330,16.7236328125
10455441,16.2353515625
10455987,16.17431640625
10456234,17.15087890625
10456384,14.83154296875
10456672,16.66259765625
10456985,15.5029296875
10457272,15.19775390625
10457565,15.07568359375
10457862,14.6484375
10458288,18.310546875
10458615,15.44189453125
10458948,14.09912109375
10459334,17.9443359375
10881929,15.0146484375
10882364,15.56396484375
10882702,16.2353515625
10882875,19.1650390625
10883050,16.17431640625
10883270,15.44189453125
10883493,15.56396484375
10883882,19.95849609375
10884111,16.41845703125
10884430,18.4326171875
10884704,15.9912109375
10885349,19.287109375
10885666,16.7236328125
11099711,13.48876953125
11099809,20.751953125
11099899,15.2587890625
11099998,15.5029296875
11100132,16.7236328125
11100600,14.2822265625
11100798,16.11328125
11100925,16.2353515625
11101086,14.58740234375
11101336,13.671875
11101623,15.56396484375
11101913,15.2587890625
11102215,16.4794921875
11102489,15.13671875
11102729,14.58740234375
11103049,14.09912109375
11103475,20.3857421875
11103980,13.73291015625
11425774,18.798828125
11425862,14.34326171875
11425940,14.46533203125
11426075,13.3056640625
11426241,16.9677734375
11426542,14.58740234375
11426764,15.625
11426980,15.80810546875
11427136,19.10400390625
11427356,18.310546875
11427594,14.16015625
11427814,15.380859375
11428156,17.88330078125
11428379,15.625
11428696,15.19775390625
11428982,15.380859375
11429390,16.29638671875
11429712,17.27294921875
11430180,15.80810546875
11618986,15.0146484375
11619089,15.869140625
11619176,15.5029296875
11619275,16.7236328125
11619765,17.2119140625
11620037,17.15087890625
11620202,13.3056640625
11620273,15.5029296875
11620421,13.3056640625
11620451,15.68603515625
11620694,14.892578125
11621029,16.6015625
11621330,15.19775390625
11621602,18.1884765625
11621892,15.7470703125
11622331,16.54052734375
11622690,16.6015625
11622782,13.3056640625
11623188,13.5498046875
11817050,14.46533203125
11817139,16.4794921875
11817222,15.93017578125
11817327,15.19775390625
11817635,15.31982421875
11817981,16.11328125
11818027,13.427734375
11818190,15.7470703125
11818425,13.97705078125
11818724,15.9912109375
11818929,15.07568359375
11818965,15.9912109375
11819264,16.90673828125
11819911,17.76123046875
11820239,15.44189453125
11820557,15.93017578125
11820992,17.2119140625
11821483,16.90673828125
