11999000,0
35394,34.66796875
35461,27.587890625
35473,30.76171875
35543,24.59716796875
35607,22.39990234375
35653,43.8232421875
35672,20.93505859375
35726,49.31640625
35790,32.470703125
35803,21.78955078125
35875,35.15625
35890,40.0390625
35925,33.3251953125
35999,37.53662109375
36071,32.8369140625
36158,31.06689453125
36304,28.6865234375
36316,17.39501953125
36510,28.3203125
36776,18.61572265625
36861,31.73828125
37059,23.37646484375
37074,30.33447265625
37134,36.31591796875
37282,38.2080078125
37298,20.93505859375
37314,39.1845703125
37347,25.81787109375
37433,40.1611328125
37561,30.21240234375
37573,51.20849609375
37721,33.447265625
37831,28.4423828125
37909,33.02001953125
38057,27.34375
38121,38.02490234375
75515,19.1650390625
79491,17.76123046875
83723,17.9443359375
92068,17.08984375
100459,28.50341796875
206271,28.13720703125
206363,31.67724609375
206392,30.6396484375
206423,26.30615234375
206465,23.193359375
206508,37.78076171875
206536,24.5361328125
206591,29.296875
206605,20.751953125
206659,38.9404296875
206676,26.79443359375
206723,42.78564453125
206786,33.69140625
206808,32.3486328125
206864,32.1044921875
206886,19.04296875
206912,33.50830078125
206994,37.109375
207052,26.42822265625
207081,36.62109375
207277,31.43310546875
207625,24.10888671875
207695,24.10888671875
207833,25.146484375
208033,25.57373046875
208064,41.93115234375
208238,26.3671875
208255,39.794921875
208267,18.00537109375
208377,24.96337890625
208393,49.74365234375
208522,35.5224609375
208650,40.46630859375
208806,43.64013671875
208837,28.80859375
209003,27.16064453125
209406,20.1416015625
237512,17.08984375
269336,18.798828125
282782,19.6533203125
361282,29.78515625
361326,21.17919921875
361355,31.73828125
361365,19.4091796875
361415,23.49853515625
361432,23.62060546875
361499,22.88818359375
361521,34.912109375
361566,44.61669921875
361625,36.0107421875
361638,52.001953125
361705,38.26904296875
361727,29.78515625
361787,32.1044921875
361846,35.64453125
361868,30.2734375
361956,34.66796875
361986,28.564453125
362027,37.841796875
362158,29.6630859375
362488,19.95849609375
362965,26.79443359375
363245,21.30126953125
363285,46.08154296875
363296,25.08544921875
363456,26.0009765625
363476,50.72021484375
363581,30.09033203125
363640,33.38623046875
363650,17.2119140625
363711,21.78955078125
363761,24.5361328125
363864,33.75244140625
363920,22.705078125
453211,17.4560546875
542788,16.9677734375
561821,17.9443359375
606381,24.47509765625
617830,17.76123046875
617898,18.4326171875
617969,30.94482421875
617998,16.90673828125
618064,22.15576171875
618125,31.8603515625
618143,17.15087890625
618177,35.15625
618207,17.08984375
618256,32.65380859375
618271,53.8330078125
618294,17.4560546875
618341,34.97314453125
618361,45.22705078125
618371,18.12744140625
618422,34.423828125
618438,40.95458984375
618508,39.48974609375
618556,31.1279296875
618572,42.66357421875
618639,34.11865234375
618681,29.60205078125
618721,37.04833984375
618805,33.75244140625
618850,44.12841796875
618974,40.0390625
619078,31.982421875
619135,31.73828125
619507,23.62060546875
619632,27.4658203125
619808,27.83203125
619843,49.37744140625
619874,26.42822265625
619911,37.78076171875
619999,35.64453125
620020,17.822265625
620072,23.25439453125
620124,21.05712890625
620144,31.6162109375
620232,43.27392578125
620259,41.93115234375
620286,19.83642578125
620387,32.89794921875
620422,22.52197265625
620475,57.0068359375
620699,19.1650390625
620718,39.0625
620781,20.56884765625
708668,26.0009765625
727220,16.90673828125
746572,17.27294921875
753884,17.02880859375
757080,23.49853515625
757107,16.845703125
766536,20.69091796875
766688,27.64892578125
766712,16.9677734375
766751,31.06689453125
766762,25.2685546875
766841,22.88818359375
766907,48.33984375
766995,19.287109375
767008,38.818359375
767022,19.10400390625
767047,22.216796875
767077,32.958984375
767111,44.43359375
767144,33.63037109375
767199,36.80419921875
767211,17.27294921875
767295,31.31103515625
767307,42.29736328125
767388,33.02001953125
767431,28.9306640625
767474,35.94970703125
768115,21.05712890625
768156,26.4892578125
768431,25.390625
768466,24.2919921875
768550,23.25439453125
768721,26.0009765625
768807,26.3671875
768903,24.0478515625
768917,27.89306640625
769122,23.3154296875
769162,17.27294921875
769477,25.93994140625
769539,24.10888671875
831699,17.27294921875
842030,17.9443359375
862236,17.02880859375
869841,27.03857421875
884978,16.90673828125
911802,27.9541015625
913499,17.39501953125
926285,17.08984375
993743,18.37158203125
1039653,17.15087890625
1044891,28.6865234375
1104331,17.15087890625
1133895,28.50341796875
1150183,16.90673828125
1152974,17.51708984375
1216238,27.9541015625
1216346,26.42822265625
1216376,27.64892578125
1216404,23.4375
1216446,22.216796875
1216495,31.43310546875
1216511,17.822265625
1216569,52.1240234375
1216594,16.90673828125
1216634,38.14697265625
1216646,52.6123046875
1216660,17.578125
1216699,38.6962890625
1216713,38.26904296875
1216781,31.8603515625
1216852,33.63037109375
1216916,35.33935546875
1217002,36.1328125
1217074,33.26416015625
1217157,47.05810546875
1217310,41.56494140625
1217359,33.63037109375
1217548,32.3486328125
1217766,20.32470703125
1218187,29.60205078125
1218203,25.08544921875
1218221,24.23095703125
1218282,49.31640625
1218343,29.9072265625
1218414,19.83642578125
1218465,26.42822265625
1218500,35.2783203125
1218542,25.08544921875
1218563,20.32470703125
1218671,39.794921875
1218710,33.63037109375
1218853,36.07177734375
1218938,24.4140625
1218974,23.8037109375
1218997,32.470703125
1219058,34.0576171875
1219305,23.86474609375
1247960,26.4892578125
1265020,26.9775390625
1289670,18.5546875
1296035,17.15087890625
1301521,28.3203125
1320864,17.822265625
1340613,26.18408203125
1354831,17.578125
1399172,20.3857421875
1409405,18.98193359375
1422336,31.55517578125
1422414,26.123046875
1422425,27.52685546875
1422494,26.79443359375
1422539,43.15185546875
1422566,21.54541015625
1422629,71.59423828125
1422717,39.00146484375
1422789,32.28759765625
1422806,38.75732421875
1422867,37.41455078125
1422913,26.3671875
1422948,36.62109375
1423092,32.3486328125
1423107,33.38623046875
1423180,34.3017578125
1423342,25.0244140625
1423566,17.88330078125
1424180,23.25439453125
1424381,28.1982421875
1424426,24.47509765625
1424465,19.71435546875
1424526,40.52734375
1424547,43.02978515625
1424679,47.7294921875
1424698,21.05712890625
1424924,21.728515625
1424961,23.37646484375
1424999,52.1240234375
1473033,17.08984375
1520637,17.08984375
1532720,18.37158203125
1546652,17.88330078125
1558405,33.02001953125
1558486,53.52783203125
1558565,23.37646484375
1558644,40.22216796875
1558693,36.19384765625
1558718,25.20751953125
1558728,19.53125
1558764,32.65380859375
1558800,33.02001953125
1558839,33.14208984375
1558873,38.9404296875
1558922,27.099609375
1558980,35.46142578125
1559019,31.06689453125
1559035,32.3486328125
1559108,32.5927734375
1559280,37.109375
1559294,44.921875
1559521,35.82763671875
1559776,18.4326171875
1560142,22.88818359375
1560306,28.6865234375
1560452,23.4375
1560513,28.01513671875
1560526,27.83203125
1560571,20.44677734375
1560636,38.02490234375
1560685,40.95458984375
1560794,16.9677734375
1560926,44.00634765625
1561189,17.2119140625
1561391,24.23095703125
1592158,25.634765625
1607510,18.61572265625
1612952,32.3486328125
1625980,18.6767578125
1662600,17.08984375
1688579,23.37646484375
1688655,26.3671875
1688679,31.92138671875
1688723,26.611328125
1688749,20.6298828125
1688769,47.8515625
1688786,17.76123046875
1688820,33.203125
1688830,20.20263671875
1688858,48.2177734375
1688907,18.61572265625
1688917,44.43359375
1688931,41.259765625
1688994,38.9404296875
1689004,22.39990234375
1689058,33.0810546875
1689100,35.58349609375
1689158,36.31591796875
1689229,38.330078125
1689312,34.24072265625
1689400,33.75244140625
1689509,31.43310546875
1689919,23.74267578125
1689974,21.05712890625
1690372,29.60205078125
1690433,19.95849609375
1690457,19.47021484375
1690567,36.865234375
1690633,31.25
1690712,20.8740234375
1690731,31.6162109375
1690749,34.97314453125
1690762,20.69091796875
1690820,17.9443359375
1690861,18.85986328125
1690882,47.119140625
1690908,39.4287109375
1691008,17.15087890625
1691041,40.1611328125
1691149,18.5546875
1691213,17.02880859375
1691237,24.0478515625
1734038,19.22607421875
1804055,17.02880859375
1834060,32.5927734375
1834125,33.203125
1834143,29.296875
1834194,21.6064453125
1834219,23.01025390625
1834290,26.611328125
1834336,53.5888671875
1834364,46.20361328125
1834392,39.9169921875
1834437,18.9208984375
1834449,47.18017578125
1834518,34.3017578125
1834548,31.005859375
1834579,33.50830078125
1834632,32.2265625
1834657,35.15625
1834728,31.494140625
1834795,31.31103515625
1834824,27.9541015625
1834943,32.2265625
1835242,30.33447265625
1835411,26.67236328125
1835428,18.12744140625
1835819,20.69091796875
1835879,24.7802734375
1836089,25.390625
1836112,39.00146484375
1836252,20.01953125
1836295,25.2685546875
1836329,34.66796875
1836343,19.6533203125
1836435,32.77587890625
1836554,29.78515625
1836571,33.50830078125
1836744,30.94482421875
1836835,22.705078125
1836863,20.1416015625
1837162,18.12744140625
1862499,16.9677734375
1903209,25.5126953125
1918911,20.08056640625
1967989,29.052734375
1968069,27.77099609375
1968099,28.74755859375
1968172,20.08056640625
1968223,49.01123046875
1968242,25.634765625
1968275,38.330078125
1968321,47.9736328125
1968366,29.78515625
1968398,40.10009765625
1968463,27.83203125
1968473,39.12353515625
1968556,33.203125
1968602,30.33447265625
1968619,32.958984375
1968781,34.97314453125
1969131,26.79443359375
1969147,36.31591796875
1969327,27.03857421875
1969590,25.2685546875
1969842,22.4609375
1969929,24.59716796875
1970123,24.71923828125
1970178,21.30126953125
1970259,19.47021484375
1970313,29.47998046875
1970382,48.15673828125
1970393,17.578125
1970541,20.751953125
2008744,18.37158203125
2054002,19.1650390625
2055754,17.15087890625
2070918,30.2734375
2082576,18.73779296875
2095824,23.0712890625
2097024,17.2119140625
2099494,27.2216796875
2099562,20.08056640625
2099625,18.06640625
2099638,29.11376953125
2099696,54.0771484375
2099720,26.4892578125
2099749,31.55517578125
2099788,34.48486328125
2099816,17.08984375
2099847,30.517578125
2099858,46.20361328125
2099941,40.8935546875
2099954,24.4140625
2100023,34.3017578125
2100048,29.84619140625
2100113,37.04833984375
2100347,35.09521484375
2100368,17.88330078125
2100412,50.84228515625
2100589,21.1181640625
2100619,29.4189453125
2100903,20.93505859375
2101292,26.18408203125
2101389,24.4140625
2101599,30.8837890625
2101712,20.263671875
2101753,23.92578125
2101797,29.6630859375
2101819,31.92138671875
2101905,23.13232421875
2101941,20.93505859375
2102200,22.94921875
2102242,30.76171875
2102261,19.04296875
2148824,17.63916015625
2156560,17.9443359375
2167351,17.2119140625
2192718,26.9775390625
2192744,17.578125
2213158,18.24951171875
2215271,28.99169921875
2217311,27.7099609375
2222509,19.1650390625
2245053,28.4423828125
2245114,25.0244140625
2245138,34.24072265625
2245225,21.728515625
2245270,55.6640625
2245300,21.484375
2245312,37.9638671875
2245357,20.3857421875
2245398,34.423828125
2245411,18.6767578125
2245466,45.71533203125
2245499,32.2265625
2245554,34.0576171875
2245595,26.79443359375
2245620,37.4755859375
2245688,35.82763671875
2245730,30.21240234375
2245823,37.41455078125
2245903,32.3486328125
2246071,33.3251953125
2246096,32.77587890625
2246386,23.98681640625
2246511,25.390625
2246698,20.81298828125
2246754,25.81787109375
2247020,26.2451171875
2247090,57.861328125
2247101,28.01513671875
2247239,37.4755859375
2247385,21.66748046875
2247398,19.59228515625
2247434,36.07177734375
2247467,27.16064453125
2247594,36.80419921875
2247756,34.7900390625
2247823,27.28271484375
2247861,23.193359375
2248044,32.16552734375
2295072,28.62548828125
2331476,17.08984375
2354518,31.43310546875
2354546,16.90673828125
2354583,27.4658203125
2354623,37.7197265625
2354648,31.73828125
2354693,32.65380859375
2354711,56.5185546875
2354766,36.07177734375
2354791,23.5595703125
2354816,27.40478515625
2354842,42.54150390625
2354935,23.5595703125
2354949,45.2880859375
2355053,43.27392578125
2355163,33.69140625
2355328,36.865234375
2355588,29.6630859375
2355854,18.12744140625
2355885,31.43310546875
2356041,19.83642578125
2356120,26.123046875
2356165,17.02880859375
2356330,19.71435546875
2356343,38.02490234375
2356373,39.55078125
2356550,48.2177734375
2356574,29.78515625
2356594,33.63037109375
2356756,52.91748046875
2356773,31.8603515625
2356965,30.33447265625
2357183,18.798828125
2357205,41.32080078125
2357215,17.333984375
2357417,17.39501953125
2357654,23.13232421875
2368897,23.8037109375
2379691,18.1884765625
2409152,28.1982421875
2457386,26.67236328125
2475474,18.6767578125
2487590,29.47998046875
2490104,18.9208984375
2491729,18.1884765625
2492226,24.4140625
2492268,17.333984375
2492299,23.98681640625
2492351,17.7001953125
2492380,30.6396484375
2492451,50.47607421875
2492510,40.58837890625
2492525,23.193359375
2492583,44.49462890625
2492604,28.74755859375
2492642,39.36767578125
2492704,33.0810546875
2492719,42.48046875
2492790,29.84619140625
2492844,37.4755859375
2492868,29.35791015625
2492903,17.9443359375
2492960,39.36767578125
2493023,27.2216796875
2493144,44.7998046875
2493418,29.47998046875
2493629,17.9443359375
2493829,24.658203125
2494353,65.7958984375
2494378,23.86474609375
2494524,16.9677734375
2494546,43.9453125
2494568,27.28271484375
2494619,18.49365234375
2494803,21.66748046875
2494827,25.87890625
2494951,39.00146484375
2514989,28.74755859375
2543298,26.18408203125
2554798,16.9677734375
2569079,26.9775390625
2572801,21.6064453125
2602907,18.06640625
2623489,30.1513671875
2623570,26.7333984375
2623591,38.818359375
2623645,28.6865234375
2623673,28.25927734375
2623713,40.283203125
2623746,21.8505859375
2623768,27.03857421875
2623834,32.04345703125
2623865,26.42822265625
2623880,17.27294921875
2623918,48.40087890625
2623944,26.7333984375
2623990,31.8603515625
2624033,29.78515625
2624094,32.40966796875
2624184,25.390625
2624196,41.259765625
2624261,33.02001953125
2624440,34.36279296875
2624528,21.17919921875
2624760,16.90673828125
2624802,41.748046875
2625093,20.01953125
2625113,20.44677734375
2625245,30.517578125
2625395,22.3388671875
2625442,27.40478515625
2625598,41.93115234375
2625676,24.90234375
2625722,22.27783203125
2625795,38.0859375
2625809,38.51318359375
2625826,29.11376953125
2626051,23.193359375
2660077,17.88330078125
2681331,16.90673828125
2738566,18.6767578125
2741243,29.60205078125
2743602,29.6630859375
2748837,29.11376953125
2758576,29.6630859375
2758672,28.1982421875
2758705,31.18896484375
2758728,18.6767578125
2758743,22.39990234375
2758789,26.0009765625
2758813,32.65380859375
2758862,21.66748046875
2758872,28.3203125
2758924,36.62109375
2759001,35.400390625
2759025,52.001953125
2759082,40.6494140625
2759102,33.02001953125
2759178,24.71923828125
2759191,45.95947265625
2759256,35.21728515625
2759342,46.7529296875
2759461,33.69140625
2759584,27.587890625
2759655,18.00537109375
2759878,21.05712890625
2760278,20.01953125
2760530,22.64404296875
2760590,27.34375
2760730,27.89306640625
2760831,28.99169921875
2760854,24.4140625
2760920,44.49462890625
2761099,33.87451171875
2761111,17.51708984375
2761134,49.98779296875
2761153,17.51708984375
2761436,21.91162109375
2761567,24.7802734375
2791815,18.00537109375
2802143,17.27294921875
2818944,23.62060546875
2834984,18.37158203125
2839361,24.658203125
2846525,25.45166015625
2890276,28.1982421875
2890354,25.93994140625
2890374,18.49365234375
2890423,27.83203125
2890448,27.099609375
2890502,17.27294921875
2890525,23.0712890625
2890559,57.2509765625
2890575,18.1884765625
2890640,37.29248046875
2890666,34.97314453125
2890698,40.52734375
2890753,27.9541015625
2890768,43.212890625
2890833,30.029296875
2890861,31.982421875
2890977,27.4658203125
2891046,33.87451171875
2891129,26.611328125
2891236,45.0439453125
2891498,27.89306640625
2891587,22.705078125
2891924,22.3388671875
2892224,24.47509765625
2892382,27.2216796875
2892434,35.46142578125
2892525,22.5830078125
2892541,25.390625
2892587,32.470703125
2892613,26.7333984375
2892665,19.83642578125
2892774,21.42333984375
2892915,37.841796875
2892972,28.38134765625
2892990,19.34814453125
2893241,24.5361328125
2893490,20.20263671875
2902875,23.98681640625
2937144,18.49365234375
2953724,18.24951171875
2957066,17.27294921875
2985914,16.90673828125
2997080,26.06201171875
3032396,26.9775390625
3033212,27.7099609375
3047879,26.79443359375
3052406,25.08544921875
3052466,28.4423828125
3052501,30.70068359375
3052544,22.94921875
3052579,24.90234375
3052607,47.7294921875
3052654,19.95849609375
3052711,45.7763671875
3052732,37.29248046875
3052777,33.99658203125
3052827,41.748046875
3052837,19.95849609375
3052890,28.99169921875
3052910,34.48486328125
3052963,37.41455078125
3053013,30.76171875
3053084,31.8603515625
3053123,29.23583984375
3053158,36.07177734375
3053260,48.828125
3053347,25.57373046875
3053359,20.8740234375
3053482,18.12744140625
3053564,34.5458984375
3053687,16.845703125
3054207,28.25927734375
3054310,21.484375
3054421,25.57373046875
3054557,35.64453125
3054615,21.42333984375
3054638,35.21728515625
3054734,33.99658203125
3054826,19.95849609375
3054931,34.5458984375
3054954,18.00537109375
3055127,19.47021484375
3055152,51.69677734375
3080239,16.9677734375
3123949,16.845703125
3127380,17.2119140625
3139646,17.4560546875
3159671,17.4560546875
3160163,24.10888671875
3190236,28.50341796875
3190330,31.8603515625
3190351,34.0576171875
3190406,26.0009765625
3190439,24.2919921875
3190466,37.9638671875
3190519,25.93994140625
3190534,26.18408203125
3190607,25.32958984375
3190618,22.64404296875
3190669,42.90771484375
3190696,34.3017578125
3190730,32.53173828125
3190814,28.3203125
3190825,23.01025390625
3190909,34.0576171875
3190923,34.912109375
3190934,18.24951171875
3191004,32.470703125
3191115,28.80859375
3191219,36.43798828125
3191544,21.66748046875
3191843,29.78515625
3192010,22.52197265625
3192176,19.1650390625
3192333,20.751953125
3192352,23.0712890625
3192419,25.390625
3192522,17.4560546875
3192543,43.27392578125
3192555,20.5078125
3192624,28.74755859375
3192699,40.34423828125
3192745,20.8740234375
3192946,19.53125
3192957,16.9677734375
3193122,22.5830078125
3228468,24.7802734375
3237589,17.2119140625
3240530,26.30615234375
3283199,24.84130859375
3318508,26.79443359375
3318605,26.9775390625
3318647,35.94970703125
3318676,33.447265625
3318731,22.39990234375
3318808,45.10498046875
3318834,31.494140625
3318879,19.287109375
3318889,23.49853515625
3318937,27.16064453125
3318950,18.4326171875
3319019,34.72900390625
3319054,29.72412109375
3319104,29.6630859375
3319148,28.80859375
3319221,34.5458984375
3319286,33.63037109375
3319380,35.46142578125
3319487,40.22216796875
3319517,17.02880859375
3319641,55.17578125
3319663,19.10400390625
3319950,29.35791015625
3320255,19.22607421875
3320334,26.18408203125
3320636,28.6865234375
3320666,25.146484375
3320683,43.9453125
3320840,21.30126953125
3320886,39.24560546875
3320911,27.28271484375
3321039,22.8271484375
3321052,25.2685546875
3321374,25.08544921875
3321456,16.90673828125
3321796,21.3623046875
3347849,17.76123046875
3357207,17.578125
3427643,28.13720703125
3427730,27.40478515625
3427794,27.9541015625
3427820,22.76611328125
3427883,54.62646484375
3427894,18.24951171875
3427953,30.82275390625
3427969,51.81884765625
3428041,34.912109375
3428052,46.0205078125
3428128,34.912109375
3428140,21.1181640625
3428199,33.02001953125
3428218,35.21728515625
3428303,42.41943359375
3428328,28.86962890625
3428369,32.40966796875
3428466,37.04833984375
3428853,27.03857421875
3429065,21.66748046875
3429148,24.90234375
3429507,29.60205078125
3429662,24.169921875
3429753,21.05712890625
3429852,25.20751953125
3429915,19.95849609375
3429954,28.80859375
3429968,46.20361328125
3430039,29.1748046875
3430099,17.578125
3430284,25.81787109375
3430294,20.81298828125
3430517,18.49365234375
3430605,34.5458984375
3430619,21.54541015625
3477284,18.00537109375
3538819,40.771484375
3538890,53.28369140625
3538931,19.1650390625
3538970,40.46630859375
3539040,27.77099609375
3539052,19.04296875
3539114,37.59765625
3539127,19.6533203125
3539150,27.2216796875
3539173,18.85986328125
3539199,42.54150390625
3539234,33.935546875
3539283,42.05322265625
3539357,39.97802734375
3539393,20.44677734375
3539446,27.587890625
3539458,36.19384765625
3539594,32.77587890625
3539630,28.9306640625
3539878,17.7001953125
3540055,20.32470703125
3540392,21.05712890625
3540427,26.42822265625
3540796,25.69580078125
3540927,24.59716796875
3540991,24.96337890625
3541084,41.68701171875
3541154,21.66748046875
3541211,22.39990234375
3541280,36.2548828125
3541450,27.83203125
3541668,17.822265625
3564771,16.845703125
3592097,17.9443359375
3621799,26.55029296875
3639153,18.1884765625
3687099,27.2216796875
3696061,30.09033203125
3701008,30.57861328125
3701118,36.1328125
3701188,28.80859375
3701266,34.0576171875
3701287,49.1943359375
3701348,26.79443359375
3701365,44.49462890625
3701421,19.95849609375
3701446,32.89794921875
3701466,33.99658203125
3701506,34.11865234375
3701581,40.283203125
3701667,33.02001953125
3701720,27.16064453125
3701732,20.263671875
3701815,32.77587890625
3701859,39.00146484375
3701880,45.5322265625
3702026,32.40966796875
3702062,27.16064453125
3702235,17.76123046875
3702335,51.57470703125
3702447,18.85986328125
3702766,18.4326171875
3703100,19.775390625
3703133,38.02490234375
3703184,23.4375
3703233,22.15576171875
3703336,29.23583984375
3703417,22.705078125
3703428,44.189453125
3703522,28.25927734375
3703566,31.1279296875
3703583,17.822265625
3703666,29.78515625
3703717,34.24072265625
3703844,36.4990234375
3703988,33.8134765625
3704009,18.12744140625
3704425,23.5595703125
3781085,18.4326171875
3826465,28.4423828125
3826537,28.1982421875
3826588,29.78515625
3826612,24.4140625
3826680,24.169921875
3826692,20.81298828125
3826753,23.4375
3826800,26.85546875
3826820,34.36279296875
3826833,21.6064453125
3826874,36.31591796875
3826893,31.25
3826961,38.75732421875
3826971,28.86962890625
3827046,42.78564453125
3827067,32.8369140625
3827109,30.1513671875
3827153,26.85546875
3827176,31.6162109375
3827411,35.15625
3827588,23.193359375
3827720,23.0712890625
3827865,27.2216796875
3828229,31.55517578125
3828475,17.333984375
3828541,25.57373046875
3828605,33.38623046875
3828672,24.71923828125
3828709,23.86474609375
3828859,29.4189453125
3828870,20.20263671875
3828903,29.60205078125
3828933,27.83203125
3829152,25.08544921875
3829195,24.0478515625
3829257,28.01513671875
3829476,20.3857421875
3898058,22.52197265625
3948863,26.0009765625
3968675,18.4326171875
3979069,22.0947265625
3982975,25.634765625
3983073,27.16064453125
3983099,27.7099609375
3983146,26.4892578125
3983177,25.5126953125
3983227,16.845703125
3983253,47.36328125
3983322,18.9208984375
3983347,31.43310546875
3983392,29.60205078125
3983417,40.95458984375
3983432,31.8603515625
3983494,34.24072265625
3983511,27.64892578125
3983574,31.06689453125
3983603,28.13720703125
3983687,32.77587890625
3983760,27.52685546875
3983892,35.0341796875
3984001,24.4140625
3984261,17.08984375
3984363,34.66796875
3984855,19.71435546875
3984940,25.32958984375
3985122,22.5830078125
3985186,36.376953125
3985290,33.99658203125
3985306,18.1884765625
3985337,17.27294921875
3985397,33.87451171875
3985460,39.24560546875
3985519,35.64453125
3985599,19.6533203125
3985720,28.564453125
3985743,17.578125
3985774,19.22607421875
3985985,24.5361328125
3986386,22.8271484375
4000346,23.0712890625
4014962,18.24951171875
4069095,17.02880859375
4091608,28.6865234375
4100451,24.59716796875
4100510,28.4423828125
4100530,25.634765625
4100583,22.3388671875
4100610,22.3388671875
4100639,19.34814453125
4100689,27.64892578125
4100700,16.845703125
4100728,52.24609375
4100767,19.53125
4100798,34.60693359375
4100865,38.818359375
4100877,19.287109375
4100944,32.8369140625
4100962,45.654296875
4101040,34.60693359375
4101096,36.4990234375
4101209,31.3720703125
4101250,29.23583984375
4101289,33.38623046875
4101523,46.875
4101606,27.28271484375
4101713,17.02880859375
4101974,22.3388671875
4102015,25.69580078125
4102317,19.47021484375
4102392,27.52685546875
4102622,45.59326171875
4102647,32.53173828125
4102707,23.62060546875
4102829,24.10888671875
4102997,18.73779296875
4103062,22.88818359375
4103216,17.15087890625
4130066,16.9677734375
4151629,27.099609375
4169498,16.845703125
4173400,18.37158203125
4215654,27.7099609375
4226491,24.4140625
4226574,49.01123046875
4226642,26.42822265625
4226658,21.17919921875
4226740,51.26953125
4226775,17.4560546875
4226810,39.12353515625
4226883,43.701171875
4226905,29.541015625
4226947,34.3017578125
4227033,29.47998046875
4227048,31.18896484375
4227115,28.86962890625
4227147,39.0625
4227217,34.11865234375
4227294,32.71484375
4227304,19.6533203125
4227382,39.36767578125
4227519,73.3642578125
4227781,17.4560546875
4228098,20.44677734375
4228423,26.4892578125
4228443,21.91162109375
4228591,25.57373046875
4228603,44.3115234375
4228715,27.4658203125
4228746,40.283203125
4228784,46.69189453125
4228860,28.9306640625
4228910,34.11865234375
4228994,17.333984375
4229019,26.611328125
4229031,43.8232421875
4229150,26.67236328125
4229210,18.85986328125
4229220,47.9736328125
4229251,27.587890625
4229476,20.20263671875
4268926,23.5595703125
4355054,17.08984375
4355311,23.193359375
4355384,43.3349609375
4355466,24.71923828125
4355516,32.77587890625
4355542,20.08056640625
4355600,36.0107421875
4355616,25.93994140625
4355675,58.89892578125
4355742,34.0576171875
4355754,22.3388671875
4355822,32.470703125
4355835,36.92626953125
4355905,32.8369140625
4355970,35.94970703125
4356049,35.400390625
4356258,26.611328125
4356272,48.03466796875
4356598,30.2734375
4357062,42.96875
4357339,26.67236328125
4357377,24.71923828125
4357457,36.2548828125
4357475,29.60205078125
4357616,36.4990234375
4357646,43.51806640625
4357694,23.49853515625
4357707,21.240234375
4357808,28.99169921875
4357830,24.71923828125
4357846,46.0205078125
4357959,29.23583984375
4358044,20.20263671875
4358161,24.84130859375
4358174,35.94970703125
4396800,27.4658203125
4424052,17.02880859375
4469959,27.099609375
4470019,17.76123046875
4470043,25.57373046875
4470114,24.0478515625
4470137,25.45166015625
4470215,17.15087890625
4470248,31.92138671875
4470276,38.4521484375
4470335,41.56494140625
4470370,28.99169921875
4470402,36.19384765625
4470477,37.841796875
4470487,17.4560546875
4470570,34.3017578125
4470622,22.03369140625
4470632,16.90673828125
4470684,39.306640625
4470779,27.89306640625
4470879,39.48974609375
4470997,23.8037109375
4471363,20.5078125
4471556,24.35302734375
4471773,20.44677734375
4471877,28.13720703125
4472077,17.2119140625
4472087,27.7099609375
4472127,27.77099609375
4472283,22.0947265625
4472350,26.611328125
4472400,40.0390625
4472549,17.63916015625
4472589,27.83203125
4472830,25.69580078125
4473121,18.85986328125
4503717,23.8037109375
4516080,24.35302734375
4523978,17.822265625
4544725,31.06689453125
4555581,25.20751953125
4563959,18.24951171875
4566872,27.64892578125
4566951,16.90673828125
4566994,23.86474609375
4567013,33.3251953125
4567068,30.029296875
4567105,28.50341796875
4567124,27.28271484375
4567178,17.76123046875
4567232,33.99658203125
4567264,17.51708984375
4567288,30.517578125
4567299,40.10009765625
4567310,19.47021484375
4567377,30.82275390625
4567396,33.447265625
4567438,36.865234375
4567517,35.58349609375
4567548,30.45654296875
4567595,29.9072265625
4567681,40.4052734375
4567808,33.99658203125
4568075,17.333984375
4568330,24.10888671875
4568470,23.62060546875
4568653,28.076171875
4569023,22.94921875
4569136,22.64404296875
4569278,49.37744140625
4569321,18.85986328125
4569357,36.80419921875
4569456,17.578125
4569504,20.56884765625
4569515,24.35302734375
4569871,21.05712890625
4569933,26.91650390625
4595462,24.2919921875
4678050,25.2685546875
4678126,17.333984375
4678208,24.169921875
4678283,47.36328125
4678293,23.25439453125
4678350,33.203125
4678363,29.4189453125
4678383,20.5078125
4678422,32.470703125
4678432,18.5546875
4678463,36.4990234375
4678504,35.15625
4678533,42.54150390625
4678581,40.771484375
4678630,29.052734375
4678647,39.1845703125
4678715,32.71484375
4678834,54.931640625
4678910,43.9453125
4679096,26.30615234375
4679134,16.90673828125
4679314,36.80419921875
4679465,31.55517578125
4679526,19.71435546875
4679704,19.22607421875
4680163,21.3623046875
4680193,25.45166015625
4680247,32.2265625
4680262,34.3017578125
4680411,29.47998046875
4680421,50.537109375
4680472,26.2451171875
4680514,33.447265625
4680527,28.4423828125
4680580,17.88330078125
4680689,26.0009765625
4680783,35.82763671875
4680868,19.34814453125
4680891,37.353515625
4681152,17.63916015625
4706965,28.25927734375
4762075,26.611328125
4771206,22.52197265625
4820857,17.08984375
4821402,25.5126953125
4821435,29.296875
4821488,31.79931640625
4821535,18.9208984375
4821561,31.31103515625
4821574,18.1884765625
4821616,19.71435546875
4821656,16.845703125
4821693,30.76171875
4821705,17.27294921875
4821758,44.49462890625
4821786,30.70068359375
4821821,36.80419921875
4821875,22.03369140625
4821909,36.43798828125
4821958,25.5126953125
4821988,36.1328125
4822056,35.21728515625
4822126,31.982421875
4822305,40.52734375
4822456,36.865234375
4822534,35.5224609375
4822641,21.8505859375
4822807,16.845703125
4822948,19.95849609375
4823055,25.87890625
4823144,18.12744140625
4823189,19.95849609375
4823288,24.2919921875
4823445,20.56884765625
4823467,66.58935546875
4823581,24.23095703125
4823652,47.30224609375
4823713,20.1416015625
4823801,30.2734375
4823850,41.07666015625
4823887,21.05712890625
4823959,39.55078125
4824013,20.44677734375
4824031,31.8603515625
4824139,18.85986328125
4824220,36.9873046875
4824250,34.3017578125
4824447,18.61572265625
4824625,27.2216796875
4865127,18.85986328125
4898737,27.16064453125
4928439,25.87890625
4933051,28.50341796875
4941317,29.96826171875
4941370,28.99169921875
4941393,25.390625
4941461,20.5078125
4941486,16.90673828125
4941543,18.5546875
4941554,39.97802734375
4941572,32.28759765625
4941639,37.7197265625
4941681,31.494140625
4941715,35.94970703125
4941772,29.6630859375
4941822,35.46142578125
4941890,32.1044921875
4941941,32.28759765625
4941957,35.64453125
4942029,36.19384765625
4942160,34.5458984375
4942257,32.40966796875
4942295,27.34375
4942446,39.0625
4942476,38.02490234375
4942708,23.92578125
4943015,19.10400390625
4943058,24.23095703125
4943183,26.3671875
4943274,27.64892578125
4943359,25.7568359375
4943423,39.97802734375
4943543,22.76611328125
4943584,51.7578125
4943603,31.982421875
4943741,22.4609375
4943753,43.51806640625
4943796,31.73828125
4943883,19.34814453125
4943910,41.1376953125
4944054,31.55517578125
4944108,38.87939453125
4944146,19.59228515625
4944347,16.9677734375
4944409,44.677734375
4994058,17.63916015625
5000225,17.63916015625
5009156,25.57373046875
5048728,25.87890625
5048856,27.2216796875
5048920,27.2216796875
5048944,27.16064453125
5049022,20.1416015625
5049048,51.57470703125
5049103,24.658203125
5049128,33.3251953125
5049139,33.38623046875
5049171,17.51708984375
5049206,37.841796875
5049222,43.88427734375
5049240,18.37158203125
5049265,21.30126953125
5049294,34.48486328125
5049383,32.2265625
5049415,28.1982421875
5049511,32.89794921875
5049686,36.1328125
5049869,19.287109375
5049889,45.166015625
5049912,35.09521484375
5050165,20.08056640625
5050193,21.1181640625
5050533,26.9775390625
5050640,24.71923828125
5050927,25.2685546875
5050988,29.72412109375
5051181,20.20263671875
5051200,35.94970703125
5051253,24.0478515625
5051337,35.09521484375
5051415,17.9443359375
5051483,24.5361328125
5051529,29.35791015625
5051689,22.3388671875
5051882,23.193359375
5085525,24.23095703125
5092182,19.59228515625
5122644,17.27294921875
5124341,16.845703125
5142643,30.029296875
5144882,23.98681640625
5153094,17.2119140625
5154158,17.08984375
5154764,31.005859375
5154835,27.83203125
5154849,22.4609375
5154863,25.45166015625
5154908,28.38134765625
5154942,27.52685546875
5154958,17.9443359375
5155005,27.52685546875
5155020,26.67236328125
5155046,32.53173828125
5155094,21.240234375
5155109,24.4140625
5155135,33.3251953125
5155149,17.333984375
5155174,50.4150390625
5155225,34.48486328125
5155316,30.33447265625
5155340,33.935546875
5155405,38.51318359375
5155437,27.34375
5155526,50.29296875
5155661,31.06689453125
5155753,18.9208984375
5155774,33.8134765625
5156048,30.33447265625
5156089,24.96337890625
5156382,19.04296875
5156565,24.96337890625
5156731,19.95849609375
5157008,30.94482421875
5157047,39.85595703125
5157108,45.47119140625
5157144,23.62060546875
5157209,43.76220703125
5157410,25.2685546875
5157443,31.8603515625
5157465,22.4609375
5157509,33.5693359375
5157640,32.28759765625
5157691,17.333984375
5157782,32.8369140625
5179555,27.9541015625
5195450,17.88330078125
5209792,26.79443359375
5223892,17.63916015625
5234166,16.845703125
5235513,25.93994140625
5241233,29.11376953125
5303175,29.23583984375
5304260,27.16064453125
5311034,25.08544921875
5311108,25.390625
5311161,28.25927734375
5311183,23.01025390625
5311238,25.20751953125
5311265,17.333984375
5311308,43.15185546875
5311319,19.775390625
5311381,40.8935546875
5311410,27.52685546875
5311442,33.14208984375
5311494,27.28271484375
5311520,41.32080078125
5311619,35.82763671875
5311643,26.18408203125
5311672,37.04833984375
5311788,30.1513671875
5311877,29.23583984375
5311940,32.470703125
5312025,33.75244140625
5312282,27.03857421875
5312332,18.6767578125
5312523,24.47509765625
5312566,19.83642578125
5312836,24.169921875
5312874,30.3955078125
5312959,25.390625
5313124,27.89306640625
5313156,22.88818359375
5313232,49.49951171875
5313332,32.2265625
5313481,25.5126953125
5313560,21.240234375
5313594,18.85986328125
5313610,34.24072265625
5313650,24.4140625
5313732,22.705078125
5313775,57.7392578125
5313825,25.2685546875
5313934,45.2880859375
5314040,28.50341796875
5314198,19.8974609375
5314211,23.13232421875
5314258,33.99658203125
5360987,16.9677734375
5375721,26.06201171875
5387834,22.03369140625
5398030,26.611328125
5420727,29.78515625
5446157,26.30615234375
5446240,27.83203125
5446261,28.80859375
5446312,22.0947265625
5446362,33.38623046875
5446428,24.84130859375
5446461,32.5927734375
5446517,28.076171875
5446537,49.01123046875
5446577,20.20263671875
5446625,57.373046875
5446636,22.94921875
5446710,36.80419921875
5446733,28.74755859375
5446815,34.60693359375
5446836,31.005859375
5446919,29.60205078125
5446973,30.09033203125
5447042,36.68212890625
5447117,28.74755859375
5447136,43.8232421875
5447423,59.02099609375
5447770,23.37646484375
5447969,26.0009765625
5448194,24.96337890625
5448205,37.2314453125
5448270,21.8505859375
5448332,38.330078125
5448472,23.86474609375
5448489,25.0244140625
5448532,47.18017578125
5448580,19.6533203125
5448632,28.25927734375
5448685,35.09521484375
5448832,31.18896484375
5448872,27.40478515625
5449064,21.97265625
5449101,24.96337890625
5477967,24.23095703125
5479218,16.845703125
5481972,17.9443359375
5485778,17.02880859375
5505822,17.333984375
5523406,17.08984375
5550933,17.15087890625
5556442,17.7001953125
5556487,22.88818359375
5556539,29.4189453125
5556565,26.2451171875
5556644,28.25927734375
5556728,18.12744140625
5556764,48.095703125
5556804,16.9677734375
5556816,34.912109375
5556837,40.0390625
5556854,18.49365234375
5556894,42.48046875
5556918,34.912109375
5556972,28.38134765625
5556988,43.88427734375
5557046,33.75244140625
5557111,40.95458984375
5557229,29.78515625
5557247,28.1982421875
5557333,28.99169921875
5557440,32.958984375
5557483,32.2265625
5557782,28.1982421875
5557821,20.751953125
5558166,19.775390625
5558227,29.4189453125
5558418,21.3623046875
5558476,24.96337890625
5558510,26.611328125
5558544,43.64013671875
5558723,35.64453125
5558781,21.97265625
5558833,27.28271484375
5558922,27.28271484375
5558994,48.4619140625
5559023,23.25439453125
5559131,33.203125
5559200,17.2119140625
5559509,20.6298828125
5583340,22.27783203125
5596142,29.296875
5598485,17.578125
5615412,17.02880859375
5630992,28.80859375
5635007,16.9677734375
5642185,16.9677734375
5646923,26.7333984375
5684039,16.90673828125
5685966,28.25927734375
5690169,26.0009765625
5691794,24.7802734375
5691882,28.01513671875
5691965,25.390625
5692057,24.169921875
5692113,38.26904296875
5692144,19.4091796875
5692176,32.5927734375
5692187,21.6064453125
5692256,30.3955078125
5692317,36.1328125
5692350,38.87939453125
5692384,34.912109375
5692458,29.296875
5692477,34.423828125
5692572,28.25927734375
5692643,36.56005859375
5692723,38.4521484375
5692876,39.55078125
5693006,36.2548828125
5693051,18.1884765625
5693262,19.71435546875
5693325,25.2685546875
5693567,23.13232421875
5693667,23.3154296875
5693894,23.98681640625
5693922,46.93603515625
5693943,23.3154296875
5694083,33.99658203125
5694104,22.15576171875
5694127,22.88818359375
5694174,27.52685546875
5694218,17.63916015625
5694317,37.7197265625
5694387,22.15576171875
5694419,19.04296875
5694457,33.50830078125
5694561,20.5078125
5694593,21.1181640625
5694622,35.64453125
5694958,19.6533203125
5695037,25.81787109375
5760593,25.81787109375
5784337,28.86962890625
5811373,28.74755859375
5815163,27.40478515625
5818862,17.2119140625
5818951,29.296875
5819023,31.31103515625
5819036,26.611328125
5819125,22.64404296875
5819187,36.865234375
5819213,16.9677734375
5819225,41.32080078125
5819264,17.02880859375
5819299,35.64453125
5819325,37.90283203125
5819368,20.1416015625
5819399,26.2451171875
5819419,33.75244140625
5819508,27.9541015625
5819535,42.66357421875
5819623,29.296875
5819653,35.46142578125
5819911,39.55078125
5819967,30.09033203125
5820094,21.240234375
5820433,20.99609375
5820595,27.52685546875
5820764,22.705078125
5820809,29.72412109375
5821006,28.6865234375
5821020,28.01513671875
5821078,44.25048828125
5821212,17.63916015625
5821334,17.7001953125
5821508,23.193359375
5822072,21.91162109375
5851050,17.63916015625
5870182,16.9677734375
5882831,17.51708984375
5896329,17.7001953125
5899895,24.59716796875
5934180,28.01513671875
5934242,25.57373046875
5934315,24.90234375
5934333,23.3154296875
5934409,22.3388671875
5934436,27.34375
5934454,28.99169921875
5934488,23.62060546875
5934509,37.53662109375
5934536,31.92138671875
5934568,44.00634765625
5934641,35.82763671875
5934652,18.24951171875
5934748,34.36279296875
5934766,35.09521484375
5934812,40.10009765625
5934876,35.94970703125
5934889,33.3251953125
5935022,17.2119140625
5935068,26.9775390625
5935148,49.9267578125
5935500,22.8271484375
5936020,24.35302734375
5936084,24.658203125
5936346,25.08544921875
5936364,19.775390625
5936419,33.0810546875
5936484,20.1416015625
5936497,55.96923828125
5936638,17.76123046875
5936664,33.203125
5936687,27.16064453125
5936741,30.82275390625
5936884,32.40966796875
5936915,20.56884765625
5936988,19.8974609375
5971236,29.4189453125
5972731,17.39501953125
6027787,17.9443359375
6035930,24.90234375
6038447,27.77099609375
6038513,35.70556640625
6038553,30.70068359375
6038592,22.705078125
6038636,26.85546875
6038685,51.26953125
6038716,18.00537109375
6038750,30.029296875
6038771,43.39599609375
6038781,18.06640625
6038804,19.95849609375
6038833,33.203125
6038861,41.015625
6038880,18.6767578125
6038919,29.84619140625
6038929,18.37158203125
6038959,49.4384765625
6038992,30.3955078125
6039050,30.57861328125
6039158,34.0576171875
6039233,33.447265625
6039355,32.470703125
6039368,37.53662109375
6039761,26.7333984375
6039849,32.958984375
6040062,18.24951171875
6040155,21.97265625
6040249,23.4375
6040407,19.10400390625
6040515,21.91162109375
6040570,48.52294921875
6040754,27.7099609375
6040786,29.11376953125
6040837,27.64892578125
6040976,19.4091796875
6041025,33.63037109375
6041222,31.67724609375
6041630,26.55029296875
6081114,23.681640625
6089834,17.02880859375
6117980,25.45166015625
6130690,18.24951171875
6143231,29.052734375
6143309,38.57421875
6143385,20.01953125
6143461,20.01953125
6143506,41.6259765625
6143527,29.4189453125
6143552,23.681640625
6143572,30.3955078125
6143601,31.1279296875
6143643,34.85107421875
6143691,20.93505859375
6143740,37.9638671875
6143802,43.45703125
6143875,43.88427734375
6143945,25.146484375
6144046,35.400390625
6144215,21.728515625
6144537,21.3623046875
6144760,22.4609375
6145027,21.1181640625
6145065,23.86474609375
6145281,17.7001953125
6145390,25.81787109375
6145415,36.1328125
6145431,22.52197265625
6145642,42.41943359375
6145688,41.3818359375
6145801,22.0947265625
6145872,36.43798828125
6145890,29.541015625
6146062,19.10400390625
6146074,44.189453125
6146178,23.74267578125
6156820,26.67236328125
6207117,18.73779296875
6208576,22.216796875
6226074,16.9677734375
6238178,19.4091796875
6252856,28.3203125
6252970,45.41015625
6253043,21.42333984375
6253074,26.4892578125
6253162,43.9453125
6253239,17.15087890625
6253256,39.0625
6253299,18.73779296875
6253313,47.2412109375
6253334,32.1044921875
6253374,39.24560546875
6253412,29.11376953125
6253457,32.8369140625
6253494,26.7333984375
6253539,31.494140625
6253623,36.07177734375
6253649,28.3203125
6253763,32.1044921875
6253870,31.005859375
6254220,18.798828125
6254537,24.90234375
6254638,26.85546875
6254778,26.4892578125
6254892,25.93994140625
6255014,23.4375
6255187,23.49853515625
6255215,27.83203125
6255238,22.76611328125
6255364,17.88330078125
6255397,28.6865234375
6255507,54.99267578125
6255617,18.85986328125
6255767,29.11376953125
6255787,22.0947265625
6255878,29.72412109375
6256121,24.5361328125
6288651,24.59716796875
6348049,25.634765625
6358915,17.7001953125
6368880,29.35791015625
6377128,17.578125
6377516,26.123046875
6377609,25.57373046875
6377676,26.55029296875
6377705,24.96337890625
6377771,32.89794921875
6377782,35.400390625
6377854,35.2783203125
6377896,32.65380859375
6377937,34.72900390625
6377966,33.99658203125
6378013,38.4521484375
6378062,30.3955078125
6378118,36.07177734375
6378241,32.04345703125
6378310,28.99169921875
6378474,37.59765625
6378645,38.51318359375
6378816,17.63916015625
6378899,32.53173828125
6379249,25.45166015625
6379435,20.3857421875
6379589,21.17919921875
6379715,28.1982421875
6379746,32.3486328125
6379886,18.9208984375
6379920,47.607421875
6379955,20.5078125
6379975,33.5693359375
6380033,32.53173828125
6380219,34.0576171875
6380265,22.03369140625
6380341,38.51318359375
6380370,25.08544921875
6380517,33.447265625
6380551,21.97265625
6402251,29.23583984375
6426026,22.94921875
6435643,23.01025390625
6470414,17.76123046875
6502586,17.39501953125
6503311,24.7802734375
6503390,40.22216796875
6503477,23.92578125
6503517,19.8974609375
6503566,21.8505859375
6503599,37.9638671875
6503628,19.59228515625
6503685,44.49462890625
6503702,39.36767578125
6503714,19.4091796875
6503736,17.76123046875
6503755,35.94970703125
6503779,23.13232421875
6503832,35.09521484375
6503923,31.6162109375
6503938,36.0107421875
6504002,34.912109375
6504035,29.9072265625
6504090,40.6494140625
6504180,27.4658203125
6504228,38.26904296875
6504533,26.2451171875
6504690,22.5830078125
6504929,39.55078125
6505175,18.798828125
6505237,26.67236328125
6505423,28.3203125
6505435,22.3388671875
6505489,18.61572265625
6505518,41.19873046875
6505681,23.49853515625
6505764,24.59716796875
6505814,32.958984375
6505864,33.75244140625
6505957,23.681640625
6506187,17.02880859375
6506291,21.54541015625
6525265,17.15087890625
6594845,23.13232421875
6609500,16.90673828125
6612004,27.2216796875
6616394,30.33447265625
6620152,23.37646484375
6620755,16.9677734375
6630587,18.12744140625
6630880,28.6865234375
6630953,18.00537109375
6630969,27.03857421875
6631048,37.353515625
6631134,22.5830078125
6631173,37.41455078125
6631194,29.60205078125
6631249,39.1845703125
6631290,31.982421875
6631302,17.51708984375
6631330,37.353515625
6631375,27.16064453125
6631414,38.75732421875
6631469,29.052734375
6631490,33.87451171875
6631555,37.90283203125
6631614,33.87451171875
6631646,33.26416015625
6631680,35.400390625
6631780,28.3203125
6631857,31.494140625
6631952,17.88330078125
6632041,30.70068359375
6632132,20.6298828125
6632306,29.1748046875
6632697,20.81298828125
6632778,28.6865234375
6632951,39.12353515625
6633053,30.8837890625
6633121,37.78076171875
6633272,33.0810546875
6633300,30.8837890625
6633429,37.59765625
6633472,17.08984375
6633531,23.193359375
6633568,39.00146484375
6633613,26.91650390625
6633919,19.8974609375
6634164,17.08984375
6676507,17.39501953125
6679515,18.73779296875
6735028,27.64892578125
6741890,30.70068359375
6741960,33.75244140625
6742042,26.42822265625
6742054,19.71435546875
6742106,31.06689453125
6742132,22.88818359375
6742152,34.3017578125
6742210,39.1845703125
6742223,32.71484375
6742296,18.24951171875
6742309,28.74755859375
6742382,20.3857421875
6742408,29.78515625
6742438,33.8134765625
6742493,17.4560546875
6742527,44.98291015625
6742611,31.3720703125
6742672,25.20751953125
6742714,35.33935546875
6742910,33.8134765625
6743073,35.46142578125
6743339,21.42333984375
6743443,22.64404296875
6743826,22.88818359375
6743858,28.80859375
6743918,19.287109375
6744038,38.26904296875
6744118,19.1650390625
6744149,48.33984375
6744226,33.75244140625
6744249,25.7568359375
6744311,32.958984375
6744372,21.42333984375
6744416,31.92138671875
6744445,30.1513671875
6744521,18.798828125
6744566,35.15625
6744576,18.85986328125
6744635,25.08544921875
6744773,22.15576171875
6744810,36.4990234375
6745089,22.76611328125
6781387,17.76123046875
6791519,17.88330078125
6799912,19.10400390625
6803134,26.91650390625
6811319,25.390625
6819248,18.37158203125
6824291,16.845703125
6832955,18.4326171875
6838425,17.4560546875
6838677,27.28271484375
6838833,23.681640625
6838888,29.296875
6838915,30.45654296875
6838989,17.76123046875
6839013,48.828125
6839047,17.88330078125
6839058,47.4853515625
6839074,17.39501953125
6839102,31.8603515625
6839130,22.4609375
6839148,17.7001953125
6839172,27.83203125
6839187,27.52685546875
6839197,18.73779296875
6839267,25.634765625
6839279,48.52294921875
6839384,28.25927734375
6839399,40.58837890625
6839455,34.912109375
6839484,27.9541015625
6839574,28.3203125
6839741,43.701171875
6840014,19.53125
6840714,25.87890625
6840739,28.38134765625
6841205,42.66357421875
6841232,21.54541015625
6841331,30.21240234375
6841514,25.0244140625
6841660,16.9677734375
6864436,28.6865234375
6927611,17.27294921875
6953325,16.90673828125
6961187,23.193359375
6973596,26.7333984375
6986626,23.4375
6992459,26.2451171875
6992520,24.90234375
6992538,33.935546875
6992598,21.484375
6992614,22.705078125
6992660,38.6962890625
6992698,21.30126953125
6992740,71.71630859375
6992771,20.1416015625
6992816,35.58349609375
6992830,31.67724609375
6992843,22.216796875
6992885,32.65380859375
6992900,34.72900390625
6992965,37.65869140625
6992993,32.470703125
6993055,34.11865234375
6993128,32.958984375
6993160,31.18896484375
6993256,46.93603515625
6993355,29.47998046875
6993468,36.19384765625
6993648,43.9453125
6993784,34.11865234375
6993871,17.2119140625
6994128,21.30126953125
6994276,25.2685546875
6994412,19.71435546875
6994566,28.86962890625
6994582,39.61181640625
6994687,49.9267578125
6994709,35.33935546875
6994759,25.7568359375
6994799,38.57421875
6994837,16.9677734375
6994916,26.18408203125
6994964,37.353515625
6995094,46.44775390625
6995285,57.0068359375
6995479,18.310546875
6995671,22.94921875
7014405,16.845703125
7021759,25.5126953125
7047022,16.9677734375
7092057,17.4560546875
7102002,30.1513671875
7109376,17.578125
7110043,27.587890625
7110113,38.75732421875
7110199,19.287109375
7110272,41.9921875
7110296,24.10888671875
7110357,30.517578125
7110389,38.63525390625
7110449,36.1328125
7110474,39.85595703125
7110545,27.64892578125
7110565,36.62109375
7110630,26.123046875
7110667,33.26416015625
7110728,28.74755859375
7110795,19.8974609375
7110821,37.4755859375
7110988,37.109375
7111013,26.9775390625
7111226,34.48486328125
7111508,20.8740234375
7111807,25.45166015625
7111894,27.587890625
7112153,21.54541015625
7112165,19.95849609375
7112236,32.2265625
7112359,25.45166015625
7112507,25.634765625
7112546,19.53125
7112751,35.21728515625
7112810,20.01953125
7173823,24.4140625
7191913,22.52197265625
7193307,26.18408203125
7201007,25.390625
7209861,27.099609375
7210582,16.9677734375
7220885,17.2119140625
7223384,24.2919921875
7228076,26.85546875
7228219,25.45166015625
7228257,17.02880859375
7228313,23.8037109375
7228368,22.216796875
7228382,23.49853515625
7228400,31.3720703125
7228474,40.4052734375
7228497,28.4423828125
7228553,48.64501953125
7228628,36.92626953125
7228640,31.73828125
7228696,17.2119140625
7228709,27.52685546875
7228784,38.87939453125
7228885,34.60693359375
7228949,32.2265625
7229109,32.71484375
7229132,36.43798828125
7229280,25.390625
7229465,17.63916015625
7229754,28.076171875
7229870,24.84130859375
7230319,22.27783203125
7230393,25.93994140625
7230407,36.7431640625
7230585,27.587890625
7230643,29.72412109375
7230786,22.4609375
7230821,27.4658203125
7230956,24.71923828125
7230987,25.32958984375
7231074,19.775390625
7282634,19.22607421875
7293169,20.263671875
7300942,17.08984375
7303222,18.12744140625
7327340,25.32958984375
7327444,44.677734375
7327544,24.23095703125
7327600,37.353515625
7327622,41.9921875
7327683,21.17919921875
7327705,31.67724609375
7327725,40.58837890625
7327773,17.27294921875
7327787,21.91162109375
7327810,27.2216796875
7327832,33.203125
7327887,38.6962890625
7327908,26.55029296875
7327943,41.93115234375
7328000,30.6396484375
7328031,31.6162109375
7328101,39.0625
7328216,29.35791015625
7328297,58.04443359375
7328486,21.240234375
7329358,24.4140625
7329625,25.2685546875
7329710,27.40478515625
7329788,23.4375
7329878,37.59765625
7329901,25.32958984375
7330040,31.005859375
7330056,20.5078125
7330073,34.97314453125
7330153,28.38134765625
7330230,29.96826171875
7330269,26.06201171875
7330395,24.84130859375
7330466,31.1279296875
7330528,19.71435546875
7391398,27.83203125
7399422,17.08984375
7399821,29.60205078125
7403352,19.6533203125
7415537,30.45654296875
7432213,29.23583984375
7442983,38.57421875
7443142,23.49853515625
7443177,24.169921875
7443216,27.2216796875
7443265,22.705078125
7443361,19.8974609375
7443372,38.63525390625
7443453,33.3251953125
7443507,18.1884765625
7443538,39.85595703125
7443562,32.65380859375
7443614,35.46142578125
7443643,27.64892578125
7443671,34.60693359375
7443716,16.90673828125
7443769,33.5693359375
7443810,29.11376953125
7443843,36.92626953125
7444179,16.9677734375
7444440,19.47021484375
7445080,24.71923828125
7445120,32.77587890625
7445360,36.31591796875
7445415,24.7802734375
7445427,22.64404296875
7445469,19.34814453125
7445654,20.01953125
7445711,24.47509765625
7445727,44.49462890625
7445906,21.05712890625
7445967,31.79931640625
7446221,17.51708984375
7472156,16.90673828125
7486420,26.611328125
7527823,18.49365234375
7533951,22.705078125
7543073,24.7802734375
7549119,27.7099609375
7563337,18.5546875
7563679,24.35302734375
7566981,24.7802734375
7569093,34.0576171875
7569239,27.34375
7569323,43.27392578125
7569394,18.06640625
7569407,24.10888671875
7569468,27.03857421875
7569483,47.9736328125
7569559,26.3671875
7569570,43.51806640625
7569580,41.56494140625
7569626,19.8974609375
7569655,70.80078125
7569750,53.16162109375
7569818,31.18896484375
7569837,26.18408203125
7569953,35.888671875
7570040,37.29248046875
7570200,34.423828125
7570298,25.57373046875
7570579,17.822265625
7570600,26.55029296875
7570627,38.330078125
7571028,23.681640625
7571041,20.69091796875
7571112,17.15087890625
7571245,26.18408203125
7571330,50.10986328125
7571359,27.7099609375
7571466,28.13720703125
7571552,28.25927734375
7571568,29.9072265625
7571661,18.310546875
7571731,19.95849609375
7571766,36.865234375
7571788,42.90771484375
7571930,35.33935546875
7572000,55.96923828125
7572244,18.1884765625
7613176,17.578125
7621967,25.57373046875
7623804,19.10400390625
7639078,28.01513671875
7646067,17.4560546875
7682942,23.25439453125
7687206,17.88330078125
7699554,16.90673828125
7709507,26.55029296875
7709571,25.5126953125
7709590,25.69580078125
7709656,24.4140625
7709740,20.93505859375
7709790,28.50341796875
7709815,22.3388671875
7709876,37.2314453125
7709891,19.6533203125
7709945,27.4658203125
7709976,22.3388671875
7710048,38.87939453125
7710090,25.2685546875
7710140,32.71484375
7710245,32.958984375
7710290,26.611328125
7710563,17.822265625
7710635,34.3017578125
7710841,25.390625
7710946,29.11376953125
7711126,20.1416015625
7711196,23.74267578125
7711382,22.64404296875
7711427,21.05712890625
7711665,32.3486328125
7711678,31.25
7711706,16.845703125
7711728,24.59716796875
7711865,43.02978515625
7712016,42.1142578125
7712050,22.64404296875
7712280,22.4609375
7712336,30.94482421875
7712401,17.02880859375
7712560,17.63916015625
7760941,24.7802734375
7763791,16.845703125
7777241,26.7333984375
7808002,23.4375
7819580,17.51708984375
7825860,26.30615234375
7830009,24.84130859375
7830085,22.27783203125
7830119,28.74755859375
7830173,25.2685546875
7830206,26.4892578125
7830273,33.3251953125
7830360,17.27294921875
7830376,23.5595703125
7830427,29.4189453125
7830465,34.3017578125
7830484,35.21728515625
7830552,40.83251953125
7830645,31.982421875
7830680,37.9638671875
7830743,35.15625
7830767,31.982421875
7830846,48.64501953125
7830960,25.93994140625
7831206,19.4091796875
7831682,20.01953125
7831865,22.4609375
7832188,25.93994140625
7832290,25.81787109375
7832437,24.7802734375
7832601,27.28271484375
7832622,21.240234375
7832837,23.01025390625
7844696,24.84130859375
7875772,17.15087890625
7893680,17.76123046875
7909598,18.310546875
7921152,17.333984375
7922189,17.578125
7931260,22.64404296875
7939558,26.55029296875
7953114,23.37646484375
7957358,22.4609375
7957451,47.9736328125
7957542,19.287109375
7957633,19.47021484375
7957659,33.69140625
7957669,37.4755859375
7957703,22.216796875
7957746,32.16552734375
7957779,29.96826171875
7957791,22.216796875
7957830,37.04833984375
7957859,29.541015625
7957918,34.72900390625
7957980,30.517578125
7958001,27.03857421875
7958076,34.5458984375
7958094,25.81787109375
7958151,31.6162109375
7958236,34.0576171875
7958283,34.7900390625
7958493,19.10400390625
7958545,34.5458984375
7958650,39.9169921875
7958794,41.44287109375
7958835,18.06640625
7959022,22.4609375
7959127,24.90234375
7959203,20.56884765625
7959356,32.470703125
7959476,27.28271484375
7959499,21.78955078125
7959526,19.71435546875
7959615,17.08984375
7959666,24.96337890625
7959679,31.1279296875
7959737,26.123046875
7959787,46.38671875
7959908,28.1982421875
7960003,35.888671875
7960137,48.40087890625
7960173,29.60205078125
7960299,17.15087890625
7988684,23.98681640625
7998261,17.333984375
8001629,28.01513671875
8025556,17.4560546875
8040272,17.578125
8068342,28.86962890625
8068380,23.86474609375
8068412,22.15576171875
8068490,20.81298828125
8068568,16.90673828125
8068597,49.98779296875
8068611,18.85986328125
8068646,17.9443359375
8068678,44.0673828125
8068696,30.2734375
8068757,40.46630859375
8068774,31.494140625
8068847,38.4521484375
8068938,33.203125
8069014,36.07177734375
8069046,19.6533203125
8069217,28.99169921875
8069231,42.78564453125
8069490,18.06640625
8069603,41.19873046875
8069850,25.2685546875
8069950,25.390625
8070358,24.96337890625
8070415,22.216796875
8070540,23.8037109375
8070629,37.4755859375
8070681,21.728515625
8070698,18.6767578125
8070731,37.9638671875
8070816,29.60205078125
8070831,44.49462890625
8070998,26.30615234375
8071037,21.17919921875
8071250,26.30615234375
8071291,28.38134765625
8071367,18.61572265625
8088607,26.55029296875
8116362,18.24951171875
8120912,18.1884765625
8151388,24.0478515625
8190539,25.81787109375
8190632,26.123046875
8190646,26.7333984375
8190702,21.05712890625
8190734,27.099609375
8190814,17.88330078125
8190833,40.283203125
8190846,34.60693359375
8190887,20.69091796875
8190909,38.26904296875
8190942,38.39111328125
8190979,46.81396484375
8191034,31.31103515625
8191067,37.53662109375
8191159,50.84228515625
8191283,37.17041015625
8191417,39.6728515625
8191490,32.77587890625
8192568,25.0244140625
8192801,25.93994140625
8192855,25.2685546875
8192885,36.2548828125
8192900,19.59228515625
8193025,22.39990234375
8193066,24.90234375
8193156,32.958984375
8193209,22.94921875
8193227,23.3154296875
8193273,24.23095703125
8193391,24.169921875
8193681,25.390625
8193983,18.73779296875
8220955,23.62060546875
8245961,17.7001953125
8249361,18.24951171875
8254762,17.2119140625
8255337,24.4140625
8256201,16.845703125
8274944,17.63916015625
8290386,17.7001953125
8318878,24.169921875
8318944,29.78515625
8318955,25.5126953125
8319037,18.9208984375
8319086,33.87451171875
8319132,20.8740234375
8319192,59.326171875
8319254,38.0859375
8319278,26.4892578125
8319309,18.61572265625
8319326,47.05810546875
8319366,32.40966796875
8319432,33.14208984375
8319442,19.4091796875
8319485,29.9072265625
8319559,39.306640625
8319681,28.1982421875
8319720,37.17041015625
8319857,26.123046875
8320148,22.5830078125
8321179,40.52734375
8321208,45.22705078125
8321415,24.84130859375
8321437,24.10888671875
8321613,19.53125
8321646,27.099609375
8321659,52.55126953125
8321751,22.03369140625
8321895,22.03369140625
8351189,17.27294921875
8369792,24.0478515625
8390498,25.87890625
8422126,25.87890625
8422228,29.052734375
8422277,36.376953125
8422316,31.43310546875
8422369,20.8740234375
8422395,35.888671875
8422454,22.64404296875
8422490,41.93115234375
8422505,20.6298828125
8422530,17.39501953125
8422587,31.31103515625
8422610,34.423828125
8422673,35.64453125
8422686,46.9970703125
8422762,48.27880859375
8422809,28.9306640625
8422830,36.865234375
8422900,42.236328125
8423014,36.7431640625
8423188,24.84130859375
8423308,18.98193359375
8423482,18.06640625
8423660,18.6767578125
8424336,46.08154296875
8424437,24.47509765625
8424656,39.36767578125
8424702,26.9775390625
8424723,25.146484375
8424846,33.02001953125
8425004,36.0107421875
8425255,50.6591796875
8425497,17.51708984375
8426011,16.845703125
8434604,26.42822265625
8509800,17.08984375
8514186,18.00537109375
8518273,17.15087890625
8535926,16.90673828125
8536094,31.79931640625
8536178,25.87890625
8536194,25.20751953125
8536254,20.8740234375
8536286,18.85986328125
8536315,19.53125
8536358,38.9404296875
8536401,18.4326171875
8536423,26.85546875
8536450,39.9169921875
8536473,17.333984375
8536515,38.330078125
8536525,20.3857421875
8536593,29.47998046875
8536613,41.68701171875
8536692,30.45654296875
8536713,33.75244140625
8536786,38.9404296875
8536837,28.38134765625
8536862,31.005859375
8537054,29.541015625
8537227,17.2119140625
8537382,18.24951171875
8537703,24.59716796875
8537980,24.47509765625
8538038,27.77099609375
8538208,26.611328125
8538237,36.9873046875
8538303,24.0478515625
8538409,21.8505859375
8538427,40.10009765625
8538545,18.5546875
8538643,26.85546875
8561921,27.52685546875
8606918,24.169921875
8626453,25.634765625
8635399,26.85546875
8635508,33.63037109375
8635578,19.1650390625
8635614,32.65380859375
8635700,22.76611328125
8635758,23.01025390625
8635783,46.69189453125
8635844,29.296875
8635872,18.1884765625
8635891,28.564453125
8635930,33.63037109375
8635978,34.912109375
8636045,29.6630859375
8636251,36.4990234375
8636399,29.6630859375
8636691,20.3857421875
8636743,30.517578125
8636849,19.4091796875
8637037,24.10888671875
8637093,24.47509765625
8637343,18.6767578125
8637481,30.33447265625
8637580,43.27392578125
8637696,27.64892578125
8637790,18.12744140625
8637816,18.798828125
8637998,24.59716796875
8638083,26.91650390625
8638224,18.98193359375
8638306,21.97265625
8638908,16.9677734375
8669362,17.333984375
8710837,28.9306640625
8711784,17.822265625
8762607,29.6630859375
8762717,27.2216796875
8762734,20.01953125
8762805,36.43798828125
8762882,21.6064453125
8762926,30.57861328125
8762961,40.771484375
8762992,40.71044921875
8763055,30.57861328125
8763073,36.0107421875
8763127,32.5927734375
8763150,30.33447265625
8763160,17.822265625
8763202,38.75732421875
8763229,29.052734375
8763290,34.66796875
8763360,33.447265625
8763429,31.92138671875
8763446,28.74755859375
8763604,32.40966796875
8763614,40.58837890625
8763884,29.96826171875
8763940,16.90673828125
8764420,29.296875
8764776,35.0341796875
8764847,44.86083984375
8765042,36.43798828125
8765059,46.08154296875
8765097,17.27294921875
8765126,21.91162109375
8765203,25.634765625
8765236,17.4560546875
8765268,26.85546875
8765376,36.4990234375
8765442,20.81298828125
8765477,31.67724609375
8765490,23.193359375
8765573,30.33447265625
8765744,22.76611328125
8804099,17.39501953125
8820334,23.8037109375
8827649,17.51708984375
8829184,16.845703125
8831055,17.2119140625
8845570,24.4140625
8851945,24.23095703125
8852337,17.39501953125
8857832,23.86474609375
8865036,24.10888671875
8875498,16.90673828125
8884800,26.0009765625
8884896,23.193359375
8884916,27.28271484375
8884966,24.90234375
8885002,23.13232421875
8885082,45.47119140625
8885093,40.95458984375
8885163,17.15087890625
8885192,40.4052734375
8885225,43.51806640625
8885235,17.15087890625
8885267,26.611328125
8885305,28.86962890625
8885344,33.3251953125
8885405,35.2783203125
8885458,38.63525390625
8885551,16.90673828125
8885581,37.78076171875
8885791,48.40087890625
8885902,30.2734375
8886115,26.30615234375
8886183,25.0244140625
8886450,22.216796875
8886476,26.79443359375
8886863,26.06201171875
8886938,22.39990234375
8886951,21.240234375
8887096,19.22607421875
8887155,28.6865234375
8887178,20.44677734375
8887232,20.5078125
8887321,38.2080078125
8887362,20.32470703125
8887385,38.63525390625
8887475,24.10888671875
8887678,17.88330078125
8887706,38.330078125
8887756,24.84130859375
8887985,16.90673828125
8968047,17.822265625
8974165,19.95849609375
9006274,17.88330078125
9006722,32.04345703125
9006776,28.1982421875
9006799,28.74755859375
9006868,39.6728515625
9006946,22.52197265625
9006997,39.794921875
9007011,34.48486328125
9007059,37.841796875
9007112,29.1748046875
9007124,33.99658203125
9007165,24.35302734375
9007177,23.681640625
9007206,27.2216796875
9007259,37.4755859375
9007288,29.296875
9007364,28.9306640625
9007425,45.71533203125
9007523,30.21240234375
9007555,28.86962890625
9007609,44.00634765625
9007739,42.54150390625
9007760,43.02978515625
9007964,17.4560546875
9008183,25.57373046875
9008215,23.3154296875
9008561,28.38134765625
9008594,18.00537109375
9008800,45.59326171875
9008851,26.0009765625
9008951,30.6396484375
9009002,17.9443359375
9009028,38.330078125
9009057,25.45166015625
9009119,34.66796875
9009246,33.8134765625
9009268,18.6767578125
9009325,25.0244140625
9009368,36.43798828125
9009539,30.2734375
9009563,17.7001953125
9009680,24.47509765625
9009862,17.63916015625
9017434,17.7001953125
9061329,27.28271484375
9069849,17.63916015625
9080407,17.27294921875
9087786,18.310546875
9090515,17.2119140625
9099822,26.06201171875
9109936,17.02880859375
9115177,27.40478515625
9115235,30.45654296875
9115256,23.8037109375
9115335,38.75732421875
9115398,31.06689453125
9115422,50.4150390625
9115488,21.91162109375
9115505,40.6494140625
9115522,34.72900390625
9115570,18.1884765625
9115586,33.935546875
9115641,41.56494140625
9115702,31.3720703125
9115718,37.17041015625
9115778,33.5693359375
9115834,26.79443359375
9115897,34.7900390625
9115969,27.03857421875
9115992,32.71484375
9116175,38.87939453125
9116308,28.6865234375
9116503,20.44677734375
9116650,24.4140625
9116831,38.51318359375
9117131,27.52685546875
9117176,34.912109375
9117418,20.08056640625
9117514,32.16552734375
9117582,17.15087890625
9117734,48.40087890625
9117759,38.57421875
9117920,17.76123046875
9117943,44.49462890625
9117961,28.01513671875
9118015,26.79443359375
9118176,17.9443359375
9178071,26.7333984375
9178665,17.9443359375
9185691,17.15087890625
9193275,17.333984375
9206342,25.93994140625
9206387,16.845703125
9225444,17.08984375
9225776,22.216796875
9225863,26.4892578125
9225906,16.845703125
9225945,42.29736328125
9225983,18.5546875
9226022,21.78955078125
9226064,31.1279296875
9226094,20.01953125
9226107,32.71484375
9226141,36.62109375
9226196,31.3720703125
9226227,36.07177734375
9226274,27.64892578125
9226314,32.28759765625
9226380,38.2080078125
9226434,28.50341796875
9226473,34.423828125
9226557,32.2265625
9226574,34.7900390625
9226707,37.90283203125
9227265,16.9677734375
9227619,18.5546875
9227643,25.146484375
9227898,25.20751953125
9228076,23.25439453125
9228111,38.4521484375
9228295,20.751953125
9228329,33.02001953125
9228488,18.37158203125
9228643,19.95849609375
9228706,19.47021484375
9229010,17.51708984375
9258840,17.39501953125
9285372,18.49365234375
9291120,17.333984375
9300964,17.88330078125
9303284,17.39501953125
9305944,23.98681640625
9331751,22.8271484375
9331843,23.681640625
9331874,28.25927734375
9331915,25.08544921875
9331937,19.287109375
9331959,19.95849609375
9332031,18.6767578125
9332057,29.4189453125
9332091,27.4658203125
9332110,17.76123046875
9332166,41.93115234375
9332179,47.05810546875
9332243,32.16552734375
9332258,40.771484375
9332321,38.818359375
9332335,26.9775390625
9332419,33.63037109375
9332440,31.55517578125
9332555,47.7294921875
9332590,28.9306640625
9332761,24.7802734375
9332980,23.01025390625
9333014,19.71435546875
9333144,26.3671875
9333192,24.59716796875
9333241,20.5078125
9333520,21.42333984375
9334023,24.35302734375
9334179,35.70556640625
9334224,27.83203125
9334361,25.634765625
9334415,28.80859375
9334534,18.24951171875
9334612,27.64892578125
9334672,36.7431640625
9334769,24.35302734375
9335112,17.2119140625
9359256,16.9677734375
9370262,16.9677734375
9411646,17.51708984375
9441991,29.35791015625
9442161,30.76171875
9442183,33.26416015625
9442234,32.3486328125
9442275,24.35302734375
9442354,26.55029296875
9442385,40.22216796875
9442403,34.72900390625
9442423,22.3388671875
9442462,35.0341796875
9442490,35.82763671875
9442531,40.1611328125
9442567,29.23583984375
9442611,35.09521484375
9442647,31.982421875
9442721,34.85107421875
9442787,38.87939453125
9442842,17.15087890625
9442874,32.04345703125
9443031,35.21728515625
9443063,26.0009765625
9443369,19.47021484375
9443438,26.7333984375
9443450,35.21728515625
9443735,22.216796875
9443944,26.7333984375
9444007,27.03857421875
9444079,24.23095703125
9444224,25.08544921875
9444239,51.20849609375
9444351,29.296875
9444366,23.37646484375
9444517,16.9677734375
9444555,21.240234375
9444599,28.50341796875
9444615,26.3671875
9444764,20.56884765625
9444775,36.376953125
9444795,44.25048828125
9444830,28.74755859375
9445059,18.4326171875
9445803,18.06640625
9510697,17.63916015625
9532283,26.91650390625
9532322,17.08984375
9532412,18.98193359375
9532497,25.146484375
9532513,17.7001953125
9532602,33.447265625
9532614,39.306640625
9532674,23.49853515625
9532686,45.10498046875
9532711,19.47021484375
9532752,19.22607421875
9532774,25.08544921875
9532806,18.9208984375
9532841,47.54638671875
9532876,33.38623046875
9532923,32.5927734375
9532988,34.85107421875
9533011,38.51318359375
9533071,36.1328125
9533167,33.02001953125
9533183,28.25927734375
9533385,46.9970703125
9533579,17.51708984375
9533661,30.029296875
9533698,35.46142578125
9533818,25.81787109375
9534149,23.193359375
9534223,27.89306640625
9534260,17.9443359375
9534380,24.7802734375
9534431,36.31591796875
9534477,26.123046875
9534568,20.99609375
9534606,53.28369140625
9534679,27.7099609375
9534738,19.8974609375
9534785,35.58349609375
9534806,27.89306640625
9534839,24.7802734375
9534978,18.5546875
9535040,37.04833984375
9535125,19.59228515625
9535172,27.16064453125
9535304,32.16552734375
9535380,26.9775390625
9535475,26.0009765625
9535684,27.40478515625
9594851,17.15087890625
9607734,17.02880859375
9642233,18.00537109375
9668474,28.50341796875
9669152,18.9208984375
9669205,28.25927734375
9669243,25.0244140625
9669277,24.7802734375
9669334,22.88818359375
9669361,20.32470703125
9669413,18.9208984375
9669426,27.34375
9669468,26.7333984375
9669488,17.822265625
9669542,36.56005859375
9669566,47.42431640625
9669607,35.2783203125
9669679,25.45166015625
9669713,36.19384765625
9669769,32.65380859375
9669823,34.36279296875
9669898,32.2265625
9669945,28.25927734375
9669976,32.16552734375
9670084,38.26904296875
9670400,30.94482421875
9670661,21.05712890625
9671125,29.6630859375
9671440,40.283203125
9671453,43.3349609375
9671531,23.01025390625
9671659,20.5078125
9671669,44.00634765625
9671807,29.052734375
9671856,32.470703125
9671882,52.06298828125
9672003,30.21240234375
9672084,24.59716796875
9672129,35.888671875
9672142,17.63916015625
9733270,18.1884765625
9736163,19.1650390625
9738018,18.00537109375
9775641,26.123046875
9775857,21.240234375
9775895,24.59716796875
9775916,31.6162109375
9775980,22.3388671875
9775993,22.94921875
9776067,21.97265625
9776097,32.71484375
9776119,38.63525390625
9776139,21.484375
9776200,34.36279296875
9776222,17.578125
9776255,17.51708984375
9776284,59.87548828125
9776352,42.6025390625
9776438,37.53662109375
9776499,33.3251953125
9776548,31.55517578125
9776569,37.41455078125
9776749,39.0625
9776777,39.1845703125
9776807,17.51708984375
9777010,16.90673828125
9777151,17.76123046875
9777199,30.76171875
9777485,24.96337890625
9777598,33.69140625
9777686,17.822265625
9777982,22.8271484375
9777995,35.400390625
9778205,19.04296875
9778258,34.1796875
9778294,22.64404296875
9778563,35.58349609375
9778596,21.3623046875
9778975,18.85986328125
9812888,23.13232421875
9862432,17.39501953125
9869766,29.23583984375
9879502,27.587890625
9885260,27.03857421875
9885321,51.513671875
9885401,30.94482421875
9885416,22.216796875
9885480,32.89794921875
9885497,18.9208984375
9885518,32.1044921875
9885559,35.888671875
9885607,26.3671875
9885628,37.2314453125
9885659,16.90673828125
9885705,30.21240234375
9885719,38.4521484375
9885779,28.80859375
9885820,30.82275390625
9885902,30.1513671875
9885912,41.56494140625
9886090,23.4375
9886130,37.17041015625
9886329,24.658203125
9886518,25.69580078125
9886564,20.5078125
9886924,20.99609375
9887305,21.1181640625
9887349,26.55029296875
9887582,21.30126953125
9887630,27.64892578125
9887668,32.16552734375
9887730,26.0009765625
9887845,50.72021484375
9887990,41.80908203125
9888048,21.8505859375
9888295,26.30615234375
10048091,24.59716796875
10048189,49.6826171875
10048253,27.2216796875
10048280,28.99169921875
10048359,25.08544921875
10048389,49.8046875
10048414,42.66357421875
10048435,19.04296875
10048466,38.87939453125
10048493,27.587890625
10048533,37.9638671875
10048601,32.28759765625
10048670,36.865234375
10048689,43.9453125
10048772,32.958984375
10048902,34.423828125
10049015,28.25927734375
10049042,38.9404296875
10049267,19.6533203125
10049348,35.70556640625
10049616,23.13232421875
10049906,21.91162109375
10050019,29.296875
10050116,29.541015625
10050252,21.66748046875
10050355,24.658203125
10050416,21.97265625
10050490,24.10888671875
10050554,20.8740234375
10050660,22.03369140625
10050710,40.771484375
10050744,49.37744140625
10050881,30.517578125
10050932,21.3623046875
10051188,25.32958984375
10051204,18.310546875
10051303,25.2685546875
10081441,18.37158203125
10083316,18.37158203125
10140485,28.564453125
10161234,28.25927734375
10169080,17.63916015625
10183211,23.681640625
10183287,33.87451171875
10183357,22.39990234375
10183441,20.20263671875
10183476,34.1796875
10183490,42.66357421875
10183525,16.90673828125
10183537,47.54638671875
10183578,31.92138671875
10183600,30.94482421875
10183663,28.74755859375
10183678,51.025390625
10183782,41.56494140625
10183806,40.4052734375
10183835,39.55078125
10183946,28.9306640625
10184081,36.19384765625
10184269,31.73828125
10184415,17.08984375
10184493,38.0859375
10184866,28.076171875
10185413,27.2216796875
10185427,18.4326171875
10185485,19.04296875
10185538,35.400390625
10185592,27.89306640625
10185752,25.69580078125
10185774,27.77099609375
10185798,48.583984375
10185844,28.4423828125
10186012,24.2919921875
10186045,33.75244140625
10186116,25.93994140625
10186299,30.70068359375
10186312,17.02880859375
10248046,26.2451171875
10248538,17.02880859375
10266531,17.578125
10272269,26.611328125
10283559,16.9677734375
10285295,25.634765625
10295472,18.9208984375
10299612,26.4892578125
10310997,18.12744140625
10323998,19.47021484375
10328218,24.169921875
10336299,28.38134765625
10336400,30.8837890625
10336424,29.6630859375
10336471,21.484375
10336508,24.35302734375
10336549,43.3349609375
10336585,23.86474609375
10336631,34.3017578125
10336658,31.73828125
10336674,17.27294921875
10336697,33.203125
10336735,45.22705078125
10336786,34.66796875
10336813,27.2216796875
10336853,31.73828125
10336921,25.5126953125
10336956,42.41943359375
10337085,35.70556640625
10337161,31.982421875
10337407,48.583984375
10337504,26.7333984375
10337681,26.9775390625
10337893,22.5830078125
10338169,24.2919921875
10338198,23.681640625
10338208,17.15087890625
10338362,18.49365234375
10338409,20.5078125
10338434,47.8515625
10338551,20.751953125
10338605,22.15576171875
10338618,41.44287109375
10338700,29.60205078125
10338712,39.73388671875
10338892,35.46142578125
10338987,32.8369140625
10339006,35.5224609375
10339093,33.3251953125
10339327,35.21728515625
10339409,27.40478515625
10378784,17.63916015625
10443936,23.681640625
10447710,17.2119140625
10458182,26.55029296875
10458252,23.25439453125
10458272,25.32958984375
10458337,21.97265625
10458368,31.982421875
10458432,38.9404296875
10458512,20.263671875
10458530,46.56982421875
10458552,35.82763671875
10458612,28.076171875
10458636,33.38623046875
10458695,29.35791015625
10458745,37.59765625
10458792,30.82275390625
10458897,29.72412109375
10458952,28.3203125
10458976,32.958984375
10459109,38.51318359375
10459139,36.0107421875
10459261,18.61572265625
10459526,23.98681640625
10459771,20.20263671875
10460001,27.83203125
10460088,21.30126953125
10460355,25.87890625
10460379,22.3388671875
10460548,24.7802734375
10460600,25.87890625
10460611,50.537109375
10460635,34.5458984375
10460714,18.61572265625
10460804,37.90283203125
10460932,23.25439453125
10461338,17.4560546875
10512035,16.90673828125
10533374,17.15087890625
10542097,27.40478515625
10558744,26.0009765625
10558835,48.828125
10558913,23.74267578125
10558932,20.751953125
10559029,47.18017578125
10559068,32.16552734375
10559094,46.142578125
10559112,17.27294921875
10559152,32.1044921875
10559226,37.78076171875
10559236,33.99658203125
10559299,35.64453125
10559334,33.87451171875
10559377,20.8740234375
10559523,29.9072265625
10559545,27.03857421875
10559742,24.71923828125
10560132,17.51708984375
10560164,22.5830078125
10560500,21.54541015625
10560528,26.67236328125
10560562,19.1650390625
10560823,30.57861328125
10560900,34.97314453125
10561026,35.400390625
10561103,27.2216796875
10561164,46.142578125
10561315,21.1181640625
10561351,23.37646484375
10561400,18.5546875
10561540,18.4326171875
10561595,22.27783203125
10561637,31.73828125
10561832,19.04296875
10576113,18.98193359375
10593968,16.90673828125
10617184,18.06640625
10638660,25.0244140625
10651036,16.845703125
10671179,23.74267578125
10671266,23.5595703125
10671277,29.84619140625
10671344,24.5361328125
10671365,25.69580078125
10671449,18.00537109375
10671468,42.17529296875
10671537,20.44677734375
10671548,48.52294921875
10671594,26.42822265625
10671614,54.62646484375
10671674,26.7333984375
10671701,33.38623046875
10671754,63.5986328125
10671764,21.728515625
10671842,35.94970703125
10671887,32.2265625
10671970,32.71484375
10672089,31.79931640625
10672101,29.35791015625
10672517,17.88330078125
10672581,30.6396484375
10672943,38.51318359375
10673189,28.99169921875
10673215,51.94091796875
10673330,17.08984375
10673367,37.9638671875
10673445,28.74755859375
10673489,40.34423828125
10673568,19.8974609375
10673634,30.45654296875
10673659,25.87890625
10673811,36.68212890625
10673881,18.24951171875
10674154,17.88330078125
10690331,28.25927734375
10708052,17.51708984375
10738448,25.146484375
10742876,17.822265625
10771010,28.076171875
10782039,24.23095703125
10792885,17.51708984375
10795168,18.73779296875
10803106,23.3154296875
10803130,27.587890625
10803180,26.67236328125
10803226,22.27783203125
10803250,18.1884765625
10803305,20.99609375
10803331,51.45263671875
10803375,21.42333984375
10803422,35.0341796875
10803435,30.6396484375
10803464,17.39501953125
10803500,35.0341796875
10803527,34.66796875
10803596,33.50830078125
10803609,17.39501953125
10803682,33.50830078125
10803797,35.46142578125
10803890,34.0576171875
10804183,26.4892578125
10804476,18.85986328125
10804550,23.3154296875
10804709,20.263671875
10804914,31.494140625
10804942,22.4609375
10805067,23.193359375
10805161,26.9775390625
10805342,19.95849609375
10805386,31.1279296875
10805468,33.5693359375
10805523,20.44677734375
10805581,28.1982421875
10805639,23.4375
10805749,30.70068359375
10805761,17.76123046875
10805805,21.1181640625
10805825,35.400390625
10806003,18.1884765625
10806073,26.2451171875
10806115,23.37646484375
10806150,19.4091796875
10851380,18.4326171875
10855481,17.333984375
10920378,27.83203125
10920477,26.18408203125
10920487,26.611328125
10920551,18.6767578125
10920578,24.5361328125
10920629,18.5546875
10920664,25.2685546875
10920703,25.634765625
10920725,45.10498046875
10920784,39.00146484375
10920799,21.6064453125
10920844,41.93115234375
10920894,28.564453125
10920925,43.39599609375
10921012,59.08203125
10921068,30.2734375
10921142,41.50390625
10921263,33.8134765625
10921407,33.8134765625
10921570,17.822265625
10921698,23.4375
10921991,19.8974609375
10922428,24.10888671875
10922610,41.44287109375
10922635,34.1796875
10922724,26.30615234375
10922799,36.2548828125
10922847,27.34375
10922933,21.484375
10922959,45.0439453125
10923064,29.1748046875
10923117,17.02880859375
10923233,20.93505859375
10923246,17.333984375
10923325,18.12744140625
10923494,36.62109375
10971538,31.43310546875
10980904,17.08984375
11034441,26.4892578125
11036345,17.2119140625
11036435,27.4658203125
11036469,31.982421875
11036502,25.08544921875
11036561,21.91162109375
11036591,20.44677734375
11036647,18.61572265625
11036667,45.2880859375
11036701,26.18408203125
11036734,23.681640625
11036760,37.53662109375
11036793,32.53173828125
11036804,17.88330078125
11036832,34.60693359375
11036905,47.18017578125
11036978,30.45654296875
11036994,43.9453125
11037132,31.6162109375
11037315,30.70068359375
11037398,36.31591796875
11037588,29.72412109375
11037721,23.193359375
11037766,18.73779296875
11037890,29.78515625
11038123,23.74267578125
11038260,28.9306640625
11038504,25.20751953125
11038617,31.25
11038771,19.8974609375
11038860,23.681640625
11038874,40.34423828125
11039018,35.94970703125
11039041,24.35302734375
11039071,34.85107421875
11039337,31.18896484375
11039357,22.64404296875
11039668,19.47021484375
11067779,28.62548828125
11078638,24.96337890625
11136143,24.35302734375
11138865,25.87890625
11138924,27.64892578125
11138950,28.6865234375
11139026,23.49853515625
11139038,21.240234375
11139099,36.9873046875
11139129,40.83251953125
11139192,35.46142578125
11139209,23.25439453125
11139250,39.00146484375
11139293,22.39990234375
11139327,45.2880859375
11139381,40.83251953125
11139462,37.29248046875
11139482,37.4755859375
11139526,32.958984375
11139591,17.9443359375
11139660,36.07177734375
11139727,36.4990234375
11139898,29.11376953125
11139912,29.052734375
11140184,23.25439453125
11140511,27.4658203125
11140657,27.7099609375
11140682,47.42431640625
11140973,26.79443359375
11140984,24.5361328125
11141094,38.39111328125
11141150,23.25439453125
11141195,22.76611328125
11141240,35.70556640625
11141284,30.94482421875
11141298,18.73779296875
11141430,38.39111328125
11141464,18.98193359375
11141626,45.83740234375
11141659,21.54541015625
11160565,29.35791015625
11173748,17.333984375
11174724,17.15087890625
11191129,17.51708984375
11199721,21.97265625
11201076,16.845703125
11207495,20.69091796875
11209921,16.845703125
11217457,17.15087890625
11240497,30.09033203125
11240620,27.40478515625
11240631,23.193359375
11240687,20.56884765625
11240741,25.0244140625
11240784,26.3671875
11240826,36.7431640625
11240863,27.2216796875
11240896,48.4619140625
11240956,47.05810546875
11240985,17.08984375
11241027,35.5224609375
11241039,34.36279296875
11241113,35.58349609375
11241124,19.8974609375
11241209,36.92626953125
11241267,33.38623046875
11241319,31.18896484375
11241423,36.80419921875
11241480,38.39111328125
11241538,17.15087890625
11241576,42.48046875
11241632,37.90283203125
11241823,19.53125
11241901,24.5361328125
11242045,21.66748046875
11242067,26.55029296875
11242131,22.0947265625
11242601,26.3671875
11242729,17.63916015625
11242805,26.79443359375
11242990,48.03466796875
11243041,24.2919921875
11243149,53.40576171875
11243250,18.61572265625
11243392,25.2685546875
11243446,46.93603515625
11243498,20.93505859375
11243747,16.9677734375
11278228,25.2685546875
11283323,17.39501953125
11287906,24.10888671875
11304388,26.06201171875
11323748,19.34814453125
11327525,17.822265625
11340979,26.2451171875
11350794,25.45166015625
11352728,25.32958984375
11362647,24.59716796875
11364420,27.16064453125
11371429,24.23095703125
11372049,24.658203125
11387521,23.86474609375
11387577,19.53125
11387610,18.73779296875
11387684,23.8037109375
11387706,26.67236328125
11387738,53.89404296875
11387779,20.1416015625
11387809,33.99658203125
11387822,30.1513671875
11387855,17.822265625
11387900,32.958984375
11387923,29.541015625
11387964,41.015625
11388013,28.13720703125
11388043,41.8701171875
11388102,51.20849609375
11388184,32.89794921875
11388249,30.8837890625
11388262,21.240234375
11388381,31.005859375
11388441,29.4189453125
11388503,27.587890625
11388583,17.4560546875
11388889,22.94921875
11388948,24.10888671875
11389409,19.10400390625
11389436,31.43310546875
11389519,38.0859375
11389628,20.44677734375
11389670,39.61181640625
11389826,31.06689453125
11389841,20.1416015625
11389878,24.59716796875
11390015,33.0810546875
11390085,22.52197265625
11390114,48.828125
11390191,25.45166015625
11390295,31.982421875
11390407,32.53173828125
11390449,17.822265625
11390519,34.1796875
11390579,22.03369140625
11404183,23.37646484375
11410703,19.10400390625
11419151,25.146484375
11427746,17.88330078125
11462120,17.9443359375
11474239,19.34814453125
11483754,17.333984375
11491307,23.193359375
11491364,18.00537109375
11491399,25.08544921875
11491424,33.935546875
11491451,16.9677734375
11491477,26.42822265625
11491513,23.13232421875
11491554,16.845703125
11491586,32.65380859375
11491609,36.9873046875
11491669,29.78515625
11491701,25.32958984375
11491738,40.1611328125
11491784,30.70068359375
11491827,38.57421875
11491869,26.0009765625
11491884,35.21728515625
11491964,40.22216796875
11492063,20.56884765625
11492098,31.67724609375
11492260,33.0810546875
11492788,18.310546875
11493231,19.83642578125
11493299,23.74267578125
11493518,35.15625
11493666,25.81787109375
11493767,30.76171875
11493839,34.60693359375
11493892,25.390625
11493903,28.13720703125
11493943,48.15673828125
11494058,21.42333984375
11494093,33.5693359375
11494107,26.3671875
11494132,32.1044921875
11494235,19.34814453125
11494311,31.982421875
11494369,27.34375
11494631,33.75244140625
11494829,23.13232421875
11494877,16.845703125
11533101,16.90673828125
11533731,28.3203125
11543668,18.73779296875
11551469,26.67236328125
11558998,31.18896484375
11579180,19.04296875
11584332,26.3671875
11604800,23.4375
11607455,17.2119140625
11614921,25.146484375
11618522,17.76123046875
11618573,23.193359375
11618638,26.55029296875
11618653,20.751953125
11618727,33.26416015625
11618743,18.98193359375
11618767,46.56982421875
11618783,41.93115234375
11618795,17.7001953125
11618850,16.9677734375
11618863,54.50439453125
11618880,38.2080078125
11618928,36.31591796875
11618959,25.146484375
11618997,36.1328125
11619044,29.84619140625
11619054,24.10888671875
11619119,34.1796875
11619147,38.39111328125
11619174,40.6494140625
11619280,34.97314453125
11619342,31.1279296875
11619454,29.72412109375
11619566,31.06689453125
11619643,46.5087890625
11619844,25.57373046875
11619863,22.15576171875
11620183,26.79443359375
11620220,21.54541015625
11620304,27.4658203125
11620600,20.263671875
11620612,40.771484375
11620646,18.1884765625
11620745,36.19384765625
11620775,25.2685546875
11620825,23.5595703125
11620848,43.701171875
11620961,36.865234375
11621001,20.99609375
11621061,32.77587890625
11621200,35.400390625
11621211,21.1181640625
11621255,21.484375
11621328,16.9677734375
11621407,35.2783203125
11621456,37.90283203125
11621598,35.888671875
11621622,25.93994140625
11664979,17.08984375
11666330,16.90673828125
11674447,20.56884765625
11697901,26.4892578125
11711794,24.96337890625
11719342,17.76123046875
11727682,21.3623046875
11727717,25.390625
11727746,29.11376953125
11727788,17.578125
11727818,45.41015625
11727850,18.12744140625
11727894,30.21240234375
11727929,46.2646484375
11727965,32.5927734375
11727982,19.04296875
11728002,33.69140625
11728045,35.58349609375
11728063,29.052734375
11728112,17.51708984375
11728144,29.84619140625
11728163,36.07177734375
11728252,29.72412109375
11728272,34.5458984375
11728337,34.1796875
11728408,27.40478515625
11728447,32.65380859375
11728574,30.94482421875
11728772,37.4755859375
11728799,26.30615234375
11729147,22.0947265625
11729467,22.88818359375
11729540,26.4892578125
11729735,22.03369140625
11729852,36.4990234375
11729893,32.2265625
11729940,35.70556640625
11730043,30.1513671875
11730079,24.47509765625
11730208,16.9677734375
11730228,51.6357421875
11730383,33.75244140625
11730626,17.822265625
11730668,39.794921875
11773459,17.39501953125
11786129,25.0244140625
11792000,23.74267578125
11798191,21.6064453125
11803103,24.47509765625
11812811,27.83203125
11813229,17.578125
11823352,16.845703125
11840828,26.3671875
11840965,25.0244140625
11841036,24.169921875
11841060,28.3203125
11841144,24.0478515625
11841170,41.19873046875
11841213,17.9443359375
11841244,39.794921875
11841256,41.9921875
11841310,30.21240234375
11841333,30.57861328125
11841414,32.1044921875
11841431,33.203125
11841494,33.87451171875
11841585,36.19384765625
11841602,27.2216796875
11841654,33.69140625
11841753,36.62109375
11841878,18.37158203125
11842012,28.80859375
11842070,16.845703125
11842297,33.87451171875
11842382,18.61572265625
11842836,21.484375
11843017,23.01025390625
11843141,23.25439453125
11843260,25.32958984375
11843275,36.9873046875
11843315,25.5126953125
11843402,27.83203125
11843454,24.23095703125
11843605,24.35302734375
11843645,39.61181640625
11843663,28.50341796875
11843779,17.76123046875
11843840,22.03369140625
11851460,25.08544921875
11884436,22.705078125
11906580,29.47998046875
11924682,27.34375
11954812,24.96337890625
11954880,45.59326171875
11954955,26.7333984375
11955035,24.5361328125
11955089,49.25537109375
11955166,31.005859375
11955181,46.81396484375
11955257,32.1044921875
11955267,21.728515625
11955334,58.89892578125
11955430,34.7900390625
11955506,34.912109375
11955919,28.86962890625
11956389,20.263671875
11956735,19.95849609375
11956749,37.109375
11956933,22.76611328125
11956964,27.77099609375
11956989,41.9921875
11957143,35.400390625
11957158,38.818359375
11957227,21.91162109375
11957272,18.73779296875
11957421,30.45654296875
11957443,44.37255859375
11957518,20.263671875
11957602,24.23095703125
11988545,26.79443359375
