11999000,0
35362,20.20263671875
35384,25.634765625
35464,22.8271484375
35523,22.15576171875
35539,30.70068359375
35574,17.4560546875
35584,47.119140625
35608,18.73779296875
35669,35.09521484375
35692,35.70556640625
35742,29.296875
35771,20.01953125
35805,36.31591796875
35921,37.109375
36172,20.44677734375
36290,25.81787109375
37014,25.0244140625
37225,25.45166015625
37297,18.73779296875
37365,24.84130859375
37438,21.54541015625
37488,22.03369140625
37621,32.3486328125
37713,36.31591796875
37759,24.71923828125
38078,36.376953125
39297,18.73779296875
39680,19.59228515625
206296,24.2919921875
206377,27.2216796875
206446,36.56005859375
206466,36.43798828125
206508,32.2265625
206535,23.3154296875
206577,24.47509765625
206601,33.26416015625
206690,32.40966796875
206754,18.61572265625
206866,32.65380859375
207018,38.6962890625
207314,36.19384765625
207919,17.4560546875
207960,28.74755859375
208074,28.4423828125
208137,19.04296875
208231,26.06201171875
208314,18.24951171875
208333,49.74365234375
208501,21.17919921875
208513,38.330078125
208672,22.0947265625
208812,32.16552734375
209049,16.90673828125
209395,21.728515625
210065,17.9443359375
361277,41.1376953125
361294,23.37646484375
361370,26.9775390625
361393,29.96826171875
361410,23.49853515625
361441,29.72412109375
361492,53.40576171875
361509,19.59228515625
361569,19.04296875
361590,36.4990234375
361645,17.4560546875
361702,35.400390625
361807,34.66796875
361824,23.25439453125
362173,23.01025390625
362192,31.18896484375
362866,17.9443359375
363091,57.43408203125
363205,21.05712890625
363246,24.47509765625
363376,20.20263671875
363396,41.19873046875
363416,23.74267578125
363622,26.7333984375
363779,33.38623046875
363811,20.56884765625
364073,36.0107421875
364182,19.53125
364856,21.484375
365179,17.08984375
617984,30.517578125
618062,30.33447265625
618103,22.76611328125
618132,28.4423828125
618142,39.24560546875
618181,25.2685546875
618199,24.4140625
618257,25.634765625
618271,52.30712890625
618334,21.8505859375
618362,36.4990234375
618460,36.1328125
618586,38.0859375
618716,37.90283203125
618829,30.1513671875
619699,23.74267578125
619839,22.4609375
619853,27.52685546875
619981,29.35791015625
620030,25.390625
620053,32.89794921875
620099,26.2451171875
620198,17.39501953125
620236,17.9443359375
620250,39.61181640625
620369,24.35302734375
620420,24.59716796875
620590,34.97314453125
621059,18.9208984375
621445,21.240234375
621913,18.00537109375
766682,25.81787109375
766720,17.333984375
766750,39.97802734375
766818,26.85546875
766838,24.169921875
766873,41.6259765625
766896,47.66845703125
766962,26.79443359375
766993,37.7197265625
767038,31.8603515625
767097,32.470703125
767389,34.85107421875
767687,28.6865234375
768121,17.15087890625
768444,24.7802734375
768639,26.611328125
768769,24.84130859375
768785,38.57421875
768831,20.44677734375
768913,24.169921875
768994,23.01025390625
769037,22.8271484375
769052,36.376953125
769237,25.146484375
769463,22.216796875
769908,19.775390625
770108,17.02880859375
770480,20.81298828125
808416,17.4560546875
1216263,24.35302734375
1216281,37.9638671875
1216357,23.8037109375
1216406,36.92626953125
1216425,17.4560546875
1216447,23.49853515625
1216488,45.654296875
1216511,19.53125
1216530,21.05712890625
1216558,26.18408203125
1216576,32.8369140625
1216605,20.20263671875
1216666,39.1845703125
1216790,33.69140625
1217266,23.5595703125
1217397,31.73828125
1218078,17.15087890625
1218115,28.86962890625
1218257,20.93505859375
1218280,21.97265625
1218430,38.39111328125
1218503,35.21728515625
1218584,29.72412109375
1218765,36.62109375
1219047,23.98681640625
1219251,35.70556640625
1219933,18.798828125
1220256,19.83642578125
1220618,20.20263671875
1422339,22.94921875
1422422,41.32080078125
1422488,21.1181640625
1422558,33.63037109375
1422608,21.240234375
1422631,32.40966796875
1422696,32.470703125
1422725,18.49365234375
1422811,33.3251953125
1423231,23.193359375
1423536,27.64892578125
1424060,20.08056640625
1424168,30.2734375
1424373,32.958984375
1424419,23.5595703125
1424523,25.146484375
1424636,20.1416015625
1424701,20.08056640625
1424843,25.7568359375
1425679,17.02880859375
1426199,20.93505859375
1426637,19.59228515625
1449639,16.9677734375
1558399,25.390625
1558474,23.92578125
1558543,32.40966796875
1558568,39.24560546875
1558606,18.00537109375
1558645,20.5078125
1558683,26.30615234375
1558715,21.728515625
1558784,34.24072265625
1558808,25.57373046875
1558884,36.92626953125
1559014,34.24072265625
1559151,30.8837890625
1560060,18.37158203125
1560242,22.705078125
1560376,22.5830078125
1560522,26.30615234375
1560589,22.27783203125
1560665,27.03857421875
1560687,18.6767578125
1560764,25.2685546875
1560774,16.845703125
1560826,27.52685546875
1560860,36.1328125
1561123,26.42822265625
1561133,34.423828125
1561616,33.87451171875
1562092,22.03369140625
1688566,31.06689453125
1688646,29.9072265625
1688715,25.69580078125
1688788,25.634765625
1688820,37.17041015625
1688860,24.23095703125
1688882,22.216796875
1688941,51.08642578125
1688954,22.27783203125
1689189,38.0859375
1689504,27.03857421875
1690400,19.22607421875
1690415,29.9072265625
1690564,25.45166015625
1690648,33.26416015625
1690724,35.09521484375
1690810,20.69091796875
1690905,26.2451171875
1690971,33.8134765625
1691026,23.5595703125
1691155,32.958984375
1691905,23.01025390625
1692367,21.6064453125
1834010,17.08984375
1834042,22.76611328125
1834128,26.123046875
1834187,39.48974609375
1834202,36.92626953125
1834276,19.95849609375
1834291,35.21728515625
1834350,22.03369140625
1834385,36.56005859375
1834395,19.1650390625
1834434,31.06689453125
1834450,18.310546875
1834544,33.447265625
1834717,30.33447265625
1835874,25.0244140625
1835901,19.47021484375
1836058,20.81298828125
1836128,36.376953125
1836157,20.6298828125
1836215,21.484375
1836279,33.3251953125
1836375,18.5546875
1836401,23.62060546875
1836499,34.3017578125
1836721,33.75244140625
1837028,33.3251953125
1837993,17.39501953125
1967933,18.310546875
1968009,24.7802734375
1968087,22.4609375
1968149,20.56884765625
1968162,29.052734375
1968232,40.10009765625
1968283,38.39111328125
1968312,35.70556640625
1968389,40.10009765625
1968525,34.85107421875
1969791,21.42333984375
1969858,20.01953125
1969978,24.71923828125
1970012,23.0712890625
1970165,26.67236328125
1970216,37.29248046875
1970310,23.3154296875
1970340,23.3154296875
1970445,30.2734375
1970684,24.59716796875
1970795,34.66796875
1971769,21.1181640625
2099477,25.32958984375
2099560,24.35302734375
2099626,18.9208984375
2099643,29.35791015625
2099700,16.90673828125
2099721,24.0478515625
2099771,32.04345703125
2099790,37.41455078125
2099850,18.310546875
2099936,33.14208984375
2100150,32.40966796875
2100533,26.0009765625
2100938,20.751953125
2101313,22.88818359375
2101452,23.86474609375
2101472,30.70068359375
2101519,18.24951171875
2101636,29.35791015625
2101676,24.7802734375
2101771,37.109375
2101811,18.98193359375
2101850,18.12744140625
2101974,37.17041015625
2101986,17.15087890625
2102217,36.80419921875
2102314,19.8974609375
2103175,18.61572265625
2245056,26.30615234375
2245110,19.71435546875
2245142,32.2265625
2245193,25.32958984375
2245205,42.8466796875
2245272,25.0244140625
2245285,26.2451171875
2245323,28.74755859375
2245356,38.4521484375
2245416,34.24072265625
2245438,36.07177734375
2245543,29.052734375
2246030,27.099609375
2246062,17.08984375
2246898,16.845703125
2246947,19.22607421875
2247080,27.89306640625
2247145,21.30126953125
2247229,26.0009765625
2247342,21.42333984375
2247408,28.3203125
2247457,34.24072265625
2247537,24.47509765625
2247614,26.18408203125
2247813,28.9306640625
2247880,17.333984375
2248262,25.5126953125
2248620,19.53125
2354509,23.37646484375
2354569,23.0712890625
2354584,25.7568359375
2354645,17.88330078125
2354660,20.56884765625
2354719,19.775390625
2354733,18.73779296875
2354757,20.08056640625
2354799,28.62548828125
2354834,19.95849609375
2354874,35.888671875
2355011,30.70068359375
2355120,25.5126953125
2355189,35.2783203125
2356168,22.216796875
2356218,18.1884765625
2356319,36.2548828125
2356370,23.37646484375
2356407,17.822265625
2356488,18.798828125
2356514,27.83203125
2356566,33.0810546875
2356619,17.822265625
2356659,21.54541015625
2356776,31.43310546875
2357104,20.01953125
2357692,19.34814453125
2492175,16.845703125
2492233,28.80859375
2492326,22.0947265625
2492352,18.4326171875
2492369,26.55029296875
2492402,24.96337890625
2492457,21.78955078125
2492477,27.89306640625
2492530,52.91748046875
2492541,28.01513671875
2492657,33.203125
2492704,19.4091796875
2492807,31.982421875
2493028,25.634765625
2493213,24.169921875
2493962,22.216796875
2494068,22.5830078125
2494234,32.28759765625
2494336,24.658203125
2494374,19.6533203125
2494476,25.08544921875
2494546,31.3720703125
2494604,22.216796875
2494702,25.20751953125
2494748,31.55517578125
2494926,28.25927734375
2495009,25.08544921875
2495244,29.23583984375
2495544,18.9208984375
2495832,17.02880859375
2623502,27.16064453125
2623588,27.9541015625
2623641,29.11376953125
2623676,30.1513671875
2623731,18.6767578125
2623755,27.099609375
2623806,30.3955078125
2623818,20.8740234375
2623889,18.00537109375
2623902,36.9873046875
2624105,33.203125
2625233,18.61572265625
2625366,26.4892578125
2625468,17.822265625
2625479,16.90673828125
2625517,26.06201171875
2625615,37.7197265625
2625626,22.03369140625
2625691,24.4140625
2625790,17.27294921875
2625847,29.6630859375
2625865,26.18408203125
2625997,36.80419921875
2626237,36.4990234375
2627423,22.76611328125
2668897,18.61572265625
2756457,17.4560546875
2758553,31.06689453125
2758639,23.5595703125
2758723,28.3203125
2758797,25.146484375
2758834,23.193359375
2758872,36.7431640625
2758885,31.18896484375
2758956,44.25048828125
2759066,39.1845703125
2759362,27.9541015625
2759492,26.7333984375
2760301,17.39501953125
2760569,22.5830078125
2760665,25.390625
2760730,26.2451171875
2760853,40.71044921875
2760922,27.89306640625
2761001,19.775390625
2761072,44.12841796875
2761125,30.1513671875
2761239,19.59228515625
2761463,34.36279296875
2761919,17.39501953125
2762228,17.76123046875
2890308,23.62060546875
2890389,22.64404296875
2890423,23.49853515625
2890460,23.37646484375
2890517,22.216796875
2890539,32.1044921875
2890580,36.865234375
2890599,17.02880859375
2890616,25.69580078125
2890680,45.83740234375
2890786,30.21240234375
2890939,32.77587890625
2892095,19.34814453125
2892131,25.5126953125
2892315,21.17919921875
2892353,28.1982421875
2892512,21.240234375
2892547,24.35302734375
2892608,32.1044921875
2892750,23.4375
2892774,33.8134765625
2892894,26.3671875
2892974,33.38623046875
2893167,36.4990234375
2893590,19.59228515625
2893862,18.24951171875
2894477,19.8974609375
3052396,19.8974609375
3052488,33.50830078125
3052549,36.1328125
3052569,20.69091796875
3052607,18.4326171875
3052640,24.47509765625
3052691,32.53173828125
3052716,41.80908203125
3052791,25.390625
3052812,17.578125
3052832,28.01513671875
3052978,30.45654296875
3054247,19.22607421875
3054287,17.02880859375
3054434,22.03369140625
3054483,25.634765625
3054590,46.32568359375
3054610,18.85986328125
3054628,25.5126953125
3054811,25.32958984375
3054878,34.72900390625
3055000,26.611328125
3055172,33.63037109375
3055597,18.5546875
3056165,23.13232421875
3086502,18.798828125
3190240,27.52685546875
3190323,20.01953125
3190395,38.26904296875
3190468,24.96337890625
3190495,33.935546875
3190541,24.35302734375
3190570,22.76611328125
3190583,37.53662109375
3190647,20.8740234375
3190699,30.82275390625
3190812,33.3251953125
3191148,19.71435546875
3191948,19.34814453125
3192103,20.99609375
3192220,21.78955078125
3192321,18.798828125
3192387,22.39990234375
3192520,19.1650390625
3192546,24.71923828125
3192646,38.14697265625
3192697,26.42822265625
3192818,32.53173828125
3193178,32.8369140625
3193955,19.34814453125
3225283,16.90673828125
3318553,29.296875
3318630,24.96337890625
3318646,20.99609375
3318710,44.12841796875
3318731,31.3720703125
3318782,34.36279296875
3318798,17.15087890625
3318845,21.54541015625
3318866,24.84130859375
3318926,24.90234375
3318944,46.2646484375
3319070,34.66796875
3319216,32.53173828125
3320038,20.08056640625
3320449,24.10888671875
3320501,23.13232421875
3320597,23.193359375
3320701,17.7001953125
3320761,25.45166015625
3320876,19.775390625
3320937,38.57421875
3321055,28.38134765625
3321176,33.447265625
3321357,23.49853515625
3321840,23.8037109375
3322059,22.39990234375
3341379,18.9208984375
3341962,17.08984375
3427576,17.27294921875
3427655,27.2216796875
3427734,17.08984375
3427778,19.83642578125
3427800,16.9677734375
3427821,24.35302734375
3427892,20.08056640625
3427938,17.27294921875
3427963,34.11865234375
3427975,36.9873046875
3428055,29.84619140625
3428084,39.36767578125
3428142,25.69580078125
3428243,22.76611328125
3428262,31.79931640625
3428478,23.5595703125
3428543,36.4990234375
3428855,22.3388671875
3429474,28.9306640625
3429724,29.35791015625
3429770,21.91162109375
3429910,22.88818359375
3429945,20.20263671875
3430089,42.724609375
3430148,22.03369140625
3430256,19.287109375
3430394,34.912109375
3430679,21.05712890625
3431121,22.52197265625
3538783,20.99609375
3538879,31.06689453125
3538945,25.87890625
3538962,23.74267578125
3539039,37.109375
3539062,37.109375
3539112,27.34375
3539135,24.90234375
3539187,27.9541015625
3539204,20.56884765625
3539275,22.705078125
3539336,34.7900390625
3539680,27.77099609375
3540553,20.3857421875
3540600,22.64404296875
3540785,28.1982421875
3540825,20.56884765625
3540983,22.5830078125
3541001,21.484375
3541143,24.47509765625
3541164,35.70556640625
3541186,18.37158203125
3541265,24.169921875
3541433,32.1044921875
3542032,25.32958984375
3542436,19.1650390625
3701047,20.5078125
3701066,17.15087890625
3701138,21.728515625
3701219,31.18896484375
3701233,17.63916015625
3701287,35.70556640625
3701297,25.81787109375
3701325,22.8271484375
3701372,24.5361328125
3701387,52.3681640625
3701447,23.98681640625
3701482,20.44677734375
3701506,37.04833984375
3701532,24.0478515625
3701624,22.705078125
3701694,28.564453125
3702001,22.39990234375
3702927,25.2685546875
3702978,23.37646484375
3703110,25.2685546875
3703274,24.96337890625
3703303,20.08056640625
3703409,22.88818359375
3703455,17.08984375
3703466,52.734375
3703648,22.0947265625
3703662,31.18896484375
3703865,30.2734375
3704120,24.47509765625
3704867,18.98193359375
3705207,20.6298828125
3826503,23.92578125
3826525,18.6767578125
3826592,20.56884765625
3826633,22.27783203125
3826669,25.45166015625
3826720,18.06640625
3826753,29.541015625
3826806,21.17919921875
3826829,51.69677734375
3826885,18.37158203125
3826918,26.7333984375
3826972,36.1328125
3827159,25.69580078125
3827275,27.9541015625
3827313,36.92626953125
3827469,30.94482421875
3828209,20.1416015625
3828343,17.27294921875
3828377,22.76611328125
3828560,23.62060546875
3828581,18.1884765625
3828717,22.39990234375
3828780,17.333984375
3828868,39.55078125
3828974,21.30126953125
3829041,31.25
3829434,35.21728515625
3829763,19.4091796875
3830151,16.845703125
3830519,22.03369140625
3983041,25.57373046875
3983126,35.21728515625
3983158,18.00537109375
3983203,23.8037109375
3983242,20.3857421875
3983273,26.2451171875
3983316,20.93505859375
3983355,27.83203125
3983400,17.08984375
3983417,29.60205078125
3983438,30.57861328125
3983533,30.70068359375
3983700,31.73828125
3983731,24.84130859375
3983756,19.775390625
3983834,19.1650390625
3984908,21.484375
3984946,26.18408203125
3985137,24.23095703125
3985173,23.681640625
3985191,20.44677734375
3985257,25.5126953125
3985346,18.61572265625
3985452,33.8134765625
3985488,28.4423828125
3985513,20.5078125
3985669,34.1796875
3985862,36.376953125
3985936,24.47509765625
3986072,30.94482421875
3986427,17.08984375
4044982,17.333984375
4100448,25.390625
4100538,29.23583984375
4100553,21.1181640625
4100596,20.6298828125
4100622,27.4658203125
4100675,37.65869140625
4100698,29.296875
4100758,19.53125
4100778,25.20751953125
4100846,20.20263671875
4100867,22.4609375
4101044,35.15625
4102328,22.216796875
4102369,24.59716796875
4102510,25.81787109375
4102665,22.03369140625
4102695,24.35302734375
4102803,19.53125
4102815,17.02880859375
4102923,22.88818359375
4103144,34.3017578125
4103262,27.03857421875
4103365,31.1279296875
4104217,19.6533203125
4105054,17.27294921875
4226522,35.46142578125
4226605,40.283203125
4226618,16.9677734375
4226675,23.01025390625
4226699,21.8505859375
4226710,33.447265625
4226757,25.81787109375
4226781,23.01025390625
4226832,23.681640625
4226866,20.08056640625
4226905,30.517578125
4227011,36.31591796875
4227268,32.3486328125
4227452,23.681640625
4228309,19.775390625
4228415,22.8271484375
4228568,28.01513671875
4228613,19.71435546875
4228696,32.04345703125
4228810,43.39599609375
4228911,18.61572265625
4229022,32.53173828125
4229153,26.2451171875
4229383,29.84619140625
4229545,24.4140625
4230178,19.287109375
4230837,21.17919921875
4257113,16.9677734375
4355308,29.6630859375
4355386,28.6865234375
4355413,37.841796875
4355452,21.3623046875
4355465,21.97265625
4355515,29.1748046875
4355538,24.5361328125
4355552,21.66748046875
4355607,24.169921875
4355621,45.59326171875
4355683,20.1416015625
4355696,18.00537109375
4355748,34.60693359375
4355892,33.203125
4355903,18.00537109375
4356180,19.71435546875
4356976,19.1650390625
4357187,24.35302734375
4357310,17.39501953125
4357505,23.25439453125
4357553,20.81298828125
4357568,34.36279296875
4357656,24.169921875
4357715,36.0107421875
4357819,20.263671875
4357851,32.2265625
4358085,37.17041015625
4358248,23.193359375
4358801,23.98681640625
4359063,19.8974609375
4469974,37.841796875
4470071,25.32958984375
4470081,21.42333984375
4470159,28.25927734375
4470186,17.822265625
4470238,29.84619140625
4470270,31.06689453125
4470319,26.91650390625
4470343,40.6494140625
4470405,20.5078125
4470475,19.10400390625
4470625,33.38623046875
4471736,18.98193359375
4471852,24.0478515625
4471913,25.20751953125
4472083,22.76611328125
4472189,19.22607421875
4472245,27.099609375
4472315,18.85986328125
4472344,33.69140625
4472360,28.62548828125
4472464,25.0244140625
4472514,30.2734375
4472644,23.98681640625
4473511,22.52197265625
4474138,21.1181640625
4566881,25.146484375
4566962,33.935546875
4567025,24.7802734375
4567043,24.10888671875
4567124,32.1044921875
4567197,21.484375
4567216,38.818359375
4567275,25.69580078125
4567301,19.6533203125
4567330,20.32470703125
4567366,29.052734375
4567451,25.32958984375
4567475,36.7431640625
4567541,29.052734375
4567649,31.18896484375
4568041,24.658203125
4568577,22.3388671875
4568820,30.2734375
4568982,25.57373046875
4569134,30.33447265625
4569296,18.37158203125
4569342,30.6396484375
4569512,21.97265625
4569546,37.29248046875
4569574,23.86474609375
4570368,23.3154296875
4570852,19.4091796875
4678043,22.3388671875
4678133,23.5595703125
4678186,19.59228515625
4678221,29.47998046875
4678272,18.12744140625
4678297,18.5546875
4678353,21.3623046875
4678371,21.17919921875
4678424,32.2265625
4678444,21.1181640625
4678456,27.03857421875
4678519,35.94970703125
4678614,26.9775390625
4678743,37.4755859375
4678968,32.958984375
4679909,25.32958984375
4679955,17.27294921875
4680092,30.3955078125
4680134,19.22607421875
4680259,24.23095703125
4680327,35.82763671875
4680360,24.2919921875
4680528,20.93505859375
4680592,22.88818359375
4680670,29.23583984375
4680842,35.82763671875
4681225,21.91162109375
4681247,33.02001953125
4681925,22.8271484375
4710254,17.02880859375
4821390,25.45166015625
4821482,21.484375
4821527,17.822265625
4821558,21.3623046875
4821615,23.92578125
4821630,28.076171875
4821651,31.73828125
4821697,24.23095703125
4821774,26.42822265625
4821788,24.10888671875
4821936,32.16552734375
4822021,26.4892578125
4822085,33.75244140625
4822113,32.1044921875
4822238,24.59716796875
4822446,22.88818359375
4823020,20.20263671875
4823189,18.00537109375
4823271,31.43310546875
4823353,20.3857421875
4823451,28.9306640625
4823496,34.48486328125
4823564,23.49853515625
4823627,24.47509765625
4823725,17.27294921875
4823781,37.04833984375
4823794,27.03857421875
4823923,23.0712890625
4823990,34.24072265625
4824243,31.1279296875
4824527,20.6298828125
4824816,18.310546875
4825180,19.10400390625
4941299,33.69140625
4941391,23.92578125
4941444,22.8271484375
4941470,30.8837890625
4941531,19.22607421875
4941554,28.4423828125
4941609,41.1376953125
4941629,18.1884765625
4941699,22.0947265625
4941727,23.25439453125
4941755,35.888671875
4941892,34.5458984375
4942056,32.1044921875
4943158,30.33447265625
4943324,19.95849609375
4943369,27.9541015625
4943514,18.49365234375
4943589,28.13720703125
4943603,40.283203125
4943706,21.8505859375
4943776,17.02880859375
4943797,45.7763671875
4944020,21.240234375
4944031,23.13232421875
4944805,18.4326171875
4945017,16.9677734375
4945389,20.81298828125
5048808,27.64892578125
5048911,25.390625
5048936,18.73779296875
5049000,21.240234375
5049030,32.40966796875
5049045,21.17919921875
5049073,28.3203125
5049120,17.39501953125
5049144,39.0625
5049206,19.47021484375
5049238,27.64892578125
5049273,32.16552734375
5049462,30.09033203125
5050671,16.9677734375
5050745,25.93994140625
5050907,25.5126953125
5051008,24.2919921875
5051023,20.6298828125
5051146,22.0947265625
5051209,33.87451171875
5051239,22.27783203125
5051255,29.60205078125
5051386,28.9306640625
5051559,27.52685546875
5051606,28.3203125
5051821,34.7900390625
5052274,16.9677734375
5052814,20.32470703125
5154727,17.4560546875
5154758,24.84130859375
5154841,31.005859375
5154872,24.35302734375
5154882,17.27294921875
5154916,25.69580078125
5154978,16.9677734375
5154992,26.18408203125
5155062,26.91650390625
5155099,37.841796875
5155150,22.52197265625
5155229,35.15625
5155433,35.82763671875
5156461,21.240234375
5156744,22.88818359375
5156813,21.05712890625
5156993,22.3388671875
5157022,16.90673828125
5157191,23.5595703125
5157235,22.216796875
5157280,18.98193359375
5157418,22.5830078125
5157499,35.7666015625
5157672,17.27294921875
5157772,31.67724609375
5158124,36.19384765625
5158424,21.6064453125
5159214,17.27294921875
5311041,24.35302734375
5311132,25.20751953125
5311152,18.9208984375
5311196,17.2119140625
5311215,21.728515625
5311263,25.5126953125
5311294,22.705078125
5311344,19.6533203125
5311373,48.40087890625
5311422,26.4892578125
5311486,22.705078125
5311527,33.38623046875
5311722,32.04345703125
5312938,17.15087890625
5313122,22.88818359375
5313182,17.39501953125
5313291,23.49853515625
5313398,20.8740234375
5313524,23.681640625
5313682,25.57373046875
5314816,23.25439453125
5315327,19.47021484375
5355758,18.49365234375
5446154,22.5830078125
5446246,21.66748046875
5446313,17.51708984375
5446373,17.88330078125
5446399,42.05322265625
5446470,22.3388671875
5446484,18.5546875
5446540,44.0673828125
5446553,18.98193359375
5446648,35.15625
5446787,31.3720703125
5446926,29.23583984375
5447030,24.47509765625
5447787,23.0712890625
5448068,25.634765625
5448096,20.751953125
5448268,24.10888671875
5448378,18.06640625
5448401,17.822265625
5448439,21.6064453125
5448560,17.51708984375
5448575,25.81787109375
5448590,33.50830078125
5448783,27.099609375
5449133,33.935546875
5513119,17.63916015625
5556453,26.85546875
5556547,25.5126953125
5556604,17.39501953125
5556626,22.94921875
5556699,31.25
5556773,38.0859375
5556789,18.06640625
5556874,22.705078125
5556890,41.6259765625
5557014,32.958984375
5557243,30.517578125
5557343,23.681640625
5558250,17.27294921875
5558369,23.37646484375
5558493,18.9208984375
5558592,25.5126953125
5558717,21.17919921875
5558757,26.42822265625
5558786,17.08984375
5558882,39.9169921875
5558914,33.935546875
5559082,34.48486328125
5560275,20.44677734375
5560583,16.90673828125
5691817,31.25
5691905,26.123046875
5691973,33.50830078125
5692044,27.64892578125
5692060,26.18408203125
5692107,29.296875
5692119,22.5830078125
5692209,32.53173828125
5692258,31.79931640625
5692295,25.32958984375
5693405,19.22607421875
5693645,18.85986328125
5693663,26.18408203125
5693849,18.9208984375
5693945,27.9541015625
5694055,19.95849609375
5694148,28.01513671875
5694225,35.94970703125
5694428,20.32470703125
5694446,41.1376953125
5694703,31.3720703125
5695563,21.8505859375
5818933,17.9443359375
5819017,27.83203125
5819092,33.63037109375
5819170,29.72412109375
5819182,19.22607421875
5819211,32.04345703125
5819240,20.8740234375
5819270,21.6064453125
5819311,27.40478515625
5819345,17.4560546875
5819370,32.16552734375
5819400,27.64892578125
5819498,33.203125
5819582,26.123046875
5819817,21.484375
5820776,25.45166015625
5820915,21.17919921875
5820967,25.5126953125
5821093,25.146484375
5821234,25.57373046875
5821326,34.24072265625
5821424,26.85546875
5821596,25.45166015625
5821606,34.60693359375
5822485,18.24951171875
5934140,27.03857421875
5934203,18.24951171875
5934240,27.2216796875
5934293,23.37646484375
5934317,30.8837890625
5934379,17.822265625
5934391,25.93994140625
5934444,35.70556640625
5934460,21.66748046875
5934541,38.330078125
5934657,36.7431640625
5934813,34.5458984375
5934951,21.8505859375
5935099,25.0244140625
5936014,22.39990234375
5936034,23.3154296875
5936200,18.00537109375
5936227,26.06201171875
5936362,26.30615234375
5936374,19.287109375
5936490,27.89306640625
5936573,18.12744140625
5936719,36.2548828125
5936926,37.78076171875
5937638,22.39990234375
5938425,19.59228515625
6038443,25.20751953125
6038530,20.56884765625
6038569,17.4560546875
6038607,21.42333984375
6038653,18.310546875
6038691,24.169921875
6038747,20.81298828125
6038776,21.728515625
6038805,18.37158203125
6038831,35.82763671875
6038855,24.658203125
6038954,34.912109375
6039036,20.44677734375
6039069,31.8603515625
6039483,22.4609375
6040087,18.9208984375
6040252,17.578125
6040322,27.4658203125
6040466,24.47509765625
6040510,24.10888671875
6040529,17.27294921875
6040678,19.53125
6040827,17.63916015625
6040848,19.47021484375
6040868,31.8603515625
6040887,37.4755859375
6041035,17.27294921875
6041149,34.11865234375
6041184,18.1884765625
6041227,25.93994140625
6041538,26.0009765625
6041566,37.7197265625
6041900,20.751953125
6042428,20.56884765625
6143223,24.0478515625
6143309,26.55029296875
6143354,20.69091796875
6143394,24.96337890625
6143432,22.8271484375
6143449,20.8740234375
6143470,24.7802734375
6143481,17.4560546875
6143533,37.2314453125
6143555,30.70068359375
6143629,31.1279296875
6143648,30.029296875
6143836,33.69140625
6143871,31.43310546875
6144072,25.634765625
6145032,21.42333984375
6145140,21.66748046875
6145278,20.751953125
6145293,24.59716796875
6145451,36.07177734375
6145634,19.4091796875
6145645,25.146484375
6145738,34.60693359375
6145770,23.25439453125
6146047,36.0107421875
6146303,38.26904296875
6146651,20.1416015625
6147004,17.08984375
6147535,20.3857421875
6252874,17.51708984375
6252892,21.17919921875
6252984,26.2451171875
6253014,28.6865234375
6253062,21.78955078125
6253121,20.263671875
6253138,20.5078125
6253207,21.97265625
6253224,17.51708984375
6253287,45.5322265625
6253300,23.681640625
6253388,22.88818359375
6253507,33.69140625
6253581,23.13232421875
6254846,31.55517578125
6255003,24.658203125
6255062,21.484375
6255148,21.6064453125
6255271,20.93505859375
6255482,22.705078125
6255754,38.2080078125
6255846,21.8505859375
6256055,20.5078125
6256331,17.27294921875
6256810,20.08056640625
6377486,25.57373046875
6377592,24.59716796875
6377630,22.216796875
6377672,22.27783203125
6377717,20.751953125
6377754,22.0947265625
6377797,20.3857421875
6377830,26.0009765625
6377856,17.51708984375
6377874,19.47021484375
6377909,29.9072265625
6377924,36.43798828125
6378007,21.78955078125
6378492,21.05712890625
6379393,20.69091796875
6379423,25.634765625
6379636,17.578125
6379720,22.94921875
6379767,18.85986328125
6379828,17.7001953125
6379844,22.76611328125
6380037,28.4423828125
6380074,23.4375
6380106,37.7197265625
6380157,20.751953125
6380295,34.11865234375
6380486,36.376953125
6380842,19.775390625
6381137,19.10400390625
6407143,16.90673828125
6503308,29.84619140625
6503393,20.01953125
6503450,20.20263671875
6503468,28.13720703125
6503538,26.06201171875
6503609,42.66357421875
6503621,40.22216796875
6503703,33.935546875
6503821,35.64453125
6503964,33.50830078125
6504075,27.2216796875
6504257,23.74267578125
6504870,17.08984375
6505284,24.90234375
6505440,18.37158203125
6505454,24.0478515625
6505476,24.4140625
6505584,26.123046875
6505662,38.63525390625
6505714,20.01953125
6505764,18.24951171875
6505900,52.67333984375
6505966,23.74267578125
6506081,29.1748046875
6506233,17.2119140625
6506389,30.029296875
6506871,17.9443359375
6587170,19.22607421875
6630869,17.51708984375
6630900,27.89306640625
6630932,17.39501953125
6630998,23.62060546875
6631051,20.69091796875
6631075,23.86474609375
6631137,21.240234375
6631147,20.1416015625
6631227,22.94921875
6631310,27.9541015625
6631321,36.62109375
6631416,25.32958984375
6631442,33.87451171875
6631603,27.16064453125
6632670,25.146484375
6632699,18.6767578125
6632832,23.62060546875
6633023,24.84130859375
6633051,20.01953125
6633189,21.66748046875
6633214,19.6533203125
6633300,34.3017578125
6633345,25.57373046875
6633548,33.26416015625
6633682,21.1181640625
6741886,25.45166015625
6741964,22.8271484375
6742009,18.9208984375
6742042,30.45654296875
6742104,18.85986328125
6742116,23.0712890625
6742172,37.65869140625
6742187,40.0390625
6742264,33.75244140625
6742308,35.21728515625
6742539,30.33447265625
6742874,29.35791015625
6743774,27.34375
6743954,31.31103515625
6744079,25.57373046875
6744139,22.27783203125
6744199,29.9072265625
6744252,28.38134765625
6744375,34.7900390625
6744558,21.05712890625
6745354,17.822265625
6745777,20.20263671875
6769692,18.37158203125
6838766,24.169921875
6838861,35.15625
6838889,23.74267578125
6838943,44.189453125
6838959,17.9443359375
6838998,20.8740234375
6839017,25.45166015625
6839072,18.4326171875
6839092,25.0244140625
6839139,34.72900390625
6839163,21.484375
6839250,48.7060546875
6839363,16.9677734375
6839477,32.958984375
6839669,25.81787109375
6839961,21.78955078125
6840395,22.216796875
6840555,17.27294921875
6840599,21.17919921875
6840769,20.08056640625
6840786,30.94482421875
6840920,32.470703125
6840998,21.05712890625
6841009,20.32470703125
6841228,17.63916015625
6841245,23.62060546875
6841301,32.71484375
6841523,18.798828125
6841563,34.66796875
6841782,30.2734375
6841943,22.4609375
6842157,20.263671875
6842537,19.83642578125
6992441,30.21240234375
6992530,21.42333984375
6992594,23.681640625
6992608,31.25
6992669,22.3388671875
6992684,23.8037109375
6992721,36.80419921875
6992753,24.4140625
6992832,24.35302734375
6992851,31.06689453125
6992923,18.12744140625
6992968,36.865234375
6993378,26.611328125
6994227,18.24951171875
6994416,20.751953125
6994516,19.775390625
6994678,22.0947265625
6994719,16.90673828125
6994834,21.54541015625
6994987,23.193359375
6995003,32.40966796875
6995265,33.75244140625
6996093,17.578125
6996511,19.47021484375
7110012,22.15576171875
7110116,28.99169921875
7110170,22.0947265625
7110195,18.06640625
7110266,20.01953125
7110300,37.17041015625
7110355,36.80419921875
7110422,31.67724609375
7110432,24.7802734375
7110510,21.78955078125
7110588,34.72900390625
7110600,24.96337890625
7110694,25.2685546875
7110795,25.57373046875
7111135,21.240234375
7111876,25.81787109375
7112064,23.62060546875
7112166,16.845703125
7112241,24.71923828125
7112321,20.56884765625
7112360,26.67236328125
7112555,32.04345703125
7112571,16.9677734375
7112625,25.0244140625
7112850,34.7900390625
7114005,18.49365234375
7228144,17.88330078125
7228204,24.10888671875
7228300,20.8740234375
7228349,22.216796875
7228378,25.390625
7228430,18.98193359375
7228454,27.16064453125
7228475,42.6025390625
7228500,19.287109375
7228512,21.1181640625
7228532,22.216796875
7228586,17.51708984375
7228612,27.099609375
7228669,32.53173828125
7228820,32.77587890625
7230024,20.5078125
7230055,25.69580078125
7230330,22.5830078125
7230379,24.96337890625
7230521,17.822265625
7230589,28.38134765625
7230737,19.6533203125
7230912,26.30615234375
7231777,21.8505859375
7232348,22.5830078125
7327347,25.634765625
7327456,20.8740234375
7327485,19.59228515625
7327539,20.8740234375
7327556,33.69140625
7327577,18.24951171875
7327614,29.96826171875
7327661,24.59716796875
7327689,19.22607421875
7327738,18.5546875
7327764,46.38671875
7327778,19.6533203125
7327887,40.6494140625
7328016,35.09521484375
7328188,28.74755859375
7328234,34.3017578125
7328581,27.4658203125
7328920,18.6767578125
7329281,23.4375
7329321,18.73779296875
7329453,24.84130859375
7329476,19.59228515625
7329598,37.59765625
7329654,17.2119140625
7329665,28.99169921875
7329788,34.7900390625
7329827,30.94482421875
7329948,33.87451171875
7330085,20.1416015625
7330139,30.029296875
7330346,36.80419921875
7331406,24.59716796875
7338220,18.4326171875
7443050,22.27783203125
7443082,24.169921875
7443150,17.578125
7443175,19.775390625
7443260,25.45166015625
7443306,21.91162109375
7443337,23.37646484375
7443409,31.3720703125
7443420,37.7197265625
7443496,20.263671875
7443515,18.798828125
7443599,34.423828125
7443905,23.0712890625
7444076,24.2919921875
7444894,18.06640625
7444966,21.91162109375
7445125,17.9443359375
7445147,29.296875
7445245,17.39501953125
7445346,20.20263671875
7445543,32.5927734375
7445599,25.32958984375
7445639,25.0244140625
7445724,26.0009765625
7445794,16.845703125
7445856,24.71923828125
7446185,20.8740234375
7569193,27.64892578125
7569204,17.4560546875
7569280,25.93994140625
7569339,20.3857421875
7569371,32.77587890625
7569438,17.76123046875
7569467,45.2880859375
7569520,25.08544921875
7569589,35.2783203125
7569608,17.578125
7569707,33.63037109375
7569765,17.39501953125
7569861,17.08984375
7569988,45.41015625
7570978,21.66748046875
7571098,22.5830078125
7571119,18.06640625
7571321,19.775390625
7571332,48.828125
7571523,30.2734375
7571534,46.08154296875
7571688,34.97314453125
7571734,23.92578125
7571872,33.87451171875
7571960,26.91650390625
7572091,20.44677734375
7572282,20.81298828125
7572329,34.97314453125
7572540,22.5830078125
7572803,18.06640625
7593017,18.00537109375
7709510,27.64892578125
7709599,27.2216796875
7709662,19.04296875
7709676,20.99609375
7709717,17.578125
7709744,54.6875
7709825,38.75732421875
7709837,29.84619140625
7709908,24.96337890625
7709941,35.64453125
7709989,27.4658203125
7710062,29.84619140625
7710073,21.78955078125
7710182,24.35302734375
7710279,52.24609375
7710297,17.4560546875
7710466,19.59228515625
7711394,22.88818359375
7711489,18.73779296875
7711557,27.89306640625
7711677,20.751953125
7711700,21.30126953125
7711797,21.8505859375
7711880,25.32958984375
7711965,31.73828125
7712185,25.69580078125
7712615,19.53125
7713206,19.71435546875
7829992,18.798828125
7830082,21.240234375
7830144,17.39501953125
7830163,21.30126953125
7830222,35.46142578125
7830238,40.1611328125
7830308,22.15576171875
7830334,24.59716796875
7830370,35.2783203125
7830386,18.85986328125
7830417,19.10400390625
7830464,24.35302734375
7830481,36.62109375
7830644,31.3720703125
7830964,24.7802734375
7831771,21.728515625
7831923,20.20263671875
7832012,17.39501953125
7832124,27.83203125
7832259,24.4140625
7832278,23.25439453125
7832449,33.203125
7832471,22.8271484375
7832628,34.36279296875
7832826,20.32470703125
7832865,17.2119140625
7832883,32.5927734375
7833150,18.61572265625
7833455,19.1650390625
7833884,18.85986328125
7957353,23.13232421875
7957443,26.79443359375
7957508,20.99609375
7957524,28.076171875
7957600,17.822265625
7957614,29.72412109375
7957668,22.15576171875
7957699,18.12744140625
7957746,24.169921875
7957760,19.775390625
7957792,25.81787109375
7957911,31.67724609375
7959037,22.64404296875
7959062,17.578125
7959290,18.12744140625
7959310,27.099609375
7959457,21.728515625
7959468,23.8037109375
7959605,25.08544921875
7959718,39.0625
7959898,24.4140625
7959945,30.1513671875
7960062,18.6767578125
7960202,35.21728515625
7960561,17.02880859375
7960820,17.7001953125
7961118,21.240234375
7961467,19.4091796875
8068324,21.78955078125
8068416,23.86474609375
8068428,17.51708984375
8068463,16.845703125
8068492,24.71923828125
8068533,16.845703125
8068562,35.70556640625
8068623,22.27783203125
8068644,28.86962890625
8068700,35.888671875
8068719,18.6767578125
8068786,35.15625
8068802,25.5126953125
8068897,34.3017578125
8069084,34.11865234375
8069205,23.3154296875
8069917,18.06640625
8070095,17.7001953125
8070278,24.5361328125
8070418,25.5126953125
8070504,17.39501953125
8070607,38.14697265625
8070623,30.6396484375
8070706,25.2685546875
8070763,17.39501953125
8070775,30.70068359375
8070808,33.75244140625
8070885,19.47021484375
8071023,25.69580078125
8071078,27.77099609375
8071713,36.19384765625
8072096,23.01025390625
8190544,23.92578125
8190601,17.63916015625
8190638,27.587890625
8190666,20.93505859375
8190691,23.3154296875
8190714,27.4658203125
8190777,25.08544921875
8190854,40.10009765625
8190930,28.01513671875
8190968,36.31591796875
8191119,26.67236328125
8191129,38.02490234375
8191252,26.18408203125
8191356,22.64404296875
8191751,25.0244140625
8192069,22.52197265625
8192328,18.12744140625
8192501,26.0009765625
8192574,20.20263671875
8192649,18.85986328125
8192775,28.13720703125
8192830,20.93505859375
8192904,35.5224609375
8192947,22.4609375
8193029,17.15087890625
8193092,33.3251953125
8193130,20.81298828125
8193296,32.16552734375
8193534,34.48486328125
8193676,24.35302734375
8193703,31.1279296875
8194035,23.13232421875
8194443,21.8505859375
8194551,16.9677734375
8318866,27.4658203125
8318947,27.28271484375
8318976,17.7001953125
8318990,19.95849609375
8319025,26.42822265625
8319080,46.875
8319098,16.845703125
8319164,23.01025390625
8319186,39.00146484375
8319251,30.2734375
8319264,24.23095703125
8319291,38.4521484375
8319405,29.541015625
8319421,19.10400390625
8319525,27.40478515625
8319642,47.30224609375
8319780,21.30126953125
8320413,23.0712890625
8320577,17.9443359375
8320828,25.69580078125
8320844,19.8974609375
8321072,23.25439453125
8321122,22.64404296875
8321227,35.5224609375
8321240,21.91162109375
8321274,23.92578125
8321447,34.36279296875
8321489,22.94921875
8321575,22.8271484375
8321666,32.71484375
8321739,16.845703125
8321775,17.08984375
8322756,20.99609375
8422119,30.1513671875
8422205,20.6298828125
8422282,19.22607421875
8422300,19.775390625
8422349,31.55517578125
8422382,26.4892578125
8422435,21.8505859375
8422462,19.1650390625
8422515,33.38623046875
8422630,29.84619140625
8422818,28.9306640625
8423831,18.61572265625
8424083,19.287109375
8424141,23.13232421875
8424298,17.88330078125
8424327,29.1748046875
8424418,21.91162109375
8424550,28.13720703125
8424582,18.9208984375
8424790,18.4326171875
8424965,33.26416015625
8425162,21.728515625
8425194,26.2451171875
8425524,20.56884765625
8425784,17.63916015625
8426086,19.53125
8481515,18.98193359375
8536090,24.90234375
8536183,25.87890625
8536229,19.71435546875
8536255,19.59228515625
8536328,16.90673828125
8536416,34.97314453125
8536426,21.78955078125
8536463,43.51806640625
8536500,42.41943359375
8536679,31.67724609375
8536725,20.3857421875
8536826,24.5361328125
8536934,27.099609375
8537761,17.333984375
8537992,38.87939453125
8538190,20.69091796875
8538242,18.9208984375
8538283,22.88818359375
8538365,27.52685546875
8538449,21.728515625
8538515,31.1279296875
8538573,25.2685546875
8538756,21.42333984375
8538768,34.7900390625
8538838,24.169921875
8538992,24.84130859375
8539274,20.08056640625
8539555,20.32470703125
8539886,21.240234375
8635420,21.97265625
8635489,18.49365234375
8635516,19.6533203125
8635545,19.71435546875
8635589,25.81787109375
8635645,20.44677734375
8635662,32.89794921875
8635675,20.1416015625
8635732,22.39990234375
8635756,21.30126953125
8635806,17.88330078125
8635824,20.99609375
8635834,21.91162109375
8636019,23.8037109375
8636411,24.169921875
8637057,19.22607421875
8637290,21.240234375
8637400,17.63916015625
8637501,24.90234375
8637591,17.4560546875
8637688,27.7099609375
8637780,18.798828125
8637925,24.23095703125
8637954,18.06640625
8637965,31.79931640625
8637993,18.85986328125
8638124,17.88330078125
8638325,18.06640625
8638937,19.287109375
8639357,19.34814453125
8762664,27.28271484375
8762746,26.4892578125
8762779,22.15576171875
8762832,19.22607421875
8762876,50.47607421875
8762904,26.91650390625
8762958,18.9208984375
8762968,28.564453125
8763048,19.53125
8763068,26.30615234375
8763151,21.3623046875
8763171,34.66796875
8763258,21.66748046875
8763382,21.1181640625
8764608,18.85986328125
8764641,24.7802734375
8764901,19.775390625
8765066,37.109375
8765098,29.052734375
8765398,25.0244140625
8765471,32.2265625
8765962,17.02880859375
8884838,24.35302734375
8884928,19.95849609375
8884981,20.32470703125
8885002,30.6396484375
8885033,17.76123046875
8885068,17.76123046875
8885078,23.62060546875
8885148,38.39111328125
8885168,38.818359375
8885228,17.76123046875
8885312,30.82275390625
8885442,28.86962890625
8885647,33.87451171875
8886480,19.71435546875
8886721,19.8974609375
8886835,19.83642578125
8887021,29.78515625
8887039,22.88818359375
8887097,38.818359375
8887172,21.05712890625
8887243,20.99609375
8887273,35.5224609375
8887339,20.6298828125
8887450,30.45654296875
8887619,20.01953125
8887731,30.21240234375
8888060,17.88330078125
8888311,25.390625
8888624,18.9208984375
8930835,18.06640625
9006721,24.90234375
9006811,27.28271484375
9006856,19.8974609375
9006885,20.69091796875
9006941,22.0947265625
9006957,25.81787109375
9007014,27.9541015625
9007032,17.822265625
9007097,17.7001953125
9007112,26.3671875
9007179,30.2734375
9007201,23.98681640625
9007497,22.15576171875
9007637,22.88818359375
9008543,21.30126953125
9008713,19.53125
9008833,20.20263671875
9008947,25.81787109375
9008966,19.287109375
9009071,31.8603515625
9009102,25.45166015625
9009236,18.4326171875
9009439,23.5595703125
9009468,18.12744140625
9009565,31.1279296875
9009921,19.34814453125
9010228,18.06640625
9010566,20.99609375
9115147,23.8037109375
9115237,25.32958984375
9115322,24.7802734375
9115361,25.0244140625
9115393,36.62109375
9115465,22.64404296875
9115501,22.52197265625
9115558,29.296875
9115588,18.12744140625
9115677,28.99169921875
9115824,35.21728515625
9116840,19.22607421875
9117085,28.1982421875
9117193,18.06640625
9117288,23.98681640625
9117420,26.4892578125
9117492,23.193359375
9117545,30.029296875
9117677,25.390625
9117696,37.2314453125
9117903,40.95458984375
9118089,20.81298828125
9118231,33.447265625
9118270,18.4326171875
9118473,19.34814453125
9118693,17.51708984375
9225734,22.27783203125
9225821,22.76611328125
9225905,22.52197265625
9225925,18.12744140625
9225980,22.3388671875
9226056,18.61572265625
9226083,22.94921875
9226101,34.36279296875
9226160,17.08984375
9226201,27.77099609375
9226234,25.146484375
9226332,30.2734375
9226490,25.32958984375
9226648,28.1982421875
9227244,19.22607421875
9227656,18.61572265625
9227675,25.5126953125
9227916,18.49365234375
9227930,23.92578125
9227964,16.90673828125
9228096,20.81298828125
9228158,21.3623046875
9228256,25.69580078125
9228352,25.5126953125
9228390,41.32080078125
9228508,28.1982421875
9228587,29.541015625
9228954,36.43798828125
9229196,22.5830078125
9229819,19.53125
9261496,17.02880859375
9331777,20.08056640625
9331867,24.71923828125
9331925,21.05712890625
9331946,19.83642578125
9332003,17.2119140625
9332028,20.93505859375
9332038,39.73388671875
9332089,18.6767578125
9332166,22.39990234375
9332279,31.18896484375
9332401,29.1748046875
9332660,21.91162109375
9333349,18.24951171875
9333765,21.78955078125
9333786,22.216796875
9333979,24.35302734375
9334024,19.22607421875
9334152,34.5458984375
9334177,23.92578125
9334200,23.5595703125
9334297,34.60693359375
9334327,24.71923828125
9334362,17.9443359375
9334435,32.16552734375
9334605,31.79931640625
9334827,35.15625
9335038,20.6298828125
9335258,20.56884765625
9442103,21.05712890625
9442202,22.0947265625
9442231,21.30126953125
9442277,16.90673828125
9442309,39.1845703125
9442332,21.8505859375
9442356,27.89306640625
9442430,19.22607421875
9442471,41.44287109375
9442579,36.07177734375
9442681,36.865234375
9442866,30.76171875
9442932,23.5595703125
9443892,17.76123046875
9443940,25.146484375
9444110,17.7001953125
9444131,24.658203125
9444309,24.35302734375
9444402,20.1416015625
9444422,35.46142578125
9444452,28.38134765625
9444587,20.8740234375
9444641,32.53173828125
9444659,20.01953125
9444829,17.39501953125
9445056,16.90673828125
9445365,18.24951171875
9445779,17.9443359375
9532327,21.240234375
9532422,25.81787109375
9532464,18.5546875
9532482,24.47509765625
9532505,25.5126953125
9532537,33.99658203125
9532572,25.5126953125
9532652,32.53173828125
9532662,39.12353515625
9532676,19.71435546875
9532724,23.98681640625
9532750,21.728515625
9532772,28.86962890625
9532908,36.0107421875
9532993,24.23095703125
9533098,20.32470703125
9533232,21.6064453125
9534145,17.7001953125
9534191,24.71923828125
9534355,18.12744140625
9534375,18.85986328125
9534531,26.55029296875
9534584,20.69091796875
9534728,25.93994140625
9534914,36.31591796875
9534985,27.03857421875
9535504,17.76123046875
9535682,17.39501953125
9536077,18.24951171875
9669181,18.49365234375
9669260,27.16064453125
9669334,19.287109375
9669354,20.8740234375
9669366,37.41455078125
9669418,30.45654296875
9669429,17.39501953125
9669487,36.1328125
9669502,19.47021484375
9669570,17.27294921875
9669636,35.82763671875
9669661,22.88818359375
9669807,30.57861328125
9670118,30.82275390625
9670918,17.822265625
9671074,24.71923828125
9671242,36.4990234375
9671411,26.91650390625
9671454,22.94921875
9671594,29.4189453125
9671617,39.85595703125
9671733,25.93994140625
9671748,23.98681640625
9671804,36.0107421875
9672157,33.63037109375
9672650,19.95849609375
9673006,18.1884765625
9673580,20.1416015625
9775798,24.71923828125
9775887,19.95849609375
9775948,40.52734375
9775967,24.47509765625
9776038,21.91162109375
9776117,25.57373046875
9776136,20.69091796875
9776193,22.52197265625
9776228,34.11865234375
9776281,26.30615234375
9776341,16.845703125
9776360,32.16552734375
9777465,17.578125
9777709,16.845703125
9777775,21.05712890625
9777878,21.17919921875
9778011,20.08056640625
9778109,20.5078125
9778282,18.9208984375
9778318,17.08984375
9778549,18.61572265625
9778560,27.64892578125
9778582,19.10400390625
9778798,18.798828125
9779031,17.08984375
9779341,19.95849609375
9779937,18.9208984375
9791804,18.6767578125
9825720,18.00537109375
9885215,19.53125
9885283,19.6533203125
9885313,22.4609375
9885341,20.751953125
9885391,18.5546875
9885435,19.95849609375
9885468,28.50341796875
9885520,20.1416015625
9885540,35.58349609375
9885612,18.9208984375
9885647,33.50830078125
9885746,17.15087890625
9885863,35.400390625
9886028,33.02001953125
9886976,20.69091796875
9887143,17.15087890625
9887163,22.705078125
9887328,24.658203125
9887514,31.31103515625
9887544,36.43798828125
9887785,41.1376953125
9887803,21.484375
9887954,19.59228515625
9888002,30.3955078125
9888132,21.54541015625
9888245,35.7666015625
9888847,18.798828125
9889159,20.3857421875
9889535,17.578125
10048129,20.99609375
10048215,20.20263671875
10048296,27.83203125
10048367,19.95849609375
10048381,17.63916015625
10048428,36.865234375
10048443,29.296875
10048521,21.91162109375
10048550,21.728515625
10048577,32.1044921875
10048690,32.5927734375
10048846,29.72412109375
10049141,25.81787109375
10049964,23.5595703125
10050008,24.169921875
10050071,18.98193359375
10050181,22.64404296875
10050260,17.2119140625
10050344,22.64404296875
10050387,30.45654296875
10050400,20.56884765625
10050491,29.96826171875
10050623,22.88818359375
10050693,21.728515625
10050985,31.43310546875
10051787,21.6064453125
10052406,17.7001953125
10183144,27.40478515625
10183230,20.8740234375
10183311,32.5927734375
10183391,26.55029296875
10183411,18.4326171875
10183459,22.03369140625
10183490,20.3857421875
10183530,21.66748046875
10183540,18.4326171875
10183574,17.08984375
10183608,23.5595703125
10183654,35.46142578125
10183795,29.6630859375
10184169,24.169921875
10185121,17.88330078125
10185160,23.681640625
10185319,33.69140625
10185364,18.06640625
10185447,23.01025390625
10185501,23.13232421875
10185745,19.4091796875
10185857,17.76123046875
10187027,21.78955078125
10336316,18.24951171875
10336352,28.1982421875
10336441,21.240234375
10336494,22.15576171875
10336518,29.296875
10336580,22.4609375
10336591,26.2451171875
10336616,39.4287109375
10336659,19.59228515625
10336675,23.62060546875
10336715,32.40966796875
10336744,26.55029296875
10336831,25.81787109375
10336843,35.58349609375
10336980,30.517578125
10338042,20.32470703125
10338233,17.88330078125
10338282,19.83642578125
10338472,22.5830078125
10338599,25.32958984375
10338673,29.47998046875
10338797,23.681640625
10338861,33.69140625
10339026,34.97314453125
10339167,28.80859375
10339489,22.0947265625
10346147,16.845703125
10458154,22.8271484375
10458167,18.98193359375
10458244,25.390625
10458279,25.93994140625
10458318,29.96826171875
10458367,18.9208984375
10458387,20.56884765625
10458451,19.04296875
10458462,26.7333984375
10458531,40.71044921875
10458544,17.578125
10458627,19.34814453125
10458689,33.87451171875
10458806,33.8134765625
10458941,23.13232421875
10459469,23.62060546875
10459914,19.95849609375
10460078,19.95849609375
10460147,23.4375
10460307,17.7001953125
10460320,29.23583984375
10460377,20.01953125
10460467,34.0576171875
10460712,31.18896484375
10460747,27.03857421875
10460877,31.8603515625
10460895,18.37158203125
10461107,33.447265625
10461727,18.06640625
10462183,19.287109375
10467910,17.02880859375
10558727,26.18408203125
10558818,22.3388671875
10558854,18.798828125
10558880,17.88330078125
10558895,25.7568359375
10558948,18.06640625
10558964,21.66748046875
10559034,35.400390625
10559065,42.1142578125
10559114,37.9638671875
10559289,31.494140625
10559655,25.32958984375
10560380,19.10400390625
10560622,38.6962890625
10560804,23.13232421875
10560837,18.85986328125
10561018,22.8271484375
10561152,22.705078125
10561211,26.91650390625
10561226,36.68212890625
10561418,49.13330078125
10561655,17.2119140625
10561852,21.30126953125
10562758,17.39501953125
10671195,25.5126953125
10671287,26.0009765625
10671315,21.484375
10671368,21.17919921875
10671399,18.98193359375
10671443,20.93505859375
10671481,19.10400390625
10671514,42.236328125
10671558,17.39501953125
10671600,20.69091796875
10671628,36.80419921875
10671682,24.35302734375
10671769,27.77099609375
10671783,34.3017578125
10672942,27.34375
10673133,17.7001953125
10673323,19.6533203125
10673348,43.27392578125
10673508,20.01953125
10673577,30.21240234375
10673725,20.8740234375
10673851,32.04345703125
10675107,20.6298828125
10803092,21.3623046875
10803175,24.4140625
10803210,17.27294921875
10803254,17.39501953125
10803296,21.8505859375
10803325,26.7333984375
10803372,33.203125
10803386,25.81787109375
10803463,18.1884765625
10803477,34.5458984375
10803589,19.1650390625
10803639,19.6533203125
10803730,21.30126953125
10803826,21.6064453125
10803972,24.658203125
10804478,25.2685546875
10804784,16.9677734375
10805009,18.37158203125
10805062,24.169921875
10805240,26.2451171875
10805372,18.24951171875
10805438,17.39501953125
10805454,35.0341796875
10805500,20.44677734375
10805641,31.55517578125
10805736,22.3388671875
10805931,31.43310546875
10806147,25.57373046875
10806236,32.04345703125
10807167,17.7001953125
10832898,20.01953125
10920420,23.62060546875
10920496,33.63037109375
10920515,19.22607421875
10920583,30.3955078125
10920662,24.5361328125
10920675,24.90234375
10920721,35.5224609375
10920741,33.0810546875
10920761,24.10888671875
10920819,26.06201171875
10920829,33.87451171875
10920841,20.751953125
10920980,23.13232421875
10921023,33.75244140625
10921066,20.20263671875
10921163,24.96337890625
10921281,17.39501953125
10921918,19.6533203125
10922142,19.6533203125
10922290,23.62060546875
10922345,21.3623046875
10922502,18.98193359375
10922574,26.4892578125
10922598,39.1845703125
10922666,18.37158203125
10922748,29.4189453125
10922821,17.4560546875
10922841,36.68212890625
10922906,28.99169921875
10923010,17.76123046875
10923194,33.75244140625
10923213,22.64404296875
10923661,18.24951171875
10924175,16.9677734375
11036426,30.70068359375
11036521,23.25439453125
11036538,22.27783203125
11036601,21.30126953125
11036627,49.98779296875
11036676,19.53125
11036688,21.6064453125
11036748,38.818359375
11036785,20.99609375
11036841,40.283203125
11036922,23.37646484375
11036953,33.14208984375
11037108,17.76123046875
11037227,23.5595703125
11037376,24.71923828125
11037996,17.7001953125
11038188,17.2119140625
11038275,22.216796875
11038532,33.50830078125
11038724,22.216796875
11038920,17.88330078125
11038937,25.93994140625
11039001,30.09033203125
11039134,18.5546875
11039238,32.8369140625
11039390,23.49853515625
11039632,19.34814453125
11040374,21.1181640625
11138840,23.3154296875
11138941,38.6962890625
11138978,19.287109375
11139021,23.4375
11139072,37.59765625
11139089,20.56884765625
11139107,17.02880859375
11139158,29.84619140625
11139178,36.31591796875
11139234,24.59716796875
11139250,19.47021484375
11139299,31.982421875
11139417,32.2265625
11140519,17.27294921875
11140631,25.5126953125
11140797,17.39501953125
11140811,27.587890625
11141031,30.21240234375
11141128,23.25439453125
11141157,34.3017578125
11141172,38.75732421875
11141461,31.6162109375
11143006,19.775390625
11240541,18.73779296875
11240645,21.6064453125
11240699,17.88330078125
11240720,23.01025390625
11240789,26.91650390625
11240864,26.18408203125
11240946,28.13720703125
11240991,33.99658203125
11241104,30.6396484375
11241258,34.11865234375
11242349,19.4091796875
11242565,17.7001953125
11242621,23.86474609375
11242769,18.85986328125
11242856,22.27783203125
11242970,19.10400390625
11243066,20.99609375
11243131,22.4609375
11243158,34.72900390625
11243299,29.35791015625
11243369,38.57421875
11243530,17.2119140625
11243841,20.263671875
11244145,19.95849609375
11387466,20.44677734375
11387559,24.23095703125
11387595,20.20263671875
11387625,17.27294921875
11387644,28.4423828125
11387688,33.87451171875
11387716,27.52685546875
11387790,33.935546875
11387879,36.43798828125
11387943,32.3486328125
11387967,23.3154296875
11388067,28.99169921875
11388258,31.6162109375
11389269,22.15576171875
11389384,25.390625
11389561,21.97265625
11389663,24.7802734375
11389773,16.845703125
11389811,22.0947265625
11389899,33.8134765625
11389939,18.85986328125
11390039,23.86474609375
11390096,33.75244140625
11390124,29.1748046875
11390315,27.77099609375
11390905,17.51708984375
11391532,17.08984375
11491302,30.21240234375
11491392,19.95849609375
11491470,25.390625
11491482,17.2119140625
11491545,22.27783203125
11491555,18.12744140625
11491577,37.59765625
11491614,28.99169921875
11491644,22.8271484375
11491699,24.35302734375
11491724,18.24951171875
11491752,31.79931640625
11492039,36.19384765625
11492201,27.77099609375
11493231,21.42333984375
11493249,22.5830078125
11493411,35.21728515625
11493557,20.6298828125
11493690,24.0478515625
11493745,17.76123046875
11493809,39.97802734375
11494097,33.87451171875
11494338,33.0810546875
11494759,19.59228515625
11494975,19.6533203125
11495236,19.95849609375
11618514,18.798828125
11618534,17.02880859375
11618608,26.3671875
11618685,17.27294921875
11618706,30.3955078125
11618764,39.85595703125
11618779,26.67236328125
11618808,20.5078125
11618849,26.7333984375
11618930,35.888671875
11619034,25.08544921875
11619345,19.775390625
11620174,17.9443359375
11620379,16.845703125
11620489,16.90673828125
11620512,27.16064453125
11620698,21.66748046875
11620729,19.59228515625
11620857,25.81787109375
11620867,22.216796875
11621010,23.98681640625
11621026,37.7197265625
11621179,31.982421875
11621349,26.18408203125
11621411,35.2783203125
11622233,19.83642578125
11622524,18.85986328125
11727644,18.06640625
11727719,18.98193359375
11727800,20.263671875
11727834,17.08984375
11727881,35.0341796875
11727900,18.61572265625
11727956,24.59716796875
11728007,27.7099609375
11728023,33.38623046875
11728043,24.0478515625
11728129,25.81787109375
11728193,31.494140625
11728212,25.634765625
11728310,21.05712890625
11728419,22.15576171875
11728453,35.70556640625
11728575,19.83642578125
11729304,20.32470703125
11729523,21.17919921875
11729622,22.88818359375
11729811,22.15576171875
11729834,19.4091796875
11729985,26.42822265625
11730013,30.1513671875
11730026,17.2119140625
11730183,29.1748046875
11730245,32.16552734375
11730439,28.80859375
11730961,21.17919921875
11731456,19.4091796875
11770420,17.15087890625
11840859,28.38134765625
11840961,25.57373046875
11840992,19.1650390625
11841032,23.13232421875
11841086,19.34814453125
11841116,33.99658203125
11841166,18.12744140625
11841184,20.69091796875
11841259,29.35791015625
11841359,17.02880859375
11841428,37.2314453125
11841898,18.73779296875
11842788,36.4990234375
11842944,17.76123046875
11843011,24.71923828125
11843128,17.63916015625
11843218,22.8271484375
11843327,20.20263671875
11843514,26.3671875
11843645,37.353515625
11843729,19.6533203125
11843996,31.8603515625
11844721,21.97265625
11954788,22.5830078125
11954875,25.2685546875
11954898,19.1650390625
11954951,23.92578125
11954997,18.6767578125
11955026,26.06201171875
11955078,19.95849609375
11955099,20.751953125
11955173,19.59228515625
11955271,33.447265625
11955446,30.76171875
11956367,18.98193359375
11956669,23.4375
11956840,27.03857421875
11956895,17.02880859375
11957044,20.5078125
11957113,17.822265625
11957130,17.02880859375
11957278,21.6064453125
11957307,33.0810546875
11957530,33.38623046875
11957847,19.71435546875
11958680,23.86474609375
