11999000,0
35456,17.39501953125
35576,18.49365234375
35689,24.7802734375
35759,18.61572265625
35823,23.98681640625
35894,16.357421875
36274,16.90673828125
36392,16.11328125
36684,16.54052734375
36984,19.47021484375
37334,21.30126953125
37373,20.5078125
37532,18.61572265625
37742,16.6015625
38150,15.9912109375
38365,16.29638671875
38426,17.02880859375
38836,17.27294921875
39240,20.751953125
185833,16.11328125
206343,16.05224609375
206481,17.51708984375
206535,16.845703125
206574,20.751953125
206615,22.8271484375
206693,20.69091796875
206732,17.822265625
206977,18.1884765625
207843,24.47509765625
208126,17.4560546875
208368,16.9677734375
208492,16.4794921875
208578,17.08984375
208755,17.27294921875
208797,16.6015625
208943,22.64404296875
209742,19.04296875
210374,16.845703125
361386,16.90673828125
361519,21.97265625
361599,21.91162109375
361617,20.5078125
361685,19.47021484375
361751,16.41845703125
361814,18.5546875
361965,15.93017578125
362113,17.333984375
362181,17.39501953125
363197,19.04296875
363261,19.1650390625
363301,16.11328125
363394,20.69091796875
363445,17.02880859375
363914,17.333984375
364167,17.15087890625
365187,18.85986328125
379777,16.845703125
618023,18.49365234375
618158,23.98681640625
618261,16.90673828125
618283,22.15576171875
618352,20.08056640625
618389,20.20263671875
618407,20.1416015625
618431,19.83642578125
618489,21.17919921875
618558,25.45166015625
618622,16.54052734375
619170,16.05224609375
619337,17.39501953125
619618,27.52685546875
619723,17.27294921875
619998,16.05224609375
620276,16.357421875
620317,16.90673828125
620579,16.05224609375
620778,17.822265625
621058,16.41845703125
621640,18.61572265625
622128,16.11328125
766782,27.7099609375
766900,16.78466796875
766933,20.6298828125
766997,16.4794921875
767075,16.41845703125
767090,17.822265625
767160,17.08984375
767217,15.9912109375
767574,17.76123046875
767996,20.32470703125
768386,17.51708984375
768553,18.1884765625
768901,16.4794921875
769067,16.4794921875
769190,16.90673828125
769400,19.1650390625
769571,18.00537109375
769846,15.9912109375
770284,18.98193359375
770892,16.17431640625
1216416,19.04296875
1216488,18.1884765625
1216587,17.63916015625
1216625,20.263671875
1216753,16.11328125
1217935,15.93017578125
1218046,16.11328125
1218519,17.9443359375
1218876,16.845703125
1219035,18.06640625
1219066,16.54052734375
1219191,16.6015625
1219964,18.06640625
1220385,17.333984375
1422430,25.5126953125
1422553,21.728515625
1422646,16.41845703125
1422657,18.49365234375
1422765,16.357421875
1423681,16.54052734375
1423918,16.78466796875
1424561,18.4326171875
1424795,16.9677734375
1424893,17.4560546875
1425026,19.04296875
1425216,22.705078125
1426272,20.44677734375
1427112,17.15087890625
1558629,21.78955078125
1558734,22.3388671875
1558818,19.8974609375
1558862,20.81298828125
1558900,18.49365234375
1558968,16.05224609375
1559043,17.02880859375
1559124,16.05224609375
1559204,16.78466796875
1559303,16.54052734375
1559798,15.93017578125
1560559,18.798828125
1560604,16.17431640625
1560733,18.4326171875
1560994,16.357421875
1561621,16.845703125
1561828,18.06640625
1562403,16.66259765625
1688702,21.30126953125
1688815,18.61572265625
1688825,19.6533203125
1688909,29.296875
1688922,22.52197265625
1688968,16.29638671875
1688995,17.88330078125
1689227,23.681640625
1689322,18.61572265625
1689947,18.61572265625
1690054,15.9912109375
1690416,17.578125
1690511,16.357421875
1690745,16.6015625
1690767,15.9912109375
1691021,18.37158203125
1692391,19.53125
1710744,16.11328125
1711275,16.29638671875
1834281,24.0478515625
1834296,16.66259765625
1834374,23.01025390625
1834452,25.5126953125
1834534,18.1884765625
1834685,18.4326171875
1835002,18.798828125
1835297,16.90673828125
1835511,17.9443359375
1835968,17.15087890625
1836088,25.93994140625
1836206,17.15087890625
1836279,18.5546875
1836314,29.60205078125
1836603,16.66259765625
1837205,16.7236328125
1837878,20.99609375
1838467,22.8271484375
1894814,17.27294921875
1968112,20.20263671875
1968123,17.333984375
1968224,19.71435546875
1968331,24.7802734375
1968413,18.73779296875
1968503,15.9912109375
1968578,16.41845703125
1968847,16.05224609375
1969263,16.9677734375
1969452,17.76123046875
1969469,16.357421875
1969729,16.41845703125
1969918,21.97265625
1969989,16.2353515625
1970214,19.4091796875
1970267,16.41845703125
1970923,16.357421875
1971452,21.484375
1971928,17.578125
1972706,16.6015625
2036387,16.9677734375
2036641,16.17431640625
2037380,17.39501953125
2038213,16.29638671875
2039002,16.845703125
2039205,16.7236328125
2039551,17.08984375
2040239,16.7236328125
2040499,16.2353515625
2041220,17.578125
2041713,16.7236328125
2042174,17.822265625
2043012,16.6015625
2043304,20.81298828125
2043563,18.4326171875
2044564,16.29638671875
2045054,16.66259765625
2045638,16.7236328125
2045929,19.59228515625
2047766,16.2353515625
2048111,16.05224609375
2049580,18.6767578125
2052805,16.41845703125
2099566,21.484375
2099682,20.6298828125
2099794,18.24951171875
2099806,16.05224609375
2100007,16.41845703125
2100091,18.73779296875
2100705,19.04296875
2100958,17.88330078125
2101491,16.9677734375
2101616,18.798828125
2101728,18.4326171875
2101926,18.798828125
2102009,20.99609375
2102312,19.59228515625
2102478,16.357421875
2103169,18.4326171875
2103813,19.04296875
2245161,17.2119140625
2245279,18.310546875
2245403,16.6015625
2245542,16.90673828125
2245657,16.11328125
2245742,21.78955078125
2247128,17.578125
2247279,17.333984375
2247442,19.53125
2247458,17.63916015625
2248234,17.27294921875
2248637,21.6064453125
2249238,17.2119140625
2249992,18.9208984375
2354301,17.27294921875
2354375,16.357421875
2354575,16.17431640625
2354712,17.51708984375
2354807,20.44677734375
2354909,23.37646484375
2355078,17.2119140625
2355205,17.7001953125
2355380,16.29638671875
2355547,16.7236328125
2355578,17.15087890625
2356490,18.06640625
2357202,16.4794921875
2358114,20.01953125
2358630,22.03369140625
2492293,17.27294921875
2492427,16.41845703125
2492464,16.4794921875
2492541,19.95849609375
2492611,15.93017578125
2492669,20.32470703125
2492759,18.73779296875
2493655,18.06640625
2494260,17.51708984375
2494478,16.2353515625
2494512,17.15087890625
2494541,18.6767578125
2494806,20.99609375
2496364,17.578125
2623717,28.3203125
2623934,17.27294921875
2624013,19.04296875
2624130,15.9912109375
2624204,16.17431640625
2625359,17.08984375
2625471,19.59228515625
2625947,18.310546875
2626200,17.08984375
2626270,18.37158203125
2627051,17.822265625
2627701,19.4091796875
2645694,16.54052734375
2758619,18.37158203125
2758686,17.2119140625
2758767,20.44677734375
2758816,16.90673828125
2758909,18.61572265625
2758972,20.32470703125
2759464,16.78466796875
2759622,16.29638671875
2759770,16.17431640625
2759933,16.05224609375
2760426,20.5078125
2760642,18.06640625
2760828,17.822265625
2760851,15.9912109375
2760956,19.287109375
2761098,17.08984375
2761359,18.1884765625
2762072,18.4326171875
2762604,20.32470703125
2890363,17.578125
2890407,17.822265625
2890493,17.02880859375
2890518,18.798828125
2890602,18.4326171875
2890618,17.27294921875
2890635,17.88330078125
2890670,16.29638671875
2890709,22.216796875
2890803,18.310546875
2890873,19.8974609375
2890977,16.78466796875
2891786,19.59228515625
2892250,21.42333984375
2892663,17.39501953125
2892881,16.17431640625
2893183,17.39501953125
2894230,19.95849609375
2895274,18.4326171875
2901106,17.39501953125
3052497,20.20263671875
3052726,19.53125
3052749,16.11328125
3052814,17.9443359375
3052837,16.2353515625
3053207,15.93017578125
3053234,16.29638671875
3053300,15.9912109375
3053759,16.9677734375
3054168,17.7001953125
3054475,25.0244140625
3054686,18.24951171875
3054746,16.357421875
3055116,16.11328125
3055511,18.85986328125
3056452,18.49365234375
3190316,22.216796875
3190419,15.93017578125
3190481,16.66259765625
3190564,17.7001953125
3190578,26.0009765625
3190671,18.37158203125
3191057,16.41845703125
3191069,16.6015625
3191162,15.9912109375
3192157,18.37158203125
3192478,25.57373046875
3192519,16.4794921875
3192728,17.63916015625
3192928,16.845703125
3193057,20.93505859375
3193574,16.4794921875
3193847,17.76123046875
3194407,21.8505859375
3318595,19.59228515625
3318810,16.05224609375
3318859,19.95849609375
3318979,18.85986328125
3319001,16.6015625
3319150,16.7236328125
3319249,17.39501953125
3319333,16.41845703125
3319420,16.17431640625
3320274,16.4794921875
3320775,17.578125
3320952,17.08984375
3321114,16.05224609375
3321222,17.63916015625
3321396,16.357421875
3322718,19.04296875
3427904,16.41845703125
3428063,16.17431640625
3428102,18.1884765625
3428137,17.02880859375
3428187,16.29638671875
3428290,16.29638671875
3428950,18.73779296875
3429179,20.81298828125
3429779,16.2353515625
3429873,18.73779296875
3430537,18.12744140625
3430570,17.15087890625
3431106,16.6015625
3431574,17.578125
3538891,24.35302734375
3539020,20.81298828125
3539131,17.02880859375
3539147,17.76123046875
3539230,17.9443359375
3539305,18.06640625
3539483,17.15087890625
3539564,16.357421875
3540216,19.287109375
3541457,16.6015625
3541667,18.06640625
3541958,18.06640625
3542400,22.03369140625
3542945,20.6298828125
3701155,19.34814453125
3701289,22.88818359375
3701399,39.9169921875
3701537,18.85986328125
3701716,19.04296875
3701891,17.7001953125
3702434,16.41845703125
3702479,16.41845703125
3702698,16.7236328125
3703164,18.24951171875
3703870,16.29638671875
3704050,16.9677734375
3704553,19.4091796875
3704810,19.71435546875
3705468,17.2119140625
3826543,17.4560546875
3826676,18.85986328125
3826717,17.578125
3826785,16.4794921875
3826899,19.53125
3827060,17.39501953125
3827074,20.01953125
3827341,17.9443359375
3827847,15.93017578125
3828072,18.1884765625
3828774,19.47021484375
3828860,17.39501953125
3829183,16.11328125
3829545,16.11328125
3830575,18.798828125
3922899,16.66259765625
3983067,20.751953125
3983202,24.2919921875
3983310,19.6533203125
3983422,18.37158203125
3983445,16.9677734375
3983743,16.05224609375
3984022,17.27294921875
3984264,16.66259765625
3984339,19.10400390625
3984547,18.12744140625
3984820,16.7236328125
3984986,16.78466796875
3985111,16.4794921875
3985252,16.357421875
3985519,17.4560546875
3985648,17.76123046875
3985772,22.76611328125
3986396,15.9912109375
3986804,18.73779296875
3987334,17.88330078125
4100538,18.5546875
4100676,25.57373046875
4100781,16.54052734375
4100810,16.90673828125
4100890,23.5595703125
4100960,19.04296875
4101027,19.22607421875
4101207,17.333984375
4101541,16.66259765625
4102382,16.6015625
4102713,19.95849609375
4102744,18.00537109375
4102942,18.5546875
4104409,17.2119140625
4104907,18.00537109375
4226579,18.37158203125
4226715,22.27783203125
4226816,23.0712890625
4226846,17.2119140625
4226932,28.86962890625
4226999,16.2353515625
4227191,20.3857421875
4227274,18.4326171875
4227373,16.9677734375
4227751,18.9208984375
4228886,17.63916015625
4229494,16.66259765625
4230325,18.98193359375
4230875,20.1416015625
4355335,18.98193359375
4355481,23.13232421875
4355596,16.41845703125
4355678,19.95849609375
4355713,19.95849609375
4355750,18.6767578125
4355814,16.7236328125
4356494,20.20263671875
4356876,16.05224609375
4357338,16.17431640625
4357533,15.9912109375
4357562,17.51708984375
4357790,15.9912109375
4358072,16.357421875
4360040,18.98193359375
4470028,22.5830078125
4470168,21.66748046875
4470287,16.845703125
4470311,17.08984375
4470397,21.17919921875
4470550,16.845703125
4470877,20.99609375
4471091,17.9443359375
4472195,17.02880859375
4472290,17.822265625
4472430,20.5078125
4472654,17.88330078125
4473991,17.51708984375
4474670,18.37158203125
4525975,16.17431640625
4566907,21.484375
4567074,24.169921875
4567135,15.9912109375
4567195,19.1650390625
4567290,17.578125
4567314,16.357421875
4567340,16.7236328125
4567505,16.05224609375
4567735,16.90673828125
4568195,17.333984375
4568578,16.66259765625
4568880,23.37646484375
4569264,18.12744140625
4569585,16.41845703125
4571110,16.90673828125
4678075,19.34814453125
4678177,18.5546875
4678211,18.37158203125
4678331,17.27294921875
4678445,19.10400390625
4678475,18.49365234375
4678509,18.37158203125
4678567,18.310546875
4679230,16.357421875
4679367,16.2353515625
4679980,17.39501953125
4680394,17.39501953125
4680437,16.2353515625
4680591,16.41845703125
4680618,16.357421875
4680739,19.34814453125
4680827,17.822265625
4680945,16.2353515625
4681183,17.27294921875
4681788,18.4326171875
4682517,16.845703125
4821481,20.69091796875
4821611,16.6015625
4821718,22.88818359375
4821730,16.66259765625
4821802,17.9443359375
4821860,19.47021484375
4822068,17.08984375
4822253,17.02880859375
4822648,15.9912109375
4823269,17.333984375
4823598,16.41845703125
4824567,17.88330078125
4825218,19.71435546875
4825860,16.845703125
4941372,18.73779296875
4941638,25.32958984375
4941677,16.29638671875
4941861,17.76123046875
4941934,17.822265625
4942108,16.11328125
4942422,20.93505859375
4943245,18.98193359375
4943393,16.90673828125
4943642,19.1650390625
4944118,18.24951171875
4944408,19.775390625
4944446,16.2353515625
4944784,18.06640625
4945136,19.59228515625
4945637,18.24951171875
5020041,15.93017578125
5048714,19.6533203125
5049028,26.2451171875
5049142,19.6533203125
5049157,20.3857421875
5049235,22.64404296875
5049317,17.4560546875
5049359,20.6298828125
5049390,19.95849609375
5049556,19.04296875
5050427,16.90673828125
5050642,20.5078125
5051234,16.54052734375
5051257,17.51708984375
5051413,16.7236328125
5052599,16.17431640625
5154742,19.34814453125
5154890,15.9912109375
5155010,17.7001953125
5155135,17.9443359375
5155193,17.15087890625
5155283,18.61572265625
5155364,18.00537109375
5155579,16.357421875
5155774,18.24951171875
5155993,19.10400390625
5156205,18.12744140625
5157098,16.7236328125
5157757,18.98193359375
5158033,16.11328125
5158627,17.578125
5159134,19.04296875
5160166,17.333984375
5311047,18.85986328125
5311201,21.30126953125
5311273,19.287109375
5311317,18.5546875
5311379,18.310546875
5311473,17.08984375
5311546,16.4794921875
5311606,16.17431640625
5311708,19.6533203125
5311795,16.66259765625
5312047,17.63916015625
5312474,17.63916015625
5312631,15.9912109375
5312774,16.66259765625
5313320,15.93017578125
5313362,15.93017578125
5313490,17.63916015625
5313897,20.3857421875
5314202,17.822265625
5314510,16.54052734375
5314636,21.30126953125
5314687,19.1650390625
5315073,19.59228515625
5315681,18.9208984375
5446191,19.287109375
5446326,17.822265625
5446342,17.88330078125
5446451,16.11328125
5446469,17.63916015625
5446573,17.27294921875
5446594,19.04296875
5446747,17.51708984375
5446959,16.66259765625
5447127,19.8974609375
5447496,16.05224609375
5447596,16.41845703125
5447839,22.5830078125
5448654,17.39501953125
5450484,20.69091796875
5556520,18.4326171875
5556672,20.751953125
5556790,21.66748046875
5556825,17.08984375
5556930,26.611328125
5557093,17.333984375
5557338,17.39501953125
5558407,16.6015625
5558556,17.76123046875
5558648,17.27294921875
5558785,25.2685546875
5559092,16.11328125
5559465,17.08984375
5559828,16.29638671875
5560171,16.05224609375
5691890,18.1884765625
5692020,19.71435546875
5692125,19.53125
5692208,18.06640625
5692390,18.73779296875
5692500,17.333984375
5692601,16.357421875
5692765,17.4560546875
5692931,16.4794921875
5693211,16.17431640625
5693372,16.90673828125
5694092,19.1650390625
5694322,20.08056640625
5694759,16.9677734375
5695533,16.11328125
5696315,17.76123046875
5819011,20.56884765625
5819140,19.10400390625
5819249,17.15087890625
5819282,17.88330078125
5819400,18.6767578125
5819450,18.37158203125
5819548,17.08984375
5819633,18.12744140625
5820294,24.2919921875
5820419,17.02880859375
5821075,17.76123046875
5821304,20.81298828125
5821324,22.0947265625
5821757,22.15576171875
5822537,16.9677734375
5822995,19.1650390625
5934207,19.1650390625
5934269,15.9912109375
5934357,16.54052734375
5934394,16.9677734375
5934466,21.42333984375
5934492,16.845703125
5934651,21.97265625
5934823,15.93017578125
5935115,17.4560546875
5935906,15.93017578125
5936206,16.4794921875
5936371,19.10400390625
5936588,16.2353515625
5936755,16.357421875
5937013,17.51708984375
5938547,17.2119140625
6038432,24.23095703125
6038597,22.76611328125
6038716,20.81298828125
6038786,17.2119140625
6038827,21.42333984375
6038934,15.9912109375
6038961,16.66259765625
6039031,24.71923828125
6039111,16.7236328125
6039132,19.10400390625
6039449,17.333984375
6040352,23.86474609375
6040566,20.263671875
6040616,16.7236328125
6040788,20.01953125
6040835,16.845703125
6040899,16.41845703125
6041337,18.06640625
6041771,16.54052734375
6041939,18.49365234375
6042417,18.98193359375
6043031,17.76123046875
6134972,16.2353515625
6143237,19.95849609375
6143381,21.54541015625
6143499,17.08984375
6143565,18.12744140625
6143611,16.17431640625
6143666,16.357421875
6143693,20.32470703125
6143987,16.11328125
6144051,16.11328125
6144244,16.357421875
6144392,20.93505859375
6144606,15.93017578125
6145218,18.6767578125
6145409,16.6015625
6145533,17.7001953125
6145653,18.1884765625
6145690,17.15087890625
6147161,22.705078125
6147730,16.90673828125
6252876,21.97265625
6252908,16.54052734375
6253037,19.59228515625
6253100,19.8974609375
6253162,17.822265625
6253254,16.78466796875
6253422,17.02880859375
6253536,18.798828125
6253640,15.93017578125
6254010,17.02880859375
6254235,18.798828125
6254790,15.93017578125
6255154,21.91162109375
6255274,17.4560546875
6255417,18.37158203125
6255650,15.9912109375
6257313,18.98193359375
6377472,17.2119140625
6377625,16.7236328125
6377664,16.2353515625
6377787,19.34814453125
6377896,17.88330078125
6377974,16.78466796875
6378060,18.06640625
6378136,16.66259765625
6378286,16.05224609375
6379025,16.29638671875
6379285,15.9912109375
6379553,17.02880859375
6379764,17.08984375
6380212,18.00537109375
6380500,18.49365234375
6381822,18.6767578125
6503326,19.6533203125
6503452,16.17431640625
6503486,17.4560546875
6503543,18.1884765625
6503595,16.4794921875
6503712,17.39501953125
6503833,16.7236328125
6503861,16.4794921875
6503898,16.845703125
6504059,18.37158203125
6504347,16.845703125
6505075,16.05224609375
6505883,16.9677734375
6506621,19.1650390625
6507151,20.5078125
6507612,17.9443359375
6508658,16.54052734375
6630909,23.5595703125
6631064,17.51708984375
6631129,16.17431640625
6631181,17.51708984375
6631224,16.41845703125
6631292,18.9208984375
6631404,17.2119140625
6631583,16.29638671875
6632781,17.822265625
6632854,16.11328125
6633108,19.34814453125
6633324,18.1884765625
6634652,19.10400390625
6741832,18.798828125
6741973,16.29638671875
6742008,17.08984375
6742142,18.12744140625
6742210,18.12744140625
6742255,19.1650390625
6742293,15.9912109375
6742361,21.3623046875
6742442,16.78466796875
6742524,18.9208984375
6742601,16.9677734375
6743008,15.9912109375
6744095,16.2353515625
6744394,18.12744140625
6744660,16.29638671875
6744806,18.00537109375
6746062,19.53125
6838581,19.1650390625
6838819,18.85986328125
6838953,16.4794921875
6839075,16.4794921875
6839171,16.17431640625
6839268,16.2353515625
6839293,18.12744140625
6839432,16.357421875
6839751,16.41845703125
6840130,16.4794921875
6840991,17.88330078125
6841031,17.63916015625
6841903,16.29638671875
6843123,17.9443359375
6843730,17.4560546875
6992473,21.05712890625
6992611,23.8037109375
6992727,17.02880859375
6992776,17.7001953125
6992851,20.08056640625
6992901,16.7236328125
6993220,17.02880859375
6993448,23.4375
6993975,18.1884765625
6994299,17.51708984375
6994512,18.1884765625
6994623,22.0947265625
6994914,17.02880859375
6994973,15.9912109375
6994995,18.24951171875
6996342,18.6767578125
6996875,17.15087890625
7023597,17.2119140625
7110043,22.705078125
7110181,19.775390625
7110302,23.49853515625
7110413,19.71435546875
7110600,16.6015625
7110682,16.2353515625
7110877,20.751953125
7111149,18.5546875
7111424,18.12744140625
7112137,16.4794921875
7112332,20.32470703125
7112603,19.6533203125
7112773,16.05224609375
7113303,16.54052734375
7113699,20.81298828125
7114229,19.775390625
7228216,23.4375
7228382,24.2919921875
7228508,17.08984375
7228543,20.3857421875
7228625,28.9306640625
7228694,16.05224609375
7228784,18.310546875
7229011,16.4794921875
7229099,16.78466796875
7229247,16.54052734375
7229540,15.93017578125
7229888,19.59228515625
7230508,19.95849609375
7231007,15.9912109375
7231124,24.47509765625
7232190,16.845703125
7232758,19.22607421875
7233867,19.71435546875
7327528,18.06640625
7327542,22.94921875
7327656,18.73779296875
7327765,15.9912109375
7327977,16.05224609375
7329069,21.66748046875
7329305,16.6015625
7329751,16.357421875
7329941,18.00537109375
7331331,20.20263671875
7331870,18.00537109375
7443093,20.69091796875
7443254,22.03369140625
7443376,18.4326171875
7443484,18.310546875
7443529,15.9912109375
7443631,17.39501953125
7443684,16.41845703125
7443789,18.00537109375
7443860,16.7236328125
7444424,16.05224609375
7444738,18.00537109375
7445004,15.93017578125
7445064,17.7001953125
7445230,17.39501953125
7445348,20.5078125
7445523,23.3154296875
7447495,18.12744140625
7569247,17.76123046875
7569381,17.822265625
7569496,19.1650390625
7569539,19.10400390625
7569607,19.53125
7569633,18.06640625
7569688,17.39501953125
7569701,16.78466796875
7571100,17.02880859375
7571253,21.42333984375
7571503,16.357421875
7571811,16.357421875
7571894,16.7236328125
7572026,19.4091796875
7572531,16.6015625
7572830,19.775390625
7573360,16.9677734375
7709562,18.798828125
7709721,22.0947265625
7709761,17.76123046875
7709837,20.56884765625
7709985,17.822265625
7710060,18.12744140625
7710136,17.88330078125
7710595,19.22607421875
7710718,17.39501953125
7711594,23.13232421875
7711774,18.6767578125
7711850,19.22607421875
7712339,17.2119140625
7713216,22.64404296875
7713720,16.845703125
7714566,19.47021484375
7830085,16.4794921875
7830223,21.66748046875
7830339,22.03369140625
7830451,17.88330078125
7830515,18.85986328125
7830668,15.9912109375
7831354,17.15087890625
7831423,16.6015625
7831543,16.54052734375
7831752,16.357421875
7832777,17.822265625
7833364,16.29638671875
7833516,18.24951171875
7834011,17.63916015625
7834810,19.34814453125
7957404,20.1416015625
7957551,21.3623046875
7957679,18.4326171875
7957707,17.76123046875
7957806,30.2734375
7957901,17.9443359375
7958068,15.93017578125
7958275,16.6015625
7958738,15.9912109375
7959457,15.93017578125
7959497,18.85986328125
7959812,19.4091796875
7960028,20.81298828125
7960214,16.17431640625
7961077,17.76123046875
7961642,22.27783203125
8051655,16.17431640625
8068308,20.263671875
8068415,16.4794921875
8068465,21.6064453125
8068552,17.63916015625
8068690,19.53125
8068715,18.310546875
8068805,18.9208984375
8068833,18.06640625
8068859,18.12744140625
8069036,18.06640625
8069205,16.17431640625
8070720,27.2216796875
8070804,18.37158203125
8070872,16.11328125
8070942,17.02880859375
8071970,16.11328125
8072339,20.32470703125
8073102,23.62060546875
8190540,20.69091796875
8190723,18.5546875
8190844,18.85986328125
8190884,23.5595703125
8190956,25.390625
8191203,18.00537109375
8191330,16.357421875
8192630,16.4794921875
8192710,24.0478515625
8192943,16.11328125
8193148,16.9677734375
8193846,18.24951171875
8194170,18.06640625
8194592,18.5546875
8195332,19.1650390625
8318909,19.04296875
8319067,18.85986328125
8319177,21.8505859375
8319209,18.00537109375
8319295,25.5126953125
8319498,17.76123046875
8319593,18.6767578125
8319750,16.05224609375
8319891,17.02880859375
8321020,19.287109375
8321297,20.751953125
8321539,22.216796875
8321937,17.2119140625
8322385,17.9443359375
8322903,19.95849609375
8323483,16.357421875
8419748,16.9677734375
8420377,16.05224609375
8420911,17.02880859375
8421890,18.6767578125
8422029,16.54052734375
8422153,21.240234375
8422316,19.22607421875
8422438,19.287109375
8422457,18.37158203125
8422543,16.9677734375
8422620,26.3671875
8423483,17.578125
8424081,19.53125
8424478,26.85546875
8424512,17.333984375
8424755,15.93017578125
8424872,16.11328125
8425017,16.41845703125
8425076,16.4794921875
8425511,18.37158203125
8425763,18.00537109375
8426096,18.798828125
8426714,19.22607421875
8536151,19.1650390625
8536306,20.20263671875
8536417,20.44677734375
8536522,17.2119140625
8536557,17.51708984375
8536592,17.4560546875
8536769,23.193359375
8536881,16.11328125
8537354,17.9443359375
8538154,17.4560546875
8538407,17.578125
8538538,16.54052734375
8538703,25.0244140625
8538884,17.9443359375
8539538,16.78466796875
8540078,19.22607421875
8541113,20.263671875
8635431,17.51708984375
8635447,16.78466796875
8635598,19.287109375
8635660,16.29638671875
8635692,16.41845703125
8635716,18.73779296875
8635843,20.3857421875
8635921,23.74267578125
8636003,21.97265625
8636428,16.357421875
8636917,20.08056640625
8637067,16.66259765625
8637694,17.08984375
8637823,17.822265625
8638789,18.00537109375
8639246,21.30126953125
8639776,18.4326171875
8762705,17.76123046875
8762842,17.51708984375
8762964,18.61572265625
8763018,17.76123046875
8763075,22.15576171875
8763155,19.1650390625
8763234,18.9208984375
8763318,16.4794921875
8764094,16.29638671875
8764627,18.61572265625
8764742,16.2353515625
8764857,16.845703125
8764914,20.20263671875
8765790,16.2353515625
8766418,18.85986328125
8766729,17.02880859375
8767559,18.61572265625
8884851,17.9443359375
8884937,16.11328125
8885001,17.7001953125
8885060,17.7001953125
8885121,20.93505859375
8885181,17.578125
8885424,16.90673828125
8885825,16.66259765625
8886134,16.2353515625
8886335,16.05224609375
8886865,15.93017578125
8887113,17.9443359375
8888928,18.310546875
8889754,24.2919921875
9006718,22.0947265625
9006885,17.76123046875
9006969,16.05224609375
9007005,16.845703125
9007148,16.9677734375
9007254,16.66259765625
9007321,16.9677734375
9007440,16.845703125
9007829,16.11328125
9008780,20.69091796875
9008879,15.9912109375
9009433,23.0712890625
9010468,21.728515625
9011014,18.85986328125
9115175,21.30126953125
9115325,19.34814453125
9115444,16.7236328125
9115552,17.76123046875
9115903,17.7001953125
9116349,18.00537109375
9116712,17.15087890625
9116779,17.2119140625
9117324,17.7001953125
9117584,20.1416015625
9117838,17.51708984375
9118261,16.66259765625
9118919,20.81298828125
9119374,17.08984375
9120131,16.66259765625
9225782,22.03369140625
9225942,21.42333984375
9225962,16.4794921875
9226076,19.95849609375
9226183,22.03369140625
9226285,16.7236328125
9226467,17.7001953125
9226670,16.41845703125
9227058,17.63916015625
9227717,16.54052734375
9228047,16.78466796875
9228297,17.02880859375
9229718,18.98193359375
9230347,17.9443359375
9331704,21.240234375
9331868,23.86474609375
9331979,16.7236328125
9332001,17.578125
9332110,27.9541015625
9332195,15.9912109375
9332427,16.11328125
9332525,17.15087890625
9333234,16.17431640625
9333422,18.73779296875
9333689,18.00537109375
9333865,19.1650390625
9334124,20.263671875
9334186,22.76611328125
9334409,16.05224609375
9334852,16.29638671875
9336095,20.8740234375
9442120,22.52197265625
9442241,17.578125
9442283,16.90673828125
9442402,18.98193359375
9442457,20.99609375
9442530,31.1279296875
9442548,16.2353515625
9442637,17.39501953125
9442710,16.90673828125
9442787,17.08984375
9443145,19.34814453125
9443957,17.63916015625
9444160,17.333984375
9444414,16.54052734375
9444465,18.24951171875
9444553,15.9912109375
9445800,16.9677734375
9446401,18.98193359375
9532334,23.86474609375
9532483,16.90673828125
9532592,16.90673828125
9532709,15.93017578125
9532727,18.9208984375
9532867,17.51708984375
9532960,17.9443359375
9533507,19.6533203125
9533737,16.2353515625
9534450,18.98193359375
9534468,16.7236328125
9534623,16.357421875
9534660,18.4326171875
9535017,17.27294921875
9535515,16.6015625
9535984,18.4326171875
9536566,18.4326171875
9537247,22.216796875
9669146,18.798828125
9669316,20.93505859375
9669425,20.751953125
9669517,19.10400390625
9669605,17.9443359375
9669762,17.578125
9670108,22.15576171875
9671432,21.78955078125
9671508,17.27294921875
9671547,16.7236328125
9671684,18.00537109375
9671968,15.93017578125
9673469,19.4091796875
9775766,20.263671875
9775895,16.845703125
9775929,28.38134765625
9776072,21.30126953125
9776184,18.85986328125
9776238,16.29638671875
9776525,18.12744140625
9776672,17.27294921875
9776777,16.66259765625
9776981,17.7001953125
9777151,18.9208984375
9777928,18.5546875
9778188,17.02880859375
9778398,16.2353515625
9778494,18.06640625
9778817,16.9677734375
9778847,18.798828125
9779162,17.02880859375
9779540,19.6533203125
9780183,19.8974609375
9885157,19.8974609375
9885334,21.728515625
9885466,20.01953125
9885573,21.05712890625
9885658,16.7236328125
9885767,20.81298828125
9885844,16.11328125
9886050,16.357421875
9886781,16.05224609375
9887497,19.775390625
9888793,18.00537109375
9888983,19.4091796875
9889309,16.78466796875
9889552,18.24951171875
9923548,15.93017578125
9923772,16.11328125
9925016,20.01953125
9925811,18.37158203125
9927153,18.37158203125
10048118,21.17919921875
10048288,20.44677734375
10048358,16.9677734375
10048417,21.05712890625
10048443,16.29638671875
10048482,18.24951171875
10048581,16.17431640625
10048722,17.2119140625
10049298,17.333984375
10049368,16.17431640625
10049517,17.02880859375
10049678,18.1884765625
10050370,16.05224609375
10050522,16.78466796875
10050937,17.51708984375
10051388,17.15087890625
10051965,19.8974609375
10053463,21.54541015625
10183211,17.578125
10183360,24.47509765625
10183478,17.15087890625
10183592,20.1416015625
10183642,16.41845703125
10183788,18.06640625
10184894,18.798828125
10185457,21.78955078125
10185814,18.310546875
10187619,18.98193359375
10336387,19.04296875
10336510,22.52197265625
10336624,22.94921875
10336703,16.11328125
10336757,22.64404296875
10336833,15.9912109375
10337053,22.27783203125
10337380,16.05224609375
10338249,16.2353515625
10338459,18.12744140625
10338631,21.91162109375
10338688,26.7333984375
10338951,16.41845703125
10339254,17.333984375
10340508,23.86474609375
10341035,18.49365234375
10458187,21.240234375
10458351,25.390625
10458466,18.310546875
10458493,16.66259765625
10458519,16.66259765625
10458619,19.10400390625
10458716,19.71435546875
10458813,16.9677734375
10458894,17.39501953125
10459006,15.9912109375
10459478,16.357421875
10460684,15.93017578125
10460749,15.9912109375
10461029,18.98193359375
10461292,16.9677734375
10461700,17.4560546875
10462362,19.8974609375
10462939,19.04296875
10558716,17.822265625
10558890,16.9677734375
10559012,21.6064453125
10559114,18.4326171875
10559126,19.10400390625
10559405,17.51708984375
10559676,16.29638671875
10560113,17.15087890625
10560327,20.32470703125
10560516,16.7236328125
10561048,17.9443359375
10561268,19.04296875
10561591,17.63916015625
10561726,18.5546875
10562133,17.4560546875
10562744,18.61572265625
10563308,19.4091796875
10581129,16.7236328125
10581375,16.2353515625
10581799,16.90673828125
10582109,16.05224609375
10582429,16.54052734375
10583169,16.29638671875
10583607,18.1884765625
10671259,16.4794921875
10671391,20.01953125
10671507,19.10400390625
10671633,18.6767578125
10671882,16.9677734375
10672190,16.41845703125
10672281,16.845703125
10672696,16.11328125
10672994,15.93017578125
10673395,19.8974609375
10673489,17.7001953125
10673744,16.2353515625
10673896,16.05224609375
10674106,16.845703125
10674728,18.6767578125
10675283,19.83642578125
10676068,15.93017578125
10803133,22.52197265625
10803269,22.03369140625
10803303,19.775390625
10803380,18.06640625
10803433,21.78955078125
10803488,17.4560546875
10803502,19.287109375
10803660,19.10400390625
10803868,16.6015625
10804107,17.822265625
10804449,17.15087890625
10804746,18.00537109375
10804979,17.2119140625
10805345,19.10400390625
10805378,16.54052734375
10805513,18.00537109375
10805879,16.11328125
10807068,17.2119140625
10807548,20.69091796875
10920409,16.4794921875
10920570,17.27294921875
10920629,16.7236328125
10920694,18.6767578125
10920815,19.8974609375
10921808,16.9677734375
10922284,16.05224609375
10922444,19.95849609375
10922492,16.7236328125
10922546,16.357421875
10922757,20.81298828125
10922863,16.54052734375
10923196,16.4794921875
10923323,20.20263671875
10923555,15.93017578125
10923720,20.69091796875
10924060,16.9677734375
10924557,17.88330078125
10925519,17.2119140625
11036417,20.263671875
11036505,16.2353515625
11036586,16.9677734375
11036702,16.90673828125
11036777,16.66259765625
11036811,18.00537109375
11036947,16.05224609375
11037038,24.4140625
11038218,16.845703125
11038516,16.90673828125
11038612,23.193359375
11038859,19.10400390625
11039585,21.240234375
11040793,20.01953125
11138799,18.798828125
11138970,17.9443359375
11139058,16.2353515625
11139110,17.39501953125
11139223,18.49365234375
11139417,24.658203125
11140145,16.29638671875
11140793,21.8505859375
11141095,17.76123046875
11141215,17.2119140625
11141717,16.78466796875
11142879,19.04296875
11143488,18.61572265625
11240588,18.73779296875
11240735,23.3154296875
11240852,19.10400390625
11241266,22.64404296875
11242760,16.4794921875
11242860,17.2119140625
11242895,16.17431640625
11243109,15.93017578125
11243302,17.578125
11243493,15.93017578125
11244677,16.9677734375
11245508,19.34814453125
11387451,16.54052734375
11387642,20.69091796875
11387824,16.17431640625
11387868,19.1650390625
11387957,16.29638671875
11387999,16.11328125
11388053,16.845703125
11388084,18.310546875
11388715,18.85986328125
11389738,24.47509765625
11390088,15.93017578125
11390261,16.2353515625
11390660,16.845703125
11391124,18.310546875
11391653,22.15576171875
11392243,16.11328125
11491247,17.822265625
11491413,16.78466796875
11491540,23.13232421875
11491654,24.90234375
11491703,16.2353515625
11491802,17.39501953125
11491898,16.41845703125
11491931,17.4560546875
11491971,17.822265625
11492227,24.7802734375
11493028,16.7236328125
11493556,23.62060546875
11493574,16.29638671875
11493785,19.4091796875
11493890,16.845703125
11494187,16.90673828125
11494811,17.08984375
11495440,20.93505859375
11618549,21.05712890625
11618612,15.93017578125
11618705,16.29638671875
11618771,16.2353515625
11618830,21.66748046875
11618901,16.2353515625
11618955,19.71435546875
11619008,16.6015625
11619042,18.798828125
11620482,17.578125
11622316,17.7001953125
11622836,19.287109375
11623647,19.287109375
11727584,19.71435546875
11727745,22.216796875
11727826,17.4560546875
11727868,23.681640625
11727979,20.3857421875
11727999,16.66259765625
11728195,15.93017578125
11728278,16.11328125
11729494,17.15087890625
11729512,16.90673828125
11729616,16.357421875
11732059,17.02880859375
11840774,21.3623046875
11840967,19.8974609375
11841103,15.93017578125
11841215,21.30126953125
11841372,16.2353515625
11841573,16.41845703125
11841645,16.4794921875
11842164,17.15087890625
11842552,16.357421875
11842867,22.15576171875
11843133,24.4140625
11843522,24.96337890625
11843670,18.06640625
11843904,18.310546875
11844546,16.2353515625
11844884,19.6533203125
11954767,18.6767578125
11954929,24.84130859375
11955047,16.11328125
11955156,15.93017578125
11955229,20.08056640625
11955314,16.05224609375
11955388,20.69091796875
11955498,17.08984375
11955712,15.9912109375
11955728,18.06640625
11955983,22.0947265625
11956247,18.4326171875
11956578,16.9677734375
11956986,20.20263671875
11957192,16.41845703125
11957626,16.54052734375
11958315,17.76123046875
11958754,21.91162109375
11959264,17.333984375
11960104,16.2353515625
