11999000,0
35406,23.5595703125
35517,17.15087890625
35595,16.41845703125
35641,16.11328125
35722,18.24951171875
35843,19.59228515625
35949,16.2353515625
36068,18.798828125
36550,18.37158203125
36913,27.52685546875
36996,16.9677734375
37158,16.357421875
37382,16.78466796875
37552,17.7001953125
37621,19.6533203125
39139,16.4794921875
39385,16.54052734375
39715,17.39501953125
206446,17.08984375
206504,18.4326171875
206532,20.44677734375
206612,16.2353515625
206748,16.17431640625
206990,19.22607421875
207156,17.27294921875
207267,17.63916015625
207418,17.333984375
207928,16.2353515625
208172,16.6015625
208295,17.27294921875
211092,16.78466796875
361459,16.845703125
361525,24.0478515625
361650,17.51708984375
361751,18.5546875
361858,18.9208984375
361982,16.9677734375
362120,20.99609375
362338,16.17431640625
362491,16.2353515625
362628,16.90673828125
363057,20.5078125
363236,18.49365234375
363590,16.90673828125
363757,17.76123046875
618005,16.54052734375
618144,17.27294921875
618239,20.263671875
618272,17.4560546875
618384,18.24951171875
618483,16.29638671875
618615,20.81298828125
619852,16.54052734375
620155,18.37158203125
620263,16.11328125
620400,18.4326171875
620450,19.34814453125
622358,18.9208984375
766723,16.66259765625
766889,23.62060546875
767228,16.90673828125
767322,17.51708984375
767484,18.6767578125
767624,17.88330078125
768632,16.845703125
768954,17.15087890625
1216347,20.263671875
1216510,17.27294921875
1216527,17.15087890625
1216618,17.51708984375
1216655,16.90673828125
1216836,18.24951171875
1218257,17.27294921875
1218636,17.15087890625
1422289,16.845703125
1422470,16.41845703125
1422531,19.53125
1422574,20.81298828125
1422591,16.41845703125
1422706,16.6015625
1422813,16.41845703125
1422903,18.798828125
1422983,16.4794921875
1423027,17.63916015625
1423695,19.04296875
1424207,16.11328125
1424467,16.66259765625
1428131,17.2119140625
1558521,16.4794921875
1558677,16.9677734375
1558742,16.90673828125
1558784,18.61572265625
1558913,21.6064453125
1559015,16.17431640625
1559136,18.310546875
1559288,18.798828125
1559729,16.4794921875
1559983,18.310546875
1560393,21.42333984375
1560587,17.578125
1560850,17.9443359375
1561871,17.578125
1564516,17.15087890625
1688696,16.4794921875
1688804,19.59228515625
1688822,17.822265625
1688880,17.02880859375
1689033,18.1884765625
1689246,17.333984375
1689401,18.37158203125
1689553,17.578125
1690503,17.15087890625
1690554,19.1650390625
1690734,16.29638671875
1690892,19.22607421875
1834235,16.357421875
1834300,20.8740234375
1834420,19.10400390625
1834452,16.6015625
1834516,16.2353515625
1834627,17.88330078125
1835750,18.61572265625
1836147,17.7001953125
1836293,17.333984375
1836421,17.08984375
1968009,16.54052734375
1968043,17.76123046875
1968266,26.0009765625
1968405,17.822265625
1968661,17.51708984375
1968806,16.66259765625
1968977,17.578125
1969140,17.7001953125
1969337,17.2119140625
1970111,16.54052734375
1970272,18.73779296875
1970464,17.76123046875
2099599,18.798828125
2099665,16.6015625
2099691,21.484375
2099821,17.76123046875
2099924,22.4609375
2100031,17.76123046875
2100153,17.88330078125
2100278,17.822265625
2101032,16.7236328125
2101408,19.34814453125
2101448,17.15087890625
2101640,19.22607421875
2101814,17.578125
2105922,17.4560546875
2245272,17.822265625
2245308,16.845703125
2245434,19.1650390625
2245671,20.5078125
2246201,17.08984375
2246490,16.90673828125
2247065,16.78466796875
2247540,16.357421875
2250839,16.9677734375
2285167,16.357421875
2354726,20.69091796875
2354862,20.751953125
2355000,17.63916015625
2355154,16.7236328125
2355339,19.71435546875
2355513,16.9677734375
2356013,16.66259765625
2356398,20.8740234375
2356615,16.2353515625
2357147,17.02880859375
2360359,17.08984375
2492408,16.11328125
2492450,17.08984375
2492477,18.61572265625
2492592,17.27294921875
2492627,19.83642578125
2492701,21.97265625
2492810,21.6064453125
2494245,16.9677734375
2494304,17.578125
2494494,22.5830078125
2494908,16.54052734375
2498060,18.798828125
2623574,16.6015625
2623613,16.9677734375
2623700,16.357421875
2623730,19.95849609375
2623760,19.34814453125
2624155,20.56884765625
2624258,16.4794921875
2624408,20.01953125
2624624,19.4091796875
2624871,20.20263671875
2625064,16.357421875
2625885,17.08984375
2758584,18.798828125
2758759,16.9677734375
2758801,22.15576171875
2758841,16.78466796875
2758913,16.29638671875
2758944,17.578125
2759013,17.02880859375
2759067,17.822265625
2759118,16.90673828125
2759244,18.00537109375
2759471,16.2353515625
2759885,18.6767578125
2760059,17.08984375
2760338,19.59228515625
2890147,17.02880859375
2890437,16.54052734375
2890527,19.22607421875
2890543,18.73779296875
2890642,16.845703125
2890657,23.4375
2890767,16.4794921875
2890874,18.73779296875
2890995,17.9443359375
2891220,17.15087890625
2891393,20.20263671875
2891641,20.01953125
2891815,17.4560546875
2892426,17.51708984375
2892620,17.02880859375
2895423,17.4560546875
3052754,19.287109375
3052778,17.27294921875
3052960,19.287109375
3054148,16.17431640625
3054180,19.34814453125
3054402,16.6015625
3054635,19.83642578125
3190508,27.16064453125
3190662,16.66259765625
3190766,16.66259765625
3190893,20.6298828125
3191222,17.76123046875
3191595,17.08984375
3192353,17.39501953125
3192410,19.04296875
3192616,16.4794921875
3192645,16.90673828125
3194772,16.41845703125
3318671,16.357421875
3319131,16.41845703125
3319270,17.02880859375
3319460,20.69091796875
3319714,18.310546875
3320157,17.15087890625
3320499,23.49853515625
3321171,18.73779296875
3324171,17.4560546875
3427668,16.17431640625
3427772,16.54052734375
3427863,16.2353515625
3427895,21.97265625
3428018,17.822265625
3428160,20.5078125
3428326,20.32470703125
3428477,21.30126953125
3428840,17.76123046875
3429097,17.578125
3429321,16.4794921875
3429960,21.240234375
3431185,16.7236328125
3539052,18.1884765625
3539073,24.7802734375
3539177,20.56884765625
3539549,18.49365234375
3539908,20.20263671875
3540317,18.00537109375
3540664,17.51708984375
3540855,16.357421875
3541217,16.66259765625
3600381,16.41845703125
3618074,16.357421875
3701285,16.357421875
3701371,17.2119140625
3701435,18.5546875
3701544,18.1884765625
3701662,16.54052734375
3701964,20.56884765625
3702470,17.27294921875
3702663,20.3857421875
3702894,17.51708984375
3703129,18.61572265625
3703318,16.66259765625
3703371,19.22607421875
3703602,19.04296875
3707010,16.4794921875
3826673,19.95849609375
3826701,19.10400390625
3826717,17.578125
3826758,19.34814453125
3826812,18.98193359375
3826832,19.53125
3826873,16.41845703125
3826932,21.91162109375
3827042,17.51708984375
3827176,18.61572265625
3827307,16.78466796875
3827451,18.73779296875
3827798,18.98193359375
3828010,17.76123046875
3828518,18.4326171875
3983320,26.18408203125
3983353,16.7236328125
3983435,18.06640625
3983723,16.4794921875
3983859,16.66259765625
3984292,17.4560546875
3984507,16.2353515625
3985216,17.76123046875
3985470,16.11328125
3988618,16.90673828125
4100649,17.4560546875
4100760,16.41845703125
4101013,17.578125
4101284,17.15087890625
4102404,19.83642578125
4102869,18.49365234375
4226583,16.845703125
4226694,17.27294921875
4226719,22.52197265625
4226771,19.53125
4226866,22.4609375
4227006,18.1884765625
4227116,21.17919921875
4227406,17.578125
4228027,17.27294921875
4228264,17.27294921875
4228675,18.85986328125
4228690,18.00537109375
4355547,19.04296875
4355586,16.17431640625
4355679,18.37158203125
4355816,18.37158203125
4355939,16.9677734375
4356221,17.4560546875
4356369,16.17431640625
4357048,19.83642578125
4357425,21.66748046875
4361426,16.4794921875
4470207,17.333984375
4470321,22.52197265625
4470462,18.49365234375
4470757,18.06640625
4470895,16.357421875
4471165,18.24951171875
4471567,17.578125
4472015,19.71435546875
4472097,22.39990234375
4472250,16.6015625
4472435,17.08984375
4566907,16.11328125
4567037,17.27294921875
4567117,18.06640625
4567150,16.29638671875
4567181,16.845703125
4567276,22.94921875
4567408,20.263671875
4567553,18.6767578125
4567664,19.1650390625
4567887,17.08984375
4568039,18.98193359375
4568497,16.9677734375
4568959,16.11328125
4569141,17.15087890625
4569232,16.357421875
4569405,18.12744140625
4678097,16.357421875
4678193,16.845703125
4678275,16.66259765625
4678398,16.4794921875
4678643,19.22607421875
4678767,17.27294921875
4679090,19.4091796875
4680075,16.78466796875
4680305,18.37158203125
4680428,20.56884765625
4680619,16.66259765625
4821747,16.29638671875
4821941,16.11328125
4822076,17.02880859375
4822227,16.357421875
4822438,16.66259765625
4823042,17.822265625
4941493,16.2353515625
4941656,17.4560546875
4941801,19.47021484375
4941896,17.333984375
4942019,16.29638671875
4942217,18.310546875
4942450,16.66259765625
4943010,18.310546875
4943340,17.333984375
4943553,17.39501953125
4943748,18.85986328125
4944208,17.9443359375
4947585,16.4794921875
5048878,17.2119140625
5049039,19.04296875
5049079,19.95849609375
5049146,16.845703125
5049200,16.2353515625
5049313,16.90673828125
5049430,21.42333984375
5049593,20.69091796875
5049767,18.12744140625
5050012,16.54052734375
5050216,16.357421875
5050623,16.41845703125
5050745,19.287109375
5051033,18.24951171875
5051179,23.13232421875
5154919,19.22607421875
5154980,17.51708984375
5155023,17.578125
5155067,17.63916015625
5155131,19.775390625
5155266,18.310546875
5155404,22.39990234375
5155554,17.7001953125
5155705,16.4794921875
5156471,17.4560546875
5156844,16.29638671875
5157152,18.6767578125
5160143,16.845703125
5160477,19.287109375
5311061,18.06640625
5311235,18.61572265625
5311384,20.69091796875
5311502,18.12744140625
5312041,17.63916015625
5313541,19.59228515625
5316635,16.4794921875
5446381,17.08984375
5446505,16.2353515625
5446628,22.4609375
5446751,18.06640625
5446888,16.11328125
5447059,17.9443359375
5448041,20.99609375
5448363,16.4794921875
5448385,16.41845703125
5448537,16.11328125
5448779,16.2353515625
5451858,17.578125
5556631,18.00537109375
5556717,17.27294921875
5556753,25.32958984375
5556878,21.05712890625
5556989,17.7001953125
5557107,17.39501953125
5557239,16.41845703125
5557598,18.49365234375
5557922,16.66259765625
5558261,18.6767578125
5558414,16.41845703125
5558569,17.76123046875
5691949,16.29638671875
5692118,16.7236328125
5692203,17.76123046875
5692224,20.20263671875
5692368,17.76123046875
5692494,20.44677734375
5692646,17.4560546875
5692857,17.333984375
5693157,16.2353515625
5693482,17.51708984375
5693836,18.61572265625
5694042,20.1416015625
5696549,18.24951171875
5696916,17.9443359375
5819169,16.2353515625
5819262,20.44677734375
5819285,18.00537109375
5819307,19.4091796875
5819420,16.6015625
5819521,16.9677734375
5819652,18.00537109375
5820253,19.04296875
5820460,18.61572265625
5821211,22.64404296875
5824832,16.66259765625
5934227,18.5546875
5934312,18.37158203125
5934380,16.90673828125
5934479,22.27783203125
5934500,20.44677734375
5934624,17.7001953125
5934713,16.6015625
5934726,16.357421875
5934863,18.49365234375
5935145,17.333984375
5935630,18.49365234375
5935890,16.845703125
5936259,16.357421875
5936478,16.17431640625
5936650,16.17431640625
5936666,17.08984375
5940530,16.54052734375
6038658,17.02880859375
6038684,19.71435546875
6038757,16.66259765625
6039045,17.9443359375
6039195,17.7001953125
6039399,17.39501953125
6039799,16.78466796875
6040165,18.12744140625
6040553,17.333984375
6040788,16.845703125
6040947,17.2119140625
6043209,18.24951171875
6043547,16.66259765625
6143253,17.9443359375
6143494,18.1884765625
6143605,18.5546875
6143882,16.845703125
6144011,17.51708984375
6145231,20.1416015625
6146027,17.15087890625
6253082,17.27294921875
6253188,16.66259765625
6253204,22.76611328125
6253268,16.29638671875
6253458,16.54052734375
6253588,17.88330078125
6253758,16.7236328125
6253980,16.66259765625
6254158,17.822265625
6254700,17.39501953125
6254953,17.27294921875
6255025,17.15087890625
6255138,19.53125
6377756,17.02880859375
6377999,16.845703125
6378253,17.15087890625
6378411,16.17431640625
6379684,19.10400390625
6379790,18.06640625
6379842,16.11328125
6383763,17.822265625
6503489,18.5546875
6503610,16.17431640625
6503662,21.97265625
6503781,18.73779296875
6503905,19.47021484375
6504063,16.9677734375
6504514,18.798828125
6505088,16.78466796875
6505303,16.66259765625
6505716,16.7236328125
6505910,17.39501953125
6508739,16.2353515625
6631090,23.8037109375
6631216,20.6298828125
6631263,16.845703125
6631372,17.27294921875
6631694,18.85986328125
6632011,20.56884765625
6632445,17.9443359375
6633093,18.798828125
6741977,16.357421875
6742128,17.9443359375
6742281,20.263671875
6742401,20.08056640625
6742549,20.3857421875
6742684,17.39501953125
6743384,17.333984375
6743565,16.357421875
6743758,18.73779296875
6743888,18.1884765625
6744117,18.9208984375
6744730,16.9677734375
6744902,16.41845703125
6838976,18.310546875
6839106,18.00537109375
6839136,18.798828125
6839200,17.08984375
6839230,18.73779296875
6839331,16.90673828125
6839479,18.798828125
6840635,16.9677734375
6841067,25.08544921875
6841274,17.333984375
6844708,19.8974609375
6992702,19.10400390625
6992748,20.263671875
6992783,17.4560546875
6992863,17.08984375
6992976,18.24951171875
6993106,17.2119140625
6993254,18.24951171875
6994615,22.94921875
7110238,16.9677734375
7110311,25.87890625
7110454,17.578125
7110584,19.59228515625
7110693,18.73779296875
7110862,17.02880859375
7111385,16.7236328125
7111646,17.578125
7111945,17.2119140625
7112122,17.51708984375
7112203,16.845703125
7112518,17.9443359375
7112732,16.7236328125
7228426,19.95849609375
7228470,19.71435546875
7228597,16.41845703125
7228834,17.27294921875
7229134,17.333984375
7229487,18.310546875
7229708,17.63916015625
7230179,17.7001953125
7230379,16.2353515625
7327564,16.357421875
7327639,22.03369140625
7328155,17.88330078125
7328299,20.93505859375
7329448,17.02880859375
7329625,17.88330078125
7333215,18.5546875
7443326,16.54052734375
7443336,17.15087890625
7443439,16.78466796875
7443489,25.0244140625
7443651,17.9443359375
7443907,18.5546875
7444071,19.1650390625
7444300,18.85986328125
7444550,20.01953125
7445215,17.578125
7445448,18.49365234375
7448157,20.751953125
7448539,18.310546875
7569206,18.73779296875
7569467,16.11328125
7569492,17.9443359375
7569631,21.66748046875
7569778,17.822265625
7570220,23.3154296875
7570580,16.845703125
7571239,18.798828125
7571340,18.06640625
7571415,18.37158203125
7571431,17.822265625
7571581,18.310546875
7709711,17.2119140625
7709773,19.53125
7709862,19.6533203125
7710129,21.91162109375
7711241,17.27294921875
7711496,16.66259765625
7711763,16.7236328125
7712069,17.76123046875
7830350,20.751953125
7830460,16.6015625
7830584,19.47021484375
7830710,19.775390625
7831728,19.83642578125
7831962,16.6015625
7832023,16.90673828125
7832131,16.6015625
7832385,16.357421875
7957523,16.29638671875
7957627,22.5830078125
7957763,23.193359375
7957880,17.578125
7958014,16.9677734375
7958155,17.333984375
7958289,17.27294921875
7958981,18.37158203125
7959235,18.61572265625
7959450,17.578125
7959589,17.15087890625
7959661,16.357421875
8068547,17.27294921875
8068646,17.02880859375
8068687,17.4560546875
8068943,18.1884765625
8069209,17.51708984375
8069390,19.34814453125
8069579,17.27294921875
8069854,16.2353515625
8070154,17.27294921875
8070355,20.08056640625
8070502,18.06640625
8070683,18.37158203125
8190712,16.29638671875
8190817,17.39501953125
8190848,16.2353515625
8190868,17.822265625
8190930,16.54052734375
8190974,18.6767578125
8191077,17.9443359375
8191196,16.54052734375
8191333,19.4091796875
8191583,17.88330078125
8192133,17.333984375
8192447,18.5546875
8192620,24.2919921875
8193588,16.17431640625
8196750,16.2353515625
8318782,17.08984375
8318994,16.29638671875
8319050,18.85986328125
8319117,17.27294921875
8319183,16.357421875
8319198,17.7001953125
8319320,16.17431640625
8319447,17.39501953125
8319559,17.15087890625
8320918,18.06640625
8422349,17.51708984375
8422376,21.78955078125
8422624,21.54541015625
8422768,16.11328125
8423053,21.240234375
8423813,18.06640625
8424113,17.39501953125
8424415,18.24951171875
8536287,16.90673828125
8536441,19.71435546875
8536540,16.41845703125
8536873,16.2353515625
8537014,17.7001953125
8537415,17.578125
8537595,16.2353515625
8537901,16.29638671875
8538161,16.90673828125
8538383,16.4794921875
8538570,20.3857421875
8635610,19.04296875
8635790,24.96337890625
8635931,18.85986328125
8636071,16.6015625
8636237,18.9208984375
8636486,17.63916015625
8636800,16.6015625
8637394,21.484375
8637552,19.53125
8637728,18.4326171875
8640576,16.357421875
8762804,17.63916015625
8762841,16.4794921875
8762928,16.845703125
8762964,21.240234375
8763110,20.56884765625
8763215,16.66259765625
8763505,17.88330078125
8763744,17.15087890625
8763889,17.76123046875
8764053,16.54052734375
8764381,16.41845703125
8764769,18.6767578125
8764925,17.2119140625
8768756,17.9443359375
8885055,20.69091796875
8885100,17.333984375
8885174,20.01953125
8885294,16.11328125
8885536,18.06640625
8885658,17.7001953125
8886164,17.9443359375
8886497,18.61572265625
8886906,16.54052734375
8887146,20.08056640625
8887395,18.1884765625
9006912,16.54052734375
9006962,19.10400390625
9007084,16.54052734375
9007105,17.333984375
9007343,17.333984375
9007471,16.17431640625
9007838,16.78466796875
9008029,17.578125
9008712,16.54052734375
9008875,17.2119140625
9009043,16.11328125
9011735,17.08984375
9115333,16.29638671875
9115416,16.54052734375
9115545,16.66259765625
9115680,17.2119140625
9115831,17.15087890625
9115946,18.61572265625
9116090,17.63916015625
9116349,20.751953125
9116517,18.4326171875
9117216,20.5078125
9117404,17.27294921875
9117416,16.6015625
9117627,16.54052734375
9117703,17.822265625
9225978,19.83642578125
9225993,16.9677734375
9226146,18.73779296875
9226265,19.04296875
9226444,16.357421875
9226584,20.751953125
9226715,18.310546875
9227257,17.02880859375
9227432,18.6767578125
9227879,16.41845703125
9227981,17.51708984375
9228123,18.98193359375
9228200,18.5546875
9228342,18.24951171875
9228783,17.88330078125
9231841,16.4794921875
9332009,20.1416015625
9332135,19.775390625
9332363,18.06640625
9332489,18.6767578125
9332626,20.1416015625
9333423,19.287109375
9333645,16.7236328125
9333888,16.845703125
9442334,19.6533203125
9442463,17.578125
9442766,16.4794921875
9442979,17.15087890625
9443335,17.333984375
9443742,20.01953125
9444034,16.54052734375
9444423,17.822265625
9444645,17.39501953125
9444719,16.2353515625
9447243,20.81298828125
9532504,16.845703125
9532533,17.9443359375
9532641,21.1181640625
9532695,17.27294921875
9532828,17.02880859375
9532941,18.61572265625
9533064,17.27294921875
9533553,21.484375
9534279,16.9677734375
9534478,17.578125
9534712,16.90673828125
9538104,17.9443359375
9669189,16.78466796875
9669259,16.11328125
9669324,17.15087890625
9669465,17.2119140625
9669622,19.53125
9669792,16.29638671875
9669920,18.00537109375
9670320,18.49365234375
9670813,18.5546875
9671327,18.85986328125
9671781,16.2353515625
9675018,19.22607421875
9675432,16.357421875
9776049,16.357421875
9776154,20.44677734375
9776312,16.90673828125
9776441,16.9677734375
9776609,17.39501953125
9777210,19.10400390625
9777721,16.6015625
9777924,16.6015625
9777970,16.90673828125
9778149,18.85986328125
9778339,16.54052734375
9885416,19.287109375
9885436,16.4794921875
9885544,18.49365234375
9885691,16.41845703125
9886128,16.6015625
9886288,21.728515625
9886571,16.6015625
9886864,16.17431640625
9887181,17.39501953125
9887554,16.41845703125
9887721,16.357421875
10048600,17.51708984375
10048707,16.4794921875
10048832,18.61572265625
10049758,16.357421875
10050088,16.9677734375
10050340,18.12744140625
10050399,19.4091796875
10050494,19.34814453125
10053786,18.1884765625
10183233,17.15087890625
10183421,17.333984375
10183488,16.845703125
10183535,16.90673828125
10183559,19.34814453125
10183668,18.24951171875
10183926,16.6015625
10184053,17.02880859375
10184502,16.66259765625
10184704,19.8974609375
10184977,16.29638671875
10185344,17.51708984375
10185540,16.357421875
10185647,17.7001953125
10336485,17.2119140625
10336515,16.29638671875
10336596,16.2353515625
10336613,18.06640625
10336689,18.00537109375
10336716,19.8974609375
10336832,17.27294921875
10336952,16.7236328125
10337085,16.11328125
10337215,16.29638671875
10337398,17.51708984375
10338034,18.4326171875
10338187,19.1650390625
10338477,20.69091796875
10338623,21.42333984375
10342199,17.2119140625
10458609,17.08984375
10458740,17.27294921875
10458896,20.6298828125
10459023,18.9208984375
10459041,16.29638671875
10459671,16.11328125
10459984,16.357421875
10460188,17.822265625
10460357,22.15576171875
10460497,20.32470703125
10460652,16.6015625
10463423,16.4794921875
10558852,16.357421875
10559118,16.845703125
10559642,16.4794921875
10560007,16.11328125
10560388,16.78466796875
10560936,16.4794921875
10561006,16.90673828125
10561137,16.78466796875
10561327,20.01953125
10671423,18.37158203125
10671683,18.798828125
10671798,16.29638671875
10671942,16.7236328125
10672070,19.22607421875
10672593,16.29638671875
10672762,18.6767578125
10673063,17.02880859375
10673180,19.4091796875
10673208,18.73779296875
10673402,17.51708984375
10673480,16.29638671875
10803275,16.66259765625
10803329,18.6767578125
10803404,17.15087890625
10803632,17.2119140625
10804227,17.15087890625
10805550,17.02880859375
10806358,16.66259765625
10808775,17.76123046875
10920337,17.15087890625
10920873,22.15576171875
10920997,16.11328125
10921303,19.287109375
10921535,18.85986328125
10921994,16.6015625
10922347,16.4794921875
10922797,16.29638671875
11036449,20.01953125
11036550,20.32470703125
11036646,16.4794921875
11036659,18.9208984375
11036674,16.845703125
11036786,18.6767578125
11036940,18.98193359375
11037086,22.705078125
11038029,18.98193359375
11038295,16.54052734375
11038376,18.1884765625
11038565,18.310546875
11139120,17.15087890625
11139231,17.39501953125
11139269,17.4560546875
11139351,17.76123046875
11139467,17.88330078125
11139721,16.17431640625
11140283,18.1884765625
11140518,19.59228515625
11140720,16.17431640625
11140870,16.357421875
11240790,19.04296875
11240843,18.12744140625
11241054,16.9677734375
11241230,16.90673828125
11241740,18.00537109375
11242643,19.1650390625
11242838,19.47021484375
11242848,18.9208984375
11243001,18.12744140625
11246879,18.98193359375
11387658,19.1650390625
11387819,16.2353515625
11387968,18.6767578125
11388097,18.4326171875
11389554,21.240234375
11389722,16.29638671875
11389903,18.5546875
11389979,16.66259765625
11393704,16.29638671875
11491327,16.357421875
11491470,17.08984375
11491504,18.85986328125
11491531,17.88330078125
11491638,17.578125
11491751,17.822265625
11491865,17.08984375
11492049,17.63916015625
11492359,20.5078125
11493234,16.78466796875
11493399,17.822265625
11493570,17.08984375
11493997,16.78466796875
11496240,17.333984375
11496587,16.54052734375
11618832,21.91162109375
11618877,16.9677734375
11619060,16.41845703125
11619179,17.39501953125
11619298,17.39501953125
11620059,16.845703125
11620304,19.22607421875
11620708,16.9677734375
11620907,18.06640625
11624726,18.49365234375
11727804,18.5546875
11727916,19.287109375
11727969,17.02880859375
11727989,16.11328125
11728216,16.29638671875
11728540,16.357421875
11729272,17.578125
11841068,18.1884765625
11841091,16.6015625
11841130,16.6015625
11841150,19.1650390625
11841211,16.11328125
11841331,17.39501953125
11841464,16.357421875
11841572,17.4560546875
11841750,16.54052734375
11842523,16.17431640625
11842926,16.78466796875
11843083,19.8974609375
11843167,16.17431640625
11843297,16.2353515625
11954876,16.41845703125
11954957,16.90673828125
11955037,16.357421875
11955138,17.4560546875
11955366,16.2353515625
11955542,18.61572265625
11955873,21.30126953125
11956714,16.11328125
11957113,21.91162109375
11957233,16.90673828125
11959941,16.6015625
11960367,17.88330078125
