11998000,0
259993,15.625
260072,17.02880859375
260131,20.263671875
260154,19.6533203125
260175,20.08056640625
260231,16.357421875
260285,21.97265625
261482,15.625
261646,17.333984375
261883,16.41845703125
262061,17.02880859375
273892,16.7236328125
273989,19.22607421875
274035,19.1650390625
274126,16.2353515625
274235,16.7236328125
274910,15.7470703125
290846,15.625
290957,18.5546875
291107,16.90673828125
291151,18.798828125
291237,15.68603515625
291415,17.27294921875
291630,16.6015625
421881,17.39501953125
421943,21.66748046875
421983,16.78466796875
422085,17.88330078125
422132,21.54541015625
422168,18.37158203125
422292,15.44189453125
422660,15.56396484375
422894,17.51708984375
423350,15.56396484375
435803,18.12744140625
435994,15.7470703125
436042,16.29638671875
436165,18.49365234375
437553,16.9677734375
450809,15.625
451622,16.05224609375
504582,16.90673828125
504757,15.56396484375
522096,15.869140625
522469,18.1884765625
522641,16.90673828125
522730,15.56396484375
522755,18.6767578125
522801,17.333984375
524095,15.625
540287,18.00537109375
540899,17.08984375
541446,16.54052734375
555966,16.2353515625
1023279,18.4326171875
1023371,15.625
1023411,15.7470703125
1023501,15.44189453125
1023548,16.4794921875
1025560,16.41845703125
1350720,17.333984375
1350805,15.869140625
1350883,18.6767578125
1350912,15.56396484375
1350941,17.578125
1350971,15.5029296875
1351233,15.5029296875
1351798,18.1884765625
1478876,16.54052734375
1478977,16.6015625
1479002,15.7470703125
1479087,15.625
1479143,15.5029296875
1479602,18.00537109375
1479756,16.41845703125
1479915,16.05224609375
1480453,15.56396484375
1480524,16.17431640625
1700432,18.1884765625
1700838,15.869140625
1701400,15.5029296875
1701635,16.17431640625
1701894,15.56396484375
1719999,15.68603515625
1720396,16.29638671875
1720639,18.9208984375
1721021,15.5029296875
1721416,17.15087890625
1999937,19.10400390625
1999990,18.4326171875
2000031,18.37158203125
2000085,16.90673828125
2000136,16.41845703125
2000169,16.357421875
2000225,17.15087890625
2000294,17.39501953125
2001194,15.68603515625
2001598,15.68603515625
2109174,16.11328125
2109217,18.00537109375
2109250,16.29638671875
2109421,15.9912109375
2109861,15.9912109375
2110263,19.04296875
2222026,15.7470703125
2222135,18.4326171875
2222219,17.02880859375
2222337,15.80810546875
2222435,17.9443359375
2222996,16.41845703125
2223114,15.44189453125
2223368,16.2353515625
2239532,18.4326171875
2239644,21.484375
2239670,15.9912109375
2239745,17.333984375
2240035,17.578125
2240113,15.80810546875
2240494,16.9677734375
2241230,16.357421875
2641942,19.287109375
2642048,16.11328125
2642097,15.625
2642138,17.15087890625
2642258,16.6015625
2642469,20.32470703125
2661296,18.06640625
2661466,16.41845703125
2661586,16.9677734375
2661682,19.22607421875
2662416,16.66259765625
2662752,16.845703125
2866833,16.29638671875
2866980,15.9912109375
2867314,16.54052734375
2868284,17.27294921875
3164743,18.61572265625
3164767,15.68603515625
3164805,17.7001953125
3164823,15.44189453125
3164968,17.02880859375
3164994,15.80810546875
3165052,16.29638671875
3165495,17.4560546875
3165782,15.68603515625
3180947,18.798828125
3181109,15.7470703125
3181319,16.4794921875
3181352,16.11328125
3366864,17.27294921875
3366962,20.08056640625
3367026,18.24951171875
3367049,15.5029296875
3367223,17.333984375
3367732,15.68603515625
3383765,18.98193359375
3383902,15.5029296875
3383928,15.93017578125
3384848,15.56396484375
3406016,15.93017578125
3406134,16.845703125
3406259,18.12744140625
3406287,17.7001953125
3406315,17.63916015625
3406474,16.357421875
3822207,17.39501953125
3822232,15.5029296875
3822276,17.51708984375
3822310,16.4794921875
3822381,19.95849609375
3822411,18.310546875
3823434,16.357421875
3824116,15.80810546875
3841351,15.44189453125
3841437,16.78466796875
4149523,15.44189453125
4149559,16.41845703125
4149574,20.263671875
4149595,18.24951171875
4149639,17.02880859375
4149706,16.357421875
4149805,18.1884765625
4351792,20.20263671875
4352125,17.63916015625
4352502,16.54052734375
4352729,17.76123046875
4352983,16.05224609375
4373122,16.4794921875
4373485,18.49365234375
4374014,19.4091796875
4686681,17.08984375
4686826,15.80810546875
4686887,15.625
4686939,16.05224609375
4687212,18.4326171875
4687975,17.88330078125
4688279,18.6767578125
4704447,16.66259765625
4704491,16.29638671875
4704732,20.5078125
4704798,18.6767578125
4704933,16.54052734375
4705295,16.41845703125
5046804,17.39501953125
5046843,17.76123046875
5046857,18.85986328125
5046963,16.54052734375
5046992,19.8974609375
5047085,17.02880859375
5048122,16.11328125
5048207,17.51708984375
5063609,16.29638671875
5063674,16.9677734375
5063704,16.2353515625
5063763,15.68603515625
5063974,15.869140625
5064030,16.66259765625
5269757,16.29638671875
5269846,18.310546875
5269870,19.22607421875
5269907,17.08984375
5269926,16.78466796875
5270104,17.63916015625
5270126,15.93017578125
5270245,17.9443359375
5287474,15.7470703125
5287613,20.1416015625
5287887,17.08984375
5311428,21.91162109375
5311535,15.93017578125
5311631,20.32470703125
5312720,16.7236328125
5669463,16.17431640625
5669500,16.05224609375
5669531,24.0478515625
5669564,22.15576171875
5669600,17.333984375
5669659,20.5078125
5669707,17.2119140625
6273067,20.01953125
6273134,20.44677734375
6273241,16.78466796875
6273364,20.1416015625
6273786,21.30126953125
6273892,16.29638671875
6274428,18.37158203125
6274900,15.44189453125
6291706,15.44189453125
6291804,15.7470703125
6292323,20.263671875
6293230,15.44189453125
6293407,17.08984375
6597975,16.11328125
6598048,22.94921875
6598202,15.80810546875
6598347,15.44189453125
6599216,15.869140625
6599899,16.7236328125
6600342,16.66259765625
6600673,15.5029296875
6614922,19.1650390625
6614978,15.93017578125
6614998,17.88330078125
6615070,15.93017578125
6615107,19.1650390625
6615385,17.02880859375
6615533,16.41845703125
6619262,15.44189453125
6879609,16.6015625
6879805,17.578125
6898162,17.08984375
6898236,19.04296875
6898617,15.625
6922016,15.68603515625
6922200,16.41845703125
6922289,17.51708984375
6922704,15.625
7311055,17.39501953125
7311093,16.9677734375
7311121,16.845703125
7311244,16.11328125
7311958,16.7236328125
7312492,16.9677734375
7312608,17.88330078125
7557632,19.1650390625
7558428,15.9912109375
7558565,16.2353515625
7558677,15.7470703125
7559396,15.5029296875
7882439,16.357421875
7882544,16.2353515625
7882607,17.2119140625
7883735,16.11328125
8113940,17.76123046875
8114044,16.17431640625
8114096,16.7236328125
8114140,15.5029296875
8135389,16.11328125
8135498,18.00537109375
8135596,16.2353515625
8135630,17.02880859375
8135700,15.93017578125
8135769,16.29638671875
8136924,15.5029296875
8521051,15.625
8521166,16.66259765625
8521201,23.86474609375
8522480,18.49365234375
8522608,17.7001953125
8539977,16.7236328125
8540229,17.2119140625
8833915,17.578125
8833945,16.9677734375
8834074,16.845703125
8834104,15.80810546875
8834150,17.7001953125
8854019,17.39501953125
8854148,17.2119140625
8854197,18.1884765625
8854244,16.54052734375
8854339,16.357421875
9083436,16.7236328125
9083522,15.68603515625
9083661,15.7470703125
9084543,22.0947265625
9084802,16.29638671875
9085115,15.625
9085279,15.625
9415343,16.66259765625
9415421,15.80810546875
9415456,18.00537109375
9415526,15.869140625
9415791,15.625
9417320,15.68603515625
9417614,15.625
9448865,15.93017578125
9449051,15.80810546875
9449148,16.54052734375
9450808,15.5029296875
9631083,15.9912109375
9632907,15.80810546875
9861221,16.11328125
9861466,16.78466796875
9861499,18.1884765625
9861558,16.78466796875
9861664,18.06640625
10078843,18.1884765625
10078904,17.4560546875
10079031,18.4326171875
10318937,17.9443359375
10318999,19.47021484375
10319135,15.93017578125
10319689,16.7236328125
10482473,17.27294921875
10483752,16.05224609375
10484485,17.15087890625
10506334,19.22607421875
10506511,15.93017578125
10506547,18.49365234375
10506691,16.90673828125
10506751,16.66259765625
10507150,16.9677734375
10507603,15.68603515625
10628297,16.4794921875
10628338,17.08984375
10628558,20.263671875
10628782,15.7470703125
10629267,16.9677734375
10630086,15.5029296875
10914874,16.41845703125
10915060,18.1884765625
10916354,17.27294921875
11230055,21.17919921875
11230148,15.93017578125
11507581,17.4560546875
11633372,17.4560546875
11633541,18.798828125
11633987,16.11328125
11950638,15.7470703125
11950737,15.5029296875
11950812,17.7001953125
11950897,15.9912109375
11951008,15.869140625
11951837,15.5029296875
11952031,15.56396484375
11952157,17.15087890625
11989196,18.06640625
