11998000,0
260211,17.39501953125
260293,23.86474609375
260339,17.63916015625
261305,17.822265625
274144,17.63916015625
274195,26.2451171875
274259,19.95849609375
274315,17.76123046875
274369,20.263671875
275230,18.6767578125
291438,17.9443359375
291454,18.98193359375
422100,18.12744140625
422180,24.0478515625
422221,18.6767578125
422231,17.63916015625
422286,18.06640625
422385,17.7001953125
423135,18.6767578125
423399,17.4560546875
436354,17.63916015625
451337,18.1884765625
451370,17.822265625
451862,17.7001953125
504323,18.00537109375
504385,19.8974609375
504507,18.310546875
504535,18.49365234375
504587,22.52197265625
504635,19.04296875
504674,18.4326171875
522633,20.8740234375
522660,22.705078125
522912,17.4560546875
540107,17.39501953125
540144,17.578125
540232,18.49365234375
540511,18.12744140625
540591,18.61572265625
1023362,20.99609375
1023421,19.287109375
1023439,22.76611328125
1023580,23.37646484375
1025310,18.06640625
1350949,19.287109375
1351013,17.88330078125
1351038,17.4560546875
1351052,17.578125
1351102,18.12744140625
1352044,17.333984375
1479231,17.7001953125
1479257,17.822265625
1479377,22.705078125
1480110,17.88330078125
1480603,17.822265625
1537602,17.39501953125
1700342,20.6298828125
1700408,24.96337890625
1700439,17.76123046875
1701078,19.8974609375
1701847,18.73779296875
1720534,21.54541015625
1720683,19.95849609375
1720764,23.13232421875
1720809,19.10400390625
1721245,18.12744140625
2000090,28.38134765625
2000368,18.5546875
2000765,17.51708984375
2001676,18.61572265625
2109325,18.73779296875
2109439,20.1416015625
2109472,23.62060546875
2109662,18.310546875
2222259,24.59716796875
2222297,18.61572265625
2222357,17.4560546875
2222378,18.37158203125
2222400,20.44677734375
2222504,20.81298828125
2223504,20.08056640625
2223571,18.06640625
2239669,18.98193359375
2239713,19.8974609375
2240041,20.751953125
2240554,21.91162109375
2641843,24.10888671875
2641892,20.01953125
2642881,24.59716796875
2642897,20.3857421875
2661530,21.42333984375
2661565,17.822265625
2662941,18.61572265625
2867123,17.333984375
2867146,18.24951171875
2867234,18.06640625
2867627,17.88330078125
3164781,19.95849609375
3164800,22.27783203125
3164816,21.728515625
3164852,19.4091796875
3164922,19.1650390625
3164949,17.63916015625
3165931,20.81298828125
3166401,17.822265625
3181130,20.81298828125
3181198,17.63916015625
3181321,23.49853515625
3181387,18.12744140625
3181597,18.61572265625
3367078,17.333984375
3384015,18.310546875
3384046,18.798828125
3384127,20.6298828125
3384181,17.76123046875
3384741,18.37158203125
3385153,18.00537109375
3405807,18.85986328125
3405899,17.39501953125
3406306,18.85986328125
3406391,17.88330078125
3822555,18.24951171875
3823419,18.06640625
3824016,19.59228515625
3841576,17.578125
3841639,18.61572265625
3842368,19.59228515625
4149643,17.39501953125
4149694,19.53125
4149709,21.17919921875
4149787,20.44677734375
4351797,18.24951171875
4351862,19.59228515625
4351920,17.4560546875
4352041,18.1884765625
4353052,20.5078125
4373464,21.8505859375
4373579,17.822265625
4686763,20.69091796875
4686900,18.85986328125
4704908,18.00537109375
4704955,20.20263671875
4705203,19.287109375
4705363,19.71435546875
5046928,18.9208984375
5046958,20.01953125
5046990,20.69091796875
5063839,17.51708984375
5063855,22.5830078125
5063925,19.34814453125
5063943,19.34814453125
5064003,19.1650390625
5064068,18.5546875
5064098,17.63916015625
5064242,18.24951171875
5064351,17.51708984375
5269850,20.81298828125
5269942,21.728515625
5270043,21.728515625
5270069,21.05712890625
5287826,19.1650390625
5287948,18.00537109375
5288091,19.10400390625
5288275,18.06640625
5288924,17.39501953125
5311792,17.88330078125
5311928,19.287109375
5311950,17.4560546875
5312034,17.7001953125
5669542,18.12744140625
5669555,24.71923828125
5669630,20.3857421875
5669734,21.30126953125
5670678,17.7001953125
6273113,20.20263671875
6273308,17.63916015625
6274198,17.39501953125
6292254,18.85986328125
6292368,18.310546875
6292449,17.822265625
6292656,17.88330078125
6598008,20.1416015625
6598071,18.5546875
6598274,18.06640625
6598896,17.51708984375
6615083,18.73779296875
6615168,20.8740234375
6615293,19.1650390625
6615380,18.61572265625
6616293,17.63916015625
6879745,17.63916015625
6897963,18.9208984375
6898034,18.49365234375
6921921,18.98193359375
6921942,18.49365234375
6922024,18.1884765625
6922471,17.822265625
7311036,21.97265625
7311082,20.8740234375
7311177,19.47021484375
7557754,17.7001953125
7557779,19.34814453125
7557852,18.37158203125
7557873,19.6533203125
7859799,17.578125
7882372,17.76123046875
7882392,19.22607421875
7882418,22.705078125
7882449,19.4091796875
7882542,19.8974609375
8113952,25.5126953125
8114024,18.798828125
8114252,17.578125
8135645,17.7001953125
8135744,18.6767578125
8135970,19.8974609375
8136549,18.24951171875
8521150,20.69091796875
8521215,18.1884765625
8522026,17.51708984375
8540147,18.85986328125
8540191,18.9208984375
8540239,17.63916015625
8540274,18.798828125
8540294,21.54541015625
8540328,18.24951171875
8541055,17.88330078125
8833960,21.05712890625
8834014,19.83642578125
8834140,20.20263671875
8834264,19.04296875
8854102,20.20263671875
8854529,17.76123046875
9083456,20.3857421875
9083585,17.822265625
9083788,18.9208984375
9415523,19.71435546875
9415578,17.333984375
9416815,18.00537109375
9449045,18.85986328125
9449125,22.3388671875
9631196,22.94921875
9631480,17.51708984375
9861317,18.12744140625
9861411,18.24951171875
10078714,20.99609375
10078833,18.98193359375
10078987,17.76123046875
10318973,19.47021484375
10319036,17.39501953125
10319073,17.4560546875
10319204,18.37158203125
10482468,18.24951171875
10482485,18.24951171875
10482543,20.08056640625
10482795,21.240234375
10506362,22.27783203125
10506517,18.4326171875
10628276,18.37158203125
10628326,20.8740234375
10628388,18.4326171875
10629014,17.4560546875
10914985,19.4091796875
10916247,19.10400390625
11230108,17.63916015625
11230154,20.56884765625
11230211,19.1650390625
11633482,20.69091796875
11633653,18.37158203125
11950688,21.42333984375
11950862,19.59228515625
11988080,19.22607421875
11988271,21.42333984375
11988526,19.59228515625
