11999000,0
2211,50.9033203125
2238,50.9033203125
2258,45.41015625
2300,56.33544921875
2319,51.3916015625
2343,52.42919921875
2409,50.9033203125
2425,52.91748046875
2451,54.0771484375
2519,43.45703125
2532,53.3447265625
2542,51.81884765625
2587,44.677734375
2700,61.21826171875
2825,42.6025390625
2956,49.560546875
3292,43.88427734375
3305,47.66845703125
3610,46.142578125
3995,47.119140625
4117,43.64013671875
94947,60.60791015625
95148,45.166015625
95178,44.12841796875
95226,67.5048828125
95256,47.607421875
95283,51.025390625
95312,59.2041015625
95331,47.66845703125
95367,52.490234375
95397,50.23193359375
95463,42.1142578125
96113,46.44775390625
96420,43.27392578125
161390,44.677734375
161407,55.11474609375
161424,50.84228515625
161455,67.81005859375
161480,53.40576171875
161504,49.25537109375
161553,45.95947265625
161573,50.78125
161602,49.49951171875
161659,41.80908203125
161683,47.66845703125
161804,53.03955078125
161941,45.22705078125
162371,45.10498046875
163240,42.54150390625
163767,41.6259765625
164144,43.39599609375
340700,57.43408203125
340715,43.76220703125
340740,88.68408203125
340753,46.44775390625
340778,46.56982421875
340802,57.06787109375
340826,58.04443359375
340836,51.57470703125
340878,47.18017578125
340911,42.3583984375
340952,48.52294921875
340986,44.7998046875
341012,41.6259765625
341557,43.88427734375
342043,41.6259765625
342452,41.6259765625
363084,60.36376953125
363122,54.99267578125
363136,47.18017578125
363160,46.44775390625
363198,59.4482421875
363223,44.7998046875
363243,42.3583984375
363296,57.7392578125
363368,52.06298828125
363398,41.6259765625
363439,42.17529296875
363548,43.701171875
363572,46.08154296875
363696,48.88916015625
363787,43.0908203125
363925,43.02978515625
364043,44.921875
364221,43.15185546875
364285,41.56494140625
364364,47.4853515625
364659,43.45703125
453597,50.10986328125
598071,49.4384765625
598089,54.931640625
598106,42.78564453125
598134,54.99267578125
598148,45.10498046875
598182,91.12548828125
598227,52.734375
598251,48.76708984375
598268,44.189453125
598291,49.98779296875
598315,41.6259765625
598367,45.2880859375
598500,48.03466796875
598907,42.236328125
599220,42.48046875
599683,43.0908203125
600000,41.56494140625
600355,41.8701171875
627208,47.607421875
627232,42.6025390625
627267,55.11474609375
627285,66.71142578125
627327,54.5654296875
627357,49.25537109375
627388,64.75830078125
627527,41.9921875
627604,42.724609375
627645,41.6259765625
627787,46.56982421875
627814,41.9921875
627826,45.7763671875
627851,45.34912109375
627877,59.08203125
628029,56.640625
628087,43.39599609375
628356,47.54638671875
628961,44.49462890625
629014,47.54638671875
818092,42.1142578125
818117,77.0263671875
818143,48.828125
818158,43.51806640625
818217,44.7998046875
818247,41.9921875
818261,45.47119140625
818274,47.18017578125
818318,56.70166015625
818356,44.189453125
818447,54.87060546875
818469,42.6025390625
819259,47.36328125
841211,44.3115234375
841241,49.1943359375
841274,42.1142578125
841284,62.68310546875
841307,54.19921875
841326,83.1298828125
841341,50.6591796875
841361,47.30224609375
841374,46.7529296875
841403,50.9033203125
841441,42.96875
841484,48.52294921875
841574,45.59326171875
841690,61.46240234375
841731,47.36328125
841765,42.17529296875
841793,46.20361328125
842383,42.54150390625
1044795,42.54150390625
1044876,42.724609375
1044902,59.326171875
1044936,61.8896484375
1044970,49.6826171875
1044981,50.96435546875
1044993,42.17529296875
1045031,51.08642578125
1045045,54.62646484375
1045072,43.3349609375
1045098,45.5322265625
1045110,48.095703125
1045166,41.68701171875
1045188,46.81396484375
1045438,49.560546875
1045489,53.16162109375
1045896,47.30224609375
1046007,44.43359375
1046212,44.43359375
1047181,43.0908203125
1067129,48.88916015625
1067161,42.8466796875
1067181,60.85205078125
1067192,48.40087890625
1067226,45.10498046875
1067265,52.79541015625
1067282,46.56982421875
1067321,42.48046875
1067338,56.45751953125
1067355,46.44775390625
1067471,64.63623046875
1067511,44.98291015625
1068097,46.38671875
1068114,54.26025390625
1068286,51.20849609375
1068448,41.748046875
1068583,44.37255859375
1068764,45.47119140625
1070054,41.80908203125
1298786,61.09619140625
1298798,61.46240234375
1298832,53.5888671875
1298850,43.5791015625
1298886,44.921875
1298905,44.7998046875
1298950,52.734375
1298963,50.1708984375
1298985,42.48046875
1299010,44.73876953125
1299071,44.3115234375
1299096,48.03466796875
1299195,42.17529296875
1299236,41.80908203125
1299506,46.44775390625
1299676,46.81396484375
1299835,46.7529296875
1300134,46.7529296875
1300526,43.15185546875
1324550,50.78125
1324574,46.08154296875
1324601,58.77685546875
1324624,70.49560546875
1324641,69.39697265625
1324712,42.05322265625
1324749,42.05322265625
1324775,45.41015625
1324812,43.15185546875
1324928,54.01611328125
1325035,45.10498046875
1325145,58.10546875
1325234,41.8701171875
1325399,43.64013671875
1325495,44.677734375
1325717,43.0908203125
1326133,44.3115234375
1326331,48.15673828125
1326527,45.34912109375
1457765,55.35888671875
1457793,55.0537109375
1457813,41.93115234375
1457837,66.10107421875
1457858,50.6591796875
1457888,49.31640625
1457905,47.54638671875
1457952,58.89892578125
1457983,55.96923828125
1458021,48.27880859375
1458060,61.58447265625
1458083,51.3916015625
1458100,41.93115234375
1458234,50.9033203125
1458254,43.8232421875
1458319,43.0908203125
1458454,48.52294921875
1458676,48.095703125
1458844,42.66357421875
1459169,43.39599609375
1459652,43.5791015625
1555612,43.8232421875
1605266,45.654296875
1605291,54.13818359375
1605316,68.115234375
1605341,60.36376953125
1605367,80.38330078125
1605400,52.42919921875
1605418,72.998046875
1605431,42.29736328125
1605454,58.16650390625
1605485,54.99267578125
1605510,51.20849609375
1605541,50.4150390625
1605583,61.5234375
1605790,51.1474609375
1605835,43.0908203125
1606048,44.61669921875
1606318,44.3115234375
1606437,49.86572265625
1606989,44.49462890625
1607145,44.61669921875
1800811,45.0439453125
1800836,51.025390625
1800854,57.67822265625
1800866,47.42431640625
1800897,41.9921875
1800921,59.50927734375
1800960,78.67431640625
1800970,41.68701171875
1801014,47.8515625
1801025,50.96435546875
1801052,49.25537109375
1801121,61.6455078125
1801148,47.607421875
1801280,46.0205078125
1801447,41.68701171875
1802229,43.64013671875
1802823,41.8701171875
1872743,55.23681640625
1940270,49.37744140625
1940298,44.189453125
1940315,44.921875
1940347,61.279296875
1940370,54.13818359375
1940385,52.06298828125
1940397,50.78125
1940453,46.93603515625
1940473,44.677734375
1940494,50.84228515625
1940545,43.212890625
1940565,45.22705078125
1941074,42.66357421875
1941863,42.66357421875
1942144,44.12841796875
2050837,50.1708984375
2050848,64.453125
2050875,43.15185546875
2050894,68.84765625
2050904,42.66357421875
2050920,48.583984375
2050958,56.57958984375
2050977,61.09619140625
2051004,61.767578125
2051051,46.93603515625
2051065,57.861328125
2051078,56.0302734375
2051104,54.99267578125
2051146,46.2646484375
2051169,47.79052734375
2051194,44.73876953125
2051228,48.2177734375
2051273,43.3349609375
2051380,41.748046875
2051493,44.25048828125
2051692,41.80908203125
2052177,49.37744140625
2052841,41.9921875
2107199,57.12890625
2107230,56.0302734375
2107260,104.98046875
2107277,49.31640625
2107294,54.19921875
2107321,53.22265625
2107342,49.9267578125
2107391,42.8466796875
2107423,42.54150390625
2107433,61.767578125
2107605,42.78564453125
2107630,42.724609375
2107708,42.48046875
2107757,42.17529296875
2107850,46.44775390625
2108062,45.22705078125
2108276,44.12841796875
2108335,45.7763671875
2109461,44.61669921875
2171776,45.95947265625
2172153,51.69677734375
2172205,48.52294921875
2172229,57.55615234375
2172259,65.97900390625
2172301,41.6259765625
2172313,54.3212890625
2172331,51.69677734375
2172344,50.23193359375
2172375,50.1708984375
2172399,47.9736328125
2172420,43.51806640625
2172446,67.07763671875
2172464,43.45703125
2172529,44.0673828125
2172614,44.73876953125
2172657,43.27392578125
2172693,49.62158203125
2173343,48.2177734375
2173547,42.96875
2174118,45.59326171875
2174294,51.3916015625
2238198,42.3583984375
2239447,70.80078125
2239481,44.37255859375
2239497,52.3681640625
2239529,45.71533203125
2239545,46.0205078125
2239564,46.44775390625
2239601,54.0771484375
2239628,43.701171875
2239704,47.18017578125
2239758,41.6259765625
2239791,44.189453125
2239821,46.5087890625
2240098,44.12841796875
2241514,41.9921875
2302144,48.15673828125
2382396,46.08154296875
2439698,41.6259765625
2439730,41.748046875
2439780,80.99365234375
2439802,48.828125
2439830,42.90771484375
2439856,49.072265625
2439888,58.837890625
2439904,42.78564453125
2439937,46.93603515625
2439961,46.20361328125
2439975,43.3349609375
2439994,45.0439453125
2440028,48.76708984375
2440074,52.24609375
2440495,42.66357421875
2440600,43.15185546875
2440735,47.607421875
2440909,44.12841796875
2441111,42.29736328125
2441384,45.95947265625
2441488,49.072265625
2564246,45.654296875
2565034,45.47119140625
2565045,44.921875
2565080,44.921875
2565097,55.96923828125
2565116,53.64990234375
2565136,76.72119140625
2565146,52.1240234375
2565177,50.29296875
2565189,48.2177734375
2565268,48.76708984375
2565279,56.15234375
2565335,46.20361328125
2565413,42.29736328125
2565442,44.5556640625
2565467,44.49462890625
2565514,61.6455078125
2565920,49.13330078125
2566069,48.2177734375
2566195,41.9921875
2567112,44.189453125
2732071,46.875
2732085,43.0908203125
2732142,58.16650390625
2732156,54.5654296875
2732173,48.33984375
2732196,60.97412109375
2732208,63.96484375
2732228,73.18115234375
2732251,46.630859375
2732347,41.56494140625
2732382,43.51806640625
2732394,53.40576171875
2732488,48.03466796875
2732824,42.78564453125
2733417,46.9970703125
2814634,44.73876953125
2814667,48.7060546875
2814686,82.275390625
2814704,57.861328125
2814721,43.45703125
2814747,53.77197265625
2814759,50.47607421875
2814780,47.2412109375
2814794,48.828125
2814811,48.4619140625
2814843,58.41064453125
2814894,55.6640625
2814999,46.0205078125
2815025,45.95947265625
2815332,46.5087890625
2815469,48.828125
2815502,45.41015625
2977233,55.35888671875
2977494,43.88427734375
2977518,54.5654296875
2977541,65.12451171875
2977573,50.96435546875
2977601,56.396484375
2977614,50.72021484375
2977625,60.9130859375
2977687,48.40087890625
2977705,62.255859375
2977723,47.30224609375
2977846,43.64013671875
2977911,41.93115234375
2978004,42.48046875
3088327,44.921875
3089431,68.9697265625
3089457,45.22705078125
3089473,43.15185546875
3089492,60.302734375
3089514,45.654296875
3089540,78.125
3089567,56.82373046875
3089582,52.06298828125
3089611,61.82861328125
3089780,44.25048828125
3089844,43.0908203125
3090625,42.66357421875
3090943,43.88427734375
3090972,50.47607421875
3091036,41.56494140625
3225796,46.08154296875
3225810,44.73876953125
3225829,79.65087890625
3225839,84.47265625
3225870,53.955078125
3225888,59.4482421875
3225922,70.00732421875
3225950,74.5849609375
3225963,45.59326171875
3226007,42.8466796875
3226035,46.38671875
3226049,48.76708984375
3226093,54.99267578125
3226122,41.80908203125
3226173,42.236328125
3226277,45.166015625
3226710,43.9453125
3226816,41.56494140625
3227018,44.73876953125
3323450,43.15185546875
3324109,53.64990234375
3324130,55.17578125
3324149,73.974609375
3324172,53.8330078125
3324202,42.05322265625
3324223,58.4716796875
3324253,42.724609375
3324342,60.302734375
3324360,44.3115234375
3324444,47.119140625
3324870,44.43359375
3644303,63.96484375
3644320,70.80078125
3644340,58.89892578125
3644376,42.54150390625
3644386,50.78125
3644396,44.49462890625
3644424,43.5791015625
3644443,78.30810546875
3644479,47.9736328125
3644498,59.38720703125
3644543,43.5791015625
3644605,43.27392578125
3644626,48.52294921875
3644781,49.560546875
3645208,44.7998046875
3668185,43.27392578125
3668198,41.80908203125
3668226,85.205078125
3668240,70.86181640625
3668272,55.84716796875
3668297,63.53759765625
3668315,49.560546875
3668331,41.68701171875
3668356,43.45703125
3668370,42.48046875
3668421,41.6259765625
3668437,43.45703125
3668519,41.748046875
3668563,42.724609375
3668649,46.142578125
3668687,46.875
3668719,57.92236328125
3669598,50.6591796875
3669731,45.71533203125
3670480,42.54150390625
3671279,42.78564453125
3928965,44.00634765625
3928976,62.07275390625
3928996,47.607421875
3929022,56.82373046875
3929044,45.5322265625
3929058,71.1669921875
3929070,55.84716796875
3929109,53.1005859375
3929126,48.76708984375
3929143,53.466796875
3929197,42.724609375
3929275,61.58447265625
3929341,49.25537109375
3929379,42.6025390625
3929419,46.44775390625
3929451,41.6259765625
3930194,42.3583984375
3930460,41.80908203125
3956576,42.41943359375
3956606,47.54638671875
3956624,44.189453125
3956648,65.3076171875
3956674,95.03173828125
3956688,76.0498046875
3956827,59.08203125
3956862,46.2646484375
3956895,47.79052734375
3956921,42.05322265625
3956934,44.677734375
3957002,47.66845703125
3957054,44.3115234375
3957123,43.15185546875
3957245,41.9921875
3957272,44.25048828125
3957703,43.15185546875
3957780,42.724609375
3957839,43.0908203125
3958186,45.59326171875
4173836,46.7529296875
4173851,68.66455078125
4173883,63.53759765625
4173894,94.23828125
4173930,49.86572265625
4173962,57.80029296875
4173972,67.0166015625
4174011,42.17529296875
4174035,52.978515625
4174056,64.14794921875
4174082,44.25048828125
4174174,44.49462890625
4174287,44.00634765625
4174354,43.0908203125
4175298,42.54150390625
4175417,43.64013671875
4175622,45.654296875
4302127,44.0673828125
4302182,76.23291015625
4302212,72.32666015625
4302239,49.74365234375
4302261,55.35888671875
4302289,46.32568359375
4302335,44.73876953125
4302429,44.7998046875
4302529,43.212890625
4302628,44.7998046875
4302642,51.025390625
4302744,42.236328125
4302819,42.48046875
4302878,50.4150390625
4303355,44.3115234375
4303893,43.76220703125
4502482,58.89892578125
4502493,72.8759765625
4502536,70.068359375
4502571,60.6689453125
4502585,53.64990234375
4502612,44.921875
4502631,64.39208984375
4502709,57.92236328125
4502744,54.931640625
4502772,46.20361328125
4502790,46.08154296875
4503863,42.41943359375
4503890,41.9921875
4504114,43.45703125
4504572,44.189453125
4556800,43.27392578125
4556826,57.67822265625
4556858,67.3828125
4556874,60.9130859375
4556906,51.513671875
4556927,52.79541015625
4556942,48.2177734375
4556977,48.40087890625
4557006,63.3544921875
4557087,51.6357421875
4557108,46.5087890625
4557122,44.98291015625
4557132,51.7578125
4557193,43.39599609375
4557275,48.583984375
4557382,50.96435546875
4557725,41.9921875
4558233,45.5322265625
4558326,43.27392578125
4646799,49.072265625
4646822,43.212890625
4646841,49.072265625
4646871,54.6875
4646882,51.025390625
4646894,45.7763671875
4646922,51.6357421875
4646965,51.57470703125
4646989,60.302734375
4647024,59.26513671875
4647036,57.43408203125
4647091,56.82373046875
4647303,45.59326171875
4647396,47.66845703125
4647553,47.4853515625
4647576,43.9453125
4710639,56.884765625
4710653,51.7578125
4710677,43.88427734375
4710704,73.91357421875
4710739,51.26953125
4710749,48.4619140625
4710781,54.19921875
4710809,49.74365234375
4710826,47.79052734375
4710850,53.03955078125
4710884,49.49951171875
4710920,48.76708984375
4710950,49.1943359375
4711039,42.78564453125
4711084,42.78564453125
4711298,42.724609375
4711522,43.39599609375
4711916,42.90771484375
4712730,43.45703125
4782427,60.791015625
4782473,56.0302734375
4782483,43.27392578125
4782493,48.76708984375
4782516,57.6171875
4782561,43.76220703125
4782592,55.5419921875
4782613,45.95947265625
4782648,41.80908203125
4782683,42.29736328125
4782711,44.189453125
4782782,42.1142578125
4782821,48.095703125
4782838,49.13330078125
4782925,52.6123046875
4782948,41.68701171875
4782958,42.236328125
4783090,41.93115234375
4783294,48.40087890625
4784231,44.677734375
4784570,44.12841796875
4851781,44.189453125
4851800,41.93115234375
4851814,61.1572265625
4851829,44.37255859375
4851862,63.53759765625
4851880,49.1943359375
4851903,61.279296875
4851955,50.537109375
4852050,54.74853515625
4852083,51.20849609375
4852150,45.22705078125
4852186,43.88427734375
4852226,45.166015625
4852357,45.10498046875
4852409,44.25048828125
4853039,42.05322265625
4853053,42.3583984375
4853194,43.212890625
4853798,44.0673828125
4854106,43.88427734375
4924200,46.7529296875
4924241,46.142578125
4924258,72.6318359375
4924281,60.9130859375
4924328,43.27392578125
4924345,42.1142578125
4924367,49.74365234375
4924377,46.08154296875
4924404,44.677734375
4924502,56.45751953125
4924528,55.96923828125
4924559,44.37255859375
4924676,46.69189453125
4924946,51.20849609375
4925334,41.80908203125
4925461,42.48046875
4925665,59.02099609375
4926121,45.95947265625
4994445,45.2880859375
4994463,53.89404296875
4994508,60.1806640625
4994531,78.79638671875
4994586,41.56494140625
4994625,47.66845703125
4994641,48.583984375
4994684,44.43359375
4994748,44.00634765625
4994787,53.1005859375
4994842,43.76220703125
4994873,41.6259765625
4994966,42.48046875
4995188,45.5322265625
4995768,43.02978515625
4995943,44.0673828125
4996117,42.90771484375
4996154,42.1142578125
5059489,44.98291015625
5059519,41.9921875
5059533,46.2646484375
5059551,57.0068359375
5059571,51.3916015625
5059595,53.7109375
5059638,48.40087890625
5059659,43.64013671875
5059693,48.40087890625
5059740,45.7763671875
5059887,42.78564453125
5060022,44.921875
5060078,42.724609375
5060220,44.61669921875
5060300,45.71533203125
5060467,47.7294921875
5060707,42.3583984375
5061719,43.3349609375
5126926,45.0439453125
5126942,56.21337890625
5126969,45.2880859375
5126987,59.326171875
5127005,47.4853515625
5127030,62.80517578125
5127058,52.1240234375
5127126,54.19921875
5127176,48.828125
5127215,55.2978515625
5127288,42.29736328125
5127308,50.35400390625
5127552,42.1142578125
5127871,47.607421875
5128335,42.29736328125
5257197,49.74365234375
5257218,67.56591796875
5257248,68.54248046875
5257269,47.2412109375
5257288,46.20361328125
5257323,53.5888671875
5257354,42.54150390625
5257369,66.7724609375
5257402,43.02978515625
5257418,58.59375
5257528,50.1708984375
5257540,46.20361328125
5257673,42.66357421875
5257734,42.6025390625
5258040,46.142578125
5258141,49.31640625
5258286,44.3115234375
5258676,41.748046875
5258690,48.095703125
5259218,48.4619140625
5418753,41.6259765625
5419952,49.6826171875
5419971,43.51806640625
5419999,73.1201171875
5420015,49.62158203125
5420060,62.744140625
5420071,67.138671875
5420097,49.01123046875
5420112,50.9033203125
5420123,55.0537109375
5420145,44.12841796875
5420171,44.73876953125
5420186,56.640625
5420215,54.50439453125
5420229,59.9365234375
5420328,43.15185546875
5420827,42.236328125
5559583,46.38671875
5559593,45.166015625
5559628,56.5185546875
5559652,69.27490234375
5559677,51.33056640625
5559689,56.94580078125
5559737,61.279296875
5559754,52.18505859375
5559780,51.6357421875
5559823,59.02099609375
5559840,52.79541015625
5559868,42.724609375
5559889,43.701171875
5559948,46.142578125
5561211,42.41943359375
5664411,53.64990234375
5664439,52.24609375
5664462,60.60791015625
5664494,43.51806640625
5664518,49.86572265625
5664531,43.0908203125
5664544,52.67333984375
5664574,57.12890625
5664595,49.98779296875
5664709,49.072265625
5664781,42.17529296875
5664849,41.748046875
5665037,41.80908203125
5665292,42.41943359375
5665949,45.7763671875
5666087,46.5087890625
5815104,45.654296875
5815138,56.5185546875
5815164,99.2431640625
5815179,45.7763671875
5815223,53.7109375
5815245,57.4951171875
5815272,42.66357421875
5815316,43.02978515625
5815356,43.02978515625
5815375,47.36328125
5815388,42.6025390625
5815483,43.88427734375
5815513,43.27392578125
5815576,44.73876953125
5816352,41.68701171875
5835528,44.7998046875
5835545,43.02978515625
5835564,59.87548828125
5835578,47.8515625
5835644,42.78564453125
5835673,43.15185546875
5835713,44.37255859375
5835751,46.56982421875
5835790,48.15673828125
5835859,43.88427734375
5835888,56.0302734375
5836235,43.15185546875
5836350,51.33056640625
5836830,44.61669921875
5920581,41.56494140625
5920597,43.76220703125
5920622,49.6826171875
5920646,65.61279296875
5920656,55.2978515625
5920675,48.52294921875
5920707,42.48046875
5920727,51.513671875
5920745,48.9501953125
5920764,46.2646484375
5920792,44.98291015625
5920833,62.19482421875
5920872,44.0673828125
5920904,45.59326171875
5921026,43.8232421875
5921155,42.05322265625
5921184,41.68701171875
5921336,61.34033203125
5921696,45.22705078125
5921748,45.41015625
5953770,63.720703125
5953782,45.8984375
5953803,42.17529296875
5953820,46.5087890625
5953850,54.19921875
5953891,53.1005859375
5953913,45.166015625
5953961,49.4384765625
5953978,65.97900390625
5954025,45.5322265625
5954054,50.10986328125
5954094,45.95947265625
5954356,46.08154296875
5954517,48.03466796875
5954631,44.00634765625
5954657,43.9453125
5955199,54.87060546875
5955224,44.61669921875
6029158,54.62646484375
6029196,48.828125
6029216,61.767578125
6029241,47.79052734375
6029254,66.71142578125
6029288,54.26025390625
6029310,58.4716796875
6029350,45.654296875
6029361,64.3310546875
6029374,53.3447265625
6029467,49.31640625
6029650,43.0908203125
6029794,45.0439453125
6029877,45.59326171875
6030505,45.59326171875
6288638,45.22705078125
6288666,56.640625
6288693,64.88037109375
6288718,46.5087890625
6288759,68.05419921875
6288785,52.8564453125
6288837,49.31640625
6288931,42.29736328125
6288954,43.0908203125
6288970,41.8701171875
6289017,48.52294921875
6289218,42.8466796875
6289309,42.96875
6289465,46.44775390625
6290109,41.748046875
6290587,46.08154296875
6291051,45.10498046875
6313139,46.81396484375
6313173,43.8232421875
6313186,52.06298828125
6313224,58.28857421875
6313238,45.0439453125
6313260,70.068359375
6313277,79.833984375
6313301,49.62158203125
6313352,46.44775390625
6313368,62.43896484375
6313387,43.45703125
6313429,47.05810546875
6313468,42.1142578125
6313487,42.17529296875
6313511,42.78564453125
6313578,41.748046875
6313613,44.00634765625
6313738,44.37255859375
6313754,44.189453125
6313824,42.3583984375
6314051,50.23193359375
6314195,49.072265625
6314479,41.9921875
6314641,44.49462890625
6314985,45.22705078125
6396207,48.27880859375
6396265,48.27880859375
6396290,44.12841796875
6396300,73.8525390625
6396322,56.7626953125
6396352,80.74951171875
6396363,65.673828125
6396454,53.7109375
6396469,46.32568359375
6396504,43.02978515625
6396522,44.61669921875
6396541,52.734375
6396577,43.3349609375
6396598,42.41943359375
6396678,57.9833984375
6396961,62.92724609375
6397226,46.630859375
6397261,42.05322265625
6398333,43.8232421875
6597077,42.17529296875
6597132,58.4716796875
6597165,41.748046875
6597195,83.740234375
6597220,55.84716796875
6597252,44.73876953125
6597287,42.29736328125
6597305,59.6923828125
6597329,55.48095703125
6597356,54.62646484375
6597393,42.66357421875
6597724,56.396484375
6598465,41.6259765625
6598910,45.41015625
6667888,46.81396484375
6667915,62.31689453125
6667933,59.87548828125
6667975,61.4013671875
6667997,46.56982421875
6668010,52.79541015625
6668029,54.6875
6668052,41.93115234375
6668076,58.10546875
6668159,46.0205078125
6668227,56.884765625
6668263,46.9970703125
6668340,47.7294921875
6668401,48.095703125
6668476,47.2412109375
6668730,45.10498046875
6668782,45.34912109375
6669184,51.7578125
6670335,41.8701171875
6747137,43.15185546875
6747152,52.1240234375
6747203,56.0302734375
6747224,45.34912109375
6747236,45.71533203125
6747286,49.31640625
6747304,55.11474609375
6747320,47.42431640625
6747338,47.9736328125
6747351,51.025390625
6747389,48.4619140625
6747480,44.61669921875
6747548,44.3115234375
6747686,46.38671875
6747981,48.4619140625
6748088,45.7763671875
6748554,42.3583984375
6802372,47.4853515625
6802418,70.25146484375
6802438,50.9033203125
6802451,55.48095703125
6802483,60.302734375
6802526,44.73876953125
6802553,47.79052734375
6802574,51.7578125
6802617,43.212890625
6802751,42.90771484375
6802769,49.62158203125
6803134,44.25048828125
6803749,45.2880859375
6803810,42.05322265625
6803963,41.68701171875
6895973,42.724609375
6896083,41.9921875
6896106,60.72998046875
6896126,55.0537109375
6896144,70.6787109375
6896163,51.6357421875
6896192,44.86083984375
6896222,42.6025390625
6896246,61.1572265625
6896288,43.39599609375
6896308,42.96875
6896335,47.119140625
6896377,46.38671875
6896455,45.2880859375
6896499,55.35888671875
6896520,47.66845703125
6896677,42.724609375
6913383,45.5322265625
6913418,44.677734375
6913436,65.12451171875
6913458,57.2509765625
6913494,45.0439453125
6913511,55.35888671875
6913594,47.05810546875
6913657,44.49462890625
6913688,56.15234375
6913702,43.3349609375
6913936,42.96875
6914102,44.73876953125
7092211,41.6259765625
7092237,57.373046875
7092259,55.72509765625
7092299,42.96875
7092320,53.52783203125
7092336,49.37744140625
7092365,41.6259765625
7092396,71.59423828125
7092432,46.7529296875
7092481,48.33984375
7092512,41.9921875
7092660,47.4853515625
7092695,43.76220703125
7092835,47.91259765625
7092980,47.119140625
7093366,60.6689453125
7119642,42.724609375
7119666,46.630859375
7119699,48.9501953125
7119724,58.9599609375
7119740,44.98291015625
7119767,44.3115234375
7119794,46.630859375
7119804,47.05810546875
7119850,43.64013671875
7119903,42.54150390625
7119939,47.42431640625
7120069,41.8701171875
7120094,41.748046875
7120167,45.71533203125
7120264,47.4853515625
7120397,51.3916015625
7120520,46.56982421875
7120530,41.748046875
7239140,42.8466796875
7239168,42.96875
7239194,71.83837890625
7239204,61.58447265625
7239232,41.9921875
7239272,46.2646484375
7239312,50.59814453125
7239363,47.8515625
7239398,47.91259765625
7239428,49.13330078125
7262531,46.0205078125
7262576,45.0439453125
7262612,63.90380859375
7262651,49.560546875
7262705,56.396484375
7262737,45.59326171875
7262781,41.80908203125
7262928,48.52294921875
7262960,42.3583984375
7263218,44.37255859375
7263261,46.142578125
7263682,42.48046875
7263783,43.51806640625
7264095,43.212890625
7323680,49.37744140625
7323712,42.8466796875
7323723,43.212890625
7323756,42.66357421875
7323798,49.9267578125
7323850,45.10498046875
7323876,44.5556640625
7323900,44.677734375
7323982,52.3681640625
7324055,47.54638671875
7324179,42.66357421875
7324650,42.96875
7345988,52.30712890625
7346001,50.1708984375
7346043,47.607421875
7346081,64.88037109375
7346113,48.40087890625
7346194,47.36328125
7346257,46.20361328125
7346295,42.17529296875
7346424,56.15234375
7346691,49.62158203125
7346710,51.1474609375
7573510,50.6591796875
7573549,45.34912109375
7573567,48.9501953125
7573591,41.748046875
7573611,49.1943359375
7573631,47.9736328125
7573652,67.9931640625
7573663,44.43359375
7573703,43.0908203125
7573733,44.98291015625
7573751,41.748046875
7573831,41.8701171875
7574853,43.51806640625
7575073,44.677734375
7663691,44.25048828125
7663725,55.72509765625
7663751,69.580078125
7663772,56.15234375
7663793,56.7626953125
7663820,52.18505859375
7663856,45.41015625
7663866,56.09130859375
7663881,47.05810546875
7663915,47.54638671875
7663946,45.47119140625
7663956,45.5322265625
7663978,59.87548828125
7664095,44.37255859375
7664162,42.8466796875
7664268,44.7998046875
7664380,42.1142578125
7664700,41.9921875
7664979,43.3349609375
7665095,42.41943359375
7681933,45.10498046875
7681967,47.91259765625
7681996,48.27880859375
7682012,45.7763671875
7682034,52.3681640625
7682053,44.7998046875
7682095,50.96435546875
7682135,47.7294921875
7682160,41.6259765625
7682182,42.6025390625
7682279,43.88427734375
7682363,44.0673828125
7682460,42.724609375
7682784,47.30224609375
7682905,43.27392578125
7683093,46.81396484375
7754378,47.8515625
7754439,44.98291015625
7754457,52.30712890625
7754478,58.16650390625
7754491,41.56494140625
7754540,42.54150390625
7754567,46.08154296875
7754579,47.119140625
7754592,49.1943359375
7754624,47.8515625
7754660,44.00634765625
7754690,45.5322265625
7754773,55.2978515625
7754846,44.0673828125
7754868,44.3115234375
7754927,43.3349609375
7755044,44.61669921875
7755287,45.166015625
7755348,41.748046875
7755919,43.02978515625
7756110,48.9501953125
7820468,43.8232421875
7820524,44.61669921875
7820541,41.8701171875
7820556,42.724609375
7820582,62.92724609375
7820613,45.71533203125
7820629,51.26953125
7820660,44.25048828125
7820678,56.82373046875
7820807,42.6025390625
7820921,42.05322265625
7820951,44.73876953125
7821010,44.98291015625
7821040,43.02978515625
7821169,54.3212890625
7821497,48.40087890625
7910389,51.8798828125
7910413,48.7060546875
7910436,75.927734375
7910461,54.99267578125
7910480,49.74365234375
7910500,51.6357421875
7910545,53.52783203125
7910572,46.2646484375
7910593,59.4482421875
7910635,52.001953125
7910680,42.17529296875
7910725,42.8466796875
7910775,47.2412109375
7910938,42.54150390625
7911209,46.81396484375
7911471,41.56494140625
7911483,45.2880859375
7912043,42.41943359375
7912792,42.41943359375
7984930,46.5087890625
7984948,45.166015625
7985013,47.79052734375
7985033,46.5087890625
7985086,42.1142578125
7985116,53.5888671875
7985196,50.537109375
7985255,54.443359375
7985276,47.607421875
7985417,47.9736328125
7985583,43.76220703125
7985598,44.5556640625
7985952,54.62646484375
7985964,45.8984375
7986157,42.96875
7987136,44.25048828125
8052160,56.57958984375
8052199,66.650390625
8052216,52.3681640625
8052232,62.80517578125
8052247,50.47607421875
8052258,57.6171875
8052302,59.9365234375
8052342,46.875
8052421,49.8046875
8052456,54.01611328125
8052499,49.74365234375
8052558,51.3916015625
8052576,42.90771484375
8052691,43.27392578125
8143524,41.68701171875
8143542,49.072265625
8143567,61.58447265625
8143589,72.998046875
8143634,42.96875
8143652,54.01611328125
8143709,51.8798828125
8143757,45.22705078125
8143801,45.59326171875
8143854,43.0908203125
8143893,47.119140625
8143931,45.41015625
8144011,44.3115234375
8144079,43.02978515625
8144202,42.17529296875
8144426,42.724609375
8144794,42.8466796875
8145705,43.64013671875
8221760,49.072265625
8221794,73.91357421875
8221804,69.091796875
8221848,44.677734375
8221879,49.62158203125
8221927,44.98291015625
8222030,42.3583984375
8222142,45.59326171875
8222206,44.98291015625
8222297,50.23193359375
8222401,51.1474609375
8222438,43.0908203125
8222593,42.96875
8222764,46.93603515625
8223197,50.23193359375
8223469,43.701171875
8244788,47.36328125
8244808,44.00634765625
8244841,43.9453125
8244874,60.72998046875
8244891,56.2744140625
8244915,43.02978515625
8244940,54.74853515625
8245006,46.93603515625
8245048,44.677734375
8245120,41.80908203125
8245136,44.43359375
8245412,56.21337890625
8246201,43.701171875
8434351,43.0908203125
8434380,44.49462890625
8434408,63.04931640625
8434432,43.64013671875
8434457,51.20849609375
8434471,57.67822265625
8434499,47.8515625
8434570,57.43408203125
8434593,47.66845703125
8434624,53.03955078125
8434689,42.6025390625
8434699,55.908203125
8457894,60.05859375
8457933,47.91259765625
8457946,45.83740234375
8457977,64.14794921875
8458030,51.513671875
8458100,46.20361328125
8458189,47.607421875
8458291,47.8515625
8458335,47.36328125
8458408,48.03466796875
8458611,45.166015625
8458972,41.68701171875
8561734,43.3349609375
8561755,42.05322265625
8561786,49.01123046875
8561815,88.56201171875
8561834,52.8564453125
8561867,51.3916015625
8561888,50.537109375
8561915,45.59326171875
8562005,43.64013671875
8562052,47.7294921875
8562067,44.5556640625
8562126,49.4384765625
8562989,42.96875
8578849,49.072265625
8578908,47.7294921875
8578973,63.41552734375
8579004,42.96875
8579037,46.38671875
8579110,42.6025390625
8579153,50.048828125
8579171,60.6689453125
8579201,58.53271484375
8579427,50.10986328125
8579591,54.74853515625
8664140,46.9970703125
8664157,50.4150390625
8664201,44.677734375
8664218,44.3115234375
8664257,53.03955078125
8664279,63.29345703125
8664304,41.80908203125
8664368,41.8701171875
8664384,48.15673828125
8664402,54.3212890625
8664431,54.01611328125
8664470,46.69189453125
8664678,49.9267578125
8665247,43.45703125
8665382,45.7763671875
8736148,45.41015625
8736641,64.5751953125
8736674,44.7998046875
8736700,45.166015625
8736717,52.978515625
8736738,47.2412109375
8736773,46.32568359375
8736808,49.62158203125
8736818,46.69189453125
8736859,53.89404296875
8736916,46.32568359375
8736965,41.9921875
8737238,47.54638671875
8737329,49.8046875
8738380,62.31689453125
8812016,44.00634765625
8812046,46.44775390625
8812067,46.44775390625
8812091,54.443359375
8812106,49.072265625
8812157,42.17529296875
8812198,71.22802734375
8812229,56.94580078125
8812256,46.0205078125
8812299,45.7763671875
8812466,42.96875
8812496,49.86572265625
8812570,47.36328125
8813982,41.6259765625
9014529,47.30224609375
9014570,48.7060546875
9014595,51.1474609375
9014610,50.048828125
9014622,46.20361328125
9014652,41.748046875
9014669,46.630859375
9014702,44.12841796875
9014715,45.8984375
9014842,44.86083984375
9014868,41.80908203125
9043957,47.79052734375
9044044,49.6826171875
9044084,47.54638671875
9044100,41.6259765625
9044115,55.419921875
9044246,44.37255859375
9044280,48.33984375
9044344,55.6640625
9044384,45.2880859375
9044411,48.27880859375
9044538,43.45703125
9044821,46.875
9044915,45.7763671875
9105472,44.25048828125
9105492,53.7109375
9105520,47.66845703125
9105536,44.61669921875
9105561,73.974609375
9105590,43.51806640625
9105653,54.931640625
9105677,43.9453125
9105866,44.61669921875
9106091,43.51806640625
9106653,43.701171875
9107042,43.0908203125
9107531,45.22705078125
9209338,68.115234375
9209364,48.095703125
9209381,44.5556640625
9209410,45.2880859375
9209442,46.08154296875
9209478,42.48046875
9209509,67.93212890625
9209530,44.3115234375
9209587,42.96875
9209990,48.828125
9210560,42.41943359375
9237661,57.4951171875
9237673,46.56982421875
9237750,46.93603515625
9237795,43.39599609375
9237849,46.93603515625
9237921,46.2646484375
9237999,53.466796875
9238009,43.02978515625
9238035,42.17529296875
9238144,41.56494140625
9238245,43.5791015625
9238321,45.71533203125
9307758,55.908203125
9307793,43.212890625
9307804,49.86572265625
9307821,47.2412109375
9307838,57.4951171875
9307851,42.1142578125
9307884,46.5087890625
9307906,42.3583984375
9307935,43.0908203125
9307954,80.56640625
9307968,43.0908203125
9308012,47.18017578125
9308069,43.88427734375
9308137,43.3349609375
9308163,47.66845703125
9308243,43.45703125
9308325,41.80908203125
9308680,42.48046875
9485859,65.97900390625
9485879,46.69189453125
9485917,52.79541015625
9485931,55.35888671875
9485943,54.87060546875
9485988,44.3115234375
9486002,42.54150390625
9486012,59.99755859375
9486023,60.546875
9486044,44.73876953125
9486056,44.5556640625
9486090,44.49462890625
9486120,45.34912109375
9486198,48.4619140625
9486278,43.212890625
9486442,44.49462890625
9486530,43.15185546875
9486701,42.6025390625
9486913,50.47607421875
9487299,41.68701171875
9576029,47.18017578125
9576066,52.734375
9576100,47.30224609375
9576132,65.7958984375
9576161,73.91357421875
9576174,44.73876953125
9576215,47.18017578125
9576247,47.4853515625
9576320,46.142578125
9576330,41.8701171875
9576369,43.3349609375
9576899,42.78564453125
9577371,43.27392578125
9716283,45.5322265625
9716311,63.720703125
9716339,45.71533203125
9716355,42.6025390625
9716378,70.068359375
9716402,45.71533203125
9716430,47.79052734375
9716446,48.03466796875
9716465,52.91748046875
9716487,50.29296875
9716532,42.8466796875
9716561,47.4853515625
9716876,46.630859375
9819205,46.142578125
9819215,46.875
9819230,48.9501953125
9819264,43.9453125
9819276,55.419921875
9819297,45.22705078125
9819309,54.74853515625
9819345,45.5322265625
9819360,44.0673828125
9819391,55.5419921875
9819424,42.724609375
9819470,45.59326171875
9819798,41.68701171875
9819980,45.0439453125
9820010,43.76220703125
9820520,43.39599609375
9878112,58.59375
9878148,46.5087890625
9878175,87.646484375
9878190,42.3583984375
9878230,42.3583984375
9878254,54.19921875
9878409,43.64013671875
9878476,56.5185546875
9878533,42.66357421875
9879257,41.56494140625
9879974,42.29736328125
10046645,44.49462890625
10046689,63.5986328125
10046714,71.47216796875
10046742,44.3115234375
10046752,47.36328125
10046784,48.88916015625
10046806,45.59326171875
10046832,54.01611328125
10046850,62.43896484375
10046864,46.20361328125
10046908,49.37744140625
10046951,44.00634765625
10047012,45.7763671875
10047050,45.41015625
10047216,43.212890625
10047263,45.8984375
10047789,43.3349609375
10048383,45.2880859375
10163527,47.2412109375
10163577,43.15185546875
10163594,68.84765625
10163619,43.27392578125
10163644,43.701171875
10163662,41.68701171875
10163676,41.68701171875
10163697,63.5986328125
10163734,45.8984375
10163749,47.607421875
10163790,45.59326171875
10163819,42.78564453125
10163865,55.60302734375
10163943,42.78564453125
10164175,46.0205078125
10252180,42.8466796875
10252982,47.607421875
10253004,43.64013671875
10253042,52.91748046875
10253053,69.27490234375
10253084,58.77685546875
10253137,53.28369140625
10253152,51.7578125
10253186,42.8466796875
10253215,49.8046875
10253230,45.71533203125
10253267,42.41943359375
10253329,41.6259765625
10253386,55.2978515625
10253442,47.2412109375
10253831,43.5791015625
10254218,46.5087890625
10413258,47.66845703125
10413288,52.91748046875
10413319,52.79541015625
10413333,42.3583984375
10413362,65.91796875
10413397,43.5791015625
10413415,41.6259765625
10413453,53.955078125
10413520,54.62646484375
10413557,51.69677734375
10413598,42.29736328125
10414399,45.654296875
10415258,42.78564453125
10516722,48.4619140625
10517517,46.32568359375
10517541,55.7861328125
10517587,52.24609375
10517611,48.40087890625
10517628,51.025390625
10517649,62.43896484375
10517686,46.5087890625
10517705,49.74365234375
10517732,44.12841796875
10517774,44.61669921875
10517795,43.5791015625
10517859,51.57470703125
10517917,41.68701171875
10517938,48.2177734375
10518027,41.68701171875
10518052,44.5556640625
10518555,46.69189453125
10600549,51.6357421875
10600581,48.095703125
10600595,60.48583984375
10600625,63.232421875
10600639,43.701171875
10600663,47.66845703125
10600688,50.537109375
10600699,54.62646484375
10600725,53.16162109375
10600751,50.84228515625
10600772,51.025390625
10600836,43.212890625
10600869,42.8466796875
10600917,44.677734375
10601016,45.166015625
10601119,45.10498046875
10627485,47.30224609375
10627503,43.27392578125
10627568,50.78125
10627582,58.16650390625
10627603,49.8046875
10627617,43.88427734375
10627656,49.072265625
10627683,47.79052734375
10627731,53.1005859375
10627767,43.701171875
10627913,47.119140625
10627938,43.45703125
10628347,45.10498046875
10628614,42.17529296875
10759392,48.33984375
10759413,43.15185546875
10759423,41.6259765625
10759454,46.630859375
10759487,49.4384765625
10759517,53.8330078125
10759529,46.630859375
10759557,46.875
10759594,51.20849609375
10759611,41.9921875
10759634,49.31640625
10759685,47.91259765625
10759784,47.607421875
10759882,41.80908203125
10761098,41.8701171875
10869547,44.677734375
10869586,56.45751953125
10869627,64.8193359375
10869659,77.69775390625
10869684,48.88916015625
10869713,44.37255859375
10869747,44.5556640625
10869767,47.4853515625
10869790,45.59326171875
10869815,43.0908203125
10870070,50.048828125
10870905,42.236328125
10871113,49.01123046875
11019684,46.38671875
11019728,43.64013671875
11019749,55.23681640625
11019785,42.05322265625
11019813,46.875
11019882,44.73876953125
11019904,46.9970703125
11019926,55.5419921875
11019981,41.93115234375
11020060,53.16162109375
11020192,45.47119140625
11020268,52.55126953125
11145499,42.724609375
11145544,66.0400390625
11145570,73.05908203125
11145597,64.8193359375
11145638,50.23193359375
11145654,64.0869140625
11145687,50.4150390625
11145743,48.88916015625
11145757,45.71533203125
11145776,45.59326171875
11145829,42.54150390625
11145925,44.0673828125
11145956,42.17529296875
11146650,43.212890625
11216380,49.98779296875
11216419,41.748046875
11216431,54.62646484375
11216455,56.21337890625
11216465,50.048828125
11216491,52.8564453125
11216537,47.36328125
11216549,67.07763671875
11216660,43.39599609375
11216743,49.86572265625
11216760,44.00634765625
11216990,42.48046875
11217056,41.56494140625
11217201,41.9921875
11217836,51.1474609375
11416985,47.4853515625
11417012,51.08642578125
11417038,48.27880859375
11417060,42.05322265625
11417100,53.5888671875
11417113,69.9462890625
11417173,43.27392578125
11417206,67.87109375
11417247,42.3583984375
11417474,43.51806640625
11521227,42.17529296875
11521257,47.36328125
11521299,73.2421875
11521317,46.93603515625
11521331,62.07275390625
11521406,49.86572265625
11521438,46.0205078125
11521449,58.2275390625
11521475,48.52294921875
11521491,52.06298828125
11521516,48.40087890625
11521537,45.654296875
11521552,45.0439453125
11521629,48.27880859375
11522014,42.8466796875
11565761,44.49462890625
11565772,59.26513671875
11565794,53.89404296875
11565813,44.86083984375
11565823,41.8701171875
11565838,56.640625
11565863,54.99267578125
11565897,45.654296875
11565943,49.86572265625
11565959,42.29736328125
11565985,47.30224609375
11566554,42.3583984375
11566646,42.66357421875
11566915,41.80908203125
11694760,59.9365234375
11694821,56.21337890625
11694885,46.08154296875
11694907,60.72998046875
11695018,42.05322265625
11695075,45.5322265625
11695581,42.54150390625
11725128,44.25048828125
11725151,55.419921875
11725200,64.51416015625
11725221,56.70166015625
11725251,54.8095703125
11725317,43.701171875
11725346,42.29736328125
11725371,48.27880859375
11725432,49.8046875
11725514,49.4384765625
11725573,44.3115234375
11725681,58.41064453125
11725878,51.81884765625
11726118,50.537109375
11726148,43.27392578125
11726694,43.0908203125
11843960,63.29345703125
11843995,67.138671875
11844012,42.3583984375
11844026,71.6552734375
11844051,66.34521484375
11844074,45.47119140625
11844094,43.45703125
11844157,48.4619140625
11844182,45.2880859375
11844339,42.17529296875
11844403,50.84228515625
11845279,43.51806640625
11890555,59.814453125
11890597,61.21826171875
11890615,57.43408203125
11890679,47.79052734375
11890708,51.08642578125
11890721,49.072265625
11890736,50.96435546875
11890761,43.5791015625
11890813,52.1240234375
11890875,48.7060546875
11890983,47.66845703125
11891021,45.83740234375
11891356,48.15673828125
11891466,41.68701171875
11908891,41.748046875
11908935,43.02978515625
11908966,49.8046875
11908979,59.08203125
11909027,44.7998046875
11909078,45.34912109375
11909203,47.30224609375
11909428,44.189453125
11909772,42.54150390625
11910173,46.81396484375
11962184,45.654296875
11962204,49.1943359375
11962216,46.0205078125
11962232,42.78564453125
11962257,53.40576171875
11962271,43.51806640625
11962319,42.29736328125
11962344,57.31201171875
11962357,43.212890625
11962446,43.0908203125
11962477,44.921875
11962498,49.9267578125
11962539,45.654296875
11962592,43.5791015625
11962922,43.27392578125
