11999000,0
1179,38.51318359375
1688,44.98291015625
2140,38.6962890625
2219,48.52294921875
2239,48.4619140625
2256,44.3115234375
2274,51.7578125
2312,41.68701171875
2339,51.69677734375
2350,40.34423828125
2369,48.52294921875
2422,39.00146484375
2453,42.54150390625
2485,46.7529296875
2496,48.828125
2694,39.55078125
94125,40.8935546875
94750,43.76220703125
95044,36.7431640625
95178,37.90283203125
95188,44.73876953125
95216,46.81396484375
95232,53.5888671875
95247,45.41015625
95276,53.1005859375
95295,45.5322265625
95312,43.8232421875
95331,56.15234375
95344,38.4521484375
95377,52.490234375
95394,39.12353515625
95419,48.03466796875
95444,48.52294921875
95480,38.2080078125
95574,36.9873046875
95687,39.55078125
96750,38.26904296875
97148,39.6728515625
158807,37.353515625
159742,39.306640625
161290,40.71044921875
161430,57.861328125
161441,39.9169921875
161487,42.6025390625
161501,69.64111328125
161521,62.43896484375
161541,43.701171875
161561,41.68701171875
161585,55.2978515625
161628,39.55078125
161660,39.306640625
161680,43.15185546875
161750,46.81396484375
161781,48.76708984375
161799,38.87939453125
161852,39.97802734375
161868,44.7998046875
163432,38.4521484375
247623,42.17529296875
340132,46.08154296875
340314,41.015625
340519,40.52734375
340556,38.02490234375
340638,37.41455078125
340653,43.02978515625
340698,38.6962890625
340726,36.92626953125
340752,79.52880859375
340764,42.29736328125
340787,49.31640625
340826,51.57470703125
340854,46.69189453125
340902,42.8466796875
340915,42.29736328125
340977,41.07666015625
342006,37.7197265625
342285,37.41455078125
361055,48.9501953125
362130,48.03466796875
362509,42.96875
362978,37.78076171875
363080,50.84228515625
363120,49.072265625
363182,48.2177734375
363198,45.41015625
363221,59.02099609375
363242,49.072265625
363283,40.34423828125
363409,39.55078125
363490,38.6962890625
363528,43.9453125
363767,39.306640625
452649,40.46630859375
453456,44.3115234375
597455,39.1845703125
598030,38.02490234375
598063,53.89404296875
598075,55.7861328125
598103,60.05859375
598136,36.80419921875
598146,38.39111328125
598181,44.0673828125
598195,41.19873046875
598237,56.0302734375
598258,48.76708984375
598288,39.36767578125
598315,37.4755859375
598404,39.306640625
599395,39.0625
599436,37.59765625
599856,37.9638671875
599895,39.73388671875
626648,37.2314453125
626824,44.00634765625
627087,45.0439453125
627290,37.53662109375
627318,43.64013671875
627330,37.59765625
627383,44.677734375
627416,42.05322265625
627430,38.2080078125
627459,44.86083984375
627473,50.35400390625
627516,39.00146484375
627709,37.7197265625
817694,38.63525390625
817979,42.29736328125
818089,47.91259765625
818139,41.259765625
818182,40.283203125
818210,37.90283203125
818244,38.14697265625
818263,44.25048828125
818286,39.48974609375
818324,39.4287109375
818371,37.2314453125
818381,36.7431640625
818541,38.87939453125
820245,49.37744140625
839661,41.015625
841306,50.537109375
841335,46.2646484375
841353,52.6123046875
841377,42.54150390625
841387,44.3115234375
841422,52.67333984375
841470,46.38671875
841549,42.724609375
841614,37.109375
841670,47.9736328125
841710,37.17041015625
841725,40.34423828125
841800,42.48046875
841922,36.865234375
1044347,46.2646484375
1044821,38.0859375
1044837,39.61181640625
1044862,44.49462890625
1044883,58.59375
1044904,51.26953125
1044923,46.2646484375
1044950,54.01611328125
1044962,54.0771484375
1044984,67.3828125
1044998,44.921875
1045030,44.73876953125
1045093,42.78564453125
1045141,39.61181640625
1045190,42.78564453125
1045323,38.4521484375
1045339,38.63525390625
1047219,37.17041015625
1047304,38.02490234375
1066052,40.6494140625
1066861,38.51318359375
1067120,40.771484375
1067139,58.28857421875
1067168,40.8935546875
1067206,38.57421875
1067225,39.97802734375
1067252,45.34912109375
1067272,44.73876953125
1067289,43.27392578125
1067354,37.4755859375
1067490,41.6259765625
1067543,37.59765625
1067554,41.19873046875
1067587,39.85595703125
1067686,40.6494140625
1067698,44.00634765625
1067884,40.71044921875
1298390,51.81884765625
1298609,44.5556640625
1298686,43.3349609375
1298721,45.8984375
1298740,55.6640625
1298781,50.10986328125
1298808,39.97802734375
1298818,39.4287109375
1298855,52.24609375
1298880,45.83740234375
1298890,46.56982421875
1298908,43.02978515625
1298948,40.771484375
1299018,44.00634765625
1299103,39.61181640625
1299191,38.14697265625
1300839,36.865234375
1300960,36.9873046875
1324042,37.17041015625
1324473,46.7529296875
1324520,39.00146484375
1324542,45.83740234375
1324557,50.84228515625
1324571,46.56982421875
1324595,41.50390625
1324624,37.65869140625
1324660,39.1845703125
1324672,42.6025390625
1324802,37.841796875
1324839,43.76220703125
1324872,38.6962890625
1325142,39.0625
1325368,38.14697265625
1325389,37.9638671875
1325418,39.6728515625
1325711,38.2080078125
1456192,38.330078125
1456628,39.00146484375
1457603,43.51806640625
1457691,36.9873046875
1457735,48.9501953125
1457751,39.48974609375
1457769,51.33056640625
1457816,45.71533203125
1457831,44.189453125
1457888,40.34423828125
1457902,40.52734375
1457920,54.5654296875
1457952,47.79052734375
1457976,40.95458984375
1458027,40.83251953125
1458053,49.98779296875
1458138,45.59326171875
1458273,37.90283203125
1459214,43.76220703125
1459689,41.3818359375
1555844,46.9970703125
1558527,41.50390625
1605157,37.4755859375
1605197,51.025390625
1605221,75.01220703125
1605262,40.71044921875
1605295,40.1611328125
1605342,42.78564453125
1605357,51.513671875
1605371,44.98291015625
1605390,74.15771484375
1605463,38.39111328125
1605531,40.771484375
1605634,39.48974609375
1605689,40.10009765625
1605728,36.92626953125
1605782,39.12353515625
1607255,38.63525390625
1607347,40.22216796875
1649340,51.26953125
1649830,50.4150390625
1717048,41.07666015625
1717451,37.2314453125
1717631,42.05322265625
1718014,46.38671875
1718092,41.19873046875
1800772,55.84716796875
1800833,44.43359375
1800854,49.74365234375
1800884,76.171875
1800916,43.27392578125
1800933,56.5185546875
1800959,62.1337890625
1800991,46.0205078125
1801063,37.78076171875
1801075,36.92626953125
1801105,37.78076171875
1801155,39.0625
1870280,37.9638671875
1871581,41.748046875
1872226,43.212890625
1872790,38.39111328125
1939732,40.4052734375
1940230,42.3583984375
1940248,53.1005859375
1940279,47.8515625
1940305,47.91259765625
1940318,39.12353515625
1940344,71.6552734375
1940368,63.90380859375
1940391,39.794921875
1940412,46.08154296875
1940443,39.97802734375
1940472,46.44775390625
1940482,44.43359375
1940605,37.53662109375
1941605,37.29248046875
2049810,39.55078125
2050403,41.32080078125
2050752,45.34912109375
2050789,39.4287109375
2050812,60.72998046875
2050866,36.7431640625
2050886,48.03466796875
2050904,47.54638671875
2050928,48.9501953125
2050938,45.10498046875
2051006,36.9873046875
2051052,38.57421875
2051082,38.39111328125
2051097,41.015625
2051245,37.04833984375
2052485,37.29248046875
2053008,42.54150390625
2105747,40.95458984375
2106139,38.75732421875
2106956,37.78076171875
2107165,46.875
2107177,67.93212890625
2107216,59.814453125
2107232,67.9931640625
2107268,52.734375
2107287,62.5
2107311,38.330078125
2107354,42.6025390625
2107371,43.15185546875
2107386,48.03466796875
2107419,38.9404296875
2107443,41.56494140625
2107492,39.97802734375
2107506,43.9453125
2107596,40.83251953125
2108569,38.0859375
2171713,40.1611328125
2172301,46.9970703125
2172337,51.81884765625
2172351,37.65869140625
2172379,51.025390625
2172399,58.77685546875
2172415,94.3603515625
2172429,48.095703125
2172445,37.17041015625
2172473,37.9638671875
2172483,46.32568359375
2172510,39.306640625
2172528,37.78076171875
2172549,55.23681640625
2172578,38.818359375
2172607,46.56982421875
2173889,36.80419921875
2174145,37.65869140625
2237024,38.75732421875
2238800,39.9169921875
2239562,40.1611328125
2239589,45.34912109375
2239605,45.2880859375
2239628,80.50537109375
2239656,40.6494140625
2239673,47.66845703125
2239695,57.6171875
2239718,38.63525390625
2239730,43.3349609375
2239774,45.34912109375
2239875,37.53662109375
2239913,37.53662109375
2240011,37.9638671875
2241566,39.55078125
2300953,37.78076171875
2302708,47.54638671875
2303611,37.65869140625
2383923,43.3349609375
2438409,38.330078125
2438902,39.6728515625
2439295,38.02490234375
2439642,40.8935546875
2439665,44.921875
2439686,46.2646484375
2439702,45.22705078125
2439716,39.6728515625
2439734,48.7060546875
2439748,52.91748046875
2439790,38.87939453125
2439813,45.10498046875
2439828,39.306640625
2439876,45.166015625
2439914,47.05810546875
2439924,42.236328125
2564007,39.55078125
2564444,44.921875
2564462,38.63525390625
2564975,40.83251953125
2565020,37.53662109375
2565073,42.41943359375
2565086,59.02099609375
2565125,54.6875
2565147,47.2412109375
2565188,46.142578125
2565201,45.7763671875
2565212,47.9736328125
2565240,41.93115234375
2565417,37.53662109375
2565479,50.96435546875
2567015,39.24560546875
2728945,37.65869140625
2731549,42.90771484375
2731887,44.98291015625
2732015,43.15185546875
2732038,46.142578125
2732086,48.9501953125
2732117,42.54150390625
2732143,47.66845703125
2732155,40.771484375
2732180,56.640625
2732212,50.048828125
2732251,39.73388671875
2732266,43.64013671875
2732402,38.63525390625
2733725,41.6259765625
2733931,36.92626953125
2812877,41.9921875
2813342,39.85595703125
2813748,38.14697265625
2814335,42.96875
2814551,49.4384765625
2814573,49.1943359375
2814595,40.71044921875
2814609,39.00146484375
2814630,38.330078125
2814659,50.10986328125
2814681,41.8701171875
2814711,56.2744140625
2814725,52.18505859375
2814766,46.20361328125
2814857,37.41455078125
2814894,40.71044921875
2814950,41.19873046875
2815004,40.46630859375
2816102,37.41455078125
2816474,38.330078125
2977435,39.306640625
2977461,39.12353515625
2977484,63.17138671875
2977508,52.3681640625
2977538,48.40087890625
2977562,49.86572265625
2977573,39.97802734375
2977593,45.71533203125
2977627,38.2080078125
2977664,52.6123046875
2977694,54.0771484375
2977707,47.66845703125
2977721,39.4287109375
2977753,38.0859375
2977837,38.51318359375
2977968,43.39599609375
2979220,39.306640625
2979404,41.07666015625
2979666,37.90283203125
3089119,39.73388671875
3089381,43.27392578125
3089391,39.48974609375
3089470,69.51904296875
3089486,45.654296875
3089515,51.08642578125
3089533,66.22314453125
3089558,45.5322265625
3089591,53.3447265625
3089603,39.4287109375
3089673,44.00634765625
3089690,38.63525390625
3089707,44.49462890625
3089754,50.23193359375
3089799,40.95458984375
3225448,38.57421875
3225639,42.96875
3225683,38.26904296875
3225717,42.3583984375
3225742,40.46630859375
3225767,50.35400390625
3225800,47.119140625
3225827,62.19482421875
3225849,55.11474609375
3225859,55.419921875
3225870,41.8701171875
3225885,47.18017578125
3225901,45.0439453125
3225965,36.9873046875
3226001,37.2314453125
3226033,37.841796875
3226051,41.44287109375
3323963,37.29248046875
3324019,58.10546875
3324040,46.142578125
3324086,60.546875
3324112,45.166015625
3324138,49.9267578125
3324153,41.50390625
3324193,39.36767578125
3324264,39.85595703125
3324286,37.41455078125
3324324,41.07666015625
3324402,37.2314453125
3324475,37.59765625
3644137,38.2080078125
3644242,40.0390625
3644256,40.8935546875
3644275,41.32080078125
3644292,46.2646484375
3644325,47.607421875
3644339,49.31640625
3644351,39.97802734375
3644367,42.1142578125
3644443,51.81884765625
3644471,50.1708984375
3644509,37.9638671875
3644548,42.05322265625
3644567,41.8701171875
3644721,45.22705078125
3644783,38.57421875
3645994,37.2314453125
3646990,37.90283203125
3668090,43.88427734375
3668104,50.47607421875
3668135,37.17041015625
3668158,38.818359375
3668176,38.14697265625
3668212,40.83251953125
3668223,37.04833984375
3668294,42.90771484375
3668324,44.3115234375
3668467,47.36328125
3668543,41.68701171875
3668613,37.841796875
3668683,38.14697265625
3668935,36.7431640625
3669263,37.29248046875
3928854,37.90283203125
3928939,64.5751953125
3928953,49.86572265625
3928973,42.41943359375
3929011,45.59326171875
3929035,52.8564453125
3929062,62.56103515625
3929082,43.212890625
3929103,42.6025390625
3929148,39.61181640625
3929168,42.54150390625
3929199,43.15185546875
3929262,37.65869140625
3929306,38.14697265625
3929655,36.7431640625
3930786,36.92626953125
3956479,42.1142578125
3956513,37.2314453125
3956535,46.9970703125
3956567,47.30224609375
3956584,43.5791015625
3956633,40.22216796875
3956647,37.29248046875
3956679,59.14306640625
3956694,37.53662109375
3956711,39.12353515625
3956728,40.8935546875
3956738,42.6025390625
3956801,51.81884765625
3956827,40.4052734375
3956956,52.1240234375
3957046,40.22216796875
3957149,40.0390625
3957275,37.41455078125
3959126,39.97802734375
4173793,41.015625
4173804,55.84716796875
4173832,47.9736328125
4173870,53.40576171875
4173886,40.83251953125
4173897,37.7197265625
4173930,42.3583984375
4173948,56.09130859375
4173985,49.13330078125
4173998,41.68701171875
4174048,43.5791015625
4174096,47.36328125
4174124,44.677734375
4174143,38.9404296875
4174244,38.0859375
4175426,36.92626953125
4302058,60.9130859375
4302073,43.76220703125
4302090,57.2509765625
4302115,61.09619140625
4302127,64.75830078125
4302158,41.56494140625
4302168,59.99755859375
4302204,54.8095703125
4302234,38.39111328125
4302264,57.861328125
4302281,43.15185546875
4302306,39.9169921875
4302337,47.36328125
4302469,37.59765625
4302491,37.2314453125
4502411,46.5087890625
4502427,49.13330078125
4502456,45.34912109375
4502468,41.56494140625
4502485,49.072265625
4502510,37.17041015625
4502538,58.04443359375
4502552,40.4052734375
4502572,48.095703125
4502587,43.9453125
4502609,57.2509765625
4502628,39.36767578125
4502644,39.55078125
4502674,46.875
4502842,37.59765625
4503020,37.59765625
4503663,37.9638671875
4504116,36.80419921875
4504165,40.52734375
4556500,38.02490234375
4556731,53.955078125
4556762,44.5556640625
4556805,37.7197265625
4556829,39.306640625
4556843,43.39599609375
4556896,41.259765625
4556937,43.5791015625
4556968,46.56982421875
4557038,39.306640625
4557124,44.3115234375
4557199,40.8935546875
4557210,36.865234375
4558088,43.02978515625
4646760,37.9638671875
4646777,37.17041015625
4646837,57.06787109375
4646861,41.32080078125
4646884,63.3544921875
4646922,45.10498046875
4646934,63.29345703125
4646956,41.19873046875
4646966,55.419921875
4646998,47.4853515625
4647030,39.6728515625
4647049,38.57421875
4647070,38.51318359375
4648304,37.04833984375
4710540,41.1376953125
4710573,37.65869140625
4710591,55.48095703125
4710603,44.00634765625
4710621,43.8232421875
4710640,37.29248046875
4710658,48.15673828125
4710668,59.38720703125
4710697,50.78125
4710728,37.7197265625
4710757,48.095703125
4710768,41.80908203125
4710794,39.306640625
4710814,41.44287109375
4710871,53.8330078125
4710919,53.89404296875
4710979,38.26904296875
4711098,41.56494140625
4711129,41.32080078125
4782286,44.12841796875
4782365,49.1943359375
4782378,47.54638671875
4782411,52.67333984375
4782427,37.4755859375
4782458,49.4384765625
4782477,42.6025390625
4782493,42.96875
4782517,40.0390625
4782545,41.19873046875
4782571,39.6728515625
4782622,38.26904296875
4782669,39.9169921875
4782736,42.90771484375
4782768,52.8564453125
4783682,38.4521484375
4784223,39.00146484375
4851685,39.61181640625
4851699,40.52734375
4851715,38.02490234375
4851744,51.20849609375
4851762,61.4013671875
4851782,45.34912109375
4851798,53.7109375
4851821,47.18017578125
4851839,48.2177734375
4851855,46.2646484375
4851931,45.59326171875
4851943,39.4287109375
4851958,39.73388671875
4852000,39.1845703125
4852056,41.19873046875
4852078,38.4521484375
4852145,37.841796875
4853411,45.654296875
4923956,43.15185546875
4924162,48.64501953125
4924180,55.48095703125
4924244,40.58837890625
4924265,44.43359375
4924304,37.7197265625
4924321,44.61669921875
4924342,54.443359375
4924363,38.6962890625
4924487,39.48974609375
4924655,37.29248046875
4925594,39.12353515625
4925722,37.04833984375
4925808,38.818359375
4994140,37.65869140625
4994370,43.64013671875
4994401,50.537109375
4994412,37.4755859375
4994447,43.51806640625
4994465,54.01611328125
4994480,51.025390625
4994498,41.1376953125
4994523,57.43408203125
4994551,52.490234375
4994574,40.22216796875
4994598,42.1142578125
4994619,38.51318359375
4994636,37.4755859375
4994680,42.05322265625
4994736,49.13330078125
4995030,42.41943359375
5059401,39.48974609375
5059431,48.33984375
5059441,40.771484375
5059464,43.45703125
5059482,48.40087890625
5059499,42.3583984375
5059523,49.8046875
5059538,37.841796875
5059583,48.40087890625
5059595,49.4384765625
5059637,49.31640625
5059663,37.78076171875
5061055,39.1845703125
5061763,38.818359375
5126481,39.61181640625
5126833,40.283203125
5126846,59.14306640625
5126863,37.109375
5126875,39.306640625
5126925,40.10009765625
5126944,43.76220703125
5126976,42.48046875
5126988,41.44287109375
5127008,40.83251953125
5127040,42.96875
5127060,44.0673828125
5127072,50.048828125
5127119,40.22216796875
5127165,37.4755859375
5127233,41.93115234375
5127288,42.48046875
5127345,41.19873046875
5193828,45.71533203125
5194904,37.65869140625
5256927,37.29248046875
5257057,37.41455078125
5257101,50.048828125
5257126,43.9453125
5257153,42.8466796875
5257184,38.51318359375
5257215,53.7109375
5257240,51.94091796875
5257300,45.166015625
5257332,57.4951171875
5257359,40.46630859375
5257385,37.78076171875
5257665,39.6728515625
5418480,49.4384765625
5419226,37.29248046875
5419578,40.283203125
5419847,50.9033203125
5419898,54.50439453125
5419942,55.35888671875
5419966,58.77685546875
5419980,41.56494140625
5420006,46.32568359375
5420035,39.794921875
5420054,47.9736328125
5420074,39.6728515625
5420086,51.81884765625
5420121,50.72021484375
5420140,54.19921875
5420172,50.4150390625
5420296,39.85595703125
5559459,38.75732421875
5559500,51.33056640625
5559512,49.49951171875
5559537,59.5703125
5559568,57.6171875
5559591,45.59326171875
5559627,62.68310546875
5559638,51.08642578125
5559659,64.88037109375
5559683,47.54638671875
5559693,65.73486328125
5559714,40.771484375
5559735,54.74853515625
5559763,40.83251953125
5559831,48.828125
5559928,38.14697265625
5559983,42.78564453125
5664218,44.7998046875
5664319,37.53662109375
5664349,52.978515625
5664372,51.8798828125
5664401,43.701171875
5664425,45.34912109375
5664451,47.607421875
5664465,38.14697265625
5664478,42.6025390625
5664507,53.466796875
5664536,48.88916015625
5664559,44.3115234375
5664623,37.4755859375
5664642,39.61181640625
5664655,43.701171875
5664768,41.07666015625
5666223,37.41455078125
5666411,36.80419921875
5815028,39.1845703125
5815038,42.8466796875
5815067,57.55615234375
5815094,38.6962890625
5815117,44.98291015625
5815142,52.91748046875
5815158,46.9970703125
5815204,51.025390625
5815234,47.18017578125
5815257,45.71533203125
5815287,48.4619140625
5815310,44.12841796875
5815359,45.10498046875
5815917,38.51318359375
5816380,42.66357421875
5835099,38.75732421875
5835354,38.0859375
5835389,44.98291015625
5835420,45.83740234375
5835431,42.1142578125
5835451,41.93115234375
5835477,38.39111328125
5835503,41.3818359375
5835526,42.96875
5835551,38.818359375
5835569,41.1376953125
5835585,61.58447265625
5835617,40.58837890625
5835645,38.6962890625
5835673,37.4755859375
5835725,40.22216796875
5835870,39.306640625
5836011,40.46630859375
5836919,36.92626953125
5919892,50.1708984375
5920318,42.54150390625
5920357,45.34912109375
5920513,97.96142578125
5920538,41.93115234375
5920563,49.1943359375
5920588,41.748046875
5920608,52.3681640625
5920626,37.41455078125
5920652,37.353515625
5920700,51.7578125
5920731,40.283203125
5920762,37.59765625
5920777,55.7861328125
5920811,59.99755859375
5920878,38.63525390625
5920933,38.26904296875
5922695,37.29248046875
5953341,37.17041015625
5953376,40.10009765625
5953675,46.56982421875
5953706,52.734375
5953727,40.83251953125
5953748,40.58837890625
5953798,39.24560546875
5953819,43.39599609375
5953829,43.02978515625
5953873,40.4052734375
5953889,37.17041015625
5953913,50.84228515625
5953965,37.41455078125
5954353,37.65869140625
5955001,37.109375
5955280,36.865234375
6028770,37.78076171875
6029069,47.54638671875
6029093,47.18017578125
6029113,52.3681640625
6029134,46.32568359375
6029155,37.2314453125
6029175,42.29736328125
6029207,46.69189453125
6029235,42.96875
6029258,50.59814453125
6029271,52.55126953125
6029313,40.4052734375
6029346,41.6259765625
6029359,40.771484375
6029385,38.2080078125
6029580,38.63525390625
6030336,38.0859375
6030494,38.87939453125
6030951,37.7197265625
6092574,37.41455078125
6094813,47.30224609375
6288571,42.41943359375
6288583,41.56494140625
6288599,53.77197265625
6288621,56.2744140625
6288640,56.7626953125
6288653,44.5556640625
6288676,70.1904296875
6288704,61.58447265625
6288721,55.48095703125
6288770,36.865234375
6288883,46.81396484375
6288895,43.5791015625
6288958,37.04833984375
6289029,41.68701171875
6289931,41.015625
6312943,40.71044921875
6313055,42.29736328125
6313097,38.57421875
6313116,43.9453125
6313150,74.462890625
6313165,40.83251953125
6313192,48.03466796875
6313273,38.39111328125
6313307,41.19873046875
6313331,44.189453125
6313350,44.37255859375
6313446,37.17041015625
6313554,37.65869140625
6313649,36.92626953125
6394363,37.29248046875
6395591,47.8515625
6396202,48.03466796875
6396221,44.25048828125
6396274,37.2314453125
6396305,45.654296875
6396318,41.259765625
6396355,40.95458984375
6396368,53.1005859375
6396386,49.62158203125
6396414,37.29248046875
6396428,36.9873046875
6396441,38.57421875
6396451,46.5087890625
6396468,39.4287109375
6396486,46.2646484375
6396602,39.61181640625
6396658,36.7431640625
6596837,47.119140625
6596975,41.8701171875
6597040,62.744140625
6597069,52.91748046875
6597103,39.55078125
6597140,39.9169921875
6597154,49.01123046875
6597185,52.1240234375
6597218,45.71533203125
6597243,39.4287109375
6597255,54.6875
6597317,47.36328125
6597357,36.92626953125
6597606,36.92626953125
6598623,38.51318359375
6666940,39.0625
6667050,37.109375
6667487,46.9970703125
6667776,36.92626953125
6667849,40.95458984375
6667877,37.841796875
6667900,48.095703125
6667927,42.17529296875
6667937,46.630859375
6667965,51.513671875
6667985,52.978515625
6668010,50.96435546875
6668023,47.4853515625
6668054,57.92236328125
6668076,48.15673828125
6668086,43.3349609375
6668114,37.59765625
6668195,44.3115234375
6668224,37.841796875
6668247,37.29248046875
6668967,38.26904296875
6746875,42.54150390625
6747089,64.88037109375
6747099,43.27392578125
6747110,47.54638671875
6747140,60.1806640625
6747154,41.1376953125
6747168,40.83251953125
6747197,39.1845703125
6747211,48.583984375
6747264,39.6728515625
6747293,41.748046875
6747312,40.6494140625
6802293,43.212890625
6802331,55.6640625
6802373,56.0302734375
6802402,38.0859375
6802434,48.9501953125
6802444,44.921875
6802476,45.47119140625
6802496,44.86083984375
6802518,44.677734375
6802546,37.53662109375
6802574,37.90283203125
6802603,40.46630859375
6802651,41.748046875
6802778,41.32080078125
6803005,39.306640625
6803060,40.34423828125
6803477,37.9638671875
6803609,38.9404296875
6836251,36.7431640625
6895967,44.677734375
6896020,58.349609375
6896037,36.9873046875
6896061,49.98779296875
6896085,47.79052734375
6896119,47.7294921875
6896146,81.35986328125
6896166,37.4755859375
6896184,46.20361328125
6896217,38.14697265625
6896229,49.072265625
6896293,39.55078125
6896319,40.95458984375
6896561,37.29248046875
6896634,40.4052734375
6897470,38.330078125
6913104,37.841796875
6913255,37.4755859375
6913328,41.68701171875
6913344,41.80908203125
6913368,53.8330078125
6913390,38.330078125
6913443,37.41455078125
6913462,39.61181640625
6913488,54.99267578125
6913525,37.78076171875
6913582,39.00146484375
6913741,37.109375
6913856,43.39599609375
7091757,42.1142578125
7092306,37.353515625
7092326,50.59814453125
7092353,41.8701171875
7092371,43.5791015625
7092381,41.80908203125
7092397,42.54150390625
7092438,47.42431640625
7092462,43.88427734375
7092488,42.05322265625
7092527,41.1376953125
7092596,38.2080078125
7092623,36.865234375
7092805,40.52734375
7093557,40.52734375
7094613,38.02490234375
7118672,42.54150390625
7119577,38.39111328125
7119598,54.13818359375
7119628,42.6025390625
7119648,41.19873046875
7119687,39.24560546875
7119747,45.166015625
7119808,37.29248046875
7119819,39.36767578125
7119858,37.7197265625
7119923,37.841796875
7238956,44.98291015625
7239040,36.92626953125
7239073,39.9169921875
7239095,58.41064453125
7239121,42.1142578125
7239148,42.236328125
7239197,39.306640625
7239208,59.5703125
7239222,50.78125
7239237,38.0859375
7239266,42.3583984375
7239281,43.39599609375
7239316,45.34912109375
7239351,39.6728515625
7239361,37.9638671875
7239511,47.7294921875
7240536,41.32080078125
7241261,38.6962890625
7241369,42.48046875
7262035,38.39111328125
7262381,45.166015625
7262400,41.19873046875
7262411,38.57421875
7262445,59.38720703125
7262466,39.12353515625
7262494,38.818359375
7262506,46.69189453125
7262530,53.3447265625
7262561,64.3310546875
7262600,38.02490234375
7262675,37.17041015625
7262695,48.7060546875
7262720,41.19873046875
7262797,42.17529296875
7263005,39.12353515625
7322763,40.771484375
7323523,37.353515625
7323545,39.794921875
7323575,54.3212890625
7323597,42.90771484375
7323623,65.36865234375
7323657,44.00634765625
7323685,39.9169921875
7323699,54.931640625
7323720,44.7998046875
7323748,54.26025390625
7323770,39.00146484375
7323782,52.1240234375
7323857,37.7197265625
7323921,47.18017578125
7323941,39.73388671875
7345894,37.41455078125
7345955,51.6357421875
7345983,43.212890625
7346022,38.63525390625
7346034,40.58837890625
7346069,38.14697265625
7346087,38.9404296875
7346157,42.05322265625
7346288,37.9638671875
7346346,37.41455078125
7346733,40.0390625
7347679,40.771484375
7573283,41.6259765625
7573449,49.01123046875
7573497,39.55078125
7573516,44.37255859375
7573545,50.72021484375
7573559,47.119140625
7573589,44.0673828125
7573612,51.33056640625
7573624,43.9453125
7573635,43.45703125
7573650,43.3349609375
7573683,42.41943359375
7574890,37.53662109375
7575487,37.53662109375
7663604,38.39111328125
7663621,44.7998046875
7663661,52.91748046875
7663673,37.109375
7663692,48.15673828125
7663716,54.931640625
7663752,57.92236328125
7663765,49.98779296875
7663804,42.724609375
7663840,38.57421875
7663853,47.42431640625
7663889,41.9921875
7663922,40.83251953125
7663974,39.306640625
7664027,40.34423828125
7665590,39.1845703125
7681817,42.3583984375
7681869,40.4052734375
7681917,38.51318359375
7681941,41.32080078125
7681957,68.9697265625
7682000,43.701171875
7682039,50.048828125
7682054,40.0390625
7682065,37.41455078125
7682124,38.51318359375
7682530,36.92626953125
7682782,37.841796875
7753640,40.71044921875
7754245,36.865234375
7754318,48.88916015625
7754352,42.6025390625
7754373,48.64501953125
7754407,47.2412109375
7754431,53.28369140625
7754489,37.841796875
7754499,62.744140625
7754510,50.10986328125
7754538,48.52294921875
7754782,41.07666015625
7754969,37.29248046875
7755933,39.24560546875
7819891,40.83251953125
7820404,52.30712890625
7820441,45.5322265625
7820462,43.02978515625
7820485,38.4521484375
7820495,41.80908203125
7820520,44.12841796875
7820554,42.1142578125
7820575,59.08203125
7820629,42.8466796875
7820642,51.26953125
7820717,38.63525390625
7820805,48.64501953125
7910054,48.27880859375
7910305,41.56494140625
7910327,69.64111328125
7910355,57.4951171875
7910379,55.0537109375
7910404,41.6259765625
7910422,41.3818359375
7910446,43.51806640625
7910480,44.12841796875
7910497,37.78076171875
7910516,47.54638671875
7910530,38.75732421875
7910561,38.9404296875
7910587,39.9169921875
7910600,47.91259765625
7910639,37.7197265625
7910655,42.6025390625
7910672,40.8935546875
7911698,39.1845703125
7984873,51.1474609375
7984891,55.5419921875
7984903,42.3583984375
7984922,55.60302734375
7984956,40.1611328125
7985000,39.1845703125
7985010,54.87060546875
7985026,41.07666015625
7985067,62.6220703125
7985086,38.2080078125
7985112,56.15234375
7985139,45.41015625
7985151,37.109375
7985176,36.92626953125
7985216,47.119140625
7985468,36.9873046875
7985867,38.26904296875
7987517,38.818359375
8052058,50.29296875
8052073,48.03466796875
8052094,40.10009765625
8052139,43.3349609375
8052172,44.98291015625
8052204,53.22265625
8052265,36.865234375
8052340,41.259765625
8052389,37.9638671875
8052430,38.02490234375
8052451,44.61669921875
8053813,36.80419921875
8053977,42.6025390625
8143382,52.1240234375
8143459,51.69677734375
8143475,53.955078125
8143534,42.724609375
8143544,46.93603515625
8143572,39.4287109375
8143600,39.6728515625
8143644,57.2509765625
8143665,47.05810546875
8143696,41.80908203125
8143737,37.109375
8143752,42.29736328125
8143892,49.31640625
8145025,38.330078125
8221619,38.75732421875
8221644,59.5703125
8221669,44.25048828125
8221719,51.45263671875
8221740,42.724609375
8221787,46.20361328125
8221813,40.283203125
8221846,38.63525390625
8221886,40.34423828125
8221906,36.9873046875
8222033,40.58837890625
8244606,41.9921875
8244692,59.2041015625
8244734,39.97802734375
8244754,40.8935546875
8244770,43.45703125
8244797,41.1376953125
8244820,44.43359375
8244856,38.57421875
8244879,39.00146484375
8244917,46.875
8244974,43.8232421875
8245033,42.05322265625
8245059,38.0859375
8245226,36.9873046875
8325235,40.83251953125
8434094,41.56494140625
8434285,51.45263671875
8434305,46.142578125
8434329,52.30712890625
8434366,56.82373046875
8434408,45.71533203125
8434436,43.27392578125
8434483,38.9404296875
8434500,44.49462890625
8434532,39.55078125
8434574,39.00146484375
8434732,36.9873046875
8457735,41.68701171875
8457791,45.59326171875
8457805,41.93115234375
8457832,51.3916015625
8457844,36.80419921875
8457903,45.2880859375
8457937,42.3583984375
8457986,47.54638671875
8458032,37.7197265625
8458048,42.1142578125
8458131,41.6259765625
8458268,36.9873046875
8458307,40.22216796875
8458424,48.64501953125
8458651,37.41455078125
8560910,42.41943359375
8561166,37.353515625
8561455,36.92626953125
8561498,38.51318359375
8561658,37.109375
8561686,52.18505859375
8561707,54.01611328125
8561781,49.6826171875
8561798,45.2880859375
8561818,49.13330078125
8561841,37.17041015625
8561864,45.83740234375
8561916,39.24560546875
8561956,51.94091796875
8561971,46.44775390625
8562018,36.7431640625
8578776,40.771484375
8578786,41.32080078125
8578843,37.17041015625
8578922,42.8466796875
8579018,41.56494140625
8579109,45.47119140625
8579140,39.97802734375
8579242,42.48046875
8579258,49.01123046875
8579428,45.0439453125
8579831,38.14697265625
8662320,43.76220703125
8663276,44.5556640625
8664123,53.52783203125
8664147,45.7763671875
8664162,51.20849609375
8664184,51.57470703125
8664223,52.978515625
8664250,41.19873046875
8664288,43.02978515625
8664315,55.6640625
8664328,63.232421875
8664355,39.36767578125
8664420,39.97802734375
8664512,43.45703125
8664580,43.15185546875
8735715,40.46630859375
8736524,58.65478515625
8736546,58.10546875
8736565,38.26904296875
8736600,39.24560546875
8736612,59.75341796875
8736641,52.55126953125
8736654,40.22216796875
8736676,52.91748046875
8736693,42.236328125
8736739,45.10498046875
8736778,45.59326171875
8736835,42.29736328125
8736868,37.7197265625
8736918,37.90283203125
8737047,36.9873046875
8738230,39.97802734375
8810173,41.3818359375
8811559,40.10009765625
8811835,44.00634765625
8811858,39.12353515625
8811908,41.748046875
8811920,50.29296875
8811945,40.71044921875
8811968,37.9638671875
8811983,52.91748046875
8812009,41.80908203125
8812035,65.4296875
8812066,41.19873046875
8812086,52.30712890625
8812104,39.0625
8812121,47.9736328125
8812205,36.865234375
8812244,36.9873046875
8888332,44.189453125
8889363,40.283203125
9014320,40.6494140625
9014417,50.4150390625
9014463,46.38671875
9014491,43.0908203125
9014511,54.62646484375
9014529,61.767578125
9014556,56.5185546875
9014567,42.48046875
9014596,37.53662109375
9014614,49.01123046875
9014644,44.98291015625
9014677,49.25537109375
9014698,39.85595703125
9014723,50.10986328125
9014741,38.39111328125
9014802,48.03466796875
9014823,37.78076171875
9014840,37.41455078125
9014975,39.12353515625
9042066,38.818359375
9042214,39.0625
9043682,37.59765625
9043865,48.4619140625
9043905,41.1376953125
9043939,56.2744140625
9043953,48.03466796875
9043974,38.87939453125
9044018,42.54150390625
9044060,40.22216796875
9044111,39.12353515625
9044134,39.48974609375
9044179,36.7431640625
9044272,39.85595703125
9044398,36.9873046875
9044421,40.83251953125
9044448,42.54150390625
9045025,37.41455078125
9045639,37.353515625
9104553,42.6025390625
9104952,38.2080078125
9105127,47.91259765625
9105360,39.6728515625
9105386,59.02099609375
9105408,46.81396484375
9105433,45.166015625
9105468,51.20849609375
9105484,49.98779296875
9105528,38.4521484375
9105564,42.05322265625
9105607,47.79052734375
9105626,37.90283203125
9105669,40.6494140625
9105730,40.6494140625
9105742,39.73388671875
9105784,39.0625
9105815,40.4052734375
9105861,37.29248046875
9105911,39.1845703125
9105926,42.724609375
9208130,40.58837890625
9209254,36.80419921875
9209282,69.88525390625
9209358,47.607421875
9209382,45.2880859375
9209400,42.17529296875
9209436,40.83251953125
9209480,40.8935546875
9209515,41.80908203125
9209607,38.51318359375
9237102,38.0859375
9237288,37.17041015625
9237486,38.4521484375
9237508,37.90283203125
9237552,39.36767578125
9237571,47.18017578125
9237588,49.13330078125
9237613,48.583984375
9237643,48.76708984375
9237704,40.10009765625
9237736,43.45703125
9237766,42.29736328125
9237783,37.59765625
9237841,39.1845703125
9237895,49.49951171875
9238009,39.36767578125
9238051,37.90283203125
9238103,43.39599609375
9238225,42.66357421875
9239111,40.83251953125
9305528,43.15185546875
9307047,39.00146484375
9307572,39.00146484375
9307678,36.9873046875
9307696,64.5751953125
9307718,53.03955078125
9307738,66.22314453125
9307763,51.81884765625
9307778,50.9033203125
9307803,38.2080078125
9307831,48.64501953125
9307841,39.00146484375
9307874,41.015625
9307893,47.54638671875
9307926,39.61181640625
9307951,51.20849609375
9372333,37.2314453125
9485543,45.10498046875
9485761,44.49462890625
9485780,38.02490234375
9485808,43.64013671875
9485841,38.9404296875
9485887,50.048828125
9485898,52.490234375
9485954,49.13330078125
9486003,45.5322265625
9486068,40.71044921875
9486094,41.1376953125
9487391,43.02978515625
9574346,40.83251953125
9575013,57.31201171875
9575541,39.794921875
9575976,47.66845703125
9576005,51.08642578125
9576039,38.9404296875
9576066,45.95947265625
9576085,55.0537109375
9576110,37.4755859375
9576146,37.90283203125
9576185,41.56494140625
9576199,40.46630859375
9576286,41.9921875
9715812,37.4755859375
9715907,43.39599609375
9716194,54.8095703125
9716230,44.25048828125
9716254,46.56982421875
9716276,49.49951171875
9716287,55.908203125
9716315,42.3583984375
9716373,42.66357421875
9716385,40.10009765625
9716397,46.0205078125
9716422,46.2646484375
9716459,43.27392578125
9716521,36.92626953125
9718088,47.30224609375
9818805,39.00146484375
9819136,39.97802734375
9819147,45.83740234375
9819215,54.38232421875
9819231,51.1474609375
9819264,38.02490234375
9819279,53.03955078125
9819309,50.35400390625
9819330,37.29248046875
9819387,41.19873046875
9819425,39.24560546875
9819449,37.7197265625
9820615,37.41455078125
9820921,39.97802734375
9877254,38.0859375
9877788,40.283203125
9878032,40.771484375
9878061,57.861328125
9878094,37.04833984375
9878113,46.44775390625
9878145,41.68701171875
9878165,39.73388671875
9878218,43.701171875
9878262,41.015625
9878286,46.93603515625
9878314,43.8232421875
9878486,38.02490234375
9878523,37.841796875
10046340,43.51806640625
10046439,43.39599609375
10046555,42.3583984375
10046579,45.0439453125
10046596,37.7197265625
10046620,55.419921875
10046640,41.9921875
10046663,57.43408203125
10046698,53.955078125
10046710,67.44384765625
10046747,43.51806640625
10046770,50.6591796875
10046809,40.283203125
10046894,43.9453125
10046923,37.65869140625
10046968,52.55126953125
10161368,41.8701171875
10163459,54.99267578125
10163514,45.34912109375
10163536,42.66357421875
10163550,42.41943359375
10163571,37.90283203125
10163594,39.61181640625
10163614,57.7392578125
10163648,39.55078125
10163693,39.9169921875
10163737,37.53662109375
10163805,42.236328125
10165568,38.39111328125
10252416,45.47119140625
10252946,44.0673828125
10253027,39.55078125
10253040,54.931640625
10253068,39.24560546875
10253084,43.51806640625
10253095,44.86083984375
10253108,49.25537109375
10253131,54.74853515625
10253166,44.0673828125
10253197,43.02978515625
10253210,42.05322265625
10253284,38.02490234375
10253336,44.189453125
10253393,38.51318359375
10255602,36.80419921875
10412997,40.283203125
10413091,40.10009765625
10413176,51.1474609375
10413194,40.46630859375
10413229,44.37255859375
10413261,41.68701171875
10413283,52.6123046875
10413319,37.41455078125
10413332,47.36328125
10413361,41.80908203125
10413375,51.45263671875
10413398,52.6123046875
10413425,39.1845703125
10413466,39.1845703125
10413506,36.92626953125
10413530,42.236328125
10517586,41.259765625
10517625,41.80908203125
10517641,39.794921875
10517662,39.48974609375
10517712,39.0625
10517740,39.55078125
10517750,38.330078125
10517772,37.78076171875
10517807,43.45703125
10517880,44.5556640625
10599936,45.5322265625
10600462,44.7998046875
10600521,53.22265625
10600557,41.80908203125
10600589,47.18017578125
10600600,54.26025390625
10600626,56.21337890625
10600638,43.212890625
10600676,39.12353515625
10600688,49.74365234375
10600796,40.46630859375
10600886,43.39599609375
10627201,37.841796875
10627400,50.048828125
10627423,36.7431640625
10627450,38.330078125
10627477,50.35400390625
10627498,47.79052734375
10627526,40.58837890625
10627554,39.9169921875
10627593,41.56494140625
10627613,50.35400390625
10627628,41.015625
10627645,38.4521484375
10627685,64.94140625
10627709,37.29248046875
10627735,47.42431640625
10627791,44.37255859375
10627824,41.259765625
10628247,37.65869140625
10759493,40.83251953125
10759527,41.68701171875
10759539,56.640625
10759550,56.640625
10759578,45.7763671875
10759603,61.46240234375
10759622,56.5185546875
10759637,44.25048828125
10759650,47.66845703125
10759667,44.37255859375
10759700,38.818359375
10759713,55.5419921875
10759739,38.330078125
10759866,41.50390625
10759964,39.97802734375
10760022,38.14697265625
10869492,39.48974609375
10869511,44.86083984375
10869546,38.2080078125
10869562,41.68701171875
10869573,40.283203125
10869593,38.818359375
10869642,49.62158203125
10869672,43.0908203125
10869693,37.4755859375
10869720,44.37255859375
10869731,39.24560546875
10869759,39.36767578125
10869781,57.12890625
10869793,37.17041015625
10869848,41.68701171875
10869878,42.48046875
10869970,37.353515625
10870038,38.0859375
11019777,43.51806640625
11019803,46.5087890625
11019824,67.56591796875
11019863,51.7578125
11019875,37.04833984375
11019885,39.85595703125
11019911,45.22705078125
11019944,50.35400390625
11019974,62.68310546875
11019994,46.20361328125
11020033,51.6357421875
11020278,38.02490234375
11145136,44.7998046875
11145433,44.73876953125
11145465,50.78125
11145493,47.2412109375
11145533,64.63623046875
11145568,57.0068359375
11145589,39.36767578125
11145615,53.955078125
11145633,44.61669921875
11145670,45.8984375
11145683,44.7998046875
11145844,39.48974609375
11145919,38.9404296875
11145933,36.7431640625
11146363,40.83251953125
11147316,38.4521484375
11147562,41.93115234375
11216331,48.7060546875
11216379,37.109375
11216424,41.93115234375
11216447,43.51806640625
11216478,44.37255859375
11216501,43.64013671875
11216537,40.52734375
11216555,37.65869140625
11216623,39.85595703125
11216637,40.58837890625
11216660,51.57470703125
11216781,43.45703125
11217176,39.73388671875
11416838,37.109375
11416936,57.67822265625
11416954,52.30712890625
11416977,52.978515625
11417002,43.8232421875
11417035,56.33544921875
11417048,64.208984375
11417094,36.92626953125
11417127,40.10009765625
11417149,37.53662109375
11417161,37.29248046875
11417177,40.6494140625
11417210,39.24560546875
11417232,41.32080078125
11417301,39.9169921875
11417328,38.39111328125
11521179,64.697265625
11521210,46.69189453125
11521229,38.39111328125
11521239,38.4521484375
11521280,44.49462890625
11521293,58.9599609375
11521319,51.26953125
11521329,40.4052734375
11521363,42.96875
11521397,37.65869140625
11521459,37.29248046875
11521490,37.2314453125
11565249,42.48046875
11565652,37.4755859375
11565680,46.7529296875
11565699,55.48095703125
11565728,38.818359375
11565778,55.7861328125
11565790,42.17529296875
11565802,43.15185546875
11565819,48.64501953125
11565957,46.81396484375
11566169,37.9638671875
11566958,37.41455078125
11694637,44.677734375
11694676,44.98291015625
11694688,65.97900390625
11694716,43.701171875
11694749,61.21826171875
11694783,39.85595703125
11694802,47.8515625
11694819,43.02978515625
11694833,40.8935546875
11694871,39.55078125
11694906,41.1376953125
11694931,38.51318359375
11694948,41.3818359375
11694967,51.94091796875
11694987,44.43359375
11695014,39.9169921875
11695092,47.2412109375
11695449,37.65869140625
11724339,37.2314453125
11724949,36.92626953125
11725042,42.54150390625
11725062,52.67333984375
11725106,37.7197265625
11725137,46.142578125
11725148,38.39111328125
11725187,37.59765625
11725201,52.6123046875
11725221,37.841796875
11725279,41.015625
11725308,42.41943359375
11725323,41.3818359375
11725368,37.109375
11725424,37.2314453125
11725461,38.87939453125
11725529,38.4521484375
11725604,50.59814453125
11727297,36.9873046875
11843843,42.724609375
11843864,68.9697265625
11843874,39.1845703125
11843906,41.3818359375
11843936,43.02978515625
11843966,47.54638671875
11844002,38.87939453125
11844026,39.1845703125
11844048,50.048828125
11844113,42.1142578125
11844172,37.2314453125
11844296,46.142578125
11890333,37.59765625
11890431,44.86083984375
11890447,38.39111328125
11890470,53.466796875
11890480,67.626953125
11890505,40.1611328125
11890535,59.02099609375
11890557,45.47119140625
11890577,46.69189453125
11890622,51.20849609375
11890690,38.818359375
11890725,37.90283203125
11890751,39.4287109375
11890764,40.52734375
11890833,44.00634765625
11891797,37.53662109375
11908796,39.24560546875
11908840,37.29248046875
11908861,38.6962890625
11908878,54.19921875
11908918,38.39111328125
11908980,40.34423828125
11909003,36.80419921875
11909016,48.40087890625
11909258,37.109375
11909280,37.53662109375
11909398,36.92626953125
11961706,46.56982421875
11962051,43.02978515625
11962070,39.306640625
11962098,46.875
11962118,40.71044921875
11962135,43.39599609375
11962168,40.0390625
11962201,43.27392578125
11962214,40.8935546875
11962239,37.841796875
11962299,36.92626953125
11962326,47.05810546875
11962377,48.52294921875
11962407,38.4521484375
11962426,47.4853515625
11962480,39.48974609375
11962697,37.9638671875
