11999000,0
2179,36.1328125
2198,43.5791015625
2223,38.818359375
2233,39.9169921875
2263,49.560546875
2288,60.791015625
2312,47.05810546875
2330,52.18505859375
2346,46.08154296875
2372,37.9638671875
2451,49.49951171875
2471,41.3818359375
2540,36.7431640625
2578,36.19384765625
2631,38.75732421875
2701,46.81396484375
2904,40.6494140625
2987,43.27392578125
3089,36.56005859375
3110,37.78076171875
3353,39.4287109375
3612,52.24609375
3719,43.51806640625
3918,39.00146484375
4251,35.82763671875
6121,35.888671875
94947,38.2080078125
95166,53.16162109375
95177,50.1708984375
95205,42.41943359375
95230,43.88427734375
95242,66.650390625
95282,52.490234375
95299,48.76708984375
95315,46.7529296875
95346,65.49072265625
95391,35.82763671875
95411,35.70556640625
95586,39.55078125
95604,36.56005859375
95720,46.20361328125
95733,41.44287109375
95840,36.4990234375
95944,51.1474609375
96312,39.36767578125
96475,36.865234375
96645,49.4384765625
96844,46.0205078125
97166,36.376953125
97220,42.29736328125
97372,44.43359375
97526,35.64453125
97658,41.80908203125
98114,35.400390625
98685,37.841796875
111999,45.654296875
122391,37.17041015625
160608,45.71533203125
161362,48.03466796875
161381,42.48046875
161404,44.7998046875
161445,50.29296875
161518,48.15673828125
161531,36.07177734375
161559,42.236328125
161584,41.259765625
161625,56.21337890625
161726,45.71533203125
161755,36.07177734375
161777,37.53662109375
161814,35.400390625
161892,38.02490234375
161984,41.32080078125
162039,35.5224609375
162097,37.9638671875
162180,37.59765625
162587,40.58837890625
162922,56.94580078125
163100,35.58349609375
163281,49.4384765625
163504,41.015625
163756,54.0771484375
164283,41.19873046875
164474,41.07666015625
164832,39.4287109375
168845,36.2548828125
172781,37.53662109375
175274,35.46142578125
177938,39.306640625
180922,40.22216796875
188421,36.62109375
249001,36.2548828125
340637,41.68701171875
340651,69.76318359375
340680,71.044921875
340691,38.87939453125
340719,53.40576171875
340744,43.5791015625
340756,41.1376953125
340809,37.59765625
340865,36.43798828125
340903,56.0302734375
340914,49.4384765625
340948,36.80419921875
340997,35.46142578125
341020,46.81396484375
341064,41.748046875
341127,42.236328125
341215,46.32568359375
341315,36.56005859375
341392,36.80419921875
341420,35.400390625
341916,49.01123046875
342662,38.63525390625
343037,44.0673828125
343206,43.8232421875
362726,44.189453125
362994,41.748046875
363033,47.9736328125
363101,44.0673828125
363115,52.3681640625
363147,35.94970703125
363176,48.27880859375
363208,54.443359375
363232,50.78125
363260,71.044921875
363280,37.78076171875
363321,43.212890625
363364,55.23681640625
363384,43.8232421875
363418,48.828125
363564,39.36767578125
363576,42.41943359375
363671,41.6259765625
363707,39.4287109375
363758,36.43798828125
363791,45.83740234375
363888,36.43798828125
364010,36.865234375
364034,38.75732421875
364086,37.9638671875
364226,41.44287109375
364658,38.75732421875
364799,38.9404296875
365179,36.2548828125
365215,37.7197265625
365558,36.43798828125
365735,41.93115234375
366373,39.55078125
382380,35.82763671875
388482,40.283203125
445073,39.24560546875
536865,43.39599609375
597981,36.376953125
598016,43.212890625
598055,67.2607421875
598068,67.07763671875
598111,51.513671875
598125,79.52880859375
598153,49.9267578125
598163,44.7998046875
598179,48.9501953125
598190,38.39111328125
598214,50.537109375
598258,43.76220703125
598311,36.7431640625
598353,39.6728515625
598385,35.400390625
598419,36.7431640625
598502,39.0625
598562,49.37744140625
598942,43.27392578125
599061,39.73388671875
599157,37.59765625
599308,39.48974609375
599599,36.62109375
599891,38.02490234375
600037,44.86083984375
618106,37.841796875
627182,45.5322265625
627226,41.748046875
627250,76.59912109375
627278,37.7197265625
627299,67.56591796875
627373,49.1943359375
627397,50.6591796875
627442,35.58349609375
627467,45.10498046875
627499,45.22705078125
627527,46.0205078125
627550,40.1611328125
627571,40.52734375
627584,44.98291015625
627623,63.29345703125
627751,35.7666015625
627767,38.51318359375
627851,43.88427734375
627866,39.6728515625
628130,62.80517578125
628444,42.48046875
628466,41.9921875
628606,38.02490234375
628707,56.0302734375
629095,37.7197265625
629257,42.29736328125
629543,40.83251953125
629748,40.8935546875
630624,35.46142578125
681105,41.259765625
693300,37.2314453125
818027,38.02490234375
818045,42.05322265625
818088,49.9267578125
818114,48.583984375
818140,42.66357421875
818162,60.546875
818182,42.8466796875
818221,41.07666015625
818232,42.6025390625
818251,57.12890625
818304,39.12353515625
818317,44.0673828125
818379,54.01611328125
818401,41.32080078125
818428,36.80419921875
818501,37.90283203125
818594,56.21337890625
818818,38.14697265625
819117,40.771484375
819196,37.41455078125
819409,36.92626953125
819552,38.87939453125
819569,36.9873046875
819629,40.83251953125
819669,36.92626953125
819712,37.41455078125
819821,40.1611328125
820073,39.55078125
833484,36.31591796875
840853,36.7431640625
841235,36.865234375
841258,39.73388671875
841295,47.18017578125
841318,41.8701171875
841331,68.66455078125
841378,44.98291015625
841394,74.15771484375
841461,36.4990234375
841512,63.1103515625
841530,36.07177734375
841568,37.7197265625
841636,37.109375
841653,36.31591796875
841744,43.76220703125
841844,38.39111328125
841874,51.08642578125
841893,38.14697265625
841968,49.25537109375
842085,52.24609375
842209,36.07177734375
842320,42.3583984375
842486,41.44287109375
842716,43.45703125
842886,50.537109375
843525,38.4521484375
844012,38.9404296875
844528,41.68701171875
845245,38.2080078125
858159,47.66845703125
871160,35.64453125
894392,37.17041015625
1044821,63.53759765625
1044859,56.21337890625
1044881,45.59326171875
1044898,53.03955078125
1044918,42.05322265625
1044965,56.70166015625
1044997,39.6728515625
1045017,50.537109375
1045041,45.59326171875
1045069,43.02978515625
1045110,35.58349609375
1045122,52.06298828125
1045142,37.29248046875
1045181,40.6494140625
1045191,36.865234375
1045280,48.7060546875
1045313,41.32080078125
1045368,37.4755859375
1045484,42.3583984375
1045754,51.513671875
1045870,39.36767578125
1045956,40.10009765625
1046300,39.48974609375
1046495,39.85595703125
1046612,37.78076171875
1046658,50.47607421875
1046886,42.66357421875
1048529,37.04833984375
1065204,37.9638671875
1066996,35.64453125
1067104,39.1845703125
1067117,41.8701171875
1067153,49.13330078125
1067165,40.83251953125
1067206,37.2314453125
1067235,43.64013671875
1067256,39.97802734375
1067284,36.68212890625
1067306,35.7666015625
1067360,36.4990234375
1067387,38.330078125
1067461,46.142578125
1067539,67.81005859375
1067571,36.80419921875
1067581,50.47607421875
1067672,40.58837890625
1067726,36.56005859375
1067797,38.14697265625
1067878,44.5556640625
1067966,43.9453125
1068144,36.62109375
1068273,45.95947265625
1068384,49.6826171875
1068586,57.0068359375
1068888,42.6025390625
1068901,36.62109375
1069434,40.0390625
1069867,36.7431640625
1070238,39.6728515625
1070872,35.46142578125
1081507,37.2314453125
1089216,39.12353515625
1298735,36.80419921875
1298766,54.13818359375
1298783,85.693359375
1298794,46.7529296875
1298846,51.45263671875
1298862,45.10498046875
1298902,46.81396484375
1298913,58.837890625
1298949,45.7763671875
1299002,50.9033203125
1299026,36.68212890625
1299052,40.22216796875
1299111,37.4755859375
1299168,37.41455078125
1299202,38.51318359375
1299292,37.353515625
1299401,42.8466796875
1299481,39.00146484375
1299498,39.6728515625
1299597,36.865234375
1299960,37.9638671875
1300115,40.52734375
1300324,38.818359375
1300460,36.56005859375
1300734,41.8701171875
1301686,35.70556640625
1324466,36.4990234375
1324510,41.748046875
1324544,41.93115234375
1324574,44.677734375
1324598,56.33544921875
1324618,48.76708984375
1324704,41.68701171875
1324721,38.330078125
1324735,36.1328125
1324754,37.90283203125
1324808,44.61669921875
1324859,40.22216796875
1324879,52.30712890625
1324949,51.57470703125
1324959,41.50390625
1325050,36.80419921875
1325084,42.29736328125
1325109,35.58349609375
1325169,38.63525390625
1325256,36.62109375
1325402,37.7197265625
1325549,44.5556640625
1325585,35.70556640625
1325981,36.2548828125
1326103,35.400390625
1326292,38.75732421875
1326483,38.87939453125
1326541,35.46142578125
1326914,35.82763671875
1327543,38.75732421875
1340231,38.2080078125
1346910,37.29248046875
1350254,41.6259765625
1457760,38.9404296875
1457789,45.2880859375
1457814,49.25537109375
1457845,54.8095703125
1457866,51.94091796875
1457895,40.34423828125
1457911,52.55126953125
1457930,41.1376953125
1457952,50.78125
1457992,46.5087890625
1458043,44.5556640625
1458104,44.00634765625
1458178,41.32080078125
1458239,38.9404296875
1458316,52.24609375
1458436,43.39599609375
1458537,55.7861328125
1458663,35.94970703125
1458821,38.02490234375
1458877,37.17041015625
1458954,42.29736328125
1459055,40.52734375
1459086,39.0625
1459350,39.36767578125
1459602,41.19873046875
1460181,36.31591796875
1460863,40.10009765625
1605244,39.12353515625
1605304,45.22705078125
1605319,50.048828125
1605330,47.91259765625
1605364,47.05810546875
1605392,52.490234375
1605418,39.55078125
1605458,69.51904296875
1605485,38.87939453125
1605505,40.22216796875
1605554,36.62109375
1605566,45.8984375
1605678,38.63525390625
1605726,39.73388671875
1605969,35.70556640625
1606174,45.0439453125
1606275,36.19384765625
1606301,36.865234375
1606394,39.12353515625
1606657,45.83740234375
1606730,42.3583984375
1606923,35.7666015625
1607191,43.5791015625
1607445,36.0107421875
1607753,36.56005859375
1631353,38.57421875
1800789,43.0908203125
1800799,54.0771484375
1800854,53.16162109375
1800877,51.45263671875
1800907,58.77685546875
1800920,35.94970703125
1800943,70.6787109375
1800976,39.73388671875
1800987,46.0205078125
1801021,63.17138671875
1801084,37.17041015625
1801098,40.8935546875
1801135,41.50390625
1801192,37.29248046875
1801246,39.794921875
1801315,39.794921875
1801376,38.14697265625
1801405,36.31591796875
1801479,35.82763671875
1801584,44.921875
1801841,38.26904296875
1801939,35.70556640625
1801966,51.94091796875
1802067,37.29248046875
1802155,46.20361328125
1802434,51.7578125
1802688,46.0205078125
1803579,38.2080078125
1820588,43.5791015625
1940259,60.6689453125
1940292,36.62109375
1940302,52.06298828125
1940331,51.26953125
1940341,67.07763671875
1940379,81.0546875
1940394,36.07177734375
1940426,41.015625
1940444,41.1376953125
1940463,48.15673828125
1940491,38.26904296875
1940514,59.326171875
1940558,70.00732421875
1940601,42.48046875
1940613,36.4990234375
1940706,43.0908203125
1940727,54.99267578125
1940759,37.109375
1940852,40.34423828125
1940953,37.41455078125
1941033,37.78076171875
1941496,35.5224609375
1941530,37.841796875
1941624,37.41455078125
1942311,38.02490234375
1942531,38.57421875
1942743,40.46630859375
1942993,36.31591796875
1946129,38.6962890625
1956231,39.24560546875
1958168,35.888671875
2050870,40.22216796875
2050886,40.95458984375
2050910,38.63525390625
2050933,50.78125
2050969,36.865234375
2050993,56.09130859375
2051034,49.98779296875
2051083,54.99267578125
2051114,49.01123046875
2051133,47.607421875
2051160,43.3349609375
2051170,36.376953125
2051211,40.95458984375
2051225,37.04833984375
2051266,47.05810546875
2051318,45.8984375
2051383,37.2314453125
2051464,37.29248046875
2051539,41.93115234375
2051569,44.12841796875
2051628,39.48974609375
2052023,39.73388671875
2052197,47.9736328125
2052469,41.748046875
2052545,36.9873046875
2052821,38.14697265625
2053865,43.88427734375
2054127,37.4755859375
2065851,38.57421875
2066712,36.0107421875
2068169,36.68212890625
2075842,38.02490234375
2107188,42.236328125
2107209,39.1845703125
2107233,39.306640625
2107247,49.31640625
2107262,47.79052734375
2107291,44.37255859375
2107312,36.56005859375
2107327,52.734375
2107338,40.52734375
2107362,53.7109375
2107376,47.54638671875
2107398,37.109375
2107415,36.865234375
2107443,41.015625
2107477,37.78076171875
2107544,36.80419921875
2107601,36.19384765625
2107835,51.025390625
2108049,46.08154296875
2108475,41.1376953125
2108543,42.90771484375
2108691,36.62109375
2108862,36.0107421875
2108978,38.4521484375
2109353,36.19384765625
2109801,48.583984375
2110228,37.2314453125
2119175,37.59765625
2124789,36.4990234375
2172190,38.14697265625
2172227,39.97802734375
2172238,42.8466796875
2172260,37.17041015625
2172272,47.79052734375
2172295,39.1845703125
2172328,47.2412109375
2172379,56.0302734375
2172427,36.865234375
2172444,42.6025390625
2172467,39.00146484375
2172493,37.59765625
2172503,42.96875
2172540,56.70166015625
2172578,48.4619140625
2172622,44.49462890625
2172645,35.58349609375
2172686,39.73388671875
2172723,43.212890625
2172790,43.15185546875
2172869,48.40087890625
2172984,56.2744140625
2173091,37.353515625
2173157,36.865234375
2173273,40.46630859375
2173369,39.1845703125
2173775,36.56005859375
2173942,36.80419921875
2174272,40.34423828125
2174457,44.677734375
2175007,38.330078125
2175184,36.1328125
2176920,36.19384765625
2184256,35.82763671875
2189352,36.19384765625
2191779,35.70556640625
2239422,43.88427734375
2239454,40.34423828125
2239479,46.32568359375
2239515,43.45703125
2239540,44.61669921875
2239558,47.7294921875
2239582,37.2314453125
2239609,82.45849609375
2239640,69.88525390625
2239652,44.61669921875
2239668,41.80908203125
2239711,62.3779296875
2239737,44.3115234375
2239767,43.76220703125
2239789,47.4853515625
2239828,46.20361328125
2239852,40.22216796875
2239895,53.16162109375
2239974,50.9033203125
2240042,39.24560546875
2240155,39.55078125
2240225,37.2314453125
2240275,51.7578125
2240468,40.283203125
2240534,36.62109375
2240785,44.921875
2241862,40.58837890625
2242025,37.65869140625
2242211,35.70556640625
2242702,47.4853515625
2244740,42.8466796875
2257724,35.888671875
2260073,38.0859375
2439721,44.61669921875
2439734,50.78125
2439755,54.443359375
2439776,73.05908203125
2439808,44.49462890625
2439839,54.87060546875
2439873,53.466796875
2439893,69.03076171875
2439906,47.119140625
2439923,38.330078125
2439948,35.888671875
2439965,46.44775390625
2439977,46.44775390625
2440014,40.95458984375
2440063,39.6728515625
2440096,44.00634765625
2440174,40.34423828125
2440456,43.64013671875
2440857,43.3349609375
2440970,37.17041015625
2441048,36.19384765625
2441108,37.353515625
2441565,44.98291015625
2441858,42.6025390625
2442227,40.4052734375
2457662,39.9169921875
2459404,35.5224609375
2565046,40.1611328125
2565060,44.43359375
2565099,45.22705078125
2565118,43.0908203125
2565134,38.26904296875
2565159,43.8232421875
2565176,41.68701171875
2565201,37.109375
2565224,72.998046875
2565243,40.34423828125
2565287,51.69677734375
2565323,54.5654296875
2565365,45.34912109375
2565411,49.4384765625
2565421,52.1240234375
2565579,51.6357421875
2565640,38.87939453125
2566108,36.19384765625
2566372,43.51806640625
2566594,37.353515625
2566785,46.69189453125
2567005,49.62158203125
2567221,36.43798828125
2569641,43.15185546875
2580198,41.1376953125
2581049,37.17041015625
2581947,36.62109375
2588352,36.376953125
2590134,41.748046875
2592619,38.02490234375
2732076,48.03466796875
2732093,40.0390625
2732128,40.83251953125
2732145,52.79541015625
2732197,48.095703125
2732211,40.4052734375
2732246,49.86572265625
2732267,59.26513671875
2732285,61.82861328125
2732313,43.45703125
2732336,50.4150390625
2732372,41.6259765625
2732417,52.001953125
2732428,44.189453125
2732525,41.015625
2732568,43.51806640625
2732892,37.353515625
2733065,51.94091796875
2733231,40.1611328125
2733556,37.65869140625
2733857,43.3349609375
2733999,40.0390625
2734480,39.9169921875
2734788,38.26904296875
2735329,38.51318359375
2735958,39.85595703125
2749967,42.724609375
2751638,37.17041015625
2811678,42.1142578125
2814618,37.7197265625
2814662,37.353515625
2814687,41.68701171875
2814701,53.466796875
2814740,40.22216796875
2814752,54.74853515625
2814805,41.32080078125
2814815,46.630859375
2814828,35.94970703125
2814849,44.98291015625
2814872,35.94970703125
2814896,36.2548828125
2814912,41.80908203125
2814947,39.00146484375
2814961,47.8515625
2815018,44.00634765625
2815074,35.58349609375
2815088,47.8515625
2815144,41.56494140625
2815172,40.95458984375
2815219,46.5087890625
2815508,37.353515625
2815822,45.10498046875
2815942,38.14697265625
2816182,36.56005859375
2816511,37.53662109375
2817115,56.15234375
2817517,36.1328125
2818264,42.1142578125
2819674,36.80419921875
2820149,37.7197265625
2826177,35.5224609375
2830850,38.330078125
2833324,42.724609375
2834814,35.5224609375
2837596,37.41455078125
2842117,41.80908203125
2852278,36.80419921875
2905529,35.94970703125
2977485,55.60302734375
2977506,49.86572265625
2977534,37.9638671875
2977544,39.61181640625
2977569,45.10498046875
2977591,57.373046875
2977619,48.52294921875
2977630,41.80908203125
2977652,48.76708984375
2977684,45.83740234375
2977718,59.63134765625
2977729,51.08642578125
2977744,53.955078125
2977777,37.29248046875
2977810,43.39599609375
2977830,36.376953125
2977881,36.56005859375
2977948,38.14697265625
2978001,40.83251953125
2978055,35.888671875
2978153,40.46630859375
2978204,45.166015625
2978219,35.70556640625
2978322,36.1328125
2978551,36.865234375
2978757,57.06787109375
2979691,36.0107421875
2981249,40.10009765625
2982227,43.64013671875
2992533,36.19384765625
3010844,36.43798828125
3020833,43.76220703125
3089430,37.9638671875
3089455,42.78564453125
3089488,36.7431640625
3089498,39.306640625
3089534,40.771484375
3089559,43.02978515625
3089576,38.4521484375
3089606,52.1240234375
3089663,44.61669921875
3089688,38.87939453125
3089731,39.24560546875
3089785,40.95458984375
3089842,40.52734375
3089963,42.724609375
3090039,54.6875
3090131,39.12353515625
3090241,44.25048828125
3090817,42.90771484375
3090953,36.68212890625
3091090,35.46142578125
3091205,36.62109375
3091258,53.89404296875
3091576,46.9970703125
3091863,35.94970703125
3092453,37.78076171875
3092990,37.29248046875
3094173,39.97802734375
3103718,42.8466796875
3108038,37.353515625
3109747,35.7666015625
3113597,37.59765625
3120011,48.40087890625
3225770,53.28369140625
3225801,55.84716796875
3225825,36.07177734375
3225844,49.9267578125
3225875,38.0859375
3225899,37.841796875
3225934,40.4052734375
3225946,35.94970703125
3225967,45.34912109375
3225996,41.19873046875
3226020,35.7666015625
3226032,40.58837890625
3226060,44.86083984375
3226136,38.330078125
3226154,41.19873046875
3226181,38.0859375
3226321,43.212890625
3226468,35.82763671875
3226874,38.63525390625
3227113,35.5224609375
3227210,40.22216796875
3227347,39.85595703125
3227435,38.87939453125
3227580,38.39111328125
3227745,36.92626953125
3227787,35.46142578125
3228235,41.9921875
3228501,36.43798828125
3229170,36.0107421875
3240176,40.71044921875
3240820,36.80419921875
3243897,42.90771484375
3324059,38.02490234375
3324070,44.00634765625
3324110,54.99267578125
3324123,43.9453125
3324141,54.74853515625
3324173,36.92626953125
3324187,48.76708984375
3324240,72.08251953125
3324293,47.05810546875
3324342,61.1572265625
3324402,66.95556640625
3324459,40.4052734375
3324556,43.9453125
3324569,37.90283203125
3324627,48.88916015625
3324730,44.00634765625
3324860,46.7529296875
3325097,36.56005859375
3325188,40.58837890625
3325459,43.27392578125
3325547,47.79052734375
3325878,50.9033203125
3326185,37.29248046875
3326363,49.4384765625
3326951,42.96875
3327969,35.94970703125
3329337,51.33056640625
3338887,36.62109375
3340371,36.0107421875
3341916,39.9169921875
3344527,35.5224609375
3346787,36.31591796875
3355423,36.92626953125
3357179,36.865234375
3644263,41.68701171875
3644282,38.818359375
3644320,58.65478515625
3644333,58.65478515625
3644352,50.84228515625
3644370,39.61181640625
3644392,39.48974609375
3644403,69.4580078125
3644427,42.3583984375
3644457,37.41455078125
3644479,49.49951171875
3644510,36.80419921875
3644521,71.533203125
3644539,35.46142578125
3644563,41.015625
3644615,41.68701171875
3644727,53.7109375
3644820,42.724609375
3644928,49.74365234375
3645037,39.6728515625
3645168,37.65869140625
3645306,45.47119140625
3645418,36.68212890625
3645740,37.59765625
3645839,45.0439453125
3646014,37.109375
3646110,38.2080078125
3646406,36.865234375
3646644,44.677734375
3668109,40.95458984375
3668134,40.10009765625
3668157,40.283203125
3668174,36.7431640625
3668186,38.26904296875
3668210,35.7666015625
3668236,56.21337890625
3668275,60.72998046875
3668287,35.64453125
3668316,61.95068359375
3668352,47.8515625
3668367,44.0673828125
3668417,36.07177734375
3668452,36.92626953125
3668521,42.41943359375
3668554,48.88916015625
3668716,35.70556640625
3668757,38.26904296875
3668816,39.73388671875
3668826,69.51904296875
3668913,61.767578125
3669161,42.66357421875
3669392,36.0107421875
3669440,36.19384765625
3669711,39.85595703125
3669899,39.9169921875
3670169,41.748046875
3670365,39.794921875
3670940,38.818359375
3671170,36.2548828125
3672323,37.41455078125
3684088,36.9873046875
3688885,45.22705078125
3928948,45.2880859375
3928972,37.109375
3928998,38.75732421875
3929017,53.1005859375
3929033,50.78125
3929078,50.4150390625
3929099,39.9169921875
3929127,75.439453125
3929142,49.31640625
3929182,48.828125
3929206,37.90283203125
3929254,36.19384765625
3929290,41.07666015625
3929302,35.5224609375
3929426,37.9638671875
3929510,44.3115234375
3929611,36.07177734375
3929834,37.04833984375
3929958,41.44287109375
3930196,39.73388671875
3931013,52.18505859375
3931285,35.400390625
3931399,36.376953125
3931968,38.0859375
3944392,35.5224609375
3946144,36.56005859375
3952816,37.2314453125
3953864,36.07177734375
3956452,35.58349609375
3956573,38.75732421875
3956606,42.48046875
3956616,55.35888671875
3956661,64.697265625
3956671,38.6962890625
3956706,52.3681640625
3956737,46.81396484375
3956758,61.34033203125
3956836,49.8046875
3956871,62.68310546875
3956938,44.37255859375
3957011,37.04833984375
3957124,37.90283203125
3957278,37.2314453125
3957316,47.30224609375
3957416,36.07177734375
3957647,42.6025390625
3957818,52.91748046875
3958053,39.55078125
3958253,36.0107421875
3958417,48.15673828125
3958677,38.63525390625
3958839,43.88427734375
3970338,37.04833984375
3975134,40.0390625
3977837,42.1142578125
4173825,35.70556640625
4173867,39.73388671875
4173893,68.66455078125
4173921,50.78125
4173945,42.66357421875
4173958,62.3779296875
4174000,38.75732421875
4174046,38.02490234375
4174075,43.76220703125
4174099,46.93603515625
4174123,41.6259765625
4174162,43.701171875
4174183,37.2314453125
4174213,36.4990234375
4174267,37.29248046875
4174335,39.794921875
4174502,46.44775390625
4174783,45.34912109375
4174935,36.1328125
4175022,42.724609375
4175216,40.10009765625
4175245,45.7763671875
4175463,40.8935546875
4175702,43.02978515625
4175869,42.54150390625
4175922,38.2080078125
4176071,44.00634765625
4176724,36.62109375
4177484,37.29248046875
4191075,36.68212890625
4192750,37.841796875
4198803,36.2548828125
4302116,45.95947265625
4302133,36.9873046875
4302151,36.7431640625
4302183,57.861328125
4302194,63.29345703125
4302211,44.3115234375
4302251,39.794921875
4302271,44.12841796875
4302292,38.0859375
4302330,36.7431640625
4302343,51.26953125
4302385,39.24560546875
4302439,40.34423828125
4302469,50.29296875
4302556,45.34912109375
4302583,38.75732421875
4302635,35.400390625
4302678,45.5322265625
4302779,48.2177734375
4302916,39.36767578125
4303118,51.81884765625
4303238,39.12353515625
4303397,36.07177734375
4303528,35.82763671875
4303662,35.82763671875
4303908,41.80908203125
4304062,40.22216796875
4304240,36.80419921875
4304667,51.6357421875
4304933,37.41455078125
4306061,41.9921875
4306983,37.29248046875
4318276,42.17529296875
4326252,35.94970703125
4337752,41.44287109375
4502474,36.19384765625
4502486,49.62158203125
4502516,40.58837890625
4502534,63.65966796875
4502544,51.20849609375
4502603,43.76220703125
4502623,55.7861328125
4502642,41.3818359375
4502667,58.53271484375
4502698,36.80419921875
4502711,44.86083984375
4502736,38.6962890625
4502764,36.1328125
4502775,37.2314453125
4502824,43.212890625
4502912,37.841796875
4502927,37.841796875
4502956,35.400390625
4503010,42.17529296875
4503093,37.90283203125
4503184,39.24560546875
4503305,35.64453125
4503358,44.73876953125
4503504,42.66357421875
4503585,45.7763671875
4503760,39.00146484375
4504077,37.2314453125
4504402,47.36328125
4504559,35.7666015625
4504724,40.83251953125
4505662,36.68212890625
4519049,36.865234375
4521229,37.4755859375
4523174,39.12353515625
4556771,46.32568359375
4556810,48.9501953125
4556847,46.875
4556861,41.80908203125
4556888,51.3916015625
4556903,36.19384765625
4556932,43.212890625
4556958,36.2548828125
4556983,41.93115234375
4557023,44.189453125
4557062,38.6962890625
4557115,39.1845703125
4557178,42.29736328125
4557225,35.58349609375
4557264,36.1328125
4557289,43.39599609375
4557305,43.701171875
4557405,35.64453125
4557493,37.7197265625
4557536,45.5322265625
4557637,38.330078125
4557663,45.2880859375
4557781,45.0439453125
4557887,38.2080078125
4558005,48.4619140625
4558339,36.56005859375
4558458,36.56005859375
4559148,36.865234375
4559631,37.109375
4559781,41.68701171875
4560287,35.46142578125
4568549,37.2314453125
4570663,35.64453125
4572823,38.26904296875
4587317,35.64453125
4646806,39.794921875
4646842,51.33056640625
4646858,59.50927734375
4646890,52.79541015625
4646923,52.978515625
4646943,70.37353515625
4646964,81.48193359375
4646984,44.37255859375
4647014,45.47119140625
4647051,47.36328125
4647068,70.1904296875
4647114,42.05322265625
4647190,39.73388671875
4647252,40.283203125
4647264,53.52783203125
4647301,38.330078125
4647323,37.04833984375
4647574,39.00146484375
4647711,38.2080078125
4648017,47.7294921875
4648119,36.1328125
4648196,35.400390625
4648219,36.0107421875
4648467,55.0537109375
4648759,40.58837890625
4649003,40.95458984375
4649228,44.5556640625
4650689,35.82763671875
4660006,40.1611328125
4664702,38.26904296875
4665732,39.73388671875
4710621,35.70556640625
4710661,50.4150390625
4710672,41.259765625
4710685,42.29736328125
4710712,52.978515625
4710743,56.884765625
4710753,61.4013671875
4710794,49.98779296875
4710821,49.01123046875
4710843,74.40185546875
4710873,39.97802734375
4710924,38.02490234375
4710956,41.6259765625
4711002,36.68212890625
4711084,47.54638671875
4711193,40.10009765625
4711362,58.53271484375
4711480,37.9638671875
4711779,39.1845703125
4711890,35.7666015625
4712229,45.95947265625
4712358,48.88916015625
4712734,35.64453125
4712978,38.6962890625
4713342,39.1845703125
4714103,36.0107421875
4729433,36.80419921875
4782395,47.42431640625
4782414,41.015625
4782454,46.142578125
4782471,36.1328125
4782493,36.0107421875
4782517,53.7109375
4782535,66.650390625
4782546,42.6025390625
4782572,40.34423828125
4782605,39.9169921875
4782624,39.36767578125
4782653,41.6259765625
4782671,43.5791015625
4782734,39.97802734375
4782752,53.22265625
4782781,38.02490234375
4782816,37.78076171875
4782852,38.330078125
4782921,45.34912109375
4783015,39.36767578125
4783060,39.9169921875
4783083,42.6025390625
4783387,44.73876953125
4783575,55.84716796875
4783812,37.78076171875
4783901,44.00634765625
4784063,35.82763671875
4784190,42.48046875
4784530,46.32568359375
4784770,37.109375
4785063,41.015625
4793050,38.330078125
4795807,36.80419921875
4796889,39.85595703125
4799610,37.109375
4811138,35.70556640625
4851749,36.80419921875
4851795,60.48583984375
4851819,41.1376953125
4851829,45.71533203125
4851873,50.72021484375
4851891,45.95947265625
4851933,62.255859375
4851951,44.98291015625
4851992,35.94970703125
4852002,42.54150390625
4852053,40.52734375
4852072,46.875
4852154,36.376953125
4852195,35.70556640625
4852215,40.1611328125
4852285,41.8701171875
4852459,36.19384765625
4852520,42.1142578125
4852566,35.46142578125
4852598,41.68701171875
4852669,41.93115234375
4852831,38.75732421875
4852936,56.5185546875
4853090,49.25537109375
4853258,53.466796875
4853660,36.68212890625
4853812,35.46142578125
4854127,38.02490234375
4855191,39.0625
4855744,37.841796875
4867577,46.32568359375
4869506,39.306640625
4872583,36.80419921875
4924217,65.24658203125
4924227,37.4755859375
4924256,39.1845703125
4924271,50.84228515625
4924293,47.2412109375
4924311,42.236328125
4924342,40.52734375
4924353,38.51318359375
4924379,52.55126953125
4924400,36.80419921875
4924424,48.4619140625
4924440,46.875
4924492,37.41455078125
4924521,44.86083984375
4924579,47.4853515625
4924608,49.49951171875
4924629,38.87939453125
4924656,48.76708984375
4924839,41.259765625
4924958,44.7998046875
4925233,38.39111328125
4925746,39.61181640625
4926042,38.57421875
4926070,42.66357421875
4926257,40.58837890625
4926500,44.37255859375
4926705,36.07177734375
4927380,36.19384765625
4940377,35.94970703125
4994424,48.15673828125
4994458,37.17041015625
4994492,38.4521484375
4994522,81.9091796875
4994534,49.072265625
4994561,60.85205078125
4994598,39.24560546875
4994608,48.03466796875
4994685,39.00146484375
4994719,57.373046875
4994752,45.5322265625
4994779,43.8232421875
4994825,44.12841796875
4994844,41.9921875
4994888,49.1943359375
4994939,42.54150390625
4994963,38.57421875
4994980,45.59326171875
4995071,40.22216796875
4995181,42.3583984375
4995349,36.9873046875
4995451,36.9873046875
4995618,44.73876953125
4995760,39.61181640625
4995897,39.73388671875
4995954,50.72021484375
4996174,39.794921875
4996512,35.82763671875
4996764,51.57470703125
4997020,47.9736328125
4997329,36.1328125
5013348,39.61181640625
5059453,51.08642578125
5059480,49.25537109375
5059512,38.87939453125
5059541,56.640625
5059555,43.5791015625
5059576,39.85595703125
5059591,45.22705078125
5059625,75.3173828125
5059636,46.875
5059654,45.654296875
5059687,43.3349609375
5059697,42.41943359375
5059722,45.95947265625
5059745,36.9873046875
5059790,40.10009765625
5059821,59.5703125
5059863,36.80419921875
5059887,55.60302734375
5059949,36.80419921875
5060037,41.8701171875
5060105,37.2314453125
5060115,46.93603515625
5060277,38.39111328125
5060387,44.49462890625
5060593,48.64501953125
5061541,41.3818359375
5061746,37.29248046875
5126888,71.533203125
5126913,39.55078125
5126933,50.35400390625
5126950,59.814453125
5126966,35.94970703125
5126977,66.2841796875
5127004,44.00634765625
5127034,46.142578125
5127044,42.48046875
5127072,43.5791015625
5127092,37.2314453125
5127159,37.29248046875
5127203,59.6923828125
5127271,47.42431640625
5127294,39.73388671875
5127321,39.73388671875
5127382,39.794921875
5127452,44.3115234375
5127673,41.07666015625
5127788,36.7431640625
5127977,39.4287109375
5127998,54.0771484375
5128269,36.92626953125
5128324,42.78564453125
5128457,37.78076171875
5128470,40.22216796875
5128540,37.109375
5128656,47.54638671875
5129936,36.92626953125
5130417,35.5224609375
5140588,38.2080078125
5146698,37.53662109375
5257100,35.64453125
5257128,43.51806640625
5257152,45.34912109375
5257177,43.9453125
5257187,83.92333984375
5257209,38.63525390625
5257247,44.7998046875
5257304,77.57568359375
5257321,47.54638671875
5257346,36.43798828125
5257362,63.4765625
5257399,37.90283203125
5257426,52.490234375
5257468,46.38671875
5257478,46.81396484375
5257537,50.4150390625
5257550,36.1328125
5257602,43.212890625
5257647,40.83251953125
5257664,39.73388671875
5257741,43.701171875
5257860,47.79052734375
5258029,44.5556640625
5258069,41.6259765625
5258167,48.095703125
5258252,40.46630859375
5258402,48.095703125
5258572,37.53662109375
5258691,45.654296875
5258860,36.2548828125
5259172,45.34912109375
5260826,36.80419921875
5419938,51.08642578125
5419955,35.5224609375
5419971,49.072265625
5420026,56.33544921875
5420057,74.64599609375
5420071,37.7197265625
5420092,38.87939453125
5420108,58.53271484375
5420118,42.17529296875
5420143,45.95947265625
5420183,40.4052734375
5420204,43.212890625
5420243,45.8984375
5420264,37.65869140625
5420302,37.59765625
5420344,42.90771484375
5420400,38.2080078125
5420492,43.15185546875
5420558,42.41943359375
5420747,45.59326171875
5420917,42.724609375
5421128,38.818359375
5421139,35.58349609375
5421279,57.373046875
5421528,43.27392578125
5421846,37.78076171875
5422147,35.64453125
5422464,37.53662109375
5422950,36.9873046875
5559569,45.47119140625
5559590,51.08642578125
5559625,55.2978515625
5559636,51.513671875
5559660,58.65478515625
5559712,48.88916015625
5559727,41.80908203125
5559758,35.64453125
5559787,41.44287109375
5559828,53.955078125
5559843,40.0390625
5559875,53.955078125
5559932,42.41943359375
5559976,55.7861328125
5560014,38.2080078125
5560129,41.93115234375
5560263,40.34423828125
5560305,44.98291015625
5560511,40.0390625
5560616,36.9873046875
5560654,45.8984375
5560750,39.9169921875
5561009,41.259765625
5561279,39.12353515625
5561342,46.630859375
5561918,44.00634765625
5562375,36.7431640625
5583661,35.5224609375
5585810,37.59765625
5588123,36.865234375
5664397,40.4052734375
5664413,40.6494140625
5664435,55.48095703125
5664455,49.072265625
5664487,38.330078125
5664510,39.97802734375
5664525,36.376953125
5664540,60.6689453125
5664561,59.2041015625
5664588,40.4052734375
5664603,38.0859375
5664651,36.31591796875
5664709,45.22705078125
5664765,47.66845703125
5664824,57.0068359375
5664845,38.9404296875
5664938,50.78125
5665024,55.419921875
5665083,38.63525390625
5665221,44.37255859375
5665300,36.2548828125
5665382,36.92626953125
5665629,50.1708984375
5665778,39.55078125
5665898,36.2548828125
5665946,41.19873046875
5666626,39.0625
5666835,37.841796875
5666855,38.39111328125
5667358,39.306640625
5670211,38.818359375
5677872,37.353515625
5679216,35.46142578125
5681019,39.794921875
5684596,38.2080078125
5689173,35.64453125
5815083,54.13818359375
5815115,39.36767578125
5815136,57.4951171875
5815152,56.33544921875
5815181,59.38720703125
5815195,48.52294921875
5815215,44.73876953125
5815254,38.02490234375
5815271,42.236328125
5815287,38.87939453125
5815320,40.52734375
5815337,42.724609375
5815352,42.236328125
5815385,43.27392578125
5815447,49.4384765625
5815499,49.8046875
5815546,38.26904296875
5815599,45.47119140625
5815639,45.71533203125
5815720,51.1474609375
5815784,36.4990234375
5815930,49.86572265625
5816099,62.68310546875
5816207,38.0859375
5816522,48.76708984375
5816794,39.4287109375
5817485,35.46142578125
5817989,38.26904296875
5818224,46.81396484375
5830852,38.2080078125
5834718,38.39111328125
5835430,46.875
5835444,38.4521484375
5835459,53.955078125
5835500,62.744140625
5835510,54.931640625
5835536,63.4765625
5835547,36.56005859375
5835569,46.2646484375
5835579,47.18017578125
5835623,35.58349609375
5835646,35.82763671875
5835673,39.61181640625
5835698,46.56982421875
5835730,37.2314453125
5835766,46.630859375
5835790,38.330078125
5835805,49.1943359375
5835878,41.56494140625
5835936,38.75732421875
5835999,42.3583984375
5836030,35.888671875
5836087,44.43359375
5836185,36.9873046875
5836322,43.45703125
5836339,36.07177734375
5836453,35.64453125
5836530,37.17041015625
5836945,37.78076171875
5837078,46.69189453125
5837734,45.7763671875
5838079,39.61181640625
5838301,40.52734375
5838877,39.1845703125
5844892,37.109375
5852098,43.0908203125
5859262,37.109375
5863047,36.43798828125
5912589,35.64453125
5920401,35.7666015625
5920544,36.43798828125
5920571,58.41064453125
5920613,41.50390625
5920626,64.8193359375
5920654,44.677734375
5920678,35.5224609375
5920703,56.396484375
5920754,42.78564453125
5920771,47.05810546875
5920840,36.62109375
5920873,38.75732421875
5920887,50.84228515625
5920934,38.02490234375
5920981,39.12353515625
5921006,37.17041015625
5921037,40.771484375
5921053,36.9873046875
5921342,51.69677734375
5921457,40.1611328125
5921535,35.82763671875
5921551,42.66357421875
5921994,37.2314453125
5922004,53.7109375
5922255,38.9404296875
5922482,37.78076171875
5922608,35.94970703125
5922810,39.9169921875
5923061,36.376953125
5923200,46.44775390625
5923442,37.9638671875
5923584,35.94970703125
5924150,36.0107421875
5924911,38.330078125
5926174,35.70556640625
5932295,37.78076171875
5934354,36.1328125
5936116,36.1328125
5940996,37.59765625
5944096,36.9873046875
5946761,40.6494140625
5951046,40.10009765625
5953736,36.62109375
5953755,43.212890625
5953781,51.7578125
5953812,52.18505859375
5953838,59.4482421875
5953866,36.68212890625
5953880,42.1142578125
5953908,35.5224609375
5953926,35.82763671875
5953948,40.4052734375
5953971,40.71044921875
5953992,35.46142578125
5954032,36.31591796875
5954056,52.18505859375
5954089,38.330078125
5954179,35.888671875
5954210,35.64453125
5954237,38.02490234375
5954305,41.07666015625
5954391,45.83740234375
5954621,42.90771484375
5954782,37.78076171875
5955377,46.5087890625
5955655,35.400390625
5955794,38.87939453125
5955913,36.19384765625
5956125,35.46142578125
5956384,40.283203125
5956557,36.865234375
5956757,43.76220703125
5965005,36.92626953125
5968134,44.5556640625
5974661,37.353515625
6029120,44.0673828125
6029133,49.6826171875
6029206,35.888671875
6029229,62.98828125
6029247,50.1708984375
6029290,73.8525390625
6029337,44.61669921875
6029363,44.00634765625
6029389,41.93115234375
6029422,39.48974609375
6029458,43.8232421875
6029478,47.79052734375
6029502,45.95947265625
6029523,38.02490234375
6029628,39.85595703125
6029741,36.68212890625
6029855,41.8701171875
6029979,40.6494140625
6030130,42.6025390625
6030281,38.39111328125
6030375,37.353515625
6030757,49.560546875
6030850,38.51318359375
6030977,43.51806640625
6031533,41.44287109375
6031846,45.59326171875
6038294,36.19384765625
6039302,35.5224609375
6040594,36.4990234375
6048189,37.7197265625
6050523,36.376953125
6288611,35.58349609375
6288621,49.98779296875
6288648,42.66357421875
6288670,42.48046875
6288685,57.92236328125
6288718,38.6962890625
6288740,55.48095703125
6288777,35.46142578125
6288793,38.26904296875
6288810,39.794921875
6288827,48.33984375
6288855,36.7431640625
6288890,55.6640625
6288900,38.57421875
6288937,42.29736328125
6288963,37.90283203125
6288981,39.4287109375
6289224,48.76708984375
6289247,38.818359375
6289381,40.58837890625
6289547,42.48046875
6290123,41.32080078125
6290415,46.93603515625
6290520,39.85595703125
6290782,45.654296875
6290925,36.80419921875
6291141,42.236328125
6295406,39.1845703125
6305392,36.56005859375
6313122,44.3115234375
6313151,39.12353515625
6313180,37.9638671875
6313192,51.6357421875
6313246,36.43798828125
6313273,42.66357421875
6313303,39.12353515625
6313333,41.1376953125
6313370,54.87060546875
6313432,39.9169921875
6313549,53.3447265625
6313623,49.98779296875
6313783,36.07177734375
6313796,36.1328125
6313882,37.59765625
6313917,39.306640625
6314010,48.40087890625
6314118,37.78076171875
6314319,43.45703125
6315295,42.236328125
6315577,38.14697265625
6315649,36.376953125
6315866,40.1611328125
6316466,40.1611328125
6326084,38.9404296875
6326912,40.1611328125
6331081,36.80419921875
6336714,39.61181640625
6340656,37.7197265625
6396255,39.794921875
6396283,48.27880859375
6396317,48.52294921875
6396339,42.3583984375
6396367,68.54248046875
6396379,65.0634765625
6396413,42.54150390625
6396462,47.2412109375
6396478,35.46142578125
6396510,40.71044921875
6396540,36.1328125
6396575,37.109375
6396605,37.59765625
6396639,43.45703125
6396690,37.65869140625
6396732,40.58837890625
6396807,37.2314453125
6396920,38.330078125
6396986,37.29248046875
6397044,39.00146484375
6397125,43.5791015625
6397322,44.3115234375
6397337,38.0859375
6397457,38.330078125
6397668,36.19384765625
6397985,44.189453125
6398170,42.41943359375
6398357,40.283203125
6398621,44.98291015625
6398769,36.19384765625
6399455,39.61181640625
6400824,40.4052734375
6403599,35.5224609375
6404327,39.24560546875
6409366,35.400390625
6414733,38.14697265625
6425807,42.90771484375
6597065,38.2080078125
6597132,55.48095703125
6597146,42.90771484375
6597156,50.6591796875
6597182,52.001953125
6597226,35.400390625
6597240,54.26025390625
6597277,42.90771484375
6597287,42.17529296875
6597312,60.60791015625
6597358,36.7431640625
6597370,47.42431640625
6597402,37.7197265625
6597455,46.142578125
6597501,41.6259765625
6597566,38.26904296875
6597584,38.818359375
6597625,39.6728515625
6597771,41.259765625
6598029,47.54638671875
6598170,44.00634765625
6598322,36.4990234375
6598454,38.14697265625
6598694,42.90771484375
6598763,43.15185546875
6598990,45.59326171875
6599137,42.3583984375
6599294,35.7666015625
6600477,37.59765625
6600565,35.46142578125
6602215,38.87939453125
6609379,39.24560546875
6614659,36.07177734375
6617663,42.90771484375
6620379,36.92626953125
6622153,41.68701171875
6667883,41.44287109375
6667906,46.81396484375
6667936,51.94091796875
6667952,42.236328125
6667974,38.51318359375
6667995,36.4990234375
6668033,53.22265625
6668055,59.02099609375
6668073,41.748046875
6668101,66.95556640625
6668114,40.1611328125
6668166,46.38671875
6668198,40.52734375
6668248,39.24560546875
6668267,38.818359375
6668300,46.81396484375
6668488,42.17529296875
6668545,47.119140625
6668676,35.94970703125
6668811,40.4052734375
6669060,37.353515625
6669139,39.1845703125
6669537,40.58837890625
6669748,39.73388671875
6670071,38.26904296875
6670468,46.5087890625
6670651,36.4990234375
6670881,48.4619140625
6671413,36.1328125
6675323,41.56494140625
6685804,36.07177734375
6689014,39.00146484375
6693319,37.4755859375
6723834,47.05810546875
6747132,47.2412109375
6747147,44.49462890625
6747167,44.43359375
6747196,44.49462890625
6747211,57.06787109375
6747232,51.513671875
6747279,50.96435546875
6747289,48.828125
6747323,40.0390625
6747345,42.54150390625
6747359,40.52734375
6747386,64.88037109375
6747408,40.71044921875
6747449,46.0205078125
6747506,37.9638671875
6747530,40.58837890625
6747580,40.4052734375
6747746,42.3583984375
6747970,38.26904296875
6748074,37.53662109375
6748088,37.841796875
6748364,36.7431640625
6748627,40.771484375
6748824,55.11474609375
6748982,43.64013671875
6749169,36.43798828125
6749337,37.53662109375
6749552,36.92626953125
6749961,35.64453125
6750199,36.7431640625
6752504,39.00146484375
6758332,37.9638671875
6759285,35.64453125
6767371,35.64453125
6771887,35.82763671875
6802321,35.400390625
6802354,46.38671875
6802382,45.166015625
6802416,46.81396484375
6802428,79.1015625
6802451,61.4013671875
6802461,40.283203125
6802508,37.841796875
6802518,123.9013671875
6802565,38.2080078125
6802583,42.17529296875
6802642,67.68798828125
6802752,41.19873046875
6802766,46.5087890625
6802822,66.58935546875
6803131,41.3818359375
6803230,37.841796875
6803273,41.015625
6803377,36.376953125
6803777,37.109375
6803854,36.9873046875
6803990,37.41455078125
6804181,46.142578125
6804325,36.2548828125
6804849,37.9638671875
6808939,38.4521484375
6810028,39.0625
6811394,37.841796875
6814965,38.0859375
6820183,36.31591796875
6821557,37.841796875
6896032,36.31591796875
6896062,46.08154296875
6896077,43.64013671875
6896124,49.86572265625
6896149,39.36767578125
6896195,43.27392578125
6896206,48.9501953125
6896228,37.7197265625
6896269,52.001953125
6896291,36.7431640625
6896319,47.9736328125
6896392,38.02490234375
6896432,36.4990234375
6896493,36.9873046875
6896540,38.75732421875
6896821,42.29736328125
6897063,40.71044921875
6897211,41.8701171875
6897371,36.1328125
6897460,37.90283203125
6897565,52.978515625
6897698,35.888671875
6897777,36.56005859375
6897807,40.1611328125
6897990,37.4755859375
6898422,35.82763671875
6898642,36.2548828125
6899011,45.47119140625
6899312,38.14697265625
6902821,41.93115234375
6906597,36.07177734375
6908265,37.65869140625
6910597,37.353515625
6913260,35.64453125
6913339,63.04931640625
6913361,43.76220703125
6913396,38.6962890625
6913407,42.1142578125
6913429,52.734375
6913444,43.51806640625
6913470,46.630859375
6913501,44.25048828125
6913526,40.34423828125
6913545,48.88916015625
6913559,42.8466796875
6913589,45.166015625
6913669,49.37744140625
6913716,39.6728515625
6913742,48.88916015625
6913804,36.62109375
6913960,45.41015625
6913987,36.43798828125
6914077,39.4287109375
6914159,44.921875
6914296,39.306640625
6914385,40.4052734375
6914489,45.95947265625
6914933,46.875
6915130,39.00146484375
6915314,48.03466796875
6915486,42.6025390625
6916058,36.62109375
6916507,36.1328125
6925120,40.34423828125
6926649,35.46142578125
6931232,36.31591796875
6931989,35.70556640625
6932989,36.0107421875
6944531,40.283203125
6945387,39.12353515625
6955922,38.2080078125
7092180,40.34423828125
7092214,41.19873046875
7092250,38.51318359375
7092264,37.109375
7092300,59.814453125
7092334,40.46630859375
7092374,44.5556640625
7092389,37.41455078125
7092417,41.259765625
7092461,42.29736328125
7092480,58.53271484375
7092502,37.4755859375
7092521,35.7666015625
7092584,37.53662109375
7092602,56.82373046875
7092751,36.376953125
7092826,36.56005859375
7092864,39.85595703125
7092948,36.92626953125
7093279,55.419921875
7093401,35.7666015625
7093666,36.92626953125
7093680,41.8701171875
7093880,35.70556640625
7094042,40.34423828125
7094166,39.97802734375
7094483,35.94970703125
7094959,36.7431640625
7102263,36.07177734375
7103890,41.259765625
7105564,36.68212890625
7107549,38.63525390625
7108098,35.5224609375
7111792,37.65869140625
7119323,36.9873046875
7119618,37.4755859375
7119642,48.76708984375
7119657,39.6728515625
7119678,37.78076171875
7119707,44.5556640625
7119732,41.1376953125
7119762,54.3212890625
7119783,39.36767578125
7119797,35.400390625
7119928,48.33984375
7119961,45.654296875
7119989,53.64990234375
7120000,35.82763671875
7120112,43.39599609375
7120172,35.400390625
7120184,47.4853515625
7120307,56.2744140625
7120376,39.1845703125
7120526,41.3818359375
7120668,39.97802734375
7120797,40.46630859375
7120966,39.48974609375
7121187,50.78125
7121470,40.71044921875
7121671,49.1943359375
7121883,41.56494140625
7122070,39.794921875
7122321,48.2177734375
7130966,42.3583984375
7137174,36.0107421875
7239120,42.96875
7239146,44.677734375
7239189,37.7197265625
7239217,64.453125
7239247,64.5751953125
7239261,40.83251953125
7239302,41.1376953125
7239321,46.69189453125
7239341,39.0625
7239361,61.46240234375
7239406,38.02490234375
7239422,48.27880859375
7239468,48.88916015625
7239501,36.4990234375
7239534,40.771484375
7239567,63.96484375
7239645,39.55078125
7239759,38.818359375
7239868,35.82763671875
7240007,42.29736328125
7240344,37.90283203125
7240508,37.17041015625
7240579,42.90771484375
7240769,35.58349609375
7241058,44.49462890625
7241232,37.109375
7241972,37.353515625
7243101,38.2080078125
7251703,41.32080078125
7256001,39.36767578125
7262001,38.63525390625
7262451,36.43798828125
7262492,36.1328125
7262516,39.61181640625
7262556,52.3681640625
7262570,44.7998046875
7262615,37.109375
7262673,53.7109375
7262688,36.19384765625
7262729,37.7197265625
7262745,35.46142578125
7262765,41.80908203125
7262790,45.0439453125
7262817,37.59765625
7262839,39.36767578125
7262860,37.9638671875
7262891,36.80419921875
7262933,40.8935546875
7262985,39.12353515625
7263031,38.6962890625
7263056,38.2080078125
7263108,36.7431640625
7263325,39.55078125
7263403,41.9921875
7263642,38.26904296875
7263680,37.78076171875
7263822,40.1611328125
7263996,40.22216796875
7264031,44.37255859375
7264493,40.83251953125
7265142,41.68701171875
7265319,37.17041015625
7266299,38.63525390625
7268459,36.4990234375
7273288,36.68212890625
7280094,38.39111328125
7283360,40.46630859375
7287084,38.26904296875
7313909,38.39111328125
7323602,42.05322265625
7323624,46.2646484375
7323689,38.9404296875
7323704,47.36328125
7323721,54.931640625
7323750,40.283203125
7323779,49.4384765625
7323795,35.58349609375
7323805,45.95947265625
7323898,44.3115234375
7323939,53.3447265625
7323993,36.7431640625
7324089,45.2880859375
7324155,37.78076171875
7324280,47.9736328125
7324565,37.2314453125
7324690,35.7666015625
7324953,36.56005859375
7325088,54.443359375
7325230,36.376953125
7325513,39.12353515625
7325766,36.43798828125
7326141,36.68212890625
7326539,35.70556640625
7327232,38.39111328125
7327885,35.400390625
7333702,39.794921875
7345955,38.51318359375
7345997,55.11474609375
7346016,42.66357421875
7346040,46.81396484375
7346062,44.5556640625
7346074,39.12353515625
7346093,56.21337890625
7346118,43.51806640625
7346161,47.30224609375
7346215,40.58837890625
7346297,48.095703125
7346333,40.10009765625
7346437,35.94970703125
7346462,51.3916015625
7346487,41.19873046875
7346577,60.85205078125
7346686,40.71044921875
7346762,40.1611328125
7346925,35.94970703125
7347014,35.58349609375
7347379,46.38671875
7347532,36.865234375
7347838,37.841796875
7348080,36.865234375
7348260,38.4521484375
7348872,42.1142578125
7349192,39.306640625
7351217,43.45703125
7362773,37.7197265625
7366575,36.68212890625
7384769,35.400390625
7573461,37.41455078125
7573494,50.1708984375
7573526,58.65478515625
7573545,53.466796875
7573559,48.9501953125
7573603,42.3583984375
7573617,64.0869140625
7573627,39.794921875
7573647,37.353515625
7573661,56.33544921875
7573676,40.10009765625
7573704,37.4755859375
7573734,36.07177734375
7573767,52.06298828125
7573792,68.84765625
7573846,37.29248046875
7573875,44.12841796875
7573924,40.283203125
7573946,35.46142578125
7573999,35.82763671875
7574046,38.51318359375
7574125,42.48046875
7574302,41.748046875
7574362,38.6962890625
7574509,36.43798828125
7574620,39.24560546875
7574718,38.26904296875
7574899,38.02490234375
7575050,47.79052734375
7575148,43.0908203125
7575326,35.888671875
7575482,48.9501953125
7575969,42.17529296875
7576306,38.51318359375
7592188,36.07177734375
7595691,39.61181640625
7600290,35.58349609375
7663661,50.35400390625
7663678,42.54150390625
7663693,41.6259765625
7663717,47.36328125
7663739,46.20361328125
7663759,41.44287109375
7663781,35.46142578125
7663808,40.4052734375
7663831,48.03466796875
7663859,67.9931640625
7663901,49.4384765625
7663961,41.07666015625
7663973,36.19384765625
7664010,45.10498046875
7664064,38.26904296875
7664108,40.0390625
7664151,40.52734375
7664196,46.32568359375
7664281,63.720703125
7664317,38.51318359375
7664337,38.02490234375
7664447,39.306640625
7664576,37.2314453125
7664693,44.61669921875
7664819,54.38232421875
7665063,35.400390625
7665096,44.921875
7665645,46.08154296875
7665955,39.00146484375
7666830,40.771484375
7677171,35.400390625
7680904,39.0625
7681611,43.39599609375
7681878,44.5556640625
7681912,37.41455078125
7681933,40.34423828125
7681956,40.4052734375
7681986,38.330078125
7682030,64.94140625
7682072,39.306640625
7682089,60.48583984375
7682140,38.0859375
7682220,45.41015625
7682279,46.69189453125
7682309,43.39599609375
7682338,36.865234375
7682405,50.29296875
7682483,36.0107421875
7682588,36.56005859375
7682684,38.51318359375
7682774,43.64013671875
7682904,37.65869140625
7683109,51.08642578125
7683733,36.31591796875
7684116,36.19384765625
7694285,37.59765625
7697489,41.259765625
7705085,39.24560546875
7705826,36.0107421875
7754179,35.400390625
7754378,38.818359375
7754391,44.43359375
7754425,53.5888671875
7754439,41.6259765625
7754468,36.07177734375
7754508,45.34912109375
7754538,39.55078125
7754591,42.17529296875
7754641,35.70556640625
7754749,38.51318359375
7754769,43.212890625
7754812,40.95458984375
7754859,37.4755859375
7754877,49.37744140625
7755212,43.15185546875
7755285,36.31591796875
7755497,41.8701171875
7755604,37.109375
7755644,36.92626953125
7755760,39.97802734375
7756245,41.8701171875
7756864,36.0107421875
7757089,36.07177734375
7757524,39.1845703125
7757922,43.5791015625
7760869,37.2314453125
7767128,36.4990234375
7767608,36.19384765625
7778535,35.888671875
7820364,36.80419921875
7820502,44.25048828125
7820532,39.97802734375
7820553,63.232421875
7820589,52.67333984375
7820601,45.5322265625
7820644,52.42919921875
7820661,43.212890625
7820712,44.43359375
7820733,42.724609375
7820764,43.15185546875
7820784,39.73388671875
7820826,37.90283203125
7820848,35.888671875
7820883,49.9267578125
7820930,36.4990234375
7820949,36.56005859375
7821051,40.6494140625
7821418,41.015625
7821495,47.36328125
7821675,39.4287109375
7821696,45.83740234375
7821934,37.9638671875
7822116,36.62109375
7822368,48.828125
7822530,39.55078125
7822718,40.1611328125
7823125,38.26904296875
7823360,49.1943359375
7823615,36.56005859375
7824075,39.794921875
7826368,37.841796875
7835391,36.865234375
7836918,36.7431640625
7840259,37.41455078125
7844444,37.90283203125
7910353,36.865234375
7910376,52.978515625
7910400,56.33544921875
7910417,48.828125
7910431,42.236328125
7910460,55.35888671875
7910481,43.8232421875
7910491,38.4521484375
7910526,49.13330078125
7910550,42.17529296875
7910576,42.90771484375
7910602,37.9638671875
7910628,40.52734375
7910659,39.1845703125
7910693,47.9736328125
7910718,36.19384765625
7910735,35.400390625
7910838,36.19384765625
7910933,37.7197265625
7911106,35.70556640625
7911179,36.9873046875
7911209,44.49462890625
7911461,36.1328125
7911554,38.75732421875
7911754,38.0859375
7911983,48.4619140625
7912194,36.68212890625
7912352,37.59765625
7912795,35.46142578125
7914965,46.69189453125
7925921,36.80419921875
7928547,36.07177734375
7930954,37.841796875
7984880,37.59765625
7984950,56.70166015625
7984974,49.74365234375
7984998,49.49951171875
7985026,55.72509765625
7985062,48.03466796875
7985090,36.2548828125
7985108,36.1328125
7985153,49.072265625
7985195,43.9453125
7985223,45.10498046875
7985240,63.3544921875
7985303,41.1376953125
7985363,36.07177734375
7985426,51.57470703125
7985534,37.41455078125
7985607,40.83251953125
7985656,49.25537109375
7985739,36.1328125
7986090,48.583984375
7986251,45.10498046875
7986869,35.94970703125
7988133,38.75732421875
7989165,36.62109375
7989875,37.78076171875
7991299,37.29248046875
7992377,36.07177734375
7998490,37.78076171875
8011592,36.19384765625
8051226,37.41455078125
8052093,38.57421875
8052123,40.10009765625
8052144,70.80078125
8052178,49.01123046875
8052190,66.2841796875
8052211,66.22314453125
8052249,42.41943359375
8052266,44.5556640625
8052295,56.21337890625
8052318,44.49462890625
8052370,53.7109375
8052392,47.54638671875
8052416,84.3505859375
8052483,37.78076171875
8052523,42.54150390625
8052576,40.71044921875
8052745,46.81396484375
8052784,36.865234375
8053084,39.9169921875
8053198,37.59765625
8053493,35.70556640625
8053646,37.841796875
8053798,36.56005859375
8054235,38.75732421875
8054578,35.82763671875
8054700,36.7431640625
8054873,37.841796875
8055060,42.66357421875
8055547,43.88427734375
8056068,36.4990234375
8065649,37.109375
8067414,38.14697265625
8068544,38.87939453125
8068832,38.14697265625
8071539,36.9873046875
8143493,52.490234375
8143508,51.6357421875
8143527,39.4287109375
8143557,55.6640625
8143581,53.52783203125
8143594,37.7197265625
8143622,39.6728515625
8143654,47.607421875
8143672,53.5888671875
8143707,41.015625
8143725,47.54638671875
8143757,37.90283203125
8143793,40.34423828125
8143877,35.888671875
8143907,55.419921875
8143986,47.05810546875
8144076,43.8232421875
8144094,48.76708984375
8144207,35.58349609375
8144306,55.48095703125
8144466,38.2080078125
8144566,38.2080078125
8144655,36.4990234375
8144895,38.02490234375
8145093,37.04833984375
8145500,53.77197265625
8145675,39.36767578125
8146629,36.31591796875
8148670,40.95458984375
8154340,39.73388671875
8156782,36.2548828125
8158063,37.29248046875
8163930,36.56005859375
8194956,39.73388671875
8221210,39.794921875
8221678,39.97802734375
8221711,43.8232421875
8221743,49.560546875
8221778,39.9169921875
8221789,40.83251953125
8221820,44.3115234375
8221855,43.0908203125
8221872,42.96875
8221944,43.45703125
8221963,41.07666015625
8222096,37.17041015625
8222128,43.39599609375
8222152,45.22705078125
8222197,46.9970703125
8222284,40.283203125
8222490,45.83740234375
8222655,35.58349609375
8222856,41.19873046875
8222923,36.80419921875
8222992,43.39599609375
8223091,38.75732421875
8223508,38.330078125
8223651,38.2080078125
8224212,38.87939453125
8224674,36.56005859375
8225316,37.65869140625
8228815,36.92626953125
8234032,35.46142578125
8241910,36.7431640625
8244449,36.92626953125
8244750,41.748046875
8244789,36.43798828125
8244809,47.79052734375
8244835,38.6962890625
8244869,51.57470703125
8244900,57.373046875
8244930,41.50390625
8244959,41.748046875
8245011,40.58837890625
8245050,37.109375
8245118,47.36328125
8245162,42.3583984375
8245184,48.2177734375
8245266,38.0859375
8245514,41.8701171875
8245927,38.330078125
8246087,44.98291015625
8246777,59.50927734375
8247424,38.2080078125
8247898,35.888671875
8247966,41.80908203125
8248624,36.19384765625
8252270,36.1328125
8254636,35.46142578125
8256979,42.29736328125
8266748,36.56005859375
8434346,39.61181640625
8434363,37.59765625
8434397,38.9404296875
8434407,37.53662109375
8434462,57.55615234375
8434495,39.6728515625
8434508,65.3076171875
8434539,41.68701171875
8434560,44.98291015625
8434583,43.51806640625
8434647,51.025390625
8434691,35.70556640625
8434708,48.03466796875
8434820,42.6025390625
8434890,39.00146484375
8434905,35.46142578125
8435099,40.52734375
8435187,43.701171875
8435257,36.1328125
8435403,49.072265625
8435540,48.64501953125
8435689,48.33984375
8436078,41.3818359375
8437082,44.3115234375
8438529,35.7666015625
8447650,38.39111328125
8450423,35.58349609375
8455548,37.2314453125
8457824,64.697265625
8457853,37.841796875
8457906,38.63525390625
8457927,60.546875
8457946,55.0537109375
8457972,42.78564453125
8458012,42.724609375
8458045,39.12353515625
8458121,39.73388671875
8458198,48.828125
8458226,40.6494140625
8458245,36.62109375
8458317,44.7998046875
8458407,38.63525390625
8458558,51.94091796875
8458712,46.142578125
8458816,36.4990234375
8458974,48.64501953125
8459617,39.1845703125
8459734,38.51318359375
8461569,35.888671875
8469334,38.75732421875
8471456,39.00146484375
8473187,36.31591796875
8477947,36.9873046875
8479536,41.93115234375
8483340,37.90283203125
8488206,39.00146484375
8498973,39.48974609375
8561693,39.794921875
8561703,43.88427734375
8561730,51.26953125
8561760,44.73876953125
8561772,50.9033203125
8561786,71.77734375
8561838,38.39111328125
8561876,60.4248046875
8561914,36.376953125
8561956,38.14697265625
8561986,70.556640625
8562021,52.978515625
8562153,39.97802734375
8562230,39.9169921875
8562417,49.49951171875
8562510,43.76220703125
8562616,41.015625
8562858,36.56005859375
8563253,42.90771484375
8563395,41.259765625
8564301,46.5087890625
8564449,36.376953125
8564913,38.14697265625
8578453,35.400390625
8578841,36.43798828125
8578859,45.8984375
8578881,53.955078125
8578905,37.353515625
8579007,54.0771484375
8579047,39.4287109375
8579069,39.00146484375
8579105,38.14697265625
8579136,41.748046875
8579221,46.32568359375
8579297,36.62109375
8579314,44.37255859375
8579422,35.70556640625
8579445,39.1845703125
8579475,48.03466796875
8579529,35.888671875
8579825,35.400390625
8579959,35.58349609375
8580060,37.841796875
8580072,46.69189453125
8580203,42.3583984375
8580736,36.43798828125
8580962,39.4287109375
8581295,36.80419921875
8595108,38.6962890625
8596505,40.58837890625
8598347,38.9404296875
8601668,35.82763671875
8662171,36.1328125
8664154,36.2548828125
8664209,38.02490234375
8664241,65.3076171875
8664283,36.43798828125
8664309,40.22216796875
8664336,42.3583984375
8664347,62.744140625
8664418,60.6689453125
8664439,38.0859375
8664484,38.26904296875
8664523,35.94970703125
8664566,42.48046875
8664695,39.00146484375
8664780,38.87939453125
8664802,38.9404296875
8664865,44.12841796875
8664988,39.61181640625
8665003,36.56005859375
8665072,41.8701171875
8665719,41.1376953125
8666153,37.7197265625
8666663,35.46142578125
8666910,45.0439453125
8667230,36.62109375
8667817,37.7197265625
8669284,38.02490234375
8671032,39.6728515625
8682748,37.17041015625
8693472,45.71533203125
8736110,40.6494140625
8736573,39.97802734375
8736614,53.40576171875
8736641,42.724609375
8736664,36.68212890625
8736680,52.55126953125
8736714,36.9873046875
8736740,40.6494140625
8736769,36.19384765625
8736799,38.14697265625
8736811,59.4482421875
8736835,44.921875
8736905,36.31591796875
8736920,37.841796875
8736939,36.43798828125
8736994,43.45703125
8737044,36.68212890625
8737055,43.9453125
8737114,40.6494140625
8737210,41.32080078125
8737332,66.0400390625
8737607,42.05322265625
8737888,41.07666015625
8738240,40.283203125
8738456,37.65869140625
8738950,37.2314453125
8739176,35.46142578125
8739786,35.5224609375
8740142,37.4755859375
8743485,38.63525390625
8746548,37.2314453125
8748250,36.92626953125
8749705,37.41455078125
8751293,36.62109375
8752257,37.90283203125
8761095,37.17041015625
8810008,40.0390625
8811950,41.9921875
8811977,55.23681640625
8812005,53.955078125
8812032,42.8466796875
8812081,46.56982421875
8812098,44.43359375
8812123,41.19873046875
8812150,44.49462890625
8812170,45.83740234375
8812192,36.80419921875
8812223,57.80029296875
8812305,39.6728515625
8812363,35.58349609375
8812848,40.1611328125
8812907,37.90283203125
8813336,42.54150390625
8813971,36.92626953125
8814423,41.9921875
8816583,35.58349609375
8819484,36.92626953125
8821347,39.4287109375
8832383,39.794921875
8833114,38.14697265625
8835641,36.865234375
8841199,39.73388671875
8843278,36.19384765625
9014497,44.25048828125
9014541,50.47607421875
9014566,70.49560546875
9014600,47.54638671875
9014611,61.767578125
9014645,49.37744140625
9014658,53.77197265625
9014678,66.650390625
9014704,66.5283203125
9014735,35.58349609375
9014765,41.19873046875
9014778,52.978515625
9014803,36.92626953125
9014824,43.8232421875
9014842,36.1328125
9014874,38.818359375
9014910,36.07177734375
9014921,39.97802734375
9015525,38.57421875
9016160,38.02490234375
9018455,38.0859375
9030483,35.888671875
9036045,36.9873046875
9043933,48.27880859375
9043959,38.2080078125
9043991,53.16162109375
9044027,48.095703125
9044053,58.9599609375
9044063,38.2080078125
9044118,40.10009765625
9044131,36.56005859375
9044166,43.5791015625
9044229,40.1611328125
9044250,53.8330078125
9044279,41.015625
9044344,49.98779296875
9044489,45.0439453125
9044513,39.1845703125
9044585,36.4990234375
9044637,40.71044921875
9044669,49.37744140625
9044771,38.6962890625
9045272,40.4052734375
9045425,46.81396484375
9045581,49.49951171875
9046094,38.87939453125
9047315,43.88427734375
9057172,36.19384765625
9060393,37.2314453125
9066603,38.14697265625
9072011,36.31591796875
9105013,39.73388671875
9105446,39.6728515625
9105457,43.15185546875
9105498,43.8232421875
9105512,65.61279296875
9105522,46.2646484375
9105553,37.841796875
9105585,56.5185546875
9105606,41.9921875
9105635,56.33544921875
9105648,41.56494140625
9105690,36.4990234375
9105767,39.24560546875
9105867,36.9873046875
9105941,55.5419921875
9106078,37.9638671875
9106232,38.51318359375
9106381,54.62646484375
9106494,38.4521484375
9106629,36.80419921875
9106706,37.53662109375
9106893,36.68212890625
9106938,37.65869140625
9107187,38.14697265625
9107969,36.1328125
9108916,37.353515625
9111401,36.31591796875
9112929,37.353515625
9118861,38.51318359375
9119283,35.7666015625
9124925,36.376953125
9126858,37.41455078125
9130711,39.6728515625
9209254,36.865234375
9209291,50.23193359375
9209313,44.86083984375
9209330,52.001953125
9209375,46.56982421875
9209436,35.82763671875
9209469,41.68701171875
9209489,48.2177734375
9209507,38.57421875
9209545,42.17529296875
9209570,40.771484375
9209626,52.6123046875
9209654,39.306640625
9209673,38.6962890625
9209725,48.15673828125
9209887,51.7578125
9209992,43.45703125
9210110,47.54638671875
9210242,42.724609375
9210537,41.44287109375
9210817,43.51806640625
9210845,37.353515625
9211755,37.109375
9237563,35.888671875
9237601,41.80908203125
9237625,50.9033203125
9237654,54.8095703125
9237690,36.07177734375
9237703,44.0673828125
9237754,60.11962890625
9237788,44.0673828125
9237798,43.51806640625
9237841,38.0859375
9237871,56.0302734375
9237888,39.55078125
9237902,38.0859375
9237941,36.92626953125
9237997,45.5322265625
9238016,48.64501953125
9238112,36.43798828125
9238225,36.62109375
9238594,43.0908203125
9238793,37.78076171875
9239124,45.34912109375
9239332,42.724609375
9239449,38.87939453125
9242526,36.9873046875
9253673,35.70556640625
9277606,35.94970703125
9297406,36.7431640625
9307654,36.9873046875
9307724,36.07177734375
9307788,53.1005859375
9307798,41.748046875
9307827,39.306640625
9307844,55.23681640625
9307891,51.81884765625
9307905,37.78076171875
9307959,47.9736328125
9308016,39.794921875
9308036,36.62109375
9308070,44.00634765625
9308145,71.59423828125
9308194,37.109375
9308217,36.68212890625
9308276,42.90771484375
9308347,42.90771484375
9308453,45.59326171875
9308550,44.00634765625
9308622,41.015625
9308839,36.7431640625
9309109,43.02978515625
9309309,44.12841796875
9309389,36.9873046875
9309654,38.87939453125
9311424,35.58349609375
9311648,36.2548828125
9319437,36.80419921875
9320472,38.6962890625
9321318,35.400390625
9322512,39.00146484375
9324563,36.80419921875
9326437,40.10009765625
9332325,41.3818359375
9334334,36.56005859375
9338673,36.43798828125
9368594,38.39111328125
9485735,46.142578125
9485818,35.94970703125
9485834,52.3681640625
9485873,41.93115234375
9485887,67.81005859375
9485925,49.8046875
9485938,36.62109375
9485954,39.73388671875
9485991,46.0205078125
9486022,52.18505859375
9486077,47.607421875
9486173,52.001953125
9486267,35.64453125
9486322,41.19873046875
9486811,39.6728515625
9487094,50.35400390625
9487560,36.68212890625
9490026,37.29248046875
9492359,35.82763671875
9499035,35.400390625
9503486,38.9404296875
9515230,36.1328125
9576012,48.76708984375
9576037,36.0107421875
9576083,36.0107421875
9576095,39.36767578125
9576132,40.1611328125
9576149,55.5419921875
9576182,45.5322265625
9576204,72.69287109375
9576255,53.8330078125
9576310,47.42431640625
9576322,42.6025390625
9576367,38.26904296875
9576416,42.41943359375
9576429,40.83251953125
9576493,36.7431640625
9576541,48.095703125
9576612,36.0107421875
9576718,37.841796875
9576817,35.888671875
9576903,41.1376953125
9577423,36.4990234375
9577475,43.0908203125
9577729,41.748046875
9577916,36.80419921875
9578148,35.7666015625
9578715,50.6591796875
9582667,35.58349609375
9593036,41.19873046875
9595015,37.109375
9597945,38.87939453125
9606969,37.04833984375
9633594,41.8701171875
9716258,44.3115234375
9716277,35.58349609375
9716293,46.142578125
9716323,46.2646484375
9716363,52.18505859375
9716416,44.49462890625
9716447,36.0107421875
9716484,38.330078125
9716512,36.2548828125
9716526,37.29248046875
9716559,50.4150390625
9716579,41.50390625
9716620,37.04833984375
9716648,36.0107421875
9716694,35.82763671875
9716710,39.73388671875
9716750,37.29248046875
9716840,40.10009765625
9717021,36.0107421875
9717140,36.2548828125
9717322,44.677734375
9717431,64.51416015625
9717573,41.1376953125
9718342,35.46142578125
9729210,35.46142578125
9730475,38.75732421875
9737485,35.94970703125
9752481,36.19384765625
9819201,58.77685546875
9819222,36.07177734375
9819256,52.6123046875
9819284,45.8984375
9819299,40.771484375
9819381,36.07177734375
9819404,40.1611328125
9819422,45.59326171875
9819485,58.28857421875
9819519,40.283203125
9819555,36.31591796875
9819611,39.24560546875
9819636,36.1328125
9819718,42.96875
9819941,43.701171875
9820252,36.0107421875
9820619,36.9873046875
9820740,35.94970703125
9821125,35.64453125
9821700,49.01123046875
9824636,37.29248046875
9832934,35.888671875
9837607,41.9921875
9842416,39.24560546875
9851549,39.61181640625
9877159,35.5224609375
9877847,43.64013671875
9878092,53.7109375
9878113,37.65869140625
9878145,46.5087890625
9878188,38.6962890625
9878206,48.03466796875
9878225,52.978515625
9878247,35.7666015625
9878275,46.56982421875
9878333,42.3583984375
9878387,41.6259765625
9878400,42.17529296875
9878421,41.1376953125
9878437,56.396484375
9878478,39.306640625
9878526,37.7197265625
9878536,46.20361328125
9878602,39.73388671875
9878634,36.62109375
9878838,38.63525390625
9878985,42.90771484375
9879119,37.841796875
9879186,36.62109375
9879259,50.6591796875
9879342,44.73876953125
9879620,38.87939453125
9879980,37.841796875
9880232,43.9453125
9880504,38.14697265625
9880675,40.46630859375
9881487,39.4287109375
9884897,40.71044921875
9889346,39.12353515625
9893053,35.64453125
9893518,36.92626953125
9895233,36.865234375
9899557,35.64453125
9901507,36.9873046875
9907678,36.43798828125
10046615,35.58349609375
10046631,41.19873046875
10046678,45.34912109375
10046691,42.236328125
10046718,45.95947265625
10046744,47.05810546875
10046763,51.08642578125
10046790,39.9169921875
10046802,49.31640625
10046838,59.14306640625
10046852,49.1943359375
10046864,42.724609375
10046886,43.27392578125
10046907,37.59765625
10046946,42.236328125
10046960,39.794921875
10047019,38.26904296875
10047067,36.68212890625
10047126,39.36767578125
10047248,46.875
10047336,38.63525390625
10047391,36.0107421875
10047485,38.2080078125
10047765,38.02490234375
10048714,35.7666015625
10049201,41.015625
10050232,37.4755859375
10052166,35.46142578125
10059527,35.82763671875
10069280,38.02490234375
10071590,38.02490234375
10075091,36.43798828125
10163499,41.3818359375
10163519,42.41943359375
10163554,48.40087890625
10163584,62.6220703125
10163605,45.7763671875
10163651,48.76708984375
10163672,42.6025390625
10163691,38.9404296875
10163706,43.02978515625
10163732,50.47607421875
10163791,45.47119140625
10163815,45.7763671875
10163852,35.400390625
10163926,54.931640625
10164030,46.7529296875
10164136,38.0859375
10164317,50.84228515625
10164546,50.048828125
10164662,36.31591796875
10164967,35.58349609375
10165117,37.04833984375
10165585,38.0859375
10166385,41.8701171875
10166574,35.64453125
10168744,36.62109375
10172203,36.9873046875
10173378,36.43798828125
10180085,40.52734375
10183278,36.1328125
10186290,36.31591796875
10192796,39.48974609375
10252510,39.1845703125
10252987,36.43798828125
10253034,44.49462890625
10253044,41.44287109375
10253077,38.330078125
10253148,40.46630859375
10253161,58.16650390625
10253184,47.607421875
10253212,35.70556640625
10253239,38.57421875
10253266,46.7529296875
10253331,51.7578125
10253405,44.37255859375
10253437,46.7529296875
10253503,36.376953125
10253568,37.29248046875
10253717,35.400390625
10253890,38.87939453125
10254003,44.3115234375
10254129,45.7763671875
10254627,47.66845703125
10255166,44.61669921875
10255428,39.61181640625
10255597,38.9404296875
10255788,39.73388671875
10256120,36.9873046875
10258133,36.9873046875
10259880,35.7666015625
10270494,35.5224609375
10276556,39.306640625
10291840,44.00634765625
10413236,35.46142578125
10413246,38.75732421875
10413276,47.54638671875
10413292,42.3583984375
10413307,50.29296875
10413333,39.1845703125
10413348,40.771484375
10413411,38.39111328125
10413435,40.283203125
10413489,41.07666015625
10413536,38.63525390625
10413561,41.1376953125
10413676,41.93115234375
10413711,41.07666015625
10413765,36.9873046875
10413827,39.61181640625
10414586,35.94970703125
10414727,39.36767578125
10414927,36.43798828125
10415477,36.31591796875
10416452,38.02490234375
10416841,38.14697265625
10426558,36.7431640625
10430968,37.109375
10431924,47.54638671875
10446155,37.53662109375
10453943,35.58349609375
10517472,36.80419921875
10517549,50.35400390625
10517573,43.45703125
10517583,36.07177734375
10517617,35.64453125
10517633,36.07177734375
10517663,36.4990234375
10517682,37.41455078125
10517709,46.9970703125
10517739,50.47607421875
10517750,35.5224609375
10517789,36.4990234375
10517815,44.12841796875
10517857,52.91748046875
10517879,35.58349609375
10517906,42.54150390625
10517963,44.0673828125
10518017,39.12353515625
10518085,35.7666015625
10518175,43.45703125
10518514,42.90771484375
10518720,37.109375
10519026,40.4052734375
10519152,39.0625
10519359,37.59765625
10519568,36.56005859375
10519887,35.94970703125
10520100,35.82763671875
10520622,39.306640625
10523382,37.17041015625
10525004,42.66357421875
10531996,35.400390625
10532973,37.4755859375
10536757,36.43798828125
10542735,37.353515625
10552118,39.24560546875
10600495,46.875
10600550,36.07177734375
10600562,49.8046875
10600585,47.18017578125
10600617,54.5654296875
10600645,36.19384765625
10600658,52.490234375
10600688,44.00634765625
10600709,39.12353515625
10600726,43.701171875
10600737,50.9033203125
10600784,36.2548828125
10600805,38.26904296875
10600822,35.70556640625
10600848,37.65869140625
10600933,42.3583984375
10600963,38.14697265625
10600995,48.03466796875
10601049,41.68701171875
10601182,46.0205078125
10601480,39.1845703125
10601821,35.64453125
10601990,36.56005859375
10602112,35.7666015625
10602716,41.50390625
10602955,35.5224609375
10605133,36.43798828125
10605589,35.70556640625
10609961,38.39111328125
10612536,38.330078125
10615604,37.78076171875
10617249,37.53662109375
10617998,37.04833984375
10626946,35.888671875
10627452,49.25537109375
10627479,41.80908203125
10627554,38.6962890625
10627566,69.7021484375
10627594,49.25537109375
10627621,43.15185546875
10627650,49.560546875
10627672,43.88427734375
10627699,42.66357421875
10627721,39.55078125
10627750,35.70556640625
10627776,37.41455078125
10627813,56.884765625
10627861,42.05322265625
10627885,35.5224609375
10627979,49.8046875
10628038,38.39111328125
10628135,41.259765625
10628238,39.306640625
10628293,45.654296875
10628382,42.96875
10628511,45.166015625
10629264,40.22216796875
10629453,36.92626953125
10629899,36.376953125
10630163,36.62109375
10630536,37.109375
10631888,39.73388671875
10638096,38.0859375
10639953,40.52734375
10642420,35.64453125
10645875,36.62109375
10661962,35.888671875
10674339,38.9404296875
10713828,35.5224609375
10719500,36.376953125
10759431,49.74365234375
10759471,38.14697265625
10759503,39.55078125
10759513,41.19873046875
10759558,54.0771484375
10759585,38.26904296875
10759598,41.56494140625
10759613,36.7431640625
10759658,42.48046875
10759704,38.39111328125
10759719,41.80908203125
10759748,42.1142578125
10759787,37.59765625
10759861,42.96875
10759873,37.53662109375
10759915,47.42431640625
10759948,36.19384765625
10759988,44.61669921875
10760132,43.51806640625
10760365,40.71044921875
10760555,42.90771484375
10760946,45.41015625
10761133,38.330078125
10761429,50.96435546875
10761745,44.00634765625
10762420,36.07177734375
10762783,35.64453125
10764236,35.94970703125
10765708,38.87939453125
10766703,36.07177734375
10773493,36.19384765625
10775983,36.7431640625
10780142,38.26904296875
10782777,36.92626953125
10869568,53.955078125
10869598,41.68701171875
10869623,78.2470703125
10869647,39.9169921875
10869666,48.52294921875
10869692,36.1328125
10869726,46.32568359375
10869754,55.6640625
10869789,41.259765625
10869845,50.78125
10869860,37.9638671875
10869889,48.9501953125
10869949,37.04833984375
10869998,44.7998046875
10870028,35.94970703125
10870051,38.6962890625
10870207,37.78076171875
10870275,39.794921875
10870489,41.80908203125
10870640,42.29736328125
10870892,39.9169921875
10870995,39.36767578125
10871238,49.86572265625
10871383,36.2548828125
10871644,35.888671875
10871908,44.49462890625
10872366,40.71044921875
10873762,39.306640625
10877544,36.62109375
10885735,37.109375
10889038,38.57421875
11019695,46.5087890625
11019730,44.00634765625
11019789,47.7294921875
11019799,38.14697265625
11019822,38.330078125
11019851,40.71044921875
11019866,49.13330078125
11019892,41.19873046875
11019917,41.32080078125
11019942,37.53662109375
11019975,49.98779296875
11020009,47.119140625
11020061,50.72021484375
11020186,38.0859375
11020242,37.41455078125
11020374,41.8701171875
11020576,36.1328125
11020835,38.39111328125
11020924,39.55078125
11021305,49.13330078125
11021475,36.92626953125
11021707,51.45263671875
11021892,45.166015625
11022333,45.0439453125
11024728,37.17041015625
11025519,40.22216796875
11026632,40.8935546875
11027931,35.58349609375
11038754,36.376953125
11040744,37.353515625
11043948,43.02978515625
11046982,37.65869140625
11068302,39.36767578125
11145494,36.4990234375
11145509,51.57470703125
11145543,47.8515625
11145601,39.36767578125
11145618,39.55078125
11145651,40.71044921875
11145671,38.57421875
11145700,53.1005859375
11145729,46.9970703125
11145818,48.40087890625
11145830,55.35888671875
11145882,37.29248046875
11145895,36.92626953125
11145934,40.771484375
11146040,51.69677734375
11146113,35.7666015625
11146773,46.5087890625
11147210,43.212890625
11147989,36.80419921875
11148679,40.83251953125
11150684,35.70556640625
11159097,36.19384765625
11167251,39.306640625
11169155,36.56005859375
11169758,35.64453125
11178066,35.64453125
11180265,37.17041015625
11216405,36.92626953125
11216440,35.82763671875
11216472,50.10986328125
11216484,36.07177734375
11216510,54.931640625
11216552,44.3115234375
11216565,51.025390625
11216599,59.5703125
11216636,39.73388671875
11216648,38.330078125
11216661,37.78076171875
11216710,37.04833984375
11216772,38.51318359375
11216795,42.96875
11216824,36.80419921875
11216903,39.4287109375
11216988,53.03955078125
11217061,35.70556640625
11217298,36.1328125
11217825,41.6259765625
11217972,42.8466796875
11218946,36.1328125
11219713,35.58349609375
11220920,35.46142578125
11223595,35.94970703125
11231968,39.55078125
11233266,36.7431640625
11243941,35.82763671875
11248629,35.64453125
11271652,35.82763671875
11416987,41.9921875
11417006,42.17529296875
11417040,60.85205078125
11417064,68.9697265625
11417076,49.62158203125
11417101,63.04931640625
11417147,55.0537109375
11417164,36.2548828125
11417200,35.58349609375
11417234,42.90771484375
11417256,40.1611328125
11417295,39.97802734375
11417557,41.748046875
11417598,35.5224609375
11417827,36.68212890625
11417981,40.52734375
11418455,41.68701171875
11418583,40.8935546875
11418681,38.63525390625
11418767,41.3818359375
11418970,43.39599609375
11419264,40.0390625
11420281,36.31591796875
11420780,39.97802734375
11439085,36.43798828125
11440818,35.400390625
11521221,45.166015625
11521233,46.2646484375
11521257,38.2080078125
11521286,42.1142578125
11521315,53.16162109375
11521337,49.1943359375
11521359,51.8798828125
11521372,38.75732421875
11521411,38.63525390625
11521437,41.56494140625
11521447,43.701171875
11521457,42.29736328125
11521495,44.61669921875
11521535,57.373046875
11521545,67.626953125
11521605,43.88427734375
11521632,42.3583984375
11521662,52.30712890625
11521732,42.6025390625
11521827,40.10009765625
11522331,41.93115234375
11522581,43.701171875
11522932,36.376953125
11523295,36.80419921875
11523487,49.13330078125
11524734,45.41015625
11525297,35.46142578125
11526783,42.05322265625
11528708,39.00146484375
11533618,36.92626953125
11535646,36.92626953125
11542302,36.80419921875
11546715,36.43798828125
11548153,36.7431640625
11556928,38.0859375
11562613,36.0107421875
11565741,57.18994140625
11565776,55.6640625
11565809,47.607421875
11565830,56.70166015625
11565871,50.47607421875
11565886,39.4287109375
11565898,45.654296875
11565932,65.24658203125
11565989,37.353515625
11566029,38.57421875
11566050,37.17041015625
11566066,47.91259765625
11566089,35.70556640625
11566117,37.17041015625
11566182,38.9404296875
11566204,43.64013671875
11566280,39.48974609375
11566380,41.56494140625
11566472,36.865234375
11566516,36.865234375
11566600,42.8466796875
11566765,44.43359375
11566914,42.17529296875
11567348,36.19384765625
11567532,35.7666015625
11567856,35.400390625
11568316,38.6962890625
11568512,35.888671875
11570046,36.9873046875
11571623,36.2548828125
11572959,40.4052734375
11577895,36.2548828125
11584053,36.7431640625
11585015,35.400390625
11593737,44.73876953125
11694736,38.75732421875
11694788,37.04833984375
11694806,53.16162109375
11694833,51.1474609375
11694858,39.85595703125
11694880,69.3359375
11694918,38.818359375
11694944,39.55078125
11694987,39.0625
11694997,70.73974609375
11695021,43.02978515625
11695061,59.4482421875
11695076,44.73876953125
11695119,37.90283203125
11695187,39.794921875
11695247,49.01123046875
11695409,35.70556640625
11695511,37.04833984375
11695659,39.306640625
11695789,38.57421875
11696009,43.88427734375
11696039,43.0908203125
11696659,35.70556640625
11697070,40.8935546875
11698566,35.400390625
11712829,38.75732421875
11715376,40.95458984375
11718703,36.865234375
11725115,37.78076171875
11725125,46.142578125
11725156,47.7294921875
11725236,41.32080078125
11725277,42.66357421875
11725288,37.04833984375
11725357,47.9736328125
11725446,40.95458984375
11725493,43.3349609375
11725506,48.583984375
11725585,36.865234375
11725650,36.07177734375
11725673,38.330078125
11725816,42.29736328125
11725909,37.41455078125
11725979,38.0859375
11726007,48.03466796875
11726268,40.22216796875
11726385,35.82763671875
11726967,35.888671875
11727133,35.7666015625
11727186,37.41455078125
11727354,42.78564453125
11727668,35.46142578125
11727761,36.0107421875
11729751,36.07177734375
11741420,42.724609375
11744079,40.283203125
11753692,35.46142578125
11785524,36.19384765625
11843906,38.4521484375
11843926,44.12841796875
11843943,40.283203125
11843990,43.45703125
11844008,48.88916015625
11844024,36.31591796875
11844061,50.35400390625
11844073,44.189453125
11844114,56.640625
11844133,40.22216796875
11844146,36.865234375
11844182,38.26904296875
11844228,44.3115234375
11844256,41.748046875
11844272,50.23193359375
11844286,39.48974609375
11844339,39.85595703125
11844462,53.28369140625
11844611,43.15185546875
11844700,38.0859375
11844891,41.44287109375
11845042,40.71044921875
11845296,41.9921875
11846012,39.12353515625
11846221,38.9404296875
11846397,38.6962890625
11846827,38.818359375
11848071,38.39111328125
11890487,38.0859375
11890556,53.52783203125
11890582,53.03955078125
11890592,36.68212890625
11890611,42.1142578125
11890639,56.15234375
11890684,45.47119140625
11890708,60.36376953125
11890728,43.15185546875
11890783,48.15673828125
11890800,41.07666015625
11890816,39.9169921875
11890843,37.2314453125
11890868,39.61181640625
11890925,47.30224609375
11891018,36.92626953125
11891101,37.17041015625
11891199,45.71533203125
11891338,46.0205078125
11891609,58.349609375
11891900,39.794921875
11892113,38.57421875
11892240,36.80419921875
11892259,43.45703125
11892396,39.97802734375
11893061,42.96875
11894097,36.4990234375
11895408,36.07177734375
11897628,38.26904296875
11903422,38.57421875
11908850,39.6728515625
11908961,45.5322265625
11909008,46.2646484375
11909022,50.29296875
11909044,39.12353515625
11909076,36.92626953125
11909147,54.74853515625
11909225,39.00146484375
11909304,38.14697265625
11909340,38.4521484375
11909366,35.46142578125
11909514,46.630859375
11909585,35.58349609375
11909637,38.330078125
11909746,49.9267578125
11909956,43.51806640625
11910437,36.19384765625
11910582,35.400390625
11910782,35.70556640625
11911134,37.841796875
11911763,38.2080078125
11912202,36.0107421875
11913359,37.17041015625
11918314,39.73388671875
11919192,39.73388671875
11920660,35.64453125
11925271,38.39111328125
11941676,37.59765625
11955715,37.17041015625
11962117,43.15185546875
11962153,52.30712890625
11962174,45.59326171875
11962184,38.4521484375
11962242,42.66357421875
11962256,47.9736328125
11962278,50.72021484375
11962325,38.14697265625
11962347,37.109375
11962370,55.908203125
11962387,72.32666015625
11962400,35.82763671875
11962442,37.841796875
11962501,45.59326171875
11962584,59.26513671875
11962966,37.17041015625
11963088,45.166015625
11963204,35.7666015625
11963324,39.36767578125
11963513,43.64013671875
11964258,37.41455078125
11964684,40.46630859375
11964973,39.55078125
11965389,39.306640625
11966162,37.59765625
11966531,39.4287109375
11967729,36.68212890625
11968504,35.70556640625
11969839,38.14697265625
