11999000,0
8968,19.71435546875
8998,19.59228515625
9083,26.18408203125
9110,23.49853515625
9133,21.240234375
9198,21.97265625
9219,21.17919921875
9244,26.0009765625
9264,18.73779296875
9294,21.54541015625
9315,23.37646484375
9516,18.798828125
9618,19.1650390625
9930,22.0947265625
43975,20.8740234375
44022,18.49365234375
44045,23.4375
44080,20.751953125
44110,18.798828125
44143,32.40966796875
44178,23.8037109375
44261,24.169921875
44326,21.42333984375
58054,18.61572265625
58115,19.287109375
58177,19.10400390625
58215,21.240234375
59243,20.08056640625
59267,21.30126953125
59307,24.23095703125
59327,23.37646484375
59375,18.37158203125
60430,25.32958984375
60483,22.0947265625
60549,20.1416015625
60670,23.5595703125
60728,21.91162109375
60980,18.49365234375
61042,19.4091796875
61329,19.59228515625
61931,29.35791015625
62154,20.1416015625
62449,21.8505859375
62621,20.6298828125
62724,19.775390625
62769,26.0009765625
63235,18.85986328125
65878,19.6533203125
66116,20.01953125
66552,21.42333984375
66906,19.8974609375
68873,20.20263671875
68923,28.38134765625
69086,22.216796875
69120,26.0009765625
69209,18.49365234375
69479,32.16552734375
69771,23.74267578125
70094,21.8505859375
70394,31.06689453125
70430,18.98193359375
70822,19.22607421875
71887,25.08544921875
75320,23.4375
75505,19.10400390625
75886,19.47021484375
76261,22.03369140625
76295,19.22607421875
76649,19.47021484375
79555,18.49365234375
79566,18.6767578125
79603,18.6767578125
79935,21.05712890625
80233,21.728515625
80283,18.6767578125
83081,19.10400390625
83214,18.85986328125
83338,21.05712890625
83379,20.08056640625
83426,20.01953125
83639,24.71923828125
84859,19.1650390625
85180,27.77099609375
88965,20.751953125
89128,21.728515625
89407,19.10400390625
89438,36.1328125
89833,31.3720703125
89865,21.3623046875
92840,20.56884765625
92876,26.55029296875
93371,20.6298828125
96201,28.86962890625
96220,21.484375
96304,19.53125
96570,20.20263671875
96580,19.47021484375
98853,24.23095703125
98883,22.94921875
98933,21.42333984375
99117,31.55517578125
100077,19.4091796875
100402,25.2685546875
101504,18.798828125
106644,21.17919921875
106691,22.5830078125
106707,19.04296875
106722,20.93505859375
106772,23.92578125
106910,31.982421875
110491,18.6767578125
110875,22.705078125
110897,20.56884765625
111250,28.38134765625
111270,19.47021484375
111303,18.61572265625
115490,19.22607421875
115522,21.17919921875
115568,29.47998046875
115746,18.61572265625
116136,22.3388671875
116664,19.8974609375
116674,18.4326171875
116696,20.6298828125
117401,22.52197265625
117444,18.4326171875
121126,18.73779296875
121302,18.9208984375
121329,33.935546875
121371,23.25439453125
121633,23.13232421875
121646,23.4375
124759,21.240234375
124800,20.69091796875
124841,18.37158203125
124873,18.37158203125
125406,18.73779296875
125455,19.95849609375
130197,20.8740234375
130246,20.1416015625
130273,21.8505859375
130421,23.5595703125
130444,22.03369140625
130607,18.9208984375
130647,19.95849609375
130660,18.4326171875
130881,20.6298828125
131675,18.49365234375
131738,25.87890625
141034,20.01953125
141129,18.98193359375
141291,28.3203125
141326,20.3857421875
141632,23.193359375
141660,23.37646484375
142425,21.91162109375
142471,23.4375
142684,32.28759765625
142695,22.705078125
142728,23.0712890625
152612,21.1181640625
152634,25.81787109375
152657,20.01953125
152677,20.69091796875
153161,19.8974609375
153550,20.3857421875
155283,21.54541015625
155494,33.02001953125
155514,21.05712890625
155808,24.0478515625
155838,18.61572265625
163978,19.95849609375
164050,21.6064453125
164587,28.99169921875
164603,18.9208984375
165259,19.04296875
165285,19.287109375
174101,22.5830078125
174135,21.66748046875
174307,19.1650390625
174342,23.681640625
174566,19.83642578125
174580,19.4091796875
174844,20.5078125
184281,20.1416015625
184309,18.5546875
184342,22.3388671875
184529,21.240234375
184551,25.45166015625
184563,18.9208984375
185033,29.1748046875
185568,18.9208984375
199351,18.61572265625
199450,26.18408203125
199837,19.34814453125
200494,20.08056640625
200801,18.85986328125
200850,21.42333984375
201357,20.44677734375
201934,19.59228515625
202154,20.01953125
202188,22.4609375
203358,23.92578125
203554,20.08056640625
205036,19.47021484375
206193,20.01953125
217028,22.88818359375
217064,23.5595703125
217090,21.240234375
217267,19.8974609375
217311,20.32470703125
217327,19.1650390625
217489,20.81298828125
217513,23.0712890625
217737,19.775390625
217754,19.83642578125
228635,19.22607421875
228680,25.7568359375
228707,21.1181640625
228900,26.9775390625
229228,24.84130859375
229251,18.37158203125
230105,22.03369140625
230143,19.287109375
241986,23.98681640625
242029,24.90234375
242317,27.77099609375
242344,20.81298828125
242680,23.25439453125
242703,20.69091796875
243124,20.56884765625
243142,24.84130859375
257915,18.98193359375
257983,20.1416015625
258002,20.6298828125
258172,18.37158203125
259059,25.69580078125
259123,20.99609375
260759,19.34814453125
260801,20.32470703125
260910,18.5546875
261128,21.3623046875
285514,22.0947265625
286805,18.798828125
286818,37.109375
287268,21.05712890625
287301,18.98193359375
288842,20.20263671875
288886,21.728515625
289477,18.85986328125
342689,22.39990234375
342727,19.59228515625
342801,18.9208984375
342873,19.04296875
342932,32.04345703125
342953,26.611328125
342984,26.7333984375
343033,20.69091796875
343159,19.6533203125
343364,19.34814453125
343416,23.25439453125
386134,18.37158203125
386196,18.37158203125
386240,24.658203125
386252,22.705078125
386297,21.30126953125
386320,24.71923828125
386372,18.5546875
386413,21.728515625
386477,19.59228515625
386549,22.4609375
426360,19.22607421875
426447,28.62548828125
426494,25.57373046875
426529,18.798828125
426557,21.30126953125
426609,27.28271484375
426648,21.484375
426673,22.0947265625
426757,20.263671875
426799,22.27783203125
426909,21.17919921875
461007,18.6767578125
461041,22.39990234375
461125,23.98681640625
461135,21.66748046875
461179,18.6767578125
461205,18.5546875
461243,27.89306640625
461256,35.58349609375
461366,20.44677734375
461501,19.34814453125
493564,19.95849609375
493597,21.05712890625
493724,19.04296875
493804,18.85986328125
493918,20.3857421875
522042,18.798828125
522107,19.34814453125
522194,20.69091796875
522226,23.62060546875
522274,18.98193359375
522337,19.34814453125
522379,25.32958984375
522519,20.01953125
522710,25.146484375
566157,26.85546875
566320,19.22607421875
566345,20.56884765625
566547,20.01953125
591041,18.5546875
591079,22.03369140625
591103,23.01025390625
591196,18.9208984375
591403,23.01025390625
614097,19.04296875
614134,25.0244140625
614157,20.01953125
614179,24.59716796875
614233,18.73779296875
614248,19.10400390625
614272,22.39990234375
614296,23.92578125
614332,20.263671875
614479,20.93505859375
614565,20.69091796875
614614,21.05712890625
614732,22.94921875
614758,19.1650390625
654574,21.1181640625
654621,22.8271484375
654703,19.22607421875
654729,21.30126953125
654786,24.47509765625
654826,18.49365234375
654859,22.15576171875
654873,21.05712890625
654915,19.1650390625
654942,19.8974609375
655007,18.37158203125
683383,22.5830078125
683430,19.22607421875
698658,25.69580078125
698686,26.30615234375
698707,20.263671875
698733,18.4326171875
698799,19.53125
699041,18.61572265625
721682,18.37158203125
721730,18.73779296875
721757,34.423828125
721806,19.83642578125
721939,20.263671875
722026,21.1181640625
744219,22.76611328125
744249,19.04296875
744274,22.94921875
744359,19.287109375
744375,18.49365234375
744385,34.72900390625
744661,20.08056640625
744684,19.53125
770505,18.85986328125
770521,19.95849609375
770578,20.6298828125
770604,26.91650390625
770664,19.10400390625
770701,20.08056640625
770879,19.47021484375
782747,18.798828125
782867,21.30126953125
782969,28.564453125
783224,19.59228515625
783426,21.728515625
811926,19.10400390625
811966,20.56884765625
811986,22.8271484375
812812,19.8974609375
812873,30.3955078125
812945,19.83642578125
813046,18.9208984375
816909,20.8740234375
816956,20.6298828125
817026,24.0478515625
817640,23.86474609375
817705,19.04296875
835094,18.37158203125
835196,18.37158203125
835271,24.84130859375
854392,23.8037109375
854409,20.08056640625
854450,18.5546875
854493,22.03369140625
854532,21.05712890625
854560,19.83642578125
854590,20.69091796875
854613,18.49365234375
877802,24.84130859375
877837,18.61572265625
877881,20.56884765625
877913,21.91162109375
877937,18.5546875
878004,19.95849609375
878034,21.30126953125
878095,25.57373046875
878339,18.798828125
907552,22.94921875
907589,22.216796875
907709,22.03369140625
907736,19.22607421875
908091,21.78955078125
908383,18.5546875
942673,19.775390625
942695,20.20263671875
942738,23.0712890625
942837,18.37158203125
962360,19.4091796875
962413,21.54541015625
962427,26.9775390625
962479,22.8271484375
962648,20.1416015625
988445,26.2451171875
988484,23.37646484375
988510,19.22607421875
988526,30.21240234375
988562,18.6767578125
988579,23.25439453125
988606,28.62548828125
988642,22.8271484375
988695,23.92578125
988794,19.287109375
988858,21.3623046875
1019764,18.4326171875
1019874,18.73779296875
1019885,22.64404296875
1019908,27.77099609375
1019924,30.33447265625
1019945,27.03857421875
1019968,20.6298828125
1020000,19.71435546875
1020026,24.71923828125
1020054,21.66748046875
1020098,21.6064453125
1020180,24.2919921875
1020337,23.98681640625
1020419,22.15576171875
1058304,22.27783203125
1058320,18.5546875
1058336,19.71435546875
1058372,22.39990234375
1058397,19.71435546875
1058449,32.470703125
1058473,23.86474609375
1058484,18.6767578125
1058500,25.7568359375
1058521,21.78955078125
1058671,19.83642578125
1058940,29.4189453125
1059135,19.6533203125
1059274,18.5546875
1082440,26.55029296875
1082476,20.751953125
1082526,20.56884765625
1082578,18.98193359375
1082785,18.9208984375
1082849,24.658203125
1082880,23.193359375
1082974,22.03369140625
1082998,18.9208984375
1112890,19.22607421875
1112905,27.4658203125
1112937,18.798828125
1112962,30.09033203125
1112989,21.91162109375
1113058,20.08056640625
1113071,21.54541015625
1113087,18.61572265625
1113124,24.23095703125
1113143,19.22607421875
1113169,18.85986328125
1113186,20.99609375
1113199,20.3857421875
1113224,19.8974609375
1113259,19.4091796875
1113305,23.5595703125
1113465,23.681640625
1113651,19.1650390625
1141289,19.53125
1141299,21.6064453125
1141323,19.34814453125
1141351,21.728515625
1141414,18.9208984375
1141431,21.8505859375
1141459,26.79443359375
1141492,19.83642578125
1141514,36.31591796875
1141565,26.18408203125
1141583,20.8740234375
1141683,19.6533203125
1141949,21.17919921875
1176802,18.798828125
1176828,21.484375
1176874,26.611328125
1176910,22.39990234375
1177007,20.93505859375
1177025,30.70068359375
1177053,24.5361328125
1177232,21.91162109375
1199755,21.30126953125
1199778,24.35302734375
1199789,18.85986328125
1199811,19.71435546875
1199890,21.3623046875
1199901,19.8974609375
1199997,19.8974609375
1200050,20.263671875
1201850,24.90234375
1201879,22.705078125
1201916,21.6064453125
1201974,21.3623046875
1202051,20.20263671875
1203679,18.37158203125
1203717,21.42333984375
1203899,18.61572265625
1204502,27.2216796875
1204678,19.34814453125
1204745,19.22607421875
1204921,20.69091796875
1205129,20.32470703125
1205353,18.37158203125
1206708,24.96337890625
1208561,20.1416015625
1208914,18.98193359375
1209176,30.2734375
1210823,24.90234375
1211432,18.49365234375
1211476,21.42333984375
1211507,18.5546875
1211972,30.57861328125
1212734,22.76611328125
1212755,18.9208984375
1214589,19.22607421875
1215588,20.01953125
1215617,19.34814453125
1216168,24.47509765625
1216556,20.69091796875
1218937,18.61572265625
1219071,20.01953125
1219265,21.8505859375
1222362,18.61572265625
1222494,20.81298828125
1226340,25.7568359375
1226358,19.22607421875
1226377,18.85986328125
1226515,19.10400390625
1226555,19.10400390625
1226609,21.484375
1226843,24.84130859375
1227110,18.798828125
1227140,20.56884765625
1227271,19.71435546875
1227370,18.5546875
1229569,22.39990234375
1229610,20.08056640625
1229756,18.73779296875
1229792,21.30126953125
1230264,18.61572265625
1233097,25.08544921875
1233339,25.634765625
1233369,23.4375
1233513,20.08056640625
1233935,18.37158203125
1233946,19.53125
1235639,18.9208984375
1235674,20.56884765625
1237417,21.484375
1243738,23.681640625
1243805,23.01025390625
1243951,21.8505859375
1244001,26.55029296875
1246169,19.83642578125
1246217,19.53125
1246247,18.37158203125
1246387,19.59228515625
1246429,19.10400390625
1246678,21.1181640625
1246693,20.1416015625
1247373,18.37158203125
1247754,21.54541015625
1253335,19.287109375
1253410,19.22607421875
1253709,23.86474609375
1258985,18.49365234375
1259038,19.83642578125
1259430,20.8740234375
1259470,25.81787109375
1259793,18.9208984375
1259825,23.0712890625
1263712,18.73779296875
1263883,22.03369140625
1263924,20.20263671875
1264210,23.193359375
1264231,18.37158203125
1264434,18.85986328125
1269550,21.05712890625
1269581,24.23095703125
1269611,21.78955078125
1269652,22.705078125
1269823,23.13232421875
1269839,18.98193359375
1270255,23.98681640625
1270310,22.705078125
1270595,28.62548828125
1271365,20.93505859375
1276383,25.20751953125
1276410,19.71435546875
1277906,19.95849609375
1280957,18.49365234375
1281078,19.95849609375
1281189,19.59228515625
1281237,21.17919921875
1281501,26.4892578125
1281534,22.3388671875
1289631,22.94921875
1289666,26.55029296875
1289888,32.28759765625
1290104,39.306640625
1290402,18.98193359375
1299035,29.84619140625
1299077,19.6533203125
1299088,22.27783203125
1299238,28.86962890625
1299262,28.01513671875
1299291,19.4091796875
1299474,18.37158203125
1299813,18.49365234375
1299879,20.751953125
1310919,21.97265625
1311532,24.23095703125
1313354,21.97265625
1313410,18.5546875
1313567,19.775390625
1313621,18.6767578125
1314077,19.22607421875
1321143,18.4326171875
1321160,18.73779296875
1321680,19.47021484375
1322191,18.85986328125
1323128,22.705078125
1334540,20.69091796875
1334587,29.4189453125
1334621,25.0244140625
1334657,23.49853515625
1334676,18.85986328125
1334858,19.95849609375
1334899,18.73779296875
1334917,19.6533203125
1335334,20.01953125
1388493,24.59716796875
1388569,26.85546875
1388614,18.798828125
1388668,23.8037109375
1388703,22.27783203125
1388743,25.634765625
1388781,34.11865234375
1388821,23.4375
1388846,20.01953125
1388896,19.71435546875
1388988,19.1650390625
1430696,19.53125
1430738,23.8037109375
1430757,21.6064453125
1430781,21.17919921875
1430845,23.8037109375
1430884,21.484375
1430898,22.216796875
1430917,19.04296875
1430969,19.1650390625
1430985,19.10400390625
1431244,18.85986328125
1431281,18.73779296875
1431399,21.240234375
1469713,19.1650390625
1506079,19.8974609375
1506242,19.287109375
1506307,18.6767578125
1506726,19.71435546875
1506749,19.34814453125
1507750,23.86474609375
1550863,22.88818359375
1551070,20.6298828125
1551120,19.10400390625
1551139,19.59228515625
1551160,19.287109375
1574938,19.22607421875
1575006,20.56884765625
1575112,21.6064453125
1575134,18.98193359375
1575283,20.44677734375
1575421,20.81298828125
1575433,25.7568359375
1600331,19.47021484375
1603882,24.7802734375
1603919,22.03369140625
1603981,23.37646484375
1603998,18.49365234375
1653678,19.10400390625
1653725,19.04296875
1653920,18.9208984375
1653985,20.56884765625
1654009,18.61572265625
1679570,20.751953125
1679592,21.6064453125
1680092,18.98193359375
1701073,20.81298828125
1701152,20.44677734375
1701278,20.20263671875
1701297,20.01953125
1701453,18.6767578125
1703896,18.73779296875
1703922,18.6767578125
1703961,39.48974609375
1704045,22.3388671875
1729401,21.728515625
1729411,18.9208984375
1729491,20.08056640625
1729541,25.2685546875
1729602,21.66748046875
1729686,18.61572265625
1746721,20.08056640625
1746739,24.90234375
1747357,19.34814453125
1747414,18.37158203125
1748346,22.94921875
1748407,24.84130859375
1751239,19.04296875
1751286,32.470703125
1751302,21.54541015625
1751315,27.099609375
1751385,18.73779296875
1778538,24.7802734375
1778694,18.73779296875
1801070,21.728515625
1801123,27.40478515625
1801147,26.06201171875
1801157,22.8271484375
1801324,27.77099609375
1801352,19.10400390625
1801539,19.04296875
1822319,26.06201171875
1822411,20.01953125
1822427,27.52685546875
1822451,27.52685546875
1822477,23.62060546875
1822496,19.10400390625
1822524,18.85986328125
1822544,20.99609375
1822592,42.90771484375
1822602,24.59716796875
1822642,21.240234375
1822665,24.2919921875
1822804,19.04296875
1823146,20.263671875
1823169,19.4091796875
1829187,19.1650390625
1829296,19.53125
1837176,19.1650390625
1837318,20.08056640625
1853004,18.5546875
1853128,22.0947265625
1853175,19.53125
1853290,18.6767578125
1880522,22.3388671875
1880715,23.98681640625
1880763,25.5126953125
1880778,24.658203125
1880819,18.49365234375
1897197,24.169921875
1897247,24.4140625
1913648,24.90234375
1913699,20.56884765625
1914641,19.287109375
1939026,20.32470703125
1939089,26.2451171875
1939212,20.5078125
1939225,18.98193359375
1939240,23.49853515625
1953941,29.052734375
1953956,27.40478515625
1953991,20.8740234375
1954115,20.20263671875
1954185,21.05712890625
1954463,20.01953125
1978042,24.84130859375
1978075,26.30615234375
1978118,18.5546875
1978145,18.73779296875
1978168,23.49853515625
1978210,25.93994140625
1978220,21.17919921875
1978323,20.20263671875
1998084,21.17919921875
1998121,19.34814453125
1998132,21.54541015625
1998174,19.59228515625
1998283,19.8974609375
1998444,19.59228515625
1998487,18.61572265625
1998498,18.49365234375
1998679,19.6533203125
2018661,22.03369140625
2018708,27.77099609375
2018755,24.59716796875
2020063,19.10400390625
2020090,21.05712890625
2020148,25.0244140625
2020204,20.56884765625
2024770,18.4326171875
2024835,31.982421875
2024862,19.6533203125
2030980,25.390625
2031009,18.9208984375
2031043,18.98193359375
2042335,19.4091796875
2042395,20.93505859375
2042450,22.15576171875
2042613,19.10400390625
2042944,19.8974609375
2042970,18.5546875
2043010,19.59228515625
2043412,18.73779296875
2043472,27.03857421875
2043874,19.47021484375
2044668,23.49853515625
2044709,21.78955078125
2045101,19.4091796875
2045309,21.66748046875
2048349,22.52197265625
2048511,18.5546875
2049647,20.1416015625
2049832,21.8505859375
2049858,19.71435546875
2050344,18.73779296875
2051222,18.9208984375
2051822,19.47021484375
2052318,23.8037109375
2066705,19.83642578125
2066751,21.91162109375
2066777,27.03857421875
2067402,20.32470703125
2067430,19.775390625
2067446,18.4326171875
2067473,20.751953125
2070860,18.37158203125
2070917,18.6767578125
2070938,28.01513671875
2070983,18.6767578125
2071115,26.30615234375
2071368,19.6533203125
2071934,20.93505859375
2073128,19.6533203125
2075140,18.85986328125
2075210,20.69091796875
2075478,18.4326171875
2075517,19.4091796875
2076497,20.751953125
2077877,20.56884765625
2081099,18.4326171875
2081646,19.10400390625
2081910,23.3154296875
2084760,19.1650390625
2084789,18.9208984375
2084800,20.32470703125
2085012,20.20263671875
2085062,18.85986328125
2085215,21.17919921875
2089929,20.6298828125
2089963,24.59716796875
2089973,19.71435546875
2090034,18.4326171875
2090407,18.5546875
2094465,22.3388671875
2094773,19.4091796875
2094797,19.775390625
2094817,22.15576171875
2095141,19.287109375
2099019,21.240234375
2099183,20.01953125
2099210,21.42333984375
2099468,18.5546875
2101864,20.08056640625
2102022,20.44677734375
2102261,19.8974609375
2102885,18.5546875
2107530,23.01025390625
2107551,21.240234375
2107580,26.91650390625
2107717,19.59228515625
2107748,19.6533203125
2107997,20.08056640625
2108985,30.45654296875
2109005,20.81298828125
2115513,20.08056640625
2115616,23.25439453125
2115722,20.32470703125
2115743,26.3671875
2115766,20.08056640625
2116151,20.20263671875
2118990,19.287109375
2124408,21.6064453125
2124541,18.5546875
2125086,18.49365234375
2132444,21.05712890625
2132474,19.47021484375
2132843,18.4326171875
2134522,29.96826171875
2134732,19.83642578125
2134993,18.98193359375
2135571,20.263671875
2145481,19.1650390625
2145503,19.6533203125
2145513,24.47509765625
2146211,19.83642578125
2146229,21.54541015625
2152201,20.56884765625
2152268,20.69091796875
2152386,21.97265625
2152810,18.37158203125
2155294,20.56884765625
2155341,19.6533203125
2155456,28.80859375
2155499,19.83642578125
2155531,20.81298828125
2166069,26.123046875
2166095,18.98193359375
2166615,23.74267578125
2166629,20.751953125
2167195,19.1650390625
2167282,18.6767578125
2167412,19.8974609375
2180308,18.9208984375
2180389,18.85986328125
2181074,22.39990234375
2182489,23.98681640625
2182513,21.42333984375
2182540,19.287109375
2182670,22.52197265625
2183170,18.4326171875
2183846,20.99609375
2183859,19.53125
2197394,22.705078125
2197451,23.13232421875
2198150,20.1416015625
2198182,22.0947265625
2198219,20.44677734375
2210254,18.4326171875
2210274,19.287109375
2210296,18.9208984375
2210338,19.71435546875
2211445,20.32470703125
2232014,20.263671875
2232253,22.5830078125
2233612,25.69580078125
2267637,26.0009765625
2267662,18.85986328125
2267695,20.6298828125
2267726,38.26904296875
2267763,20.751953125
2267786,23.13232421875
2267797,19.59228515625
2267893,25.5126953125
2267907,26.06201171875
2268047,24.658203125
2305228,26.67236328125
2305260,36.7431640625
2305288,25.634765625
2305320,36.31591796875
2305330,28.99169921875
2305408,19.8974609375
2305519,19.95849609375
2306467,23.5595703125
2349911,20.3857421875
2349921,20.6298828125
2350113,19.10400390625
2350302,18.85986328125
2388943,19.10400390625
2388975,22.8271484375
2389030,37.53662109375
2389061,23.4375
2389083,23.0712890625
2389123,29.9072265625
2389158,25.390625
2389190,21.42333984375
2389894,19.47021484375
2390244,18.9208984375
2455251,18.37158203125
2455402,20.81298828125
2455430,20.69091796875
2455477,32.5927734375
2455491,19.775390625
2455514,21.17919921875
2455533,23.5595703125
2455577,26.06201171875
2455602,22.03369140625
2455638,24.10888671875
2455831,19.287109375
2455863,19.6533203125
2456072,18.4326171875
2494634,29.1748046875
2494665,19.04296875
2509141,22.216796875
2509179,23.49853515625
2509309,21.78955078125
2509375,19.59228515625
2509443,24.10888671875
2509466,27.77099609375
2509496,18.73779296875
2509514,22.5830078125
2509543,23.62060546875
2509563,20.263671875
2509597,20.69091796875
2509639,24.23095703125
2509751,23.5595703125
2554650,23.681640625
2554670,25.08544921875
2554684,25.5126953125
2554723,26.42822265625
2554748,28.6865234375
2554800,20.32470703125
2554813,27.2216796875
2554875,20.3857421875
2554973,19.47021484375
2555580,19.775390625
2555736,19.8974609375
2597249,22.76611328125
2597283,19.6533203125
2597315,21.91162109375
2597341,19.59228515625
2597376,18.37158203125
2597433,23.62060546875
2597515,20.3857421875
2597753,19.287109375
2620672,21.66748046875
2620703,24.71923828125
2620738,23.98681640625
2620757,27.4658203125
2620857,24.71923828125
2620887,19.47021484375
2620905,21.6064453125
2637278,20.20263671875
2637879,18.4326171875
2640618,18.73779296875
2640663,26.67236328125
2640780,19.8974609375
2642950,22.03369140625
2643006,21.54541015625
2643065,19.04296875
2681765,18.5546875
2681832,20.3857421875
2681902,22.8271484375
2681939,18.37158203125
2681971,20.81298828125
2682042,21.66748046875
2682052,18.61572265625
2682093,20.08056640625
2682142,19.10400390625
2682256,18.798828125
2682283,19.22607421875
2682366,21.17919921875
2700919,20.32470703125
2701000,19.59228515625
2701012,18.73779296875
2701074,19.22607421875
2701203,25.45166015625
2701275,18.49365234375
2701335,18.9208984375
2701507,18.798828125
2727926,19.95849609375
2728076,22.216796875
2728664,27.77099609375
2729396,22.27783203125
2729423,18.6767578125
2729644,25.2685546875
2764053,18.98193359375
2764098,25.20751953125
2764184,22.03369140625
2764202,20.32470703125
2764216,21.6064453125
2764346,18.61572265625
2764464,21.30126953125
2764715,18.85986328125
2794788,23.5595703125
2794818,23.25439453125
2794830,20.32470703125
2794858,24.2919921875
2794888,22.15576171875
2794936,19.287109375
2795043,18.61572265625
2795095,18.37158203125
2795290,18.73779296875
2814982,23.62060546875
2815280,18.4326171875
2816821,18.73779296875
2816917,20.8740234375
2819893,25.2685546875
2820827,20.44677734375
2820953,23.92578125
2821868,19.6533203125
2822305,23.0712890625
2822372,19.22607421875
2825412,23.62060546875
2851290,21.484375
2851333,22.8271484375
2851357,18.73779296875
2851381,18.98193359375
2851406,24.169921875
2869527,19.71435546875
2869571,27.099609375
2869587,22.5830078125
2870828,20.751953125
2875234,23.62060546875
2875249,20.32470703125
2878764,21.3623046875
2878824,18.6767578125
2879355,19.47021484375
2879378,34.48486328125
2880734,19.34814453125
2880788,22.76611328125
2887432,18.61572265625
2887481,19.59228515625
2887523,18.37158203125
2894394,21.30126953125
2894432,22.76611328125
2895466,28.13720703125
2895507,20.1416015625
2895996,20.32470703125
2896033,22.15576171875
2903312,20.93505859375
2908386,19.287109375
2908411,23.681640625
2908442,24.47509765625
2908632,18.61572265625
2916790,19.4091796875
2921023,18.73779296875
2928095,21.05712890625
2928122,23.681640625
2928152,20.69091796875
2928190,20.81298828125
2937691,25.93994140625
2937729,21.54541015625
2944905,27.7099609375
2944954,23.86474609375
2945014,20.08056640625
2946629,24.5361328125
2946657,28.6865234375
2946692,21.30126953125
2946743,18.73779296875
2974940,20.81298828125
2974975,22.8271484375
2974985,21.42333984375
2975033,19.287109375
2975061,19.34814453125
2975094,24.5361328125
2975158,26.9775390625
2975180,28.13720703125
2975193,31.25
2975236,26.9775390625
2975267,19.83642578125
2975306,27.34375
2975317,21.728515625
2975410,18.85986328125
2975595,18.5546875
2976304,20.81298828125
3020698,19.71435546875
3020784,20.01953125
3020886,19.34814453125
3020923,18.49365234375
3021052,19.10400390625
3022000,19.83642578125
3022073,23.13232421875
3022345,22.3388671875
3022433,19.22607421875
3055066,20.08056640625
3055124,19.8974609375
3055159,18.73779296875
3055185,18.37158203125
3055257,19.04296875
3055580,18.5546875
3055602,20.69091796875
3055727,19.71435546875
3084539,18.6767578125
3084587,19.53125
3084711,19.8974609375
3084754,20.263671875
3084771,21.1181640625
3084840,19.8974609375
3107955,21.97265625
3107968,20.5078125
3108101,20.8740234375
3123450,21.54541015625
3123476,20.99609375
3123502,31.6162109375
3123542,26.30615234375
3123567,23.86474609375
3123596,24.35302734375
3123611,31.3720703125
3123644,20.3857421875
3123763,18.85986328125
3163679,18.49365234375
3163722,24.4140625
3163743,19.71435546875
3163753,21.6064453125
3163781,23.0712890625
3163912,19.83642578125
3163939,20.8740234375
3164041,20.99609375
3164051,18.49365234375
3164070,23.01025390625
3164109,22.39990234375
3164124,24.5361328125
3164142,21.17919921875
3164216,21.484375
3192588,20.69091796875
3192609,21.484375
3192681,25.20751953125
3192733,18.61572265625
3192791,25.634765625
3206940,19.6533203125
3206960,18.61572265625
3206979,27.587890625
3207008,21.97265625
3207027,21.05712890625
3207042,21.3623046875
3208185,24.5361328125
3208267,20.20263671875
3208314,19.10400390625
3209628,31.79931640625
3209709,19.71435546875
3210203,18.85986328125
3234949,22.64404296875
3235013,19.59228515625
3235162,23.37646484375
3235218,18.4326171875
3235330,20.6298828125
3235395,19.34814453125
3235492,19.10400390625
3235517,20.08056640625
3235659,21.91162109375
3237255,20.56884765625
3237654,21.3623046875
3238328,19.34814453125
3238366,20.8740234375
3238433,20.56884765625
3238528,18.49365234375
3238567,21.17919921875
3244496,24.0478515625
3245079,20.81298828125
3248185,19.53125
3248271,22.5830078125
3248360,18.5546875
3248877,18.37158203125
3248891,18.49365234375
3252433,18.798828125
3252474,22.03369140625
3252687,18.9208984375
3252727,19.10400390625
3252930,20.5078125
3255691,19.4091796875
3255896,33.50830078125
3256182,20.56884765625
3256511,20.6298828125
3256994,20.44677734375
3259990,25.146484375
3260040,18.4326171875
3260097,18.6767578125
3260258,19.83642578125
3260519,20.751953125
3260551,18.73779296875
3260577,18.49365234375
3264844,19.1650390625
3264929,21.728515625
3265400,22.52197265625
3266291,19.1650390625
3266420,19.1650390625
3269820,21.484375
3269893,23.25439453125
3269910,19.10400390625
3270061,21.8505859375
3270597,22.52197265625
3275626,18.49365234375
3275820,18.49365234375
3276118,19.95849609375
3276711,30.33447265625
3279240,18.49365234375
3279277,24.35302734375
3279421,19.10400390625
3279452,18.61572265625
3279722,21.78955078125
3285358,18.4326171875
3285662,18.73779296875
3286598,26.4892578125
3293143,18.85986328125
3293190,20.56884765625
3293272,19.287109375
3293501,20.751953125
3293518,32.77587890625
3293528,19.287109375
3294714,18.4326171875
3294736,21.240234375
3295012,20.263671875
3295314,18.798828125
3301488,21.240234375
3301528,22.88818359375
3301824,19.4091796875
3302177,18.5546875
3310244,26.85546875
3310260,18.4326171875
3310271,18.9208984375
3310289,19.775390625
3310313,20.99609375
3310491,22.52197265625
3310538,18.61572265625
3317358,21.6064453125
3317406,19.53125
3317482,23.13232421875
3318138,18.5546875
3318194,18.798828125
3318209,20.08056640625
3325249,24.96337890625
3325275,20.69091796875
3327323,24.4140625
3327335,19.8974609375
3327363,18.9208984375
3327384,18.49365234375
3327568,18.49365234375
3327594,22.3388671875
3341962,22.3388671875
3341985,20.08056640625
3354566,18.4326171875
3354580,20.44677734375
3354621,24.169921875
3355459,22.76611328125
3355497,26.91650390625
3355689,28.13720703125
3376632,33.87451171875
3376649,20.6298828125
3377596,19.775390625
3377632,20.6298828125
3377702,18.98193359375
3378009,21.17919921875
3378755,18.61572265625
3378781,18.85986328125
3378795,23.01025390625
3378829,18.5546875
3416580,21.66748046875
3416636,22.76611328125
3416669,27.9541015625
3416696,22.8271484375
3416723,23.4375
3416736,35.400390625
3416771,19.4091796875
3416782,18.5546875
3416802,21.6064453125
3416911,19.6533203125
3417199,20.81298828125
3470089,20.56884765625
3470110,24.7802734375
3470123,19.775390625
3470155,32.89794921875
3470168,21.30126953125
3470184,41.68701171875
3470239,18.6767578125
3470280,19.4091796875
3470334,18.4326171875
3470367,23.49853515625
3470736,19.53125
3470829,19.4091796875
3492022,19.10400390625
3493521,27.83203125
3493549,18.798828125
3493843,18.61572265625
3526391,18.6767578125
3526437,20.56884765625
3526453,22.52197265625
3526477,20.08056640625
3526499,23.74267578125
3526536,19.287109375
3526580,19.53125
3526627,23.4375
3526637,25.20751953125
3526681,24.47509765625
3526738,19.10400390625
3526768,19.59228515625
3526851,18.98193359375
3526924,27.9541015625
3526970,21.1181640625
3567581,19.287109375
3568102,18.98193359375
3606747,23.5595703125
3606790,20.1416015625
3606820,20.08056640625
3606880,23.5595703125
3606907,18.61572265625
3606935,21.97265625
3606973,19.59228515625
3606985,22.52197265625
3607040,24.10888671875
3607051,18.85986328125
3607099,19.1650390625
3607141,21.1181640625
3607173,18.49365234375
3607410,20.6298828125
3638017,20.6298828125
3638028,26.2451171875
3638064,21.484375
3639166,21.8505859375
3640110,19.95849609375
3640573,18.4326171875
3679873,22.94921875
3679885,24.90234375
3679939,20.93505859375
3679994,26.4892578125
3680013,20.8740234375
3680038,20.3857421875
3680078,21.8505859375
3680088,21.05712890625
3680133,19.34814453125
3680169,24.47509765625
3680218,19.287109375
3680238,19.287109375
3680315,20.69091796875
3680372,23.4375
3680413,23.3154296875
3680560,20.3857421875
3714898,18.49365234375
3714932,18.9208984375
3714960,19.287109375
3733178,22.15576171875
3733218,19.95849609375
3733253,18.73779296875
3733412,23.0712890625
3733568,20.32470703125
3733619,18.5546875
3757075,31.494140625
3757132,19.71435546875
3757204,21.91162109375
3757263,20.20263671875
3757324,18.98193359375
3757383,19.4091796875
3757420,21.484375
3757454,21.728515625
3757466,18.49365234375
3757537,20.08056640625
3757763,21.66748046875
3791477,19.34814453125
3791527,19.83642578125
3791543,24.169921875
3791604,19.95849609375
3791619,25.634765625
3791638,26.18408203125
3791659,24.4140625
3791726,18.9208984375
3791784,21.05712890625
3791822,20.8740234375
3792024,19.34814453125
3792199,19.95849609375
3837099,21.728515625
3837140,20.8740234375
3837159,22.5830078125
3856826,24.71923828125
3856851,22.15576171875
3856896,27.4658203125
3856936,21.240234375
3856977,23.3154296875
3877273,19.34814453125
3877380,32.16552734375
3877394,28.86962890625
3877424,18.61572265625
3877459,22.0947265625
3877511,18.61572265625
3877540,41.07666015625
3877583,28.9306640625
3877636,20.32470703125
3877702,21.42333984375
3877720,28.3203125
3877738,19.10400390625
3877867,18.4326171875
3877978,18.4326171875
3930993,22.0947265625
3931147,20.44677734375
3931200,19.34814453125
3953397,19.22607421875
3953438,20.8740234375
3953472,30.09033203125
3953482,28.25927734375
3953519,22.64404296875
3953562,18.4326171875
3953780,20.263671875
3972524,19.53125
3972564,19.04296875
3972671,19.04296875
3972772,19.4091796875
3972822,21.1181640625
3972998,21.240234375
3974291,19.34814453125
3994323,18.798828125
3994369,23.62060546875
3994399,22.216796875
3994840,18.5546875
3995424,18.85986328125
4031866,22.27783203125
4031917,24.7802734375
4031945,23.98681640625
4031956,20.20263671875
4032007,21.484375
4032036,20.8740234375
4032061,27.34375
4032081,22.3388671875
4032266,18.37158203125
4032285,19.287109375
4044798,29.47998046875
4044824,20.6298828125
4044836,25.634765625
4044855,18.61572265625
4046575,19.775390625
4046587,28.86962890625
4046607,18.4326171875
4046668,20.56884765625
4048094,25.390625
4048120,27.16064453125
4048144,21.6064453125
4048162,19.287109375
4048180,20.751953125
4048483,19.6533203125
4048916,19.1650390625
4048954,21.97265625
4048985,24.7802734375
4049673,19.71435546875
4049737,20.81298828125
4049941,20.93505859375
4049976,19.53125
4050655,20.6298828125
4051059,25.0244140625
4052137,18.73779296875
4052167,19.10400390625
4054180,19.47021484375
4095918,20.08056640625
4095941,18.37158203125
4095963,24.23095703125
4095984,28.25927734375
4096002,20.81298828125
4096033,18.9208984375
4096049,25.32958984375
4096096,25.81787109375
4096135,18.37158203125
4096186,18.98193359375
4096235,18.85986328125
4131281,22.216796875
4131311,21.1181640625
4131345,27.587890625
4131506,20.751953125
4143484,19.10400390625
4143591,19.71435546875
4143628,19.775390625
4143729,24.35302734375
4143746,27.40478515625
4143778,19.775390625
4172652,25.634765625
4172703,21.484375
4172718,23.92578125
4194698,21.1181640625
4194720,20.32470703125
4194746,20.01953125
4194788,22.216796875
4194937,19.22607421875
4195032,19.10400390625
4196034,22.216796875
4196102,20.01953125
4196142,20.08056640625
4196643,19.287109375
4196706,23.74267578125
4197585,18.61572265625
4199069,19.04296875
4199125,20.32470703125
4199719,20.44677734375
4201953,19.95849609375
4204524,23.98681640625
4209400,19.22607421875
4209441,18.4326171875
4209477,21.6064453125
4209524,19.4091796875
4209684,23.49853515625
4209733,19.83642578125
4210904,20.1416015625
4212634,26.06201171875
4214161,18.49365234375
4218473,22.03369140625
4218630,19.4091796875
4218939,20.32470703125
4219744,19.47021484375
4222194,22.4609375
4222376,21.17919921875
4222607,20.93505859375
4223633,20.3857421875
4223694,18.49365234375
4227808,21.66748046875
4228064,24.5361328125
4228788,21.17919921875
4235754,21.484375
4235797,19.1650390625
4235831,19.59228515625
4236351,26.67236328125
4236403,22.39990234375
4239816,18.49365234375
4239843,25.45166015625
4240008,25.0244140625
4240059,20.263671875
4240219,19.1650390625
4240244,18.798828125
4240271,20.99609375
4240675,18.85986328125
4244091,19.22607421875
4244236,21.91162109375
4244250,22.15576171875
4244696,20.81298828125
4250264,20.44677734375
4250436,19.71435546875
4250495,19.34814453125
4251033,18.61572265625
4254123,18.5546875
4254133,21.66748046875
4254179,22.88818359375
4254439,22.15576171875
4260980,19.59228515625
4261020,19.53125
4261198,20.01953125
4264437,18.98193359375
4264486,20.20263671875
4264631,18.6767578125
4264681,19.6533203125
4272194,19.8974609375
4272242,20.01953125
4272278,19.95849609375
4275823,21.1181640625
4275850,21.240234375
4275885,22.03369140625
4276108,19.10400390625
4276428,21.1181640625
4276446,21.97265625
4276459,21.05712890625
4284246,18.85986328125
4284270,22.52197265625
4285093,19.59228515625
4285124,22.03369140625
4295099,19.6533203125
4295167,18.61572265625
4295205,22.15576171875
4296541,23.25439453125
4296581,20.01953125
4296625,24.23095703125
4296871,19.287109375
4296929,20.8740234375
4311837,19.775390625
4311848,21.05712890625
4311910,22.39990234375
4312354,19.775390625
4312369,24.0478515625
4330118,25.87890625
4330150,25.634765625
4330349,22.88818359375
4330491,20.1416015625
4330518,19.04296875
4381648,21.6064453125
4381689,25.7568359375
4381715,26.30615234375
4381731,19.59228515625
4381764,26.79443359375
4381805,20.08056640625
4381850,19.04296875
4381862,18.73779296875
4381895,22.4609375
4381957,25.57373046875
4428050,21.42333984375
4428092,18.98193359375
4428246,25.390625
4428272,18.85986328125
4428348,18.98193359375
4428370,19.71435546875
4428384,23.8037109375
4428428,22.8271484375
4428439,24.90234375
4428473,21.1181640625
4428505,21.05712890625
4428541,18.798828125
4428560,24.59716796875
4428609,30.57861328125
4428623,25.5126953125
4428726,18.9208984375
4465355,20.751953125
4465395,18.73779296875
4465463,19.59228515625
4465512,22.39990234375
4465570,20.32470703125
4465581,21.78955078125
4465614,19.1650390625
4465705,21.484375
4465718,22.76611328125
4465765,20.5078125
4465834,35.82763671875
4465856,20.5078125
4466026,18.6767578125
4505407,18.73779296875
4505627,23.193359375
4505672,19.53125
4505755,21.42333984375
4505805,20.81298828125
4505919,18.6767578125
4539822,19.83642578125
4540120,20.3857421875
4540143,18.61572265625
4540436,18.85986328125
4540550,18.798828125
4540572,18.798828125
4540727,18.49365234375
4540821,18.37158203125
4548900,19.71435546875
4549098,19.71435546875
4565643,18.9208984375
4565679,20.263671875
4565949,18.5546875
4566889,20.44677734375
4577549,23.98681640625
4577583,24.5361328125
4577635,25.57373046875
4598238,19.10400390625
4598268,27.34375
4598672,19.1650390625
4640653,25.87890625
4640727,18.4326171875
4640775,18.98193359375
4640819,20.56884765625
4640996,21.42333984375
4641039,20.8740234375
4641215,20.20263671875
4658538,19.8974609375
4683917,20.6298828125
4684000,33.5693359375
4684033,19.775390625
4684084,22.705078125
4684129,21.05712890625
4708867,18.61572265625
4708948,23.37646484375
4710774,34.24072265625
4710822,19.4091796875
4711009,21.42333984375
4711849,19.287109375
4711923,20.3857421875
4715427,20.5078125
4716220,18.6767578125
4716266,25.87890625
4716330,20.3857421875
4718646,20.32470703125
4718660,21.30126953125
4718735,22.3388671875
4719024,24.7802734375
4721563,22.705078125
4721895,24.71923828125
4753346,20.32470703125
4753446,18.49365234375
4753584,22.216796875
4754341,18.49365234375
4755478,19.71435546875
4755530,19.34814453125
4757156,19.95849609375
4757190,21.1181640625
4757229,18.6767578125
4757619,20.69091796875
4757637,20.32470703125
4764950,18.37158203125
4764970,20.32470703125
4764997,19.4091796875
4770595,19.1650390625
4770662,20.56884765625
4777483,18.61572265625
4777540,21.05712890625
4777579,19.47021484375
4785489,21.30126953125
4785513,18.4326171875
4785559,21.05712890625
4787316,20.93505859375
4787347,21.1181640625
4787380,21.8505859375
4787394,23.49853515625
4787452,18.6767578125
4788620,25.20751953125
4789722,19.95849609375
4831984,19.287109375
4832252,22.216796875
4832367,25.0244140625
4832384,21.66748046875
4832481,18.61572265625
4832544,20.263671875
4854641,19.775390625
4854916,20.751953125
4854929,26.30615234375
4854948,27.77099609375
4855109,18.98193359375
4855240,23.3154296875
4871874,18.4326171875
4872170,18.6767578125
4899025,26.0009765625
4920953,24.169921875
4920992,21.1181640625
4921028,22.15576171875
4923554,24.5361328125
4923693,19.6533203125
4923732,21.17919921875
4923822,23.37646484375
4951255,18.5546875
4951286,27.40478515625
4961399,19.04296875
4961418,19.71435546875
4961464,18.61572265625
4961571,18.37158203125
4984788,23.92578125
4984866,24.59716796875
4984909,20.01953125
4986754,19.53125
4986876,22.64404296875
4987026,18.798828125
5023511,19.775390625
5023554,21.728515625
5023609,21.66748046875
5023644,22.64404296875
5023666,20.01953125
5023745,20.32470703125
5023782,25.87890625
5023804,31.79931640625
5023915,21.78955078125
5057829,18.49365234375
5057880,19.287109375
5057908,24.59716796875
5057939,29.4189453125
5057969,30.94482421875
5057982,23.4375
5058017,30.3955078125
5058048,20.81298828125
5058083,24.0478515625
5058100,31.55517578125
5058169,20.99609375
5058262,19.59228515625
5058295,20.93505859375
5058409,21.240234375
5058801,21.91162109375
5058928,18.9208984375
5096501,26.611328125
5096527,23.86474609375
5096558,23.25439453125
5096672,18.61572265625
5096716,27.89306640625
5096741,28.80859375
5096800,20.263671875
5096810,26.91650390625
5096846,19.53125
5096880,24.84130859375
5097005,19.22607421875
5097073,19.8974609375
5097465,23.193359375
5097841,20.01953125
5098123,21.54541015625
5143941,25.69580078125
5143959,20.1416015625
5143982,26.3671875
5144003,20.263671875
5144027,24.658203125
5144060,18.9208984375
5144103,24.59716796875
5144113,27.4658203125
5144140,25.45166015625
5144177,21.42333984375
5144837,18.49365234375
5144977,18.73779296875
5145135,20.20263671875
5145246,19.6533203125
5171691,22.216796875
5171703,19.53125
5171783,20.751953125
5171902,19.4091796875
5171954,22.27783203125
5171977,29.11376953125
5171998,23.3154296875
5172036,23.8037109375
5172082,21.30126953125
5172124,24.84130859375
5172184,21.30126953125
5172194,21.17919921875
5172481,19.04296875
5172675,26.3671875
5193733,21.78955078125
5193751,18.85986328125
5193771,23.0712890625
5193799,20.44677734375
5193882,19.8974609375
5193986,21.728515625
5194093,18.37158203125
5194117,25.87890625
5194127,19.4091796875
5194156,21.1181640625
5194217,25.0244140625
5241942,29.541015625
5241990,19.34814453125
5242005,19.1650390625
5242026,20.56884765625
5242054,21.05712890625
5242091,29.296875
5242101,20.263671875
5242153,23.92578125
5242165,23.0712890625
5242225,21.484375
5242251,18.9208984375
5242767,18.9208984375
5282941,22.0947265625
5282953,23.01025390625
5282984,20.81298828125
5283016,24.658203125
5283034,26.30615234375
5283044,19.775390625
5283080,29.72412109375
5283146,20.1416015625
5283194,22.52197265625
5283230,23.681640625
5283508,19.4091796875
5283695,21.484375
5315330,18.4326171875
5315360,28.564453125
5315400,20.93505859375
5315417,35.70556640625
5315453,34.11865234375
5315480,24.2919921875
5315511,24.5361328125
5315552,18.5546875
5315613,18.85986328125
5315685,19.22607421875
5315725,21.17919921875
5315777,18.6767578125
5336361,27.2216796875
5336374,19.34814453125
5336385,19.95849609375
5336409,20.69091796875
5336421,19.22607421875
5336625,19.22607421875
5336655,21.3623046875
5336695,23.25439453125
5336714,22.3388671875
5336765,18.37158203125
5336790,18.9208984375
5336824,22.0947265625
5336836,22.27783203125
5336887,19.10400390625
5336942,19.47021484375
5337174,19.6533203125
5372383,21.66748046875
5372427,18.9208984375
5372447,26.2451171875
5373357,19.4091796875
5401773,19.10400390625
5401812,22.27783203125
5401826,27.9541015625
5401863,25.5126953125
5401924,20.56884765625
5401961,20.56884765625
5402001,23.193359375
5402032,24.90234375
5402059,18.6767578125
5402086,20.3857421875
5402113,18.49365234375
5402291,18.4326171875
5402755,18.49365234375
5434609,22.88818359375
5434628,19.83642578125
5434646,19.47021484375
5434673,18.49365234375
5434702,18.61572265625
5434718,25.390625
5434762,30.3955078125
5434802,24.35302734375
5434812,19.71435546875
5434845,24.59716796875
5434941,27.16064453125
5434969,20.32470703125
5435423,18.61572265625
5465876,18.73779296875
5465906,20.751953125
5465966,25.7568359375
5465990,20.69091796875
5466033,26.0009765625
5466077,21.6064453125
5466117,20.1416015625
5466205,18.73779296875
5466265,19.83642578125
5466356,19.6533203125
5466490,20.69091796875
5491426,19.775390625
5491436,20.01953125
5491475,20.751953125
5491505,23.8037109375
5491551,20.32470703125
5491735,18.6767578125
5514401,22.76611328125
5514422,18.73779296875
5514467,22.88818359375
5514481,23.98681640625
5514574,22.76611328125
5514586,20.1416015625
5514709,20.263671875
5538011,21.97265625
5538029,20.32470703125
5538052,25.146484375
5538069,18.798828125
5538121,22.3388671875
5538138,31.67724609375
5538233,26.3671875
5538304,22.5830078125
5565726,24.0478515625
5565924,20.751953125
5568525,18.6767578125
5568576,29.6630859375
5568595,21.91162109375
5568621,22.88818359375
5568697,18.9208984375
5569339,18.798828125
5569386,19.287109375
5570049,18.61572265625
5571365,18.4326171875
5572316,19.775390625
5573597,20.3857421875
5576987,18.98193359375
5579404,22.4609375
5579449,23.74267578125
5579619,19.10400390625
5579630,24.47509765625
5581442,20.44677734375
5581482,19.59228515625
5581499,19.6533203125
5581587,18.5546875
5581667,19.10400390625
5581921,19.287109375
5582152,20.01953125
5582162,18.73779296875
5632753,21.42333984375
5632763,20.08056640625
5632806,19.47021484375
5632844,30.029296875
5632887,27.28271484375
5632921,18.49365234375
5632953,18.49365234375
5632982,18.798828125
5633033,21.42333984375
5633120,20.69091796875
5669140,20.56884765625
5669156,22.5830078125
5669175,18.37158203125
5669208,19.4091796875
5669257,22.94921875
5669275,23.8037109375
5669291,25.08544921875
5669326,20.32470703125
5669382,19.47021484375
5669413,20.69091796875
5669458,19.53125
5669509,21.30126953125
5669581,18.85986328125
5669658,19.83642578125
5669669,18.85986328125
5669697,18.9208984375
5704046,21.1181640625
5704081,19.04296875
5704096,23.86474609375
5704237,25.0244140625
5704869,19.59228515625
5724849,22.8271484375
5724871,19.04296875
5724899,20.81298828125
5724940,19.95849609375
5724953,24.658203125
5725010,18.73779296875
5725023,19.34814453125
5725057,20.3857421875
5726258,25.146484375
5726289,23.74267578125
5726368,19.59228515625
5726961,25.57373046875
5727003,22.216796875
5727031,19.71435546875
5727224,19.59228515625
5727277,23.25439453125
5727300,18.798828125
5729087,21.97265625
5729133,25.69580078125
5729711,27.64892578125
5730792,24.658203125
5730985,19.83642578125
5731028,22.705078125
5731461,19.47021484375
5732620,19.1650390625
5733284,20.08056640625
5733325,20.5078125
5734147,20.44677734375
5735394,18.61572265625
5735933,22.52197265625
5735963,18.49365234375
5742521,19.287109375
5742564,22.52197265625
5743073,23.13232421875
5743117,20.20263671875
5744541,19.04296875
5744716,19.10400390625
5744767,18.61572265625
5745013,23.4375
5745029,18.85986328125
5746052,20.93505859375
5746083,22.5830078125
5748673,20.69091796875
5748877,20.263671875
5749132,21.30126953125
5749648,18.9208984375
5752014,20.8740234375
5752029,18.49365234375
5752530,20.08056640625
5755314,19.22607421875
5755368,21.42333984375
5755390,19.53125
5758568,20.263671875
5758612,19.95849609375
5758743,19.775390625
5762290,21.3623046875
5762389,21.1181640625
5762566,24.35302734375
5762947,20.1416015625
5766496,19.53125
5766533,20.751953125
5766711,20.263671875
5766725,20.56884765625
5767073,22.64404296875
5767883,20.751953125
5771031,20.99609375
5771070,21.484375
5771098,19.53125
5771253,19.71435546875
5771266,22.15576171875
5771301,18.9208984375
5774252,19.71435546875
5774330,18.49365234375
5774566,19.287109375
5774581,20.3857421875
5774791,19.04296875
5779170,19.1650390625
5779205,20.56884765625
5779237,19.83642578125
5779522,18.9208984375
5782550,18.85986328125
5782560,18.9208984375
5782604,18.73779296875
5782788,23.193359375
5783112,20.56884765625
5787026,18.798828125
5787090,28.01513671875
5787782,22.15576171875
5792109,26.4892578125
5792387,24.84130859375
5796523,21.8505859375
5796550,29.47998046875
5796637,20.751953125
5797109,23.0712890625
5797127,22.4609375
5801774,30.94482421875
5801794,21.3623046875
5801847,19.71435546875
5801883,20.751953125
5801965,20.56884765625
5802331,18.37158203125
5807339,20.81298828125
5807411,18.5546875
5813249,23.681640625
5813418,19.1650390625
5821601,22.3388671875
5821616,20.751953125
5821635,21.91162109375
5828588,20.6298828125
5828631,20.56884765625
5828641,23.13232421875
5828803,22.4609375
5829261,26.06201171875
5837124,18.4326171875
5837145,26.9775390625
5837756,19.47021484375
5838010,21.05712890625
5838174,22.64404296875
5838190,18.5546875
5851201,21.97265625
5864000,21.8505859375
5866982,20.263671875
5867014,19.8974609375
5867245,20.20263671875
5887382,19.10400390625
5887403,20.69091796875
5887443,22.76611328125
5888103,22.8271484375
5888122,22.64404296875
5888154,22.27783203125
5888881,25.634765625
5932518,18.6767578125
5932581,21.97265625
5932605,20.44677734375
5932640,19.1650390625
5932670,24.4140625
5932698,20.81298828125
5932743,21.66748046875
5932770,18.98193359375
5932810,21.91162109375
5932872,19.59228515625
5932933,23.681640625
5933056,25.20751953125
5989181,19.4091796875
5989288,21.66748046875
5989326,19.71435546875
5990846,18.798828125
5991314,20.6298828125
5991568,19.287109375
6028544,21.17919921875
6028626,42.41943359375
6028639,32.3486328125
6028672,18.73779296875
6028700,20.6298828125
6028769,19.775390625
6028783,21.3623046875
6028832,19.6533203125
6028844,21.30126953125
6028863,18.61572265625
6028933,22.3388671875
6058496,19.53125
6058510,19.22607421875
6058530,30.94482421875
6058544,20.01953125
6058575,20.69091796875
6058589,18.37158203125
6058646,18.61572265625
6058733,30.1513671875
6058759,19.53125
6058781,21.484375
6087398,29.72412109375
6087487,23.86474609375
6087539,24.2919921875
6087651,19.04296875
6087805,21.54541015625
6111526,19.22607421875
6111711,18.4326171875
6111784,20.1416015625
6111896,19.04296875
6112083,19.22607421875
6143633,26.2451171875
6143650,27.52685546875
6143701,32.8369140625
6143719,19.1650390625
6143744,18.98193359375
6143802,23.681640625
6143844,18.9208984375
6144107,19.04296875
6173876,20.6298828125
6173923,21.42333984375
6173963,24.47509765625
6174023,18.61572265625
6174040,18.49365234375
6174190,24.35302734375
6200449,22.64404296875
6200501,19.10400390625
6200528,18.73779296875
6200670,19.287109375
6200764,19.287109375
6222881,22.5830078125
6222891,19.04296875
6222928,24.96337890625
6222945,18.49365234375
6223048,23.193359375
6223108,19.04296875
6223197,27.52685546875
6223232,23.0712890625
6223305,18.5546875
6269294,18.6767578125
6269368,22.52197265625
6269426,23.25439453125
6269510,19.83642578125
6269520,19.4091796875
6269531,19.8974609375
6269604,19.8974609375
6269640,18.6767578125
6269684,21.54541015625
6295070,21.78955078125
6295204,18.85986328125
6295381,20.69091796875
6320162,19.59228515625
6320225,20.81298828125
6320240,19.8974609375
6320313,26.611328125
6320381,19.34814453125
6320421,20.93505859375
6344930,22.216796875
6346395,19.22607421875
6371055,23.681640625
6371075,19.34814453125
6371365,21.1181640625
6371599,22.27783203125
6371639,20.1416015625
6371841,23.193359375
6386309,23.0712890625
6386324,20.44677734375
6386372,19.95849609375
6387500,22.03369140625
6387539,25.32958984375
6420959,21.54541015625
6421062,22.76611328125
6421647,19.59228515625
6423941,21.17919921875
6424040,19.47021484375
6440713,18.37158203125
6440770,32.65380859375
6440829,19.1650390625
6459753,23.62060546875
6459765,22.88818359375
6460607,20.44677734375
6460643,18.6767578125
6462623,21.54541015625
6462659,19.53125
6468537,22.15576171875
6470057,19.34814453125
6470086,21.728515625
6470139,23.62060546875
6470153,20.3857421875
6470179,19.22607421875
6471681,27.587890625
6471696,18.73779296875
6471711,21.8505859375
6474098,23.8037109375
6474130,20.20263671875
6474151,21.97265625
6474971,19.95849609375
6475016,18.6767578125
6475433,21.8505859375
6475443,20.3857421875
6477292,24.90234375
6477322,18.49365234375
6517064,19.04296875
6517096,29.60205078125
6517126,20.81298828125
6517149,24.658203125
6517189,22.0947265625
6518754,23.8037109375
6518765,20.32470703125
6518826,18.37158203125
6519176,19.04296875
6529956,19.59228515625
6530002,25.45166015625
6530021,22.15576171875
6530075,21.484375
6530542,24.10888671875
6530624,19.10400390625
6542408,21.05712890625
6556963,22.705078125
6557394,18.61572265625
6558142,21.30126953125
6558182,19.6533203125
6568996,19.10400390625
6569034,28.01513671875
6569045,20.751953125
6569098,20.56884765625
6578081,28.38134765625
6578116,19.1650390625
6578140,20.6298828125
6584901,21.97265625
6584920,22.94921875
6587927,23.37646484375
6588011,25.45166015625
6588738,19.34814453125
6588778,21.6064453125
6599996,20.5078125
6600007,21.42333984375
6600073,26.123046875
6601279,27.64892578125
6601331,29.052734375
6601350,20.20263671875
6602159,21.30126953125
6602195,22.76611328125
6602227,22.216796875
6632317,22.216796875
6633724,21.240234375
6633802,20.81298828125
6640251,22.27783203125
6640265,21.05712890625
6643863,20.32470703125
6643963,18.4326171875
6644162,18.98193359375
6644850,18.5546875
6644870,19.53125
6644922,24.2919921875
6644996,20.44677734375
6645169,24.658203125
6676862,19.83642578125
6676909,21.42333984375
6676920,20.08056640625
6681841,19.53125
6681899,20.44677734375
6690631,18.73779296875
6690672,21.728515625
6691848,23.193359375
6691878,27.099609375
6691904,19.47021484375
6691945,21.17919921875
6692134,30.45654296875
6692171,19.1650390625
6692209,18.73779296875
6692248,20.93505859375
6705435,20.01953125
6705474,19.22607421875
6713779,19.59228515625
6713812,32.470703125
6714997,19.71435546875
6715021,24.23095703125
6715584,19.47021484375
6715808,20.1416015625
6716408,19.04296875
6717027,19.1650390625
6725020,18.73779296875
6728922,20.6298828125
6728989,26.67236328125
6729246,24.35302734375
6729575,23.3154296875
6729589,18.4326171875
6734221,18.61572265625
6734286,20.263671875
6735031,18.6767578125
6735728,18.85986328125
6739097,19.04296875
6739461,26.2451171875
6739974,20.56884765625
6745001,20.6298828125
6748306,18.61572265625
6748544,19.1650390625
6748881,19.22607421875
6748944,19.53125
6749471,19.22607421875
6753747,19.4091796875
6753772,23.86474609375
6754144,18.85986328125
6758259,18.98193359375
6758356,19.1650390625
6758407,21.240234375
6758965,20.69091796875
6759588,19.34814453125
6759627,19.6533203125
6764179,22.3388671875
6764212,19.10400390625
6764387,19.95849609375
6764416,20.44677734375
6771669,19.47021484375
6771709,21.05712890625
6771822,19.22607421875
6771850,26.9775390625
6776727,19.59228515625
6776888,19.53125
6777495,21.8505859375
6783058,25.69580078125
6783088,19.53125
6786118,21.30126953125
6786298,19.6533203125
6786330,20.01953125
6786773,25.45166015625
6786785,19.8974609375
6796004,20.1416015625
6796642,18.85986328125
6796652,24.10888671875
6804137,18.49365234375
6804265,18.9208984375
6805956,25.81787109375
6806020,25.2685546875
6806173,24.59716796875
6806192,18.85986328125
6806219,21.8505859375
6812850,19.6533203125
6812927,19.59228515625
6822402,20.3857421875
6822618,21.484375
6823885,24.23095703125
6823903,19.47021484375
6824228,22.94921875
6840352,25.45166015625
6840397,20.8740234375
6842319,19.4091796875
6842402,19.47021484375
6843287,19.04296875
6843338,21.17919921875
6856730,21.05712890625
6856770,35.5224609375
6856793,19.83642578125
6860301,19.47021484375
6878265,18.5546875
6878321,29.96826171875
6878942,18.61572265625
6878981,20.5078125
6880696,19.47021484375
6881193,29.1748046875
6943647,21.97265625
6943685,23.3154296875
6943703,20.81298828125
6943722,24.2919921875
6943745,19.775390625
6943777,28.38134765625
6943805,21.30126953125
6943831,22.5830078125
6943849,24.35302734375
6943900,21.05712890625
6944195,18.49365234375
6995705,19.4091796875
6995741,19.34814453125
6995763,20.6298828125
6995812,20.263671875
6995841,20.32470703125
6995857,27.83203125
6995893,18.4326171875
6996004,21.17919921875
6996043,19.8974609375
6996411,22.4609375
6996566,20.6298828125
6996908,21.728515625
7045637,20.263671875
7045666,22.15576171875
7045838,21.1181640625
7045896,25.20751953125
7045916,19.59228515625
7045942,19.53125
7045994,18.9208984375
7046012,26.611328125
7046060,27.83203125
7046075,18.61572265625
7046113,19.59228515625
7046153,28.62548828125
7046175,22.94921875
7046209,21.30126953125
7046227,26.611328125
7046309,29.78515625
7046320,23.4375
7046419,24.0478515625
7046442,19.22607421875
7111265,22.15576171875
7111282,18.9208984375
7111325,20.20263671875
7111344,18.798828125
7111370,29.1748046875
7111400,23.0712890625
7111411,27.28271484375
7111467,23.01025390625
7111634,19.775390625
7111661,19.04296875
7112353,18.798828125
7146221,18.9208984375
7146241,19.47021484375
7146287,18.49365234375
7146329,22.15576171875
7146403,18.4326171875
7146424,20.99609375
7146456,22.0947265625
7146469,20.81298828125
7146505,21.30126953125
7146524,19.8974609375
7146612,26.30615234375
7146796,19.287109375
7147093,20.8740234375
7184154,23.92578125
7184190,22.4609375
7184236,20.6298828125
7184268,24.658203125
7184333,25.390625
7184441,20.01953125
7184540,19.04296875
7184587,20.751953125
7184643,21.97265625
7184963,23.4375
7185279,28.076171875
7232562,22.27783203125
7232623,23.3154296875
7232647,24.169921875
7232841,21.66748046875
7237437,20.751953125
7237600,25.2685546875
7237618,19.10400390625
7237653,26.9775390625
7237680,20.1416015625
7237713,20.1416015625
7237725,26.30615234375
7237760,18.37158203125
7237780,18.6767578125
7237833,23.8037109375
7237859,20.20263671875
7237897,20.6298828125
7237938,18.98193359375
7237964,22.216796875
7238193,20.93505859375
7238724,19.287109375
7281683,19.34814453125
7281716,23.92578125
7281757,21.91162109375
7281833,21.78955078125
7297589,22.52197265625
7297601,18.61572265625
7297703,24.0478515625
7297887,20.32470703125
7297901,18.6767578125
7297942,20.5078125
7326857,18.85986328125
7326899,18.5546875
7326946,20.01953125
7327390,19.775390625
7327429,19.47021484375
7328875,23.49853515625
7328892,22.52197265625
7328911,20.69091796875
7328928,22.0947265625
7354903,19.04296875
7354942,19.22607421875
7354970,19.1650390625
7355021,29.1748046875
7355038,23.74267578125
7355075,23.4375
7355092,19.6533203125
7355138,23.3154296875
7355151,25.2685546875
7355193,31.3720703125
7355314,19.775390625
7355343,18.9208984375
7355399,19.95849609375
7355474,19.83642578125
7391838,18.73779296875
7391861,34.0576171875
7391943,20.6298828125
7391963,23.86474609375
7391993,22.0947265625
7392022,21.6064453125
7392041,33.87451171875
7392077,21.30126953125
7392127,26.0009765625
7392162,20.3857421875
7392316,26.3671875
7392393,27.2216796875
7392408,22.4609375
7392777,21.728515625
7432664,19.1650390625
7432701,23.86474609375
7432721,20.6298828125
7432825,19.22607421875
7432887,21.1181640625
7432911,24.7802734375
7432923,19.1650390625
7432948,25.69580078125
7432976,20.1416015625
7433011,44.00634765625
7433037,21.8505859375
7433054,25.81787109375
7433128,19.10400390625
7433269,20.08056640625
7433313,18.798828125
7468441,19.775390625
7468459,18.9208984375
7468512,21.91162109375
7468639,19.287109375
7468695,18.49365234375
7468738,19.59228515625
7468790,18.5546875
7468901,19.53125
7468994,19.04296875
7491460,18.798828125
7491512,24.10888671875
7491550,28.9306640625
7491571,25.87890625
7491604,28.25927734375
7491656,25.634765625
7491712,19.95849609375
7491811,18.49365234375
7523766,18.73779296875
7541057,18.73779296875
7541085,23.62060546875
7541103,23.01025390625
7541121,18.9208984375
7541261,21.484375
7543465,20.81298828125
7543523,18.6767578125
7544664,18.5546875
7545868,19.53125
7546210,20.5078125
7549081,20.56884765625
7549177,19.10400390625
7549232,19.8974609375
7549374,20.08056640625
7550740,20.08056640625
7552446,19.22607421875
7556368,19.71435546875
7556404,19.34814453125
7556424,29.052734375
7556445,18.85986328125
7557284,22.39990234375
7589701,19.22607421875
7589757,19.53125
7589923,19.71435546875
7590896,21.8505859375
7590930,24.84130859375
7590941,21.240234375
7613927,23.13232421875
7613959,29.11376953125
7614045,21.240234375
7614109,23.13232421875
7614151,18.73779296875
7614277,18.61572265625
7646918,19.83642578125
7646974,22.5830078125
7647113,21.91162109375
7647143,25.20751953125
7647208,22.8271484375
7647240,19.1650390625
7647271,23.86474609375
7647327,18.798828125
7647654,24.23095703125
7663685,18.73779296875
7663700,18.98193359375
7663735,33.0810546875
7663995,18.9208984375
7691812,19.6533203125
7691860,21.05712890625
7691953,18.37158203125
7691973,18.798828125
7692003,19.4091796875
7692065,18.98193359375
7692156,22.76611328125
7714824,18.61572265625
7715337,19.47021484375
7715422,19.10400390625
7715511,18.6767578125
7715538,23.5595703125
7715629,22.52197265625
7746710,21.240234375
7746720,23.74267578125
7746747,18.49365234375
7746786,30.82275390625
7746864,20.44677734375
7746907,24.658203125
7746933,19.10400390625
7746966,20.263671875
7747027,19.59228515625
7773904,21.66748046875
7773966,24.47509765625
7774012,19.287109375
7774183,18.37158203125
7798242,21.05712890625
7798262,23.3154296875
7798310,27.34375
7798325,20.1416015625
7798346,21.66748046875
7798458,21.66748046875
7798503,20.93505859375
7798657,19.53125
7798691,18.49365234375
7798847,19.775390625
7798889,18.9208984375
7824296,19.1650390625
7824330,27.34375
7824342,22.27783203125
7824355,19.95849609375
7825368,22.94921875
7825429,19.8974609375
7835320,23.4375
7835337,18.49365234375
7856965,18.73779296875
7857006,19.47021484375
7857200,22.27783203125
7857218,23.01025390625
7857242,25.0244140625
7857268,24.7802734375
7868575,26.3671875
7869327,18.61572265625
7869410,19.83642578125
7871355,20.751953125
7872047,20.263671875
7872255,18.61572265625
7886476,20.44677734375
7886496,23.92578125
7897996,19.287109375
7898046,22.0947265625
7899507,19.83642578125
7899570,21.78955078125
7899725,20.81298828125
7899820,19.1650390625
7900507,24.96337890625
7900542,19.71435546875
7900842,27.16064453125
7900885,19.775390625
7902186,21.54541015625
7902700,25.2685546875
7903639,18.798828125
7905647,20.3857421875
7906920,19.71435546875
7907595,18.6767578125
7908841,20.99609375
7910959,19.10400390625
7911531,18.6767578125
7911848,18.49365234375
7913594,20.751953125
7916261,19.4091796875
7916462,18.85986328125
7917436,20.81298828125
7920738,19.22607421875
7920986,18.6767578125
7921414,18.6767578125
7921491,18.5546875
7923409,22.76611328125
7923455,20.69091796875
7923524,20.263671875
7923693,19.59228515625
7923722,29.84619140625
7928171,21.8505859375
7931598,22.705078125
7931734,18.85986328125
7932085,19.34814453125
7935008,18.6767578125
7946134,24.5361328125
7946164,20.3857421875
7946839,19.47021484375
7951106,18.73779296875
7951678,21.97265625
7964803,20.08056640625
7964828,33.50830078125
7964838,27.28271484375
7965465,18.4326171875
7965478,19.22607421875
7965526,23.74267578125
7974301,20.01953125
7974324,26.42822265625
7975041,25.5126953125
7975681,19.22607421875
7984742,18.798828125
7987552,21.30126953125
7987785,19.4091796875
7988148,20.263671875
7998474,18.61572265625
8001495,18.61572265625
8001533,19.83642578125
8001752,27.52685546875
8001787,19.1650390625
8002185,18.37158203125
8012780,23.4375
8015530,18.798828125
8015583,21.30126953125
8015593,18.37158203125
8015615,20.8740234375
8031000,18.798828125
8031017,23.25439453125
8031106,18.6767578125
8031298,20.99609375
8031315,20.263671875
8037207,21.1181640625
8037414,24.658203125
8103409,24.84130859375
8103437,19.47021484375
8103477,30.3955078125
8103496,19.8974609375
8103518,21.78955078125
8103576,23.681640625
8103631,21.91162109375
8103649,20.93505859375
8103759,21.8505859375
8104274,20.263671875
8139244,20.5078125
8139278,19.1650390625
8139373,21.3623046875
8139383,19.22607421875
8139446,19.4091796875
8139495,24.4140625
8139512,29.35791015625
8139556,19.775390625
8139583,18.73779296875
8139612,20.69091796875
8139635,19.71435546875
8139661,22.0947265625
8139739,20.01953125
8139816,24.23095703125
8139827,19.22607421875
8139858,21.30126953125
8139978,19.10400390625
8140086,20.44677734375
8178995,19.1650390625
8182424,19.287109375
8182474,20.6298828125
8182597,22.27783203125
8182669,18.73779296875
8182704,21.3623046875
8182762,18.4326171875
8182824,19.83642578125
8182889,19.47021484375
8217629,20.01953125
8217657,18.798828125
8217708,19.775390625
8217784,20.1416015625
8246784,20.69091796875
8246816,18.73779296875
8246908,20.81298828125
8246956,22.03369140625
8247015,19.8974609375
8247040,20.56884765625
8247160,20.56884765625
8247197,22.52197265625
8247505,18.49365234375
8272252,20.81298828125
8272296,19.10400390625
8272329,18.6767578125
8272365,19.71435546875
8272424,18.85986328125
8272456,19.47021484375
8272640,26.30615234375
8272745,23.62060546875
8272844,18.37158203125
8273140,19.53125
8297620,18.98193359375
8317515,28.38134765625
8317680,23.49853515625
8318020,18.61572265625
8335190,18.49365234375
8335727,21.6064453125
8336062,18.49365234375
8367124,18.5546875
8367338,19.71435546875
8386599,19.53125
8386684,19.287109375
8386722,19.4091796875
8386865,21.240234375
8387036,19.53125
8416078,24.96337890625
8416123,24.84130859375
8416193,18.5546875
8416225,20.20263671875
8416288,20.263671875
8416388,18.5546875
8416438,21.6064453125
8416506,19.34814453125
8440181,18.6767578125
8440293,22.5830078125
8467703,18.6767578125
8493369,19.287109375
8493538,19.59228515625
8524084,18.61572265625
8524116,20.99609375
8524142,23.74267578125
8524164,18.37158203125
8524207,19.95849609375
8524244,20.44677734375
8524281,24.71923828125
8524296,18.9208984375
8524313,35.09521484375
8524505,23.193359375
8524546,18.73779296875
8524648,19.8974609375
8566930,20.32470703125
8567047,25.32958984375
8567094,20.56884765625
8567127,20.93505859375
8567164,24.59716796875
8567199,19.1650390625
8567233,23.37646484375
8567275,18.4326171875
8567297,25.5126953125
8567352,18.5546875
8567441,19.34814453125
8567672,20.81298828125
8567715,19.10400390625
8601234,23.62060546875
8601456,26.42822265625
8601511,18.5546875
8601538,29.84619140625
8601555,23.0712890625
8601579,18.5546875
8601598,24.2919921875
8601626,21.728515625
8601648,30.3955078125
8601680,18.5546875
8601711,18.98193359375
8601733,22.3388671875
8601899,19.47021484375
8602014,19.04296875
8602357,20.93505859375
8637934,19.6533203125
8637981,18.61572265625
8638030,19.10400390625
8638056,18.73779296875
8638088,23.25439453125
8638129,24.71923828125
8638145,30.94482421875
8638181,23.193359375
8638251,25.08544921875
8638271,18.61572265625
8638318,19.71435546875
8638412,22.52197265625
8638548,20.5078125
8638707,18.85986328125
8638766,22.216796875
8639077,18.73779296875
8673012,19.47021484375
8673049,27.03857421875
8673068,19.775390625
8673110,21.66748046875
8673137,32.8369140625
8673163,29.60205078125
8673210,22.27783203125
8673251,25.634765625
8673331,20.44677734375
8673389,22.4609375
8673493,22.216796875
8673664,19.8974609375
8695728,18.9208984375
8695770,19.6533203125
8718951,19.34814453125
8718979,23.8037109375
8719002,24.2919921875
8719175,21.91162109375
8719319,21.484375
8719366,25.87890625
8719406,22.76611328125
8719421,30.8837890625
8719463,23.13232421875
8719511,19.47021484375
8719523,23.25439453125
8719554,19.95849609375
8719735,20.1416015625
8719923,19.1650390625
8719976,20.08056640625
8750308,19.04296875
8750378,18.37158203125
8771630,27.83203125
8771699,18.37158203125
8771803,19.10400390625
8771816,21.30126953125
8771896,20.751953125
8796463,19.95849609375
8796498,19.287109375
8796566,26.67236328125
8796595,24.7802734375
8796649,23.681640625
8796692,23.01025390625
8796788,21.8505859375
8796831,18.5546875
8797034,20.93505859375
8797169,20.1416015625
8822932,20.263671875
8822960,19.1650390625
8822987,26.0009765625
8823192,18.9208984375
8823281,20.01953125
8823438,19.287109375
8844634,32.40966796875
8844659,28.62548828125
8844674,23.3154296875
8844694,20.69091796875
8844824,19.95849609375
8844950,23.25439453125
8844969,21.17919921875
8845000,22.64404296875
8845011,20.751953125
8845119,23.25439453125
8845133,28.62548828125
8845172,21.17919921875
8845223,18.49365234375
8845299,20.81298828125
8845442,19.47021484375
8878263,20.6298828125
8878327,18.49365234375
8881048,18.9208984375
8881126,19.59228515625
8881293,22.39990234375
8881331,19.6533203125
8899063,22.3388671875
8899111,23.13232421875
8899126,24.2919921875
8900143,22.03369140625
8900171,25.32958984375
8900293,19.8974609375
8900383,23.8037109375
8922904,20.81298828125
8924947,19.287109375
8925193,19.22607421875
8925402,21.54541015625
8926854,20.6298828125
8926878,21.05712890625
8927177,20.1416015625
8927613,20.93505859375
8928179,19.53125
8928229,19.83642578125
8928240,21.240234375
8928367,19.47021484375
8929795,20.263671875
8931060,19.1650390625
8931453,19.59228515625
8932535,18.4326171875
8933040,18.98193359375
8933815,19.22607421875
8936230,21.30126953125
8936240,22.5830078125
8936487,18.49365234375
8937923,18.49365234375
8938008,18.4326171875
8938529,22.27783203125
8939769,23.13232421875
8940705,19.71435546875
8940759,20.93505859375
8943454,21.484375
8944352,23.8037109375
8946883,23.8037109375
8946920,19.1650390625
8947115,18.98193359375
8949394,21.728515625
8950832,23.3154296875
8952969,20.751953125
8953042,26.79443359375
8954595,19.1650390625
8957664,18.98193359375
8957853,20.5078125
8958098,18.98193359375
8961684,21.97265625
8961769,21.1181640625
8964027,20.6298828125
8964147,28.01513671875
8964279,20.01953125
8964308,21.97265625
8968244,19.8974609375
8969284,19.10400390625
8969298,20.5078125
8972609,26.3671875
8977692,19.53125
8977747,20.01953125
8977763,20.99609375
8982583,26.0009765625
8982593,20.93505859375
8985634,21.6064453125
8985727,21.3623046875
8985907,18.37158203125
8986518,20.6298828125
8989163,19.83642578125
8989198,19.8974609375
8989356,22.4609375
8994545,20.5078125
8994607,19.10400390625
8994756,18.37158203125
8998818,18.73779296875
8998878,18.85986328125
9004977,22.4609375
9005023,21.05712890625
9005066,20.56884765625
9005216,20.3857421875
9005281,18.9208984375
9012090,18.798828125
9012111,18.85986328125
9013444,23.86474609375
9014035,18.49365234375
9014176,20.99609375
9020464,18.98193359375
9020502,23.5595703125
9020538,21.97265625
9021001,20.263671875
9028356,18.5546875
9028397,20.751953125
9036452,20.44677734375
9036523,23.681640625
9036881,21.1181640625
9037368,20.1416015625
9044446,20.01953125
9046232,20.99609375
9051599,22.3388671875
9051672,23.74267578125
9057363,20.1416015625
9065993,21.54541015625
9066024,25.634765625
9066053,20.8740234375
9077083,20.8740234375
9090212,18.9208984375
9090244,23.0712890625
9091820,18.85986328125
9091874,20.751953125
9148870,23.98681640625
9148917,24.2919921875
9148969,19.1650390625
9148994,29.35791015625
9149021,21.3623046875
9149037,18.73779296875
9149057,21.8505859375
9149109,21.66748046875
9149119,23.0712890625
9149134,20.44677734375
9149183,28.1982421875
9149197,18.49365234375
9149220,20.6298828125
9149303,19.10400390625
9149314,18.798828125
9208223,18.798828125
9208242,27.34375
9208262,18.6767578125
9208300,21.42333984375
9208322,19.71435546875
9208348,29.052734375
9208372,18.37158203125
9208391,18.73779296875
9208504,18.61572265625
9208540,19.71435546875
9208558,19.83642578125
9251551,19.10400390625
9251587,27.34375
9251603,22.39990234375
9251645,21.97265625
9251674,32.5927734375
9251687,20.5078125
9251719,25.69580078125
9251739,27.03857421875
9251787,18.5546875
9251825,21.6064453125
9251999,18.4326171875
9252026,20.6298828125
9252219,20.69091796875
9293908,18.49365234375
9316516,18.85986328125
9316551,19.83642578125
9316605,20.32470703125
9334101,20.69091796875
9334120,24.5361328125
9334150,18.98193359375
9334174,18.49365234375
9334217,18.85986328125
9334275,19.22607421875
9334516,20.08056640625
9360933,20.263671875
9360963,22.216796875
9361030,19.71435546875
9361046,22.0947265625
9361081,27.83203125
9361130,24.169921875
9361144,31.982421875
9361216,21.42333984375
9361293,22.0947265625
9361370,19.1650390625
9361410,27.7099609375
9361799,23.74267578125
9398210,19.04296875
9398239,19.6533203125
9398250,19.22607421875
9398276,19.287109375
9398302,20.99609375
9398342,22.705078125
9400528,18.37158203125
9400911,19.1650390625
9435568,21.91162109375
9435582,21.54541015625
9435595,19.22607421875
9435616,25.45166015625
9435783,19.83642578125
9435814,19.53125
9435931,20.263671875
9462451,18.49365234375
9462575,20.01953125
9462589,21.240234375
9462629,32.04345703125
9462664,21.78955078125
9462678,21.484375
9462711,18.37158203125
9462750,20.1416015625
9462811,21.6064453125
9462837,22.27783203125
9462915,19.34814453125
9462988,19.775390625
9463041,19.4091796875
9463123,19.775390625
9493035,18.85986328125
9493295,19.6533203125
9508384,22.27783203125
9508772,18.4326171875
9510252,18.5546875
9510315,23.193359375
9510333,24.7802734375
9510577,21.6064453125
9512683,18.37158203125
9512710,19.53125
9514039,19.287109375
9514112,25.32958984375
9514153,20.5078125
9515271,20.01953125
9515339,18.5546875
9516131,19.22607421875
9552342,19.287109375
9554326,18.9208984375
9554505,21.54541015625
9554577,23.681640625
9554645,20.44677734375
9554774,18.61572265625
9554785,18.9208984375
9584255,19.95849609375
9584342,19.4091796875
9584628,18.37158203125
9593226,20.1416015625
9593266,18.4326171875
9593311,20.32470703125
9593389,22.76611328125
9593451,22.4609375
9594319,18.73779296875
9634399,24.0478515625
9634463,19.47021484375
9634494,21.6064453125
9634533,18.798828125
9634549,21.42333984375
9634598,20.5078125
9634633,18.9208984375
9634682,20.263671875
9662685,18.98193359375
9662756,19.71435546875
9662893,26.85546875
9663267,21.54541015625
9691451,20.3857421875
9691505,20.32470703125
9691797,20.751953125
9718143,19.1650390625
9718499,18.73779296875
9720294,19.59228515625
9745647,18.798828125
9746663,21.91162109375
9747006,18.61572265625
9777925,20.93505859375
9778018,19.95849609375
9778054,19.53125
9778070,19.47021484375
9778106,19.53125
9778196,18.49365234375
9778302,18.798828125
9799794,21.17919921875
9799805,34.66796875
9799831,22.52197265625
9799853,30.029296875
9799877,20.263671875
9799911,33.38623046875
9799939,22.52197265625
9799955,18.73779296875
9800003,24.2919921875
9800169,20.56884765625
9800179,22.03369140625
9800523,21.54541015625
9822928,18.61572265625
9822942,23.3154296875
9824636,18.798828125
9824670,20.5078125
9824848,19.1650390625
9824930,18.49365234375
9843928,20.5078125
9843957,19.1650390625
9846025,18.5546875
9846070,19.34814453125
9846669,20.99609375
9874088,24.71923828125
9874098,26.4892578125
9874137,29.052734375
9874190,26.67236328125
9874229,24.2919921875
9874247,39.24560546875
9874271,22.0947265625
9874288,19.22607421875
9874323,23.3154296875
9874353,21.8505859375
9874369,18.49365234375
9874437,19.47021484375
9912254,18.61572265625
9912288,20.44677734375
9912316,23.62060546875
9912344,24.10888671875
9912361,18.49365234375
9912461,19.04296875
9912598,20.01953125
9920543,22.03369140625
9921193,18.98193359375
9943334,21.6064453125
9943368,19.6533203125
9943393,18.85986328125
9943410,21.30126953125
9943536,18.9208984375
9943745,19.71435546875
9961346,18.61572265625
9961526,20.93505859375
9961561,24.35302734375
9961652,22.64404296875
9961678,24.4140625
9961718,18.73779296875
9961898,20.93505859375
9962109,19.83642578125
9996245,18.4326171875
9996270,28.86962890625
9996289,24.84130859375
9996301,20.69091796875
9996326,31.005859375
9996366,20.263671875
9996394,24.84130859375
9996437,25.93994140625
9996460,24.47509765625
9996487,22.5830078125
9996524,19.4091796875
9996614,24.35302734375
9997129,19.4091796875
10024330,19.1650390625
10024366,24.59716796875
10024408,20.56884765625
10024440,23.5595703125
10024485,21.97265625
10024554,18.73779296875
10024600,22.64404296875
10024615,24.84130859375
10024652,22.4609375
10024678,29.541015625
10024704,27.4658203125
10024748,25.57373046875
10024911,19.775390625
10024956,18.61572265625
10043495,21.728515625
10044978,24.169921875
10044991,19.71435546875
10045022,23.01025390625
10045167,20.81298828125
10068398,19.95849609375
10068414,22.3388671875
10068468,24.23095703125
10068509,21.97265625
10068519,18.9208984375
10068575,22.03369140625
10068662,18.37158203125
10068751,28.01513671875
10068772,20.5078125
10068843,21.97265625
10068869,20.32470703125
10068909,20.32470703125
10068983,20.99609375
10069038,18.49365234375
10098878,18.73779296875
10099016,24.658203125
10099063,18.4326171875
10099104,25.5126953125
10099128,28.50341796875
10099165,19.6533203125
10099188,31.6162109375
10099229,22.0947265625
10099314,26.0009765625
10099355,22.15576171875
10099381,19.47021484375
10099496,26.4892578125
10099614,19.34814453125
10135060,22.216796875
10135100,25.146484375
10135146,19.10400390625
10135467,20.56884765625
10135522,20.56884765625
10157395,23.98681640625
10157419,19.8974609375
10157442,22.8271484375
10157476,28.6865234375
10157524,21.42333984375
10157683,27.4658203125
10157708,21.8505859375
10157744,19.6533203125
10157771,19.34814453125
10185058,19.775390625
10185091,19.22607421875
10185129,19.34814453125
10185514,18.85986328125
10186125,18.9208984375
10212707,24.10888671875
10212796,25.7568359375
10212989,20.32470703125
10236247,20.263671875
10236275,18.9208984375
10236304,22.216796875
10236335,21.728515625
10236414,19.95849609375
10236457,18.798828125
10236713,19.1650390625
10236836,19.6533203125
10237621,19.1650390625
10237691,23.681640625
10237719,18.4326171875
10237762,18.4326171875
10238304,19.775390625
10238888,24.59716796875
10239025,19.775390625
10240983,20.08056640625
10243609,22.15576171875
10244149,18.5546875
10247132,19.6533203125
10252926,20.81298828125
10252990,20.6298828125
10253268,19.71435546875
10253324,19.47021484375
10256011,21.3623046875
10256126,20.81298828125
10256148,22.27783203125
10260006,20.1416015625
10262671,18.73779296875
10262903,19.59228515625
10266269,21.6064453125
10266470,22.03369140625
10266494,20.93505859375
10267134,18.37158203125
10269851,18.73779296875
10269885,25.81787109375
10269917,21.240234375
10270057,25.0244140625
10271695,25.81787109375
10271752,18.98193359375
10276047,23.13232421875
10276546,19.287109375
10283300,19.775390625
10283483,18.61572265625
10283658,21.6064453125
10284049,19.287109375
10286573,20.6298828125
10286733,18.98193359375
10292879,19.10400390625
10293303,18.5546875
10293354,19.22607421875
10297202,19.775390625
10297473,20.8740234375
10297496,20.08056640625
10303269,22.27783203125
10303324,27.2216796875
10303361,19.53125
10307203,18.37158203125
10307235,19.59228515625
10307260,23.4375
10307717,21.97265625
10309432,18.798828125
10309494,19.04296875
10309648,19.10400390625
10317457,18.6767578125
10317535,18.4326171875
10318926,22.39990234375
10323770,20.751953125
10323871,18.6767578125
10324566,22.216796875
10331076,24.71923828125
10331738,21.3623046875
10331759,22.52197265625
10331779,18.5546875
10337973,20.32470703125
10338063,21.17919921875
10338797,24.658203125
10346050,20.01953125
10346069,19.10400390625
10353002,20.08056640625
10353098,18.4326171875
10359380,19.53125
10359648,30.45654296875
10359696,20.8740234375
10360490,22.39990234375
10368698,19.53125
10375783,19.83642578125
10375837,20.3857421875
10385675,21.42333984375
10386112,24.5361328125
10395937,20.69091796875
10406434,19.8974609375
10425406,19.59228515625
10425474,18.61572265625
10426524,25.81787109375
10426562,25.390625
10471740,20.44677734375
10471773,40.34423828125
10471786,24.96337890625
10471809,20.6298828125
10471824,22.27783203125
10471849,25.20751953125
10471895,19.4091796875
10471911,28.01513671875
10471963,24.4140625
10471987,21.05712890625
10472587,20.69091796875
10518079,18.798828125
10518922,19.59228515625
10518932,20.6298828125
10519007,19.71435546875
10519180,19.04296875
10519237,19.4091796875
10519366,20.99609375
10552447,20.20263671875
10552532,23.0712890625
10552550,19.34814453125
10552595,23.681640625
10552625,18.61572265625
10552650,18.5546875
10552661,20.32470703125
10552674,25.81787109375
10552701,20.20263671875
10552721,32.2265625
10552748,18.49365234375
10552843,20.93505859375
10552992,18.61572265625
10553123,30.33447265625
10553282,19.95849609375
10590512,24.2919921875
10590542,23.49853515625
10590554,19.53125
10590787,20.1416015625
10590907,23.98681640625
10591031,19.10400390625
10591312,18.49365234375
10609534,19.8974609375
10609738,19.71435546875
10609764,19.287109375
10609843,25.32958984375
10609902,29.96826171875
10609918,18.37158203125
10609965,19.71435546875
10610043,24.35302734375
10610121,28.9306640625
10610250,18.98193359375
10610279,18.98193359375
10642155,20.3857421875
10675294,21.484375
10675345,23.62060546875
10675370,24.0478515625
10675397,18.4326171875
10675430,33.447265625
10675475,19.775390625
10675510,18.4326171875
10675686,20.01953125
10675961,20.56884765625
10701194,18.73779296875
10701535,24.5361328125
10714767,18.6767578125
10714831,19.83642578125
10715893,20.81298828125
10742792,20.20263671875
10742802,23.3154296875
10742820,19.59228515625
10742978,18.798828125
10742989,19.22607421875
10743060,23.62060546875
10743130,19.83642578125
10768480,19.53125
10768584,18.85986328125
10768643,19.83642578125
10768659,21.30126953125
10768838,24.7802734375
10768929,18.61572265625
10769125,19.59228515625
10791670,19.71435546875
10791698,22.5830078125
10791957,29.6630859375
10792052,20.56884765625
10792362,22.8271484375
10825338,22.39990234375
10825454,20.8740234375
10845090,26.0009765625
10864534,21.30126953125
10864566,36.865234375
10864598,22.76611328125
10864616,18.73779296875
10864660,30.6396484375
10864703,21.240234375
10864715,29.1748046875
10864740,20.81298828125
10864803,22.0947265625
10864831,18.49365234375
10864862,25.81787109375
10864901,18.98193359375
10865099,19.04296875
10899149,19.1650390625
10899195,18.61572265625
10899236,20.1416015625
10918891,23.01025390625
10918918,21.17919921875
10919023,18.4326171875
10919044,21.05712890625
10919075,18.37158203125
10934869,23.8037109375
10950548,22.3388671875
10950761,20.99609375
10950790,18.6767578125
10968569,20.6298828125
10968594,18.6767578125
10968660,20.99609375
10969033,18.49365234375
10987424,18.85986328125
10987489,20.263671875
10987589,19.6533203125
10987621,19.10400390625
10987658,23.4375
10987680,28.3203125
10987720,20.1416015625
10987733,18.9208984375
10987784,25.69580078125
10988051,20.751953125
10988083,21.66748046875
11004211,19.1650390625
11004253,20.1416015625
11004281,21.05712890625
11024831,24.59716796875
11024854,22.88818359375
11024881,20.3857421875
11024899,18.85986328125
11024939,21.240234375
11024960,20.8740234375
11024979,19.71435546875
11025033,21.78955078125
11025091,25.32958984375
11025109,19.83642578125
11025135,29.78515625
11025193,22.76611328125
11025264,18.85986328125
11056129,21.66748046875
11056408,19.1650390625
11056743,18.4326171875
11057896,18.85986328125
11058021,24.0478515625
11058253,19.287109375
11059577,19.95849609375
11059758,21.54541015625
11060490,20.99609375
11060541,21.728515625
11079238,19.53125
11079270,21.42333984375
11079288,31.43310546875
11079313,21.78955078125
11079421,20.263671875
11079486,19.95849609375
11079570,21.484375
11087339,28.99169921875
11087351,18.798828125
11087375,20.69091796875
11089242,26.55029296875
11089315,18.6767578125
11090692,21.1181640625
11090719,22.15576171875
11094049,20.5078125
11094091,22.216796875
11094152,22.39990234375
11094174,18.5546875
11094626,19.83642578125
11137818,18.49365234375
11137864,36.0107421875
11137889,18.9208984375
11137928,18.49365234375
11137955,19.34814453125
11138040,23.4375
11138079,19.04296875
11138133,19.10400390625
11138162,18.6767578125
11138207,20.3857421875
11138219,42.6025390625
11138234,20.263671875
11138276,23.5595703125
11138381,20.08056640625
11138407,20.5078125
11138545,18.5546875
11162182,20.20263671875
11162260,20.6298828125
11164606,21.484375
11164680,23.98681640625
11165208,18.798828125
11166944,18.85986328125
11167981,22.216796875
11169991,18.85986328125
11172383,22.27783203125
11172945,19.04296875
11174850,21.484375
11174916,20.93505859375
11179495,19.287109375
11179528,23.25439453125
11179791,19.22607421875
11182627,25.7568359375
11182661,19.59228515625
11182674,19.8974609375
11183034,25.146484375
11184925,19.1650390625
11185017,20.32470703125
11185167,27.4658203125
11188767,21.05712890625
11188831,18.4326171875
11189155,30.2734375
11189169,25.0244140625
11193395,19.04296875
11193440,18.49365234375
11193599,18.49365234375
11194221,18.73779296875
11196099,19.1650390625
11196281,26.18408203125
11196308,19.59228515625
11202546,22.76611328125
11202601,23.86474609375
11202653,24.84130859375
11204826,21.240234375
11204914,20.1416015625
11205086,20.20263671875
11205326,18.85986328125
11209420,18.37158203125
11209491,21.66748046875
11210109,22.27783203125
11210166,18.98193359375
11210773,19.22607421875
11215516,20.20263671875
11215605,18.798828125
11216230,23.37646484375
11216896,18.9208984375
11216936,19.287109375
11217188,20.32470703125
11220394,20.3857421875
11220473,19.775390625
11224219,18.61572265625
11224258,20.01953125
11224437,20.08056640625
11224521,19.4091796875
11225439,20.01953125
11230415,18.6767578125
11230499,19.04296875
11230559,21.05712890625
11230712,19.34814453125
11230723,21.42333984375
11230985,23.01025390625
11235427,18.61572265625
11235452,20.99609375
11240535,20.1416015625
11240607,19.59228515625
11240840,20.3857421875
11240866,20.6298828125
11245790,21.6064453125
11245814,20.99609375
11245869,24.23095703125
11246051,20.01953125
11246069,20.99609375
11250723,19.22607421875
11250749,20.08056640625
11251082,20.08056640625
11257439,19.4091796875
11257511,31.1279296875
11267201,18.5546875
11267220,18.49365234375
11267249,21.1181640625
11267295,24.4140625
11267348,19.22607421875
11278950,18.798828125
11278996,24.96337890625
11279039,24.35302734375
11298092,20.56884765625
11298399,18.4326171875
11345641,18.49365234375
11345692,19.6533203125
11345705,25.32958984375
11345751,20.8740234375
11345818,19.10400390625
11345908,20.20263671875
11346170,20.99609375
11379640,18.9208984375
11380133,19.775390625
11380313,18.798828125
11380397,18.37158203125
11409112,23.92578125
11409133,21.17919921875
11409161,22.64404296875
11409195,24.23095703125
11409223,23.92578125
11409262,18.37158203125
11409276,20.6298828125
11409320,18.5546875
11409350,20.08056640625
11409381,23.49853515625
11409393,27.587890625
11409439,27.89306640625
11409463,21.97265625
11409672,18.85986328125
11445285,18.61572265625
11445354,37.109375
11445389,23.8037109375
11445422,26.123046875
11445458,23.4375
11445471,27.4658203125
11445582,18.6767578125
11445629,19.04296875
11445696,18.49365234375
11445747,18.37158203125
11445766,18.4326171875
11486298,22.39990234375
11486332,31.25
11486442,19.22607421875
11486500,19.22607421875
11486520,18.37158203125
11486672,18.61572265625
11486904,18.4326171875
11534096,18.4326171875
11535136,19.95849609375
11537190,18.49365234375
11541408,19.59228515625
11572273,20.3857421875
11572299,19.95849609375
11572383,20.56884765625
11572407,33.447265625
11572474,18.37158203125
11572491,36.56005859375
11572540,31.79931640625
11572599,19.95849609375
11572639,20.5078125
11572729,19.83642578125
11573332,18.61572265625
11611462,21.728515625
11611485,30.45654296875
11611513,19.8974609375
11611532,20.5078125
11611558,20.751953125
11611578,24.0478515625
11611593,38.6962890625
11611632,21.05712890625
11611671,25.08544921875
11611794,21.1181640625
11612260,26.611328125
11612382,18.5546875
11653464,24.59716796875
11653479,21.3623046875
11653524,23.49853515625
11653543,23.681640625
11653560,22.76611328125
11653583,32.16552734375
11653618,31.25
11653658,20.99609375
11653693,21.66748046875
11653735,18.37158203125
11653771,20.5078125
11653833,18.85986328125
11654151,18.798828125
11654255,19.59228515625
11673997,19.1650390625
11674479,23.92578125
11674522,19.1650390625
11674537,18.4326171875
11674583,19.287109375
11674629,19.6533203125
11674660,18.49365234375
11674687,19.8974609375
11674706,20.93505859375
11674791,21.6064453125
11674818,20.1416015625
11674883,19.47021484375
11674919,19.4091796875
11719319,28.076171875
11719342,26.3671875
11719378,18.37158203125
11719411,33.99658203125
11719421,28.076171875
11719459,23.3154296875
11719487,23.5595703125
11719502,22.15576171875
11719577,19.59228515625
11719644,20.263671875
11720112,18.798828125
11720258,21.97265625
11753977,20.5078125
11754039,25.08544921875
11754086,19.22607421875
11754143,28.564453125
11754288,18.4326171875
11754329,23.8037109375
11754376,21.6064453125
11754424,20.08056640625
11754444,26.30615234375
11754468,24.96337890625
11754522,21.97265625
11754633,20.08056640625
11754769,19.10400390625
11795781,18.49365234375
11796454,18.798828125
11796587,19.34814453125
11803699,18.85986328125
11803811,19.53125
11803851,20.01953125
11804633,19.1650390625
11804666,20.8740234375
11804826,20.99609375
11804851,23.193359375
11804866,18.73779296875
11804899,23.92578125
11804925,27.4658203125
11804952,22.216796875
11805099,24.0478515625
11822414,18.73779296875
11822450,26.18408203125
11823599,19.6533203125
11823796,18.4326171875
11855950,21.728515625
11856684,19.10400390625
11881750,20.01953125
11881864,20.08056640625
11897494,22.94921875
11897567,18.61572265625
11903759,23.62060546875
11917286,18.37158203125
11917669,19.53125
11918116,18.4326171875
11934733,21.91162109375
11934781,18.98193359375
11935947,18.6767578125
11936521,19.53125
11937812,19.95849609375
11937840,20.08056640625
11955659,18.9208984375
11955764,18.9208984375
11955868,20.01953125
11978558,22.52197265625
11978596,21.05712890625
11978651,26.67236328125
11978690,26.85546875
11978736,23.37646484375
11978747,19.71435546875
11978766,30.09033203125
11978803,19.6533203125
11978826,18.98193359375
11978838,22.216796875
11978876,21.1181640625
