11999000,0
9053,23.01025390625
9121,19.34814453125
9165,17.333984375
9453,17.02880859375
27355,20.01953125
36319,20.3857421875
36429,18.24951171875
43431,19.8974609375
43523,17.51708984375
43900,18.61572265625
43949,17.2119140625
44069,17.2119140625
44232,16.9677734375
57161,18.12744140625
57288,16.05224609375
59062,19.22607421875
59121,20.01953125
59233,16.357421875
60605,17.822265625
60693,16.845703125
61906,22.705078125
63314,23.25439453125
63888,20.751953125
66022,15.93017578125
66561,16.66259765625
69102,17.39501953125
69220,17.88330078125
69683,16.05224609375
70371,17.2119140625
71890,19.775390625
75511,17.08984375
75618,18.12744140625
75712,19.71435546875
76068,16.54052734375
76688,17.333984375
79721,21.6064453125
79783,16.2353515625
79840,16.29638671875
80016,16.66259765625
83294,16.2353515625
83333,17.63916015625
85838,16.845703125
89367,18.1884765625
92889,19.83642578125
93452,17.578125
96402,17.15087890625
96648,17.2119140625
96913,18.24951171875
99083,16.90673828125
99129,16.90673828125
99295,17.08984375
99576,17.333984375
102670,16.9677734375
106887,18.4326171875
106957,21.240234375
107280,17.27294921875
107448,19.34814453125
107695,17.08984375
110975,17.2119140625
110991,16.05224609375
111065,16.2353515625
112486,19.95849609375
115709,16.2353515625
116157,18.798828125
117348,17.15087890625
121306,19.95849609375
121426,17.822265625
121830,19.83642578125
124969,18.6767578125
125011,17.822265625
125306,20.8740234375
130465,18.85986328125
130934,16.2353515625
131256,24.35302734375
131862,16.17431640625
132148,17.822265625
141730,15.9912109375
142590,20.1416015625
147428,16.9677734375
148295,16.41845703125
152770,18.4326171875
152842,17.7001953125
152941,18.06640625
153033,16.78466796875
153273,17.27294921875
153577,17.63916015625
155371,21.66748046875
155423,17.88330078125
155639,17.51708984375
155876,18.49365234375
156181,20.81298828125
164203,23.86474609375
164466,16.9677734375
164672,17.39501953125
165053,16.9677734375
165976,17.08984375
174260,17.63916015625
174330,18.06640625
174417,18.9208984375
174682,18.85986328125
185678,19.1650390625
194562,17.2119140625
198229,15.93017578125
199518,20.93505859375
199655,16.05224609375
200249,18.37158203125
200698,22.705078125
201516,20.3857421875
202055,16.54052734375
205655,16.845703125
217900,16.41845703125
219065,16.6015625
224516,17.08984375
224782,17.9443359375
224926,17.333984375
228876,18.00537109375
229379,19.71435546875
230301,17.4560546875
230518,16.7236328125
242253,18.4326171875
242849,16.6015625
243375,21.6064453125
258047,16.41845703125
258101,17.08984375
258655,19.287109375
260961,16.78466796875
261003,17.27294921875
261076,17.2119140625
261223,16.11328125
261452,18.61572265625
261600,16.66259765625
263640,18.98193359375
269021,19.59228515625
284522,17.578125
284579,19.10400390625
285276,15.9912109375
287207,17.88330078125
287424,16.7236328125
287822,18.85986328125
289459,17.9443359375
301434,18.6767578125
312910,16.6015625
324272,17.822265625
341989,19.53125
342743,18.4326171875
342857,16.7236328125
342940,16.2353515625
374584,17.9443359375
385607,18.798828125
385697,16.11328125
385802,17.27294921875
385883,16.05224609375
386015,16.6015625
386244,18.98193359375
400240,17.51708984375
401800,19.34814453125
402072,18.12744140625
404392,20.81298828125
404454,20.32470703125
404804,17.822265625
419667,18.73779296875
419750,17.51708984375
424471,16.05224609375
425561,16.4794921875
425751,16.66259765625
426359,21.728515625
448370,16.6015625
460618,18.6767578125
460989,16.11328125
461041,16.845703125
475429,16.6015625
475548,17.27294921875
475657,16.41845703125
475806,18.61572265625
475868,19.95849609375
476070,18.4326171875
491789,16.66259765625
492695,18.73779296875
492745,16.90673828125
493594,17.88330078125
494036,19.83642578125
507026,18.85986328125
507094,18.798828125
520830,17.9443359375
522102,16.54052734375
522240,16.2353515625
522297,16.7236328125
522415,16.845703125
532507,16.4794921875
553714,18.37158203125
553758,16.9677734375
566013,16.2353515625
566684,19.34814453125
572261,18.73779296875
572391,21.8505859375
577490,19.1650390625
577648,16.66259765625
578065,22.3388671875
588422,18.12744140625
591088,21.30126953125
591124,16.2353515625
591343,20.81298828125
612899,17.822265625
612977,17.27294921875
613307,20.5078125
613668,16.357421875
613922,16.845703125
614042,20.99609375
614108,19.71435546875
638987,17.822265625
644494,18.06640625
644576,16.41845703125
646245,17.51708984375
647222,16.6015625
647310,16.7236328125
649081,17.2119140625
649163,17.333984375
652311,18.61572265625
652365,16.41845703125
654430,18.98193359375
654486,20.44677734375
654528,16.7236328125
654763,16.4794921875
674876,16.29638671875
683130,17.7001953125
683499,16.05224609375
692565,15.9912109375
697626,16.66259765625
697672,16.6015625
698577,17.02880859375
712246,20.08056640625
721561,19.287109375
721595,15.9912109375
721711,17.2119140625
723444,18.85986328125
732028,15.93017578125
732209,17.333984375
744201,16.2353515625
744330,16.17431640625
744417,16.54052734375
744458,16.66259765625
744641,15.93017578125
754722,23.01025390625
760500,23.193359375
760750,17.333984375
770388,17.7001953125
770604,16.6015625
770655,16.845703125
781670,16.29638671875
782016,17.4560546875
782475,16.41845703125
782609,19.34814453125
782730,16.7236328125
783092,16.17431640625
804586,18.6767578125
812118,19.287109375
812694,17.08984375
812895,17.02880859375
813031,17.76123046875
820945,16.29638671875
834711,17.2119140625
834965,19.34814453125
854236,17.63916015625
854359,18.06640625
854529,16.78466796875
859806,20.08056640625
863939,16.54052734375
864020,16.05224609375
877236,18.4326171875
877279,17.9443359375
877318,16.66259765625
877470,19.775390625
877543,16.78466796875
877755,19.34814453125
877838,17.15087890625
878154,19.775390625
906869,15.93017578125
907292,20.1416015625
907525,17.39501953125
907883,16.9677734375
913380,18.5546875
920936,17.39501953125
920994,18.24951171875
921059,18.00537109375
922698,19.47021484375
922739,17.333984375
935222,22.03369140625
935276,17.333984375
942582,17.02880859375
942622,18.4326171875
942779,16.845703125
942821,18.98193359375
956268,18.5546875
959374,16.7236328125
961871,17.51708984375
962204,19.1650390625
973503,19.59228515625
975404,16.29638671875
987337,19.04296875
988251,16.11328125
1010430,19.1650390625
1011158,18.6767578125
1011202,16.66259765625
1017947,22.4609375
1018019,16.4794921875
1018943,16.7236328125
1019597,19.47021484375
1019928,15.9912109375
1033176,17.76123046875
1056682,17.88330078125
1057589,22.64404296875
1058240,16.9677734375
1058386,19.287109375
1079677,18.73779296875
1080470,18.85986328125
1080511,17.15087890625
1080642,16.54052734375
1081066,18.00537109375
1081159,17.39501953125
1082680,17.2119140625
1082742,16.2353515625
1082966,17.76123046875
1093717,18.61572265625
1093770,16.11328125
1103034,19.34814453125
1112098,17.578125
1112188,19.04296875
1113014,17.2119140625
1113061,16.4794921875
1140060,19.22607421875
1141348,16.54052734375
1141437,16.41845703125
1141583,16.2353515625
1141699,17.63916015625
1167906,18.1884765625
1168768,16.6015625
1168903,16.11328125
1172713,20.5078125
1176614,18.5546875
1176656,16.4794921875
1176694,16.05224609375
1176947,17.39501953125
1190308,18.5546875
1199730,18.85986328125
1199772,17.08984375
1201497,16.357421875
1202052,16.11328125
1202092,17.578125
1203791,21.66748046875
1203928,17.822265625
1204022,16.17431640625
1204088,18.98193359375
1204544,19.34814453125
1204698,16.17431640625
1204901,16.90673828125
1205111,16.2353515625
1206542,17.7001953125
1207673,18.85986328125
1207771,18.49365234375
1207968,17.578125
1208196,16.6015625
1211176,16.4794921875
1211442,19.71435546875
1214168,16.05224609375
1215521,19.775390625
1216471,17.02880859375
1219041,17.7001953125
1219326,20.6298828125
1219375,17.02880859375
1222188,16.29638671875
1222322,15.93017578125
1222670,17.15087890625
1226505,15.9912109375
1226561,17.7001953125
1226778,15.93017578125
1227439,18.98193359375
1229740,18.37158203125
1230061,18.9208984375
1233258,24.84130859375
1233307,16.90673828125
1233351,16.05224609375
1233571,19.8974609375
1233746,18.24951171875
1233944,18.49365234375
1235818,16.90673828125
1236115,17.63916015625
1237037,18.1884765625
1237291,17.02880859375
1237574,16.357421875
1243911,17.63916015625
1244777,16.6015625
1244820,19.59228515625
1246381,17.88330078125
1246478,17.02880859375
1246703,16.66259765625
1246864,17.27294921875
1253529,16.41845703125
1253579,17.76123046875
1253689,18.12744140625
1253843,19.22607421875
1253974,20.1416015625
1254154,16.4794921875
1254690,18.85986328125
1259189,17.4560546875
1259337,17.27294921875
1259940,23.62060546875
1263858,20.8740234375
1263982,16.2353515625
1264390,17.15087890625
1269747,17.4560546875
1269787,15.93017578125
1270457,16.05224609375
1270697,20.93505859375
1272199,18.85986328125
1273404,16.66259765625
1276338,18.85986328125
1276471,18.4326171875
1276833,18.73779296875
1281248,16.11328125
1281671,17.63916015625
1289861,18.1884765625
1289914,16.7236328125
1290177,18.1884765625
1290283,18.61572265625
1290510,16.54052734375
1299486,21.05712890625
1299571,15.9912109375
1311106,19.34814453125
1311308,21.1181640625
1312210,16.11328125
1321892,18.49365234375
1322397,18.85986328125
1322437,16.7236328125
1322589,17.08984375
1322671,22.4609375
1322831,19.04296875
1322912,16.357421875
1323090,16.9677734375
1323786,21.91162109375
1328416,16.7236328125
1328560,16.2353515625
1328786,16.29638671875
1329012,18.00537109375
1334767,19.83642578125
1334857,18.1884765625
1335447,17.9443359375
1335518,16.05224609375
1353938,17.578125
1372973,16.11328125
1387024,23.01025390625
1387094,18.06640625
1388446,16.54052734375
1388538,16.357421875
1388785,15.93017578125
1430420,22.03369140625
1430509,19.22607421875
1447676,21.66748046875
1458071,16.90673828125
1467639,16.7236328125
1467939,16.7236328125
1468015,15.9912109375
1468441,17.63916015625
1468805,21.728515625
1468869,16.78466796875
1469002,19.53125
1469087,16.78466796875
1469467,16.7236328125
1469591,18.00537109375
1469681,18.49365234375
1472256,17.2119140625
1482127,17.578125
1501648,15.9912109375
1505212,16.54052734375
1505277,18.06640625
1505575,17.2119140625
1505773,23.5595703125
1505866,20.81298828125
1525666,18.4326171875
1525732,18.5546875
1546156,17.7001953125
1546276,17.9443359375
1547347,16.2353515625
1550911,16.41845703125
1568884,20.1416015625
1573879,17.88330078125
1574852,19.6533203125
1575131,15.93017578125
1586902,15.9912109375
1587010,20.5078125
1598329,16.9677734375
1599105,16.9677734375
1599661,17.39501953125
1600999,17.27294921875
1603968,20.08056640625
1604058,18.00537109375
1605303,17.822265625
1605354,16.90673828125
1611739,17.02880859375
1623806,16.54052734375
1624726,18.61572265625
1638954,21.30126953125
1653429,15.93017578125
1653561,17.15087890625
1653728,16.78466796875
1653790,18.61572265625
1658486,16.357421875
1658558,17.02880859375
1679776,17.88330078125
1679908,18.00537109375
1694020,20.44677734375
1700800,15.93017578125
1701341,16.357421875
1705859,20.01953125
1728564,17.88330078125
1729281,17.02880859375
1729579,15.9912109375
1747243,17.15087890625
1747354,17.333984375
1748275,17.15087890625
1748717,17.15087890625
1748760,16.17431640625
1748840,18.798828125
1749005,18.798828125
1751314,23.4375
1778174,17.2119140625
1778223,16.4794921875
1778522,20.5078125
1778640,16.66259765625
1778795,19.1650390625
1779736,15.9912109375
1779837,16.357421875
1780135,19.53125
1800203,20.44677734375
1800402,17.02880859375
1801099,20.751953125
1801180,19.47021484375
1820303,19.47021484375
1820383,19.10400390625
1820457,16.17431640625
1821299,17.7001953125
1822227,17.76123046875
1822415,22.216796875
1822503,18.12744140625
1822564,18.85986328125
1829897,20.8740234375
1829984,19.8974609375
1832977,20.6298828125
1833261,16.41845703125
1834106,18.5546875
1834515,17.63916015625
1850565,16.357421875
1850611,16.17431640625
1850654,16.4794921875
1852309,16.41845703125
1852367,17.27294921875
1852786,16.90673828125
1853458,18.4326171875
1857018,17.76123046875
1857155,17.7001953125
1878393,17.02880859375
1880228,18.98193359375
1882194,16.2353515625
1895347,20.751953125
1895399,16.90673828125
1896503,21.8505859375
1896545,16.2353515625
1896683,19.8974609375
1897203,19.59228515625
1897242,18.98193359375
1911395,18.310546875
1912266,17.88330078125
1912501,16.9677734375
1912711,17.27294921875
1912975,15.9912109375
1913789,17.9443359375
1914339,18.24951171875
1914727,17.08984375
1914851,16.54052734375
1930999,18.06640625
1931253,17.4560546875
1931444,17.08984375
1931595,16.11328125
1931745,18.9208984375
1932237,16.11328125
1938446,16.11328125
1952985,19.4091796875
1953187,17.7001953125
1954018,16.54052734375
1962763,19.4091796875
1962828,18.73779296875
1969731,19.8974609375
1978155,16.90673828125
1978428,17.7001953125
1997078,17.4560546875
1997890,16.7236328125
1997963,18.4326171875
1998002,16.05224609375
1998071,17.27294921875
1998277,17.76123046875
1998464,17.63916015625
2014992,19.34814453125
2017156,17.578125
2017782,16.66259765625
2018039,21.17919921875
2018766,16.2353515625
2020005,16.4794921875
2020049,16.17431640625
2020159,16.90673828125
2020308,18.5546875
2031101,22.216796875
2031381,16.11328125
2031460,16.2353515625
2036652,16.7236328125
2042195,19.47021484375
2043110,16.05224609375
2043432,17.08984375
2043505,18.85986328125
2045051,19.59228515625
2045588,18.798828125
2047410,16.2353515625
2047684,16.41845703125
2048159,19.6533203125
2067034,19.8974609375
2067120,18.1884765625
2067167,16.17431640625
2067345,16.2353515625
2067391,18.00537109375
2067738,17.9443359375
2068388,16.357421875
2068719,17.88330078125
2071099,15.9912109375
2071391,16.66259765625
2071685,21.78955078125
2071905,16.66259765625
2072424,16.17431640625
2075223,16.29638671875
2075269,16.41845703125
2078097,16.4794921875
2078663,18.6767578125
2081342,16.29638671875
2081852,18.1884765625
2084774,21.3623046875
2084818,16.357421875
2085005,15.9912109375
2085307,20.56884765625
2089508,16.4794921875
2089751,17.27294921875
2090182,16.4794921875
2091259,16.05224609375
2091390,17.7001953125
2094735,18.61572265625
2095156,15.9912109375
2099327,17.578125
2099901,16.6015625
2102037,21.484375
2107866,16.4794921875
2108953,18.37158203125
2109142,17.2119140625
2109397,20.01953125
2110088,18.06640625
2115675,16.29638671875
2115955,17.51708984375
2116869,18.798828125
2116930,19.4091796875
2118963,16.9677734375
2124637,17.08984375
2125297,16.6015625
2131942,20.32470703125
2132666,16.05224609375
2132897,18.98193359375
2132995,17.9443359375
2133201,18.06640625
2134203,18.9208984375
2134462,20.69091796875
2134852,17.4560546875
2145629,20.56884765625
2145663,17.51708984375
2145753,18.798828125
2145882,18.06640625
2146093,18.798828125
2146177,16.6015625
2147378,17.9443359375
2152363,19.34814453125
2152410,17.63916015625
2152492,17.39501953125
2152645,19.6533203125
2153014,17.51708984375
2153471,17.7001953125
2155514,18.06640625
2155711,16.78466796875
2155982,16.17431640625
2166189,18.1884765625
2166244,16.41845703125
2166525,18.6767578125
2166967,16.9677734375
2167384,19.22607421875
2180517,15.9912109375
2180682,18.5546875
2181126,16.7236328125
2181592,16.17431640625
2181958,19.95849609375
2182195,15.93017578125
2182629,19.1650390625
2183207,15.93017578125
2187982,16.41845703125
2197573,17.08984375
2197633,21.17919921875
2197707,16.78466796875
2197818,15.9912109375
2198007,15.93017578125
2198245,17.15087890625
2198471,16.66259765625
2198805,17.333984375
2200072,17.51708984375
2210442,16.6015625
2211296,19.22607421875
2211521,19.10400390625
2224305,18.6767578125
2224770,16.66259765625
2232171,19.71435546875
2233183,15.93017578125
2234183,22.39990234375
2239596,17.39501953125
2255708,21.17919921875
2266956,18.37158203125
2267113,18.5546875
2287213,19.04296875
2287348,16.2353515625
2287434,17.822265625
2298965,17.76123046875
2299011,19.34814453125
2300296,17.7001953125
2300432,18.06640625
2301010,18.73779296875
2301043,17.9443359375
2302951,21.484375
2303396,16.11328125
2303648,18.73779296875
2304506,17.7001953125
2304560,16.357421875
2304966,20.751953125
2305178,17.578125
2346160,21.91162109375
2346807,15.93017578125
2347084,17.39501953125
2347258,16.2353515625
2349849,16.78466796875
2350143,20.32470703125
2350273,16.29638671875
2352432,17.63916015625
2352664,17.9443359375
2387951,18.1884765625
2388233,18.61572265625
2388638,16.6015625
2388886,20.81298828125
2389041,16.41845703125
2402654,19.59228515625
2407246,15.9912109375
2423081,17.08984375
2423590,16.54052734375
2423958,17.822265625
2424241,16.54052734375
2427183,18.06640625
2431986,16.29638671875
2434377,20.69091796875
2434902,18.85986328125
2436850,17.02880859375
2441044,16.54052734375
2441092,17.7001953125
2449297,19.22607421875
2451728,18.85986328125
2454892,20.99609375
2454953,16.357421875
2455028,16.05224609375
2455129,19.95849609375
2455385,16.90673828125
2462047,18.5546875
2473466,16.6015625
2482537,16.90673828125
2484984,20.99609375
2487314,18.24951171875
2491326,21.6064453125
2494806,19.775390625
2495868,20.3857421875
2496024,17.822265625
2496164,17.39501953125
2498606,18.12744140625
2501220,16.2353515625
2501266,15.9912109375
2503612,16.845703125
2507982,16.4794921875
2508878,22.3388671875
2509099,17.15087890625
2509164,17.333984375
2509227,17.15087890625
2509419,15.9912109375
2509540,18.310546875
2525178,20.44677734375
2525358,16.6015625
2530838,16.29638671875
2550947,17.4560546875
2552591,16.41845703125
2552639,16.6015625
2553398,17.51708984375
2554174,16.05224609375
2554564,16.7236328125
2568970,17.27294921875
2569018,17.15087890625
2569077,17.08984375
2581773,18.24951171875
2590893,20.8740234375
2590940,17.51708984375
2595752,19.53125
2595914,16.845703125
2597029,17.7001953125
2597282,18.73779296875
2597419,16.7236328125
2597533,19.59228515625
2607036,19.47021484375
2607137,16.11328125
2620677,16.66259765625
2620853,18.6767578125
2622223,19.47021484375
2622466,19.04296875
2633210,19.4091796875
2633628,17.39501953125
2636086,18.85986328125
2637188,18.00537109375
2639938,18.12744140625
2640422,16.05224609375
2640568,18.1884765625
2640617,16.66259765625
2642903,16.29638671875
2644843,16.05224609375
2651787,17.08984375
2651836,22.03369140625
2653827,17.9443359375
2655389,16.2353515625
2674194,20.3857421875
2674239,19.59228515625
2681470,17.9443359375
2681597,16.11328125
2681653,17.76123046875
2681844,16.9677734375
2689248,17.02880859375
2700272,19.4091796875
2700497,17.7001953125
2700651,15.9912109375
2700734,19.8974609375
2700871,17.27294921875
2701020,16.357421875
2701286,17.76123046875
2725203,17.02880859375
2725231,17.15087890625
2725268,15.9912109375
2725336,16.05224609375
2725997,17.76123046875
2729641,20.99609375
2729695,17.4560546875
2730265,20.751953125
2736869,18.24951171875
2736941,16.78466796875
2741031,21.240234375
2741076,17.08984375
2741131,22.705078125
2752646,21.91162109375
2756448,18.6767578125
2759378,17.08984375
2763190,17.15087890625
2763808,17.333984375
2763899,16.29638671875
2764111,17.7001953125
2764225,17.27294921875
2765455,19.287109375
2785454,18.00537109375
2785506,20.20263671875
2794706,15.93017578125
2794930,18.798828125
2814555,16.845703125
2814626,18.9208984375
2814672,15.9912109375
2814792,17.15087890625
2815109,20.32470703125
2815188,16.11328125
2821836,16.357421875
2823098,17.27294921875
2823302,16.11328125
2823500,19.22607421875
2823801,16.78466796875
2824163,18.9208984375
2824678,16.66259765625
2825350,17.08984375
2825582,18.00537109375
2826438,16.29638671875
2826772,18.1884765625
2827030,18.4326171875
2827572,19.71435546875
2827972,17.578125
2828201,16.05224609375
2832444,16.17431640625
2832533,16.2353515625
2849433,19.95849609375
2849536,16.66259765625
2851581,18.00537109375
2851965,19.71435546875
2852021,16.357421875
2868481,16.2353515625
2868572,16.90673828125
2868778,17.39501953125
2870720,15.93017578125
2871404,16.2353515625
2871436,17.578125
2878919,17.27294921875
2880683,16.90673828125
2890016,17.15087890625
2890660,17.2119140625
2891564,17.578125
2892480,18.61572265625
2893024,17.63916015625
2893520,21.05712890625
2894040,18.73779296875
2895784,19.1650390625
2896123,18.06640625
2907793,19.8974609375
2908069,19.53125
2908122,16.7236328125
2908570,17.39501953125
2909636,18.12744140625
2920698,17.2119140625
2920749,18.12744140625
2920957,18.310546875
2921063,17.2119140625
2921167,16.41845703125
2928301,17.63916015625
2930572,17.333984375
2930616,16.2353515625
2934104,19.71435546875
2934159,16.41845703125
2941207,23.62060546875
2941571,21.05712890625
2946467,17.76123046875
2946526,16.90673828125
2947440,16.05224609375
2947592,21.1181640625
2947685,21.05712890625
2947968,18.37158203125
2948026,17.27294921875
2948653,17.2119140625
2954976,17.15087890625
2959210,19.4091796875
2974170,21.8505859375
2974849,16.29638671875
2974974,18.310546875
2987737,19.10400390625
2987805,19.10400390625
2991646,19.59228515625
3011506,16.29638671875
3019592,18.37158203125
3020880,22.5830078125
3020987,16.11328125
3021966,19.8974609375
3022024,19.53125
3022358,21.42333984375
3054759,17.15087890625
3055107,17.15087890625
3075313,17.39501953125
3078094,16.7236328125
3078133,18.06640625
3081339,16.05224609375
3081381,17.02880859375
3084256,16.11328125
3084293,16.11328125
3084675,18.98193359375
3086275,17.02880859375
3107306,21.54541015625
3107350,16.11328125
3107461,17.2119140625
3107860,18.24951171875
3116124,17.4560546875
3117658,17.63916015625
3123626,16.78466796875
3138470,16.66259765625
3138546,16.2353515625
3142206,21.3623046875
3164258,17.08984375
3179864,16.66259765625
3183532,20.263671875
3183654,19.34814453125
3183748,16.9677734375
3191918,19.775390625
3192532,16.54052734375
3192766,20.6298828125
3192825,16.7236328125
3206707,17.4560546875
3206757,17.39501953125
3207139,16.29638671875
3209805,15.93017578125
3210066,16.11328125
3211402,20.08056640625
3211655,16.845703125
3211770,16.90673828125
3212509,17.39501953125
3213702,19.287109375
3216813,17.76123046875
3221026,18.12744140625
3233236,16.29638671875
3233460,17.15087890625
3234910,18.310546875
3240016,17.02880859375
3240259,16.29638671875
3240496,16.90673828125
3240795,17.02880859375
3240867,17.2119140625
3241890,16.66259765625
3242887,19.47021484375
3243434,16.11328125
3243982,17.39501953125
3244196,16.11328125
3244851,19.8974609375
3248570,19.1650390625
3248847,17.822265625
3248912,17.4560546875
3249934,19.10400390625
3252692,18.798828125
3252756,16.66259765625
3252878,16.29638671875
3255856,16.9677734375
3255905,19.83642578125
3256032,15.9912109375
3256126,17.9443359375
3256685,17.08984375
3257479,17.08984375
3260198,17.4560546875
3260511,18.37158203125
3260974,16.9677734375
3265024,20.20263671875
3265076,18.00537109375
3265493,15.93017578125
3265568,17.7001953125
3270031,17.51708984375
3270184,16.78466796875
3270772,19.6533203125
3274490,17.51708984375
3275619,16.2353515625
3275786,18.5546875
3276365,16.357421875
3279432,19.59228515625
3279684,17.2119140625
3279843,19.775390625
3280137,18.4326171875
3285472,18.1884765625
3285618,18.798828125
3286281,18.9208984375
3286455,16.2353515625
3286778,19.95849609375
3294406,16.29638671875
3294699,17.76123046875
3295293,16.41845703125
3301690,19.53125
3301740,15.93017578125
3302370,16.17431640625
3306378,17.63916015625
3307435,19.4091796875
3310461,18.06640625
3310680,16.4794921875
3317838,16.17431640625
3325435,19.04296875
3325546,18.49365234375
3325687,16.54052734375
3327476,18.61572265625
3327564,18.9208984375
3327754,17.51708984375
3342097,16.2353515625
3342392,18.98193359375
3342508,16.54052734375
3342646,16.41845703125
3354697,17.27294921875
3355613,16.54052734375
3376733,20.3857421875
3376792,16.66259765625
3376836,19.04296875
3377768,16.66259765625
3377834,19.1650390625
3378024,19.1650390625
3378522,17.88330078125
3378599,16.54052734375
3391031,16.2353515625
3415329,17.51708984375
3416002,16.54052734375
3416339,20.8740234375
3416399,16.7236328125
3416649,16.845703125
3444085,18.12744140625
3444125,17.822265625
3448538,17.333984375
3462935,16.9677734375
3468453,16.78466796875
3469113,19.04296875
3469229,16.05224609375
3469934,16.6015625
3470119,17.4560546875
3470228,16.357421875
3490068,19.22607421875
3491984,16.29638671875
3492325,17.578125
3492867,20.263671875
3492916,18.6767578125
3493644,18.37158203125
3493710,20.8740234375
3516391,17.15087890625
3516560,16.845703125
3518180,22.15576171875
3518253,17.08984375
3519480,16.2353515625
3525855,21.484375
3526323,16.357421875
3538400,21.66748046875
3543615,19.83642578125
3543660,17.39501953125
3565126,17.15087890625
3565296,19.95849609375
3565514,16.05224609375
3566541,17.7001953125
3566665,16.90673828125
3566780,16.7236328125
3570382,19.59228515625
3590509,20.44677734375
3595475,16.66259765625
3595542,19.10400390625
3595760,18.98193359375
3605430,19.775390625
3605530,18.06640625
3605863,16.17431640625
3606571,20.01953125
3606798,17.4560546875
3606938,18.9208984375
3607063,17.51708984375
3628378,20.99609375
3636487,16.90673828125
3638795,19.59228515625
3641076,21.17919921875
3663463,18.61572265625
3674877,19.287109375
3678081,19.6533203125
3678676,19.775390625
3679463,20.263671875
3679533,17.333984375
3679780,23.86474609375
3679893,21.42333984375
3693627,17.15087890625
3694910,18.00537109375
3695000,18.4326171875
3695096,20.20263671875
3708867,18.00537109375
3708998,18.24951171875
3715109,20.1416015625
3715145,16.6015625
3716295,19.775390625
3732304,20.32470703125
3732834,17.2119140625
3733021,16.29638671875
3733312,16.845703125
3735236,15.93017578125
3735541,16.845703125
3735709,17.02880859375
3747097,19.10400390625
3753366,21.66748046875
3753518,16.66259765625
3755477,16.11328125
3757144,17.2119140625
3757201,16.78466796875
3788964,17.39501953125
3790405,18.06640625
3791199,19.04296875
3791509,18.798828125
3791587,17.15087890625
3801300,16.29638671875
3820104,16.05224609375
3820183,16.11328125
3837173,20.08056640625
3837290,16.05224609375
3837387,18.310546875
3849558,18.37158203125
3849681,16.05224609375
3855201,16.357421875
3855303,22.03369140625
3856616,18.9208984375
3856652,17.2119140625
3856920,21.97265625
3875235,19.22607421875
3875384,19.287109375
3876166,19.775390625
3876214,15.9912109375
3876833,20.01953125
3877013,18.310546875
3877229,17.76123046875
3877379,19.47021484375
3902956,18.49365234375
3909793,20.6298828125
3910210,16.66259765625
3911519,16.41845703125
3912742,16.29638671875
3917251,18.61572265625
3928326,19.6533203125
3928369,16.05224609375
3928411,15.93017578125
3928710,18.73779296875
3929280,17.9443359375
3931054,20.20263671875
3931130,18.37158203125
3931246,16.66259765625
3944610,16.9677734375
3953263,17.9443359375
3955556,18.6767578125
3955733,16.29638671875
3971512,17.51708984375
3972078,20.32470703125
3972151,16.66259765625
3972567,17.2119140625
3986933,19.59228515625
3986984,16.17431640625
3993438,19.6533203125
3993484,18.85986328125
3994399,17.08984375
3994801,16.17431640625
3996237,18.06640625
3996370,16.41845703125
4021832,20.1416015625
4021910,18.4326171875
4031715,19.6533203125
4031750,17.7001953125
4032028,19.34814453125
4032134,19.22607421875
4033682,20.3857421875
4044928,18.73779296875
4046025,17.9443359375
4046759,18.24951171875
4046896,17.7001953125
4047695,18.9208984375
4047991,22.15576171875
4048222,17.15087890625
4049056,18.1884765625
4049284,18.00537109375
4049795,19.287109375
4050373,18.61572265625
4050670,16.357421875
4050958,16.66259765625
4051713,18.5546875
4051801,18.5546875
4052528,19.287109375
4053163,18.73779296875
4074182,17.822265625
4076214,16.05224609375
4085025,22.8271484375
4085131,16.05224609375
4095002,16.17431640625
4095071,18.12744140625
4095580,21.54541015625
4096016,16.6015625
4113083,15.93017578125
4127996,18.9208984375
4128576,19.95849609375
4131456,19.8974609375
4142402,16.78466796875
4142455,17.08984375
4143131,16.9677734375
4143200,16.29638671875
4143589,17.63916015625
4143684,17.63916015625
4162330,15.9912109375
4162383,18.73779296875
4166389,20.69091796875
4172392,17.27294921875
4172433,16.4794921875
4172478,16.54052734375
4172762,17.15087890625
4182977,18.12744140625
4189458,16.54052734375
4189505,19.71435546875
4189557,16.9677734375
4194485,17.51708984375
4194565,16.9677734375
4195464,15.93017578125
4195706,16.90673828125
4196239,17.333984375
4196780,18.06640625
4199310,17.333984375
4200115,18.6767578125
4201916,21.17919921875
4202406,17.2119140625
4203242,17.51708984375
4204307,18.73779296875
4209594,16.845703125
4209890,19.10400390625
4210121,17.51708984375
4210545,19.8974609375
4211512,17.27294921875
4212449,21.1181640625
4212919,17.08984375
4213290,16.11328125
4213697,20.3857421875
4218729,18.49365234375
4219048,17.4560546875
4219113,18.37158203125
4222357,16.357421875
4222415,17.63916015625
4222494,18.06640625
4222667,16.54052734375
4222912,16.357421875
4223225,15.93017578125
4223515,17.02880859375
4223558,16.90673828125
4227971,16.2353515625
4228480,21.484375
4230150,16.2353515625
4230395,16.78466796875
4235996,17.15087890625
4236275,16.17431640625
4236479,17.9443359375
4240023,16.41845703125
4240279,16.17431640625
4244226,18.6767578125
4244258,15.93017578125
4244292,16.6015625
4244351,17.2119140625
4244800,18.73779296875
4245035,16.11328125
4250417,23.37646484375
4250567,17.4560546875
4251067,16.29638671875
4254310,20.5078125
4254358,17.9443359375
4254488,16.7236328125
4254618,17.15087890625
4254851,20.5078125
4259485,17.333984375
4261160,18.61572265625
4261244,15.9912109375
4264656,17.7001953125
4264755,16.29638671875
4264921,16.78466796875
4264966,18.85986328125
4265075,16.11328125
4265630,18.00537109375
4272410,16.11328125
4272454,16.41845703125
4272540,16.357421875
4272680,19.71435546875
4272791,16.05224609375
4273057,19.53125
4276068,18.9208984375
4276544,15.9912109375
4277163,17.39501953125
4277408,18.61572265625
4284357,17.63916015625
4284407,18.6767578125
4284632,17.2119140625
4284852,16.845703125
4285061,16.05224609375
4295276,16.29638671875
4295651,21.91162109375
4296779,22.03369140625
4296969,22.03369140625
4309305,19.22607421875
4312140,16.845703125
4312432,16.90673828125
4317514,16.05224609375
4317557,16.90673828125
4329162,18.00537109375
4329209,16.7236328125
4329815,16.29638671875
4329984,17.76123046875
4330213,17.08984375
4330299,17.578125
4330428,15.93017578125
4352784,17.9443359375
4364803,16.7236328125
4381422,18.6767578125
4381493,20.6298828125
4381555,16.4794921875
4398583,19.6533203125
4427153,18.310546875
4427742,18.98193359375
4427895,18.6767578125
4428072,17.333984375
4428247,16.7236328125
4428307,16.4794921875
4448105,20.263671875
4454009,17.578125
4454071,17.15087890625
4463826,19.22607421875
4463910,18.37158203125
4464774,18.06640625
4465383,18.4326171875
4465465,16.29638671875
4476676,21.97265625
4476726,18.73779296875
4482271,18.98193359375
4503942,16.17431640625
4504064,18.4326171875
4504507,18.49365234375
4504930,16.6015625
4505126,16.2353515625
4505266,16.05224609375
4505508,18.49365234375
4505763,17.333984375
4522575,16.17431640625
4536354,16.05224609375
4536439,16.357421875
4539193,18.24951171875
4539473,16.6015625
4539604,16.845703125
4540306,16.05224609375
4540466,17.2119140625
4540636,20.263671875
4540686,17.76123046875
4540991,19.83642578125
4548619,20.3857421875
4548715,16.7236328125
4548905,17.9443359375
4549313,16.6015625
4549436,18.5546875
4563850,16.11328125
4563891,19.34814453125
4563958,17.2119140625
4565619,18.49365234375
4567027,16.41845703125
4569144,17.4560546875
4575912,21.30126953125
4576030,17.63916015625
4577505,21.240234375
4586325,20.56884765625
4586370,16.05224609375
4587336,16.7236328125
4587715,16.54052734375
4588200,20.1416015625
4591735,17.08984375
4597605,16.11328125
4597718,18.5546875
4597830,16.17431640625
4597985,19.34814453125
4598269,17.9443359375
4598570,18.49365234375
4601844,17.02880859375
4614408,20.3857421875
4615367,18.798828125
4617670,17.51708984375
4617719,17.822265625
4618664,16.7236328125
4618702,16.6015625
4636763,19.10400390625
4636884,16.6015625
4636955,17.88330078125
4637065,18.5546875
4639806,18.61572265625
4639854,19.47021484375
4640019,18.85986328125
4640815,18.24951171875
4641029,16.2353515625
4656496,19.4091796875
4656754,16.78466796875
4656916,15.93017578125
4657066,20.08056640625
4657250,17.39501953125
4657453,16.357421875
4657639,17.9443359375
4657782,16.11328125
4672733,20.93505859375
4683786,16.54052734375
4690910,16.9677734375
4698837,16.357421875
4698922,21.240234375
4703764,16.17431640625
4703866,17.02880859375
4708417,20.1416015625
4708922,20.93505859375
4710888,16.11328125
4711095,16.90673828125
4711321,20.99609375
4711579,17.88330078125
4712076,16.41845703125
4715187,18.73779296875
4715227,15.9912109375
4715561,17.76123046875
4715682,18.4326171875
4716141,17.51708984375
4716189,16.29638671875
4723719,16.66259765625
4741108,16.7236328125
4745650,15.9912109375
4745845,17.822265625
4752274,16.6015625
4752839,17.4560546875
4753157,19.287109375
4753324,16.54052734375
4753492,16.78466796875
4753596,18.4326171875
4755718,18.310546875
4755982,16.05224609375
4756167,16.54052734375
4757906,17.822265625
4762570,16.2353515625
4765207,17.63916015625
4771316,17.4560546875
4772752,19.95849609375
4772891,17.08984375
4773281,22.15576171875
4785511,19.04296875
4785601,17.15087890625
4786033,16.4794921875
4786242,16.17431640625
4786506,18.1884765625
4787216,16.41845703125
4789224,19.22607421875
4789474,18.61572265625
4789665,16.4794921875
4789756,17.08984375
4790080,19.83642578125
4801834,18.6767578125
4801939,19.83642578125
4818389,16.29638671875
4831556,18.98193359375
4832423,16.17431640625
4854748,18.24951171875
4854874,17.7001953125
4854933,17.4560546875
4855292,17.76123046875
4855379,19.10400390625
4871386,16.54052734375
4871583,16.78466796875
4872009,18.85986328125
4872063,16.357421875
4872109,16.05224609375
4872338,17.4560546875
4898699,16.29638671875
4898891,17.2119140625
4898938,18.00537109375
4899890,19.10400390625
4900404,18.9208984375
4912282,16.845703125
4913172,19.22607421875
4913228,16.05224609375
4920153,20.20263671875
4921257,18.37158203125
4921665,17.2119140625
4922169,18.98193359375
4923208,17.63916015625
4923572,16.05224609375
4923715,17.2119140625
4923796,16.41845703125
4951382,21.05712890625
4951527,16.9677734375
4953888,17.08984375
4953926,16.4794921875
4961155,21.91162109375
4975920,20.751953125
4978843,21.78955078125
4985329,15.9912109375
4985588,16.66259765625
4986723,19.287109375
4999260,16.41845703125
4999357,16.41845703125
5000674,20.56884765625
5011281,16.05224609375
5011347,16.90673828125
5011616,17.4560546875
5022464,18.310546875
5022758,20.751953125
5023171,16.78466796875
5023447,19.83642578125
5023561,18.00537109375
5038999,22.76611328125
5039053,16.17431640625
5055476,16.4794921875
5056648,16.78466796875
5056690,16.11328125
5057800,18.12744140625
5071624,17.27294921875
5091644,16.41845703125
5096645,19.83642578125
5117139,16.11328125
5119694,18.37158203125
5119876,17.39501953125
5120131,17.76123046875
5133801,16.9677734375
5142693,19.34814453125
5143381,17.39501953125
5143648,19.8974609375
5143856,21.66748046875
5143964,16.17431640625
5144018,16.9677734375
5169326,16.11328125
5171730,16.29638671875
5186606,20.32470703125
5187464,17.39501953125
5187538,17.02880859375
5187612,18.06640625
5187707,17.15087890625
5192491,17.9443359375
5192680,17.15087890625
5193266,18.37158203125
5193896,16.7236328125
5193983,18.00537109375
5212967,16.11328125
5231295,16.845703125
5235491,16.54052734375
5235651,19.8974609375
5236267,19.59228515625
5236449,18.85986328125
5240292,19.47021484375
5242014,17.63916015625
5242052,19.04296875
5254675,16.6015625
5270209,16.54052734375
5273527,17.15087890625
5274213,17.9443359375
5277512,15.93017578125
5277701,19.8974609375
5277841,18.06640625
5279047,19.4091796875
5280149,15.93017578125
5280992,18.61572265625
5281048,16.11328125
5282435,16.66259765625
5282477,16.7236328125
5282711,16.66259765625
5282907,17.7001953125
5283066,16.845703125
5299020,20.08056640625
5299124,17.08984375
5299510,16.845703125
5300477,16.90673828125
5314958,16.54052734375
5315117,16.9677734375
5315360,16.17431640625
5335776,17.63916015625
5335819,16.6015625
5336486,17.578125
5336591,17.76123046875
5372292,17.333984375
5373437,19.4091796875
5373480,16.05224609375
5373756,16.90673828125
5376978,19.71435546875
5377024,15.9912109375
5385786,16.357421875
5392217,20.751953125
5392993,16.17431640625
5393042,16.05224609375
5395699,17.08984375
5401547,18.98193359375
5401629,17.4560546875
5401831,17.2119140625
5401900,15.9912109375
5402012,18.61572265625
5416035,18.37158203125
5423838,16.05224609375
5434411,16.845703125
5434496,16.41845703125
5434687,17.7001953125
5457748,16.78466796875
5458337,19.83642578125
5458505,21.3623046875
5461297,18.06640625
5465691,20.01953125
5465766,16.29638671875
5465972,16.9677734375
5466027,15.93017578125
5471305,16.11328125
5491162,21.54541015625
5491455,17.822265625
5491507,19.10400390625
5508594,18.49365234375
5508642,17.08984375
5514475,18.00537109375
5534550,17.333984375
5534591,16.4794921875
5537558,16.9677734375
5537665,19.83642578125
5537893,18.61572265625
5548207,17.15087890625
5565173,17.39501953125
5565788,19.1650390625
5565937,16.54052734375
5566571,19.47021484375
5568050,18.24951171875
5568526,16.41845703125
5568676,20.1416015625
5569475,18.9208984375
5570293,19.71435546875
5570510,18.85986328125
5571269,17.4560546875
5571398,17.4560546875
5572490,18.9208984375
5573191,16.78466796875
5574157,19.10400390625
5575004,17.51708984375
5579514,15.9912109375
5579624,17.76123046875
5581598,18.00537109375
5581690,17.02880859375
5581867,19.95849609375
5598788,19.34814453125
5598834,16.66259765625
5611890,18.4326171875
5624102,15.9912109375
5631318,16.845703125
5631517,16.41845703125
5631584,16.54052734375
5632499,16.357421875
5632803,17.08984375
5633018,16.357421875
5650334,18.00537109375
5666196,17.02880859375
5669042,17.08984375
5669077,16.17431640625
5669189,16.845703125
5669251,16.7236328125
5698514,17.63916015625
5704088,19.6533203125
5704143,16.6015625
5704238,17.88330078125
5704372,18.37158203125
5725012,18.98193359375
5726188,19.47021484375
5729332,17.7001953125
5729565,16.845703125
5730782,19.04296875
5730826,16.17431640625
5734161,17.2119140625
5735748,23.25439453125
5736072,16.7236328125
5742792,15.9912109375
5743155,16.29638671875
5744509,17.578125
5744553,16.05224609375
5744623,16.11328125
5745090,17.4560546875
5746151,16.05224609375
5748985,16.66259765625
5749312,16.05224609375
5749958,17.08984375
5752218,19.04296875
5752255,17.7001953125
5752302,15.93017578125
5752535,16.6015625
5755484,17.822265625
5755532,16.357421875
5755594,18.06640625
5755909,16.54052734375
5758715,21.66748046875
5759044,16.6015625
5759234,19.95849609375
5762599,19.47021484375
5762947,18.98193359375
5766746,17.27294921875
5766889,16.2353515625
5766999,17.822265625
5767587,17.333984375
5771220,16.357421875
5771286,16.17431640625
5771466,17.76123046875
5771582,16.54052734375
5774451,17.4560546875
5774505,16.41845703125
5774765,17.2119140625
5774953,17.27294921875
5775101,23.92578125
5779329,16.78466796875
5779420,16.6015625
5779986,18.1884765625
5780284,16.2353515625
5782732,17.88330078125
5782987,17.08984375
5783245,17.822265625
5787204,17.578125
5787498,19.6533203125
5787827,17.88330078125
5792213,16.7236328125
5792257,17.7001953125
5792707,17.578125
5796690,16.2353515625
5796970,17.63916015625
5797248,16.6015625
5797600,17.333984375
5801990,17.2119140625
5802511,22.76611328125
5802633,20.6298828125
5807493,17.39501953125
5807570,18.06640625
5807692,17.7001953125
5808020,21.3623046875
5808373,19.4091796875
5813887,18.85986328125
5814225,16.17431640625
5821725,17.822265625
5821774,15.93017578125
5821913,16.05224609375
5822156,18.06640625
5822295,16.78466796875
5822979,19.53125
5829075,18.4326171875
5829265,19.83642578125
5829769,17.39501953125
5837244,18.00537109375
5837797,16.17431640625
5838084,16.41845703125
5838374,18.798828125
5851345,17.4560546875
5851408,16.17431640625
5851486,16.17431640625
5851895,18.85986328125
5858169,20.01953125
5858524,16.845703125
5861471,22.39990234375
5864214,17.39501953125
5865391,16.2353515625
5867163,16.9677734375
5867203,16.54052734375
5867446,17.51708984375
5867741,16.17431640625
5882525,19.775390625
5885278,16.845703125
5887508,20.01953125
5887580,17.4560546875
5887872,17.333984375
5888629,17.88330078125
5888959,16.41845703125
5891665,15.93017578125
5902720,19.34814453125
5902772,18.9208984375
5902811,17.76123046875
5915871,19.34814453125
5916999,18.24951171875
5932263,20.5078125
5932558,19.8974609375
5969414,16.7236328125
5971061,21.484375
5976962,19.83642578125
5977236,18.06640625
5977501,16.54052734375
5977644,20.20263671875
5989215,17.4560546875
5989286,19.59228515625
5990139,17.39501953125
5990752,18.1884765625
5990883,18.12744140625
6001291,21.1181640625
6020250,21.240234375
6027597,17.39501953125
6028257,16.29638671875
6028452,16.78466796875
6054114,20.44677734375
6054399,17.9443359375
6058210,16.845703125
6058276,16.845703125
6058560,20.8740234375
6058805,17.822265625
6077428,21.66748046875
6077495,16.9677734375
6087174,21.6064453125
6087310,16.54052734375
6087540,17.2119140625
6097026,20.32470703125
6098191,17.08984375
6109888,22.94921875
6111231,17.4560546875
6132864,16.54052734375
6142635,17.76123046875
6142778,16.2353515625
6143598,16.4794921875
6143926,16.4794921875
6167961,16.29638671875
6169666,19.95849609375
6169785,16.41845703125
6170074,18.5546875
6172493,17.08984375
6173818,23.193359375
6173997,20.08056640625
6184420,16.357421875
6184468,16.6015625
6192627,16.845703125
6194108,17.822265625
6199460,15.93017578125
6199884,18.4326171875
6200574,19.775390625
6200616,16.17431640625
6200657,17.9443359375
6219190,19.10400390625
6221385,20.5078125
6221511,21.17919921875
6221664,15.9912109375
6221791,18.1884765625
6221987,16.66259765625
6222844,17.4560546875
6222973,18.73779296875
6223012,16.7236328125
6226710,19.83642578125
6246910,20.8740234375
6248912,15.9912109375
6251296,15.9912109375
6251669,16.2353515625
6251903,15.93017578125
6256015,17.51708984375
6256452,17.02880859375
6257294,17.4560546875
6268647,17.88330078125
6268803,19.53125
6268914,16.41845703125
6269027,15.9912109375
6269348,19.287109375
6284265,19.22607421875
6294394,17.822265625
6294535,16.90673828125
6294801,18.1884765625
6295201,19.59228515625
6295337,16.4794921875
6295566,19.47021484375
6304141,21.78955078125
6306123,17.15087890625
6308265,17.63916015625
6318693,17.333984375
6319307,18.24951171875
6319347,17.9443359375
6319515,16.845703125
6319966,18.73779296875
6320253,18.73779296875
6320348,18.6767578125
6342734,16.54052734375
6345040,20.08056640625
6345270,16.4794921875
6345342,16.54052734375
6345739,17.51708984375
6348496,21.97265625
6370254,19.34814453125
6370807,18.798828125
6371460,17.76123046875
6371504,16.2353515625
6371743,16.66259765625
6385097,17.822265625
6385142,18.06640625
6385322,16.7236328125
6386393,18.4326171875
6388324,17.02880859375
6388474,17.27294921875
6388544,17.2119140625
6412685,19.22607421875
6420233,20.751953125
6420502,19.83642578125
6420653,16.7236328125
6421368,16.9677734375
6424918,18.37158203125
6425283,15.93017578125
6425349,18.98193359375
6439112,17.578125
6441558,20.93505859375
6441656,18.73779296875
6455238,19.34814453125
6455395,20.1416015625
6460294,16.9677734375
6460529,19.95849609375
6460599,16.66259765625
6460687,18.9208984375
6461244,20.3857421875
6461473,17.51708984375
6469746,17.27294921875
6470276,17.63916015625
6470658,16.78466796875
6471222,17.2119140625
6472256,17.7001953125
6472511,18.5546875
6473128,17.578125
6473384,16.845703125
6473926,16.9677734375
6474800,18.310546875
6475419,15.93017578125
6475615,16.66259765625
6476220,16.11328125
6476785,18.06640625
6477242,17.51708984375
6477458,17.51708984375
6478179,17.15087890625
6492950,17.822265625
6516721,22.15576171875
6517788,17.63916015625
6518939,16.78466796875
6529348,20.56884765625
6529386,16.7236328125
6529494,16.7236328125
6529793,17.27294921875
6530019,18.9208984375
6530404,20.5078125
6530463,16.29638671875
6530701,17.02880859375
6541433,21.54541015625
6541490,16.9677734375
6542363,21.97265625
6542562,18.61572265625
6542648,17.08984375
6542692,16.2353515625
6557079,16.11328125
6557972,22.5830078125
6558282,16.9677734375
6558342,15.9912109375
6566017,20.1416015625
6566083,16.11328125
6566117,16.54052734375
6566372,16.17431640625
6566529,19.04296875
6567210,20.32470703125
6569184,18.73779296875
6578787,17.63916015625
6583519,18.06640625
6583562,17.333984375
6585541,16.11328125
6585578,17.2119140625
6586954,16.41845703125
6588812,23.01025390625
6591017,22.52197265625
6591062,16.4794921875
6601155,17.333984375
6602223,18.00537109375
6602260,19.4091796875
6602471,21.05712890625
6602711,17.2119140625
6602994,17.822265625
6611285,18.61572265625
6612198,17.7001953125
6613091,18.37158203125
6620013,16.78466796875
6620071,17.2119140625
6633655,16.357421875
6635341,19.83642578125
6640375,19.22607421875
6643534,18.798828125
6643804,16.9677734375
6644099,18.1884765625
6645128,16.54052734375
6645211,19.71435546875
6646001,17.02880859375
6648803,18.85986328125
6649164,16.11328125
6649395,16.845703125
6670935,19.47021484375
6671154,17.4560546875
6672946,16.17431640625
6674729,16.11328125
6674887,16.29638671875
6676809,16.17431640625
6676954,18.49365234375
6677229,16.6015625
6682022,16.41845703125
6682950,22.15576171875
6684443,16.2353515625
6690750,16.17431640625
6691864,17.7001953125
6692061,16.05224609375
6692306,16.6015625
6713782,16.7236328125
6713822,17.39501953125
6713960,17.15087890625
6715802,16.845703125
6716036,16.54052734375
6716463,22.76611328125
6716594,18.00537109375
6717162,18.06640625
6717746,16.54052734375
6717972,17.08984375
6719182,17.63916015625
6720340,18.37158203125
6724085,19.04296875
6724184,17.15087890625
6729345,19.83642578125
6729470,17.88330078125
6729533,17.2119140625
6729834,17.4560546875
6730027,15.93017578125
6730238,15.93017578125
6732220,17.08984375
6734570,16.4794921875
6734633,16.9677734375
6735133,18.49365234375
6735396,16.2353515625
6736241,16.66259765625
6736407,16.11328125
6739308,20.32470703125
6739754,16.357421875
6744066,20.20263671875
6744167,16.845703125
6744303,18.1884765625
6748495,15.9912109375
6749181,17.9443359375
6749721,16.7236328125
6750124,17.27294921875
6751123,17.15087890625
6753948,16.357421875
6753997,18.61572265625
6754066,18.12744140625
6754266,19.1650390625
6754527,17.15087890625
6754810,17.7001953125
6757779,15.9912109375
6757836,16.11328125
6757963,19.95849609375
6758487,18.98193359375
6758566,18.61572265625
6758797,17.15087890625
6759071,15.93017578125
6764349,21.728515625
6764558,16.7236328125
6765381,17.02880859375
6765972,16.7236328125
6766300,19.1650390625
6771843,22.705078125
6771905,21.1181640625
6772081,20.93505859375
6772274,16.2353515625
6772511,17.27294921875
6773490,19.95849609375
6776817,17.51708984375
6777314,16.17431640625
6777617,19.775390625
6777866,18.49365234375
6780648,21.05712890625
6783251,16.6015625
6783478,20.751953125
6785640,17.08984375
6790082,20.3857421875
6790883,19.10400390625
6790933,16.90673828125
6796229,17.08984375
6797417,16.845703125
6804374,18.06640625
6804535,18.98193359375
6804780,15.9912109375
6804866,16.05224609375
6805156,18.5546875
6805699,17.51708984375
6806080,18.73779296875
6813045,22.27783203125
6813110,16.54052734375
6813468,15.9912109375
6813615,19.83642578125
6822486,17.02880859375
6822651,16.41845703125
6822914,17.63916015625
6823069,18.9208984375
6823216,15.9912109375
6823434,21.42333984375
6823636,18.06640625
6823796,17.51708984375
6830844,16.17431640625
6835641,20.44677734375
6840666,18.37158203125
6840800,16.54052734375
6840986,18.06640625
6841835,20.5078125
6842135,21.91162109375
6843694,17.27294921875
6852989,19.6533203125
6853061,17.9443359375
6856931,18.06640625
6857421,15.93017578125
6857549,18.6767578125
6857805,16.29638671875
6858097,18.310546875
6861010,20.08056640625
6878424,19.775390625
6878557,17.08984375
6878722,18.12744140625
6878929,18.06640625
6879072,16.05224609375
6879157,16.29638671875
6879500,18.98193359375
6880175,16.54052734375
6880501,17.27294921875
6880567,16.9677734375
6880985,17.02880859375
6887051,17.578125
6887103,16.05224609375
6887359,25.69580078125
6887418,17.88330078125
6911964,18.61572265625
6912687,16.41845703125
6912943,16.4794921875
6913057,16.6015625
6943411,16.357421875
6943793,16.357421875
6970076,17.822265625
6970796,17.08984375
6995467,17.822265625
6995519,16.29638671875
7010648,19.10400390625
7010770,16.11328125
7011659,18.1884765625
7014590,16.17431640625
7015294,18.37158203125
7015449,19.95849609375
7018276,28.076171875
7022168,16.41845703125
7038815,18.00537109375
7038958,16.357421875
7039198,15.93017578125
7039270,17.9443359375
7039342,17.39501953125
7041890,19.59228515625
7042279,17.63916015625
7042364,16.17431640625
7043166,18.24951171875
7044646,16.54052734375
7045142,18.12744140625
7046001,15.93017578125
7064087,17.578125
7064164,16.05224609375
7065257,17.76123046875
7065489,18.00537109375
7088697,16.90673828125
7088832,16.90673828125
7089316,19.6533203125
7089384,16.41845703125
7101833,20.93505859375
7102451,18.6767578125
7107815,15.93017578125
7110916,18.73779296875
7111055,18.1884765625
7135553,16.11328125
7135602,16.7236328125
7135729,16.357421875
7136512,19.71435546875
7144802,16.6015625
7144849,16.11328125
7144967,15.93017578125
7145101,16.29638671875
7145163,16.9677734375
7145219,16.9677734375
7145301,16.845703125
7145487,18.61572265625
7145677,19.59228515625
7146408,18.85986328125
7146496,16.29638671875
7168902,18.37158203125
7169007,17.9443359375
7170452,20.08056640625
7174838,20.20263671875
7183173,18.49365234375
7183486,17.2119140625
7183565,16.6015625
7183789,17.51708984375
7184190,16.2353515625
7209147,17.578125
7210347,15.93017578125
7213187,19.287109375
7230996,18.5546875
7231729,17.578125
7232648,17.578125
7232709,16.4794921875
7232785,17.08984375
7233794,17.51708984375
7235376,22.39990234375
7235420,17.27294921875
7236115,16.357421875
7236626,17.08984375
7237025,16.41845703125
7237160,19.34814453125
7237419,17.333984375
7237490,16.4794921875
7248084,17.4560546875
7248135,16.4794921875
7265793,17.27294921875
7267542,17.63916015625
7281934,18.37158203125
7295402,18.12744140625
7296566,15.93017578125
7296702,16.17431640625
7297082,17.333984375
7297804,16.2353515625
7315055,17.333984375
7315816,17.08984375
7325251,18.4326171875
7327288,16.66259765625
7327916,18.798828125
7328746,16.845703125
7330059,21.78955078125
7330100,16.05224609375
7345603,19.53125
7346849,19.22607421875
7350741,16.4794921875
7351258,16.29638671875
7354672,17.7001953125
7354737,16.2353515625
7367916,16.845703125
7367997,16.845703125
7387161,19.95849609375
7390095,17.88330078125
7390158,16.05224609375
7390760,22.27783203125
7391003,18.6767578125
7391644,16.4794921875
7391845,17.822265625
7405706,16.05224609375
7424271,16.66259765625
7425396,21.240234375
7429309,18.6767578125
7430736,17.76123046875
7430893,16.66259765625
7432719,20.263671875
7451476,17.76123046875
7452789,19.04296875
7452897,18.49365234375
7468542,16.4794921875
7468588,15.9912109375
7468641,16.7236328125
7468763,17.02880859375
7471043,16.78466796875
7471548,19.34814453125
7482786,19.95849609375
7490779,18.5546875
7490970,17.2119140625
7491084,17.08984375
7491420,16.6015625
7491481,17.7001953125
7509880,17.76123046875
7510475,19.34814453125
7523324,16.54052734375
7525568,17.9443359375
7541174,18.73779296875
7544240,19.34814453125
7545741,19.95849609375
7545842,16.11328125
7546213,16.66259765625
7549190,17.822265625
7549353,19.10400390625
7550399,17.7001953125
7550463,16.7236328125
7550552,16.29638671875
7550717,16.2353515625
7550902,16.05224609375
7552413,17.27294921875
7553586,16.7236328125
7590396,17.02880859375
7590629,16.54052734375
7606723,17.39501953125
7613906,19.287109375
7622775,17.822265625
7622900,16.78466796875
7636963,17.08984375
7637462,17.51708984375
7646956,22.15576171875
7647557,17.51708984375
7662198,18.24951171875
7662243,19.59228515625
7662287,16.11328125
7663750,18.00537109375
7673938,17.02880859375
7674028,19.287109375
7690217,18.310546875
7691336,17.76123046875
7691792,16.78466796875
7691969,16.54052734375
7702603,16.05224609375
7714170,16.90673828125
7714400,19.34814453125
7714920,19.287109375
7715321,21.42333984375
7715547,16.357421875
7715888,15.93017578125
7731782,17.76123046875
7745856,21.66748046875
7745988,17.7001953125
7746182,16.29638671875
7746993,16.17431640625
7747138,16.7236328125
7763112,15.93017578125
7769413,16.357421875
7770773,18.98193359375
7775823,18.1884765625
7788433,20.263671875
7792081,19.34814453125
7815500,17.76123046875
7816045,16.2353515625
7819837,19.287109375
7823920,17.39501953125
7824094,21.17919921875
7824465,18.98193359375
7824588,19.1650390625
7824677,22.4609375
7824747,18.61572265625
7825012,17.76123046875
7831597,20.20263671875
7831641,18.49365234375
7831746,18.6767578125
7835871,16.6015625
7836128,15.9912109375
7836545,16.357421875
7841094,19.59228515625
7841145,18.00537109375
7848254,17.39501953125
7857288,16.2353515625
7867605,15.93017578125
7868604,22.94921875
7868706,17.88330078125
7869035,17.333984375
7869412,19.53125
7870704,19.53125
7872098,16.66259765625
7885913,18.85986328125
7887193,22.216796875
7887302,17.578125
7894513,19.10400390625
7898014,20.5078125
7899262,16.41845703125
7899586,19.1650390625
7900617,20.08056640625
7900747,15.93017578125
7900831,15.9912109375
7901176,16.11328125
7901500,17.27294921875
7902141,21.91162109375
7902195,17.63916015625
7902649,20.8740234375
7903950,19.6533203125
7905108,17.2119140625
7905375,17.63916015625
7910435,16.41845703125
7911390,20.20263671875
7913240,18.06640625
7913554,16.90673828125
7914088,17.333984375
7915030,17.9443359375
7915139,19.4091796875
7916543,16.4794921875
7917125,15.9912109375
7917520,16.2353515625
7920740,16.357421875
7921101,17.822265625
7921210,15.9912109375
7921418,18.06640625
7922823,16.90673828125
7923681,18.5546875
7924856,21.30126953125
7925681,18.49365234375
7925783,19.10400390625
7927868,16.66259765625
7927909,16.41845703125
7928154,16.78466796875
7931759,18.85986328125
7931833,15.9912109375
7932591,18.6767578125
7933922,16.357421875
7934158,19.775390625
7939841,16.2353515625
7940140,18.06640625
7940485,18.73779296875
7943399,16.41845703125
7946288,18.1884765625
7946337,16.41845703125
7946539,16.4794921875
7946844,17.51708984375
7951300,18.4326171875
7951582,17.76123046875
7951749,16.05224609375
7952073,20.1416015625
7957425,18.798828125
7957503,16.11328125
7957645,19.10400390625
7957734,17.76123046875
7964751,20.32470703125
7964798,18.6767578125
7965517,22.705078125
7965890,19.83642578125
7974414,20.6298828125
7974458,17.39501953125
7974532,18.4326171875
7975008,17.2119140625
7975194,18.06640625
7975232,16.845703125
7975867,17.76123046875
7975925,18.4326171875
7982981,20.44677734375
7984888,18.24951171875
7984936,18.1884765625
7985417,16.17431640625
7987714,21.17919921875
7988186,17.02880859375
7998640,17.2119140625
7999516,16.2353515625
8001669,20.32470703125
8002137,23.3154296875
8002357,16.66259765625
8011719,17.4560546875
8011831,18.37158203125
8012136,16.357421875
8013180,17.333984375
8013522,19.04296875
8015695,18.98193359375
8016156,19.04296875
8016539,17.39501953125
8031160,17.02880859375
8031282,15.9912109375
8033190,16.41845703125
8033264,19.83642578125
8033683,17.63916015625
8037354,19.6533203125
8037463,17.02880859375
8037593,17.2119140625
8047582,16.78466796875
8058591,23.49853515625
8058639,19.53125
8076412,16.05224609375
8102159,16.17431640625
8102216,16.357421875
8103485,16.11328125
8132967,16.05224609375
8137154,17.39501953125
8137303,16.6015625
8137694,17.27294921875
8139072,17.51708984375
8139325,16.11328125
8139554,17.39501953125
8155522,16.41845703125
8155682,20.1416015625
8177997,16.4794921875
8178042,16.66259765625
8178151,16.845703125
8180097,18.61572265625
8180135,17.63916015625
8180287,17.88330078125
8180619,17.7001953125
8180814,19.34814453125
8181072,18.73779296875
8181221,19.1650390625
8181731,17.15087890625
8182151,16.54052734375
8182615,18.06640625
8205971,20.08056640625
8206023,16.78466796875
8208669,16.357421875
8216519,19.04296875
8217141,15.9912109375
8217442,17.578125
8232310,18.06640625
8236231,21.91162109375
8236345,18.6767578125
8245636,16.11328125
8245672,16.05224609375
8247031,16.54052734375
8247096,16.17431640625
8247665,21.1181640625
8258553,19.4091796875
8258603,16.90673828125
8271492,21.1181640625
8271556,21.78955078125
8272318,16.357421875
8279102,19.287109375
8296714,18.98193359375
8297086,17.76123046875
8297748,20.56884765625
8297865,16.845703125
8298024,17.51708984375
8301842,16.11328125
8301944,17.08984375
8317428,18.12744140625
8317714,19.10400390625
8333865,17.15087890625
8333973,19.4091796875
8334109,18.1884765625
8335129,17.63916015625
8335205,20.263671875
8335283,16.845703125
8335551,15.9912109375
8340921,16.9677734375
8362184,17.63916015625
8366431,16.66259765625
8366499,18.12744140625
8367015,17.02880859375
8367122,17.27294921875
8367446,15.93017578125
8385211,18.310546875
8386329,17.76123046875
8386426,16.05224609375
8386505,16.6015625
8406800,16.2353515625
8406844,18.798828125
8409637,17.08984375
8409676,16.4794921875
8415519,16.66259765625
8415566,19.95849609375
8415701,18.24951171875
8416012,18.310546875
8416062,18.00537109375
8416112,16.54052734375
8416382,18.798828125
8416446,16.11328125
8434179,16.7236328125
8434217,17.4560546875
8439379,19.8974609375
8439507,17.02880859375
8439612,15.93017578125
8440065,17.15087890625
8440291,17.2119140625
8440562,18.61572265625
8453335,20.69091796875
8453381,16.41845703125
8454216,16.11328125
8454281,18.98193359375
8466896,17.578125
8467025,17.88330078125
8467098,17.4560546875
8467484,16.11328125
8467549,17.27294921875
8467611,16.9677734375
8467864,19.47021484375
8492805,20.56884765625
8492950,21.78955078125
8493302,18.00537109375
8493462,16.05224609375
8494106,16.54052734375
8519889,17.7001953125
8519999,16.2353515625
8523514,19.59228515625
8523588,16.90673828125
8523790,17.39501953125
8523878,16.11328125
8524116,16.845703125
8536606,17.02880859375
8542712,16.357421875
8554290,16.9677734375
8560190,19.1650390625
8566337,18.1884765625
8566546,19.4091796875
8566983,17.27294921875
8567159,16.29638671875
8571988,19.4091796875
8590419,21.05712890625
8594283,16.11328125
8601283,17.02880859375
8601327,15.93017578125
8601900,19.47021484375
8620670,17.02880859375
8621007,18.61572265625
8636612,17.51708984375
8637273,18.49365234375
8637552,16.54052734375
8637714,15.93017578125
8637988,21.78955078125
8664813,20.32470703125
8664997,16.17431640625
8671077,20.6298828125
8671518,19.775390625
8672173,16.7236328125
8672851,20.44677734375
8672971,16.6015625
8691922,17.63916015625
8693383,17.9443359375
8694061,15.9912109375
8696346,16.05224609375
8712491,19.22607421875
8712673,18.98193359375
8749681,17.9443359375
8750421,16.11328125
8750452,15.93017578125
8750553,16.4794921875
8751127,18.4326171875
8751942,18.06640625
8752866,19.95849609375
8752938,15.9912109375
8753581,22.5830078125
8760361,16.4794921875
8760485,17.333984375
8760812,19.6533203125
8763617,18.1884765625
8763845,19.775390625
8764465,18.00537109375
8771681,21.6064453125
8772043,18.00537109375
8781922,20.93505859375
8784414,16.29638671875
8792305,20.6298828125
8792386,18.24951171875
8795885,18.24951171875
8796229,17.15087890625
8796507,16.54052734375
8807392,16.357421875
8816196,16.05224609375
8821315,20.1416015625
8821492,16.66259765625
8823020,17.27294921875
8823057,17.333984375
8837899,16.05224609375
8838105,18.798828125
8844663,16.90673828125
8844739,17.2119140625
8844837,15.9912109375
8844887,18.4326171875
8844953,19.10400390625
8863181,17.51708984375
8865236,18.5546875
8865314,17.27294921875
8877955,23.681640625
8878017,16.9677734375
8878063,20.44677734375
8878103,17.08984375
8878372,16.17431640625
8878474,18.06640625
8879011,16.11328125
8879049,17.39501953125
8879778,15.93017578125
8880043,17.333984375
8880357,18.12744140625
8880711,16.845703125
8880863,20.69091796875
8881165,18.00537109375
8881300,21.17919921875
8881677,17.51708984375
8881813,16.41845703125
8895400,18.24951171875
8899230,16.7236328125
8899339,17.88330078125
8899480,17.4560546875
8918079,15.9912109375
8923300,16.357421875
8924223,17.9443359375
8924442,16.9677734375
8924765,18.310546875
8924915,17.08984375
8926609,21.484375
8927068,17.39501953125
8928242,19.1650390625
8929804,19.6533203125
8930061,20.69091796875
8930240,16.78466796875
8930632,16.11328125
8931593,16.4794921875
8932084,17.02880859375
8933333,18.1884765625
8935024,20.93505859375
8936533,18.49365234375
8938061,19.6533203125
8938299,16.9677734375
8939983,18.73779296875
8940664,17.7001953125
8943367,18.49365234375
8943901,17.76123046875
8943978,16.05224609375
8944384,17.4560546875
8946851,19.95849609375
8946922,17.15087890625
8947195,20.93505859375
8949547,16.54052734375
8949641,16.90673828125
8950080,17.63916015625
8950838,18.98193359375
8953190,17.63916015625
8953245,16.41845703125
8953296,15.93017578125
8953427,16.29638671875
8958123,18.61572265625
8961870,19.53125
8962310,17.578125
8962571,17.15087890625
8964311,16.6015625
8964785,20.32470703125
8969424,17.08984375
8971233,18.4326171875
8972827,16.17431640625
8972880,16.66259765625
8973049,19.22607421875
8973263,17.76123046875
8977872,17.4560546875
8977962,17.333984375
8978052,17.08984375
8982552,17.02880859375
8982595,16.41845703125
8982644,16.845703125
8982887,17.02880859375
8985768,16.7236328125
8985887,17.333984375
8986084,19.34814453125
8986276,19.59228515625
8986659,20.6298828125
8989337,19.10400390625
8989433,18.12744140625
8990089,16.29638671875
8994697,19.04296875
8994759,15.93017578125
8995046,16.66259765625
8998996,17.88330078125
8999186,16.7236328125
9005233,22.3388671875
9005733,16.845703125
9005961,16.05224609375
9012264,19.22607421875
9012494,18.06640625
9012825,16.17431640625
9013085,19.59228515625
9013622,19.287109375
9020686,17.822265625
9020795,16.6015625
9021058,16.66259765625
9028661,18.49365234375
9028771,16.54052734375
9029524,16.6015625
9030225,18.85986328125
9036636,16.7236328125
9036735,17.4560546875
9037139,18.61572265625
9037281,17.76123046875
9037516,19.47021484375
9044633,16.7236328125
9044702,25.390625
9044786,16.66259765625
9045378,16.90673828125
9045714,16.357421875
9045997,17.08984375
9046321,18.49365234375
9046372,16.29638671875
9052048,17.2119140625
9052236,16.6015625
9052792,18.9208984375
9057508,18.85986328125
9058055,17.578125
9058419,16.54052734375
9066205,16.78466796875
9066718,18.9208984375
9077783,18.98193359375
9078042,19.1650390625
9078209,19.47021484375
9078469,17.9443359375
9090456,16.78466796875
9090707,18.06640625
9090924,16.11328125
9090997,21.05712890625
9091301,19.53125
9091977,21.17919921875
9092254,20.5078125
9092846,16.2353515625
9147751,20.56884765625
9148686,17.63916015625
9148735,16.357421875
9148851,23.37646484375
9174668,17.2119140625
9175457,17.333984375
9175655,17.39501953125
9194532,17.4560546875
9194780,18.798828125
9202823,19.8974609375
9203051,17.88330078125
9203161,17.08984375
9203209,16.845703125
9203732,16.90673828125
9207940,16.845703125
9208274,16.05224609375
9233037,18.24951171875
9244990,17.4560546875
9245388,17.27294921875
9248315,17.51708984375
9250186,16.05224609375
9250396,20.1416015625
9250509,17.08984375
9275662,16.78466796875
9275693,17.02880859375
9276047,17.27294921875
9276335,16.66259765625
9280395,19.47021484375
9283380,16.41845703125
9297023,21.05712890625
9297085,18.12744140625
9307840,17.9443359375
9308005,19.47021484375
9308088,17.333984375
9313737,22.0947265625
9315706,18.73779296875
9316599,16.41845703125
9316829,17.39501953125
9325304,20.81298828125
9332560,16.7236328125
9332718,21.240234375
9332862,16.29638671875
9333795,16.05224609375
9333980,18.4326171875
9359845,18.49365234375
9360159,16.2353515625
9360399,16.357421875
9380952,16.9677734375
9383212,18.12744140625
9383404,18.00537109375
9395623,21.3623046875
9398220,17.578125
9399034,16.05224609375
9400327,17.76123046875
9416034,18.6767578125
9416712,17.9443359375
9428755,16.41845703125
9435083,18.12744140625
9435162,17.15087890625
9435553,17.02880859375
9439311,17.02880859375
9458776,16.7236328125
9461463,20.08056640625
9461513,17.333984375
9461564,17.15087890625
9462279,17.08984375
9462510,19.4091796875
9480221,16.29638671875
9480321,16.78466796875
9482346,20.6298828125
9486424,17.88330078125
9486604,17.51708984375
9492127,19.8974609375
9492371,19.1650390625
9493106,16.54052734375
9504829,17.4560546875
9504969,17.822265625
9508654,16.4794921875
9508773,19.4091796875
9510305,17.39501953125
9512534,18.98193359375
9512855,15.93017578125
9513333,19.95849609375
9513554,16.11328125
9515776,19.8974609375
9531912,19.47021484375
9532087,18.1884765625
9535783,17.333984375
9535830,18.24951171875
9536880,19.10400390625
9550163,16.29638671875
9552439,16.2353515625
9554350,18.12744140625
9554424,16.357421875
9554755,18.06640625
9584079,15.93017578125
9584404,16.29638671875
9591975,17.88330078125
9592053,17.15087890625
9592252,16.357421875
9592364,18.61572265625
9594344,20.08056640625
9604785,17.578125
9604837,19.04296875
9604969,17.9443359375
9619793,20.01953125
9619852,17.822265625
9620079,19.1650390625
9620176,17.63916015625
9633567,16.845703125
9634178,19.287109375
9634328,16.54052734375
9634390,18.9208984375
9645327,16.4794921875
9645445,18.00537109375
9658227,16.9677734375
9662216,16.54052734375
9662580,16.357421875
9662977,16.357421875
9663268,17.02880859375
9676844,15.9912109375
9687848,17.02880859375
9691058,19.34814453125
9691103,16.90673828125
9691364,17.27294921875
9691436,18.24951171875
9691584,16.2353515625
9692329,17.39501953125
9709038,19.10400390625
9709092,17.4560546875
9717028,17.08984375
9717095,17.27294921875
9717701,17.02880859375
9717826,21.30126953125
9718019,16.54052734375
9718500,19.22607421875
9722735,16.29638671875
9729593,19.04296875
9729807,15.9912109375
9744269,16.7236328125
9744682,17.9443359375
9744726,16.4794921875
9745850,19.59228515625
9745935,21.78955078125
9746096,17.02880859375
9746782,16.2353515625
9747087,15.9912109375
9762983,17.76123046875
9777554,16.17431640625
9778262,17.7001953125
9778446,21.8505859375
9778547,16.78466796875
9782407,17.08984375
9799439,24.47509765625
9799495,18.12744140625
9799547,17.15087890625
9815207,20.6298828125
9815260,16.2353515625
9821981,18.61572265625
9822350,19.287109375
9822488,16.54052734375
9822637,19.34814453125
9822984,18.98193359375
9824522,19.59228515625
9843334,17.08984375
9843375,18.12744140625
9843426,16.11328125
9843542,17.2119140625
9844479,21.484375
9844520,17.333984375
9844809,15.93017578125
9845872,18.00537109375
9846557,17.2119140625
9871075,18.4326171875
9873649,19.1650390625
9873863,17.2119140625
9884194,17.51708984375
9885878,17.08984375
9886321,18.24951171875
9887816,19.04296875
9889514,19.6533203125
9890086,17.15087890625
9890220,17.333984375
9907345,18.37158203125
9911344,16.78466796875
9911493,15.9912109375
9912145,18.24951171875
9912185,15.93017578125
9912462,15.93017578125
9912551,16.7236328125
9920737,19.95849609375
9921036,16.90673828125
9926406,21.30126953125
9926450,16.7236328125
9926743,18.4326171875
9928309,18.24951171875
9929222,19.775390625
9943440,16.9677734375
9943600,16.11328125
9943676,16.7236328125
9959801,17.51708984375
9959847,17.39501953125
9961167,19.95849609375
9961230,17.39501953125
9961314,16.2353515625
9963710,18.06640625
9993244,17.39501953125
9993350,18.6767578125
9994170,18.5546875
9995207,20.3857421875
9995887,17.02880859375
9995953,18.00537109375
9996099,21.91162109375
9996184,16.54052734375
9996275,17.333984375
10019854,16.90673828125
10020448,18.85986328125
10024370,18.85986328125
10025083,18.00537109375
10032341,19.53125
10032405,16.90673828125
10041050,20.6298828125
10041539,19.287109375
10042658,15.9912109375
10042736,18.73779296875
10043212,18.00537109375
10044355,18.4326171875
10044870,18.37158203125
10044935,17.39501953125
10053885,16.11328125
10067058,18.24951171875
10068559,18.37158203125
10090613,23.01025390625
10095345,17.15087890625
10097573,18.85986328125
10097659,16.9677734375
10098607,17.333984375
10098644,15.93017578125
10098962,16.11328125
10125598,18.00537109375
10125644,15.93017578125
10135144,17.15087890625
10135228,17.63916015625
10135285,19.04296875
10135327,18.49365234375
10135796,19.775390625
10138270,16.78466796875
10142532,19.287109375
10154078,21.97265625
10157456,16.90673828125
10173158,18.49365234375
10173202,16.357421875
10185178,18.85986328125
10185262,18.6767578125
10185382,17.578125
10186667,18.37158203125
10187161,17.4560546875
10187488,17.08984375
10195232,17.63916015625
10195578,19.34814453125
10196194,19.10400390625
10204739,16.357421875
10212379,17.88330078125
10212448,17.08984375
10212734,16.357421875
10215559,18.49365234375
10218749,15.93017578125
10218793,16.7236328125
10220100,19.59228515625
10236324,18.24951171875
10237718,19.22607421875
10238931,18.1884765625
10240569,16.78466796875
10241089,18.798828125
10241936,16.66259765625
10241988,16.05224609375
10242934,16.357421875
10243819,18.4326171875
10244262,17.88330078125
10245253,18.49365234375
10248213,22.88818359375
10249991,19.47021484375
10250170,18.5546875
10250315,17.333984375
10253186,19.1650390625
10253222,15.93017578125
10254119,17.39501953125
10255673,17.15087890625
10256081,21.66748046875
10256137,18.12744140625
10256727,16.4794921875
10259530,16.845703125
10259576,16.66259765625
10262704,20.5078125
10263040,16.29638671875
10266491,15.9912109375
10266782,16.90673828125
10266945,16.29638671875
10267230,16.78466796875
10270124,19.287109375
10270188,17.27294921875
10270340,19.6533203125
10270525,16.7236328125
10270788,16.845703125
10271787,16.66259765625
10276249,16.6015625
10276394,16.6015625
10276834,18.49365234375
10278438,16.7236328125
10278481,16.11328125
10278702,18.798828125
10283491,23.13232421875
10283535,17.333984375
10283996,16.54052734375
10286972,16.17431640625
10287782,17.7001953125
10288801,16.66259765625
10292823,19.287109375
10297342,19.1650390625
10297611,17.08984375
10297876,17.27294921875
10298193,16.4794921875
10298694,19.287109375
10303438,17.9443359375
10303525,15.9912109375
10303606,16.66259765625
10303821,18.6767578125
10307369,17.4560546875
10307409,18.4326171875
10307461,16.11328125
10307760,16.17431640625
10308564,19.95849609375
10309710,16.29638671875
10310073,19.95849609375
10317710,18.24951171875
10317964,19.10400390625
10318369,16.54052734375
10320403,18.4326171875
10320434,15.93017578125
10324058,16.6015625
10331217,21.17919921875
10331672,18.24951171875
10331888,16.11328125
10338515,19.47021484375
10338774,17.08984375
10339569,18.6767578125
10344599,18.61572265625
10344981,16.2353515625
10345958,18.73779296875
10347235,16.11328125
10353247,19.1650390625
10353395,17.02880859375
10353495,16.357421875
10353723,20.8740234375
10359517,19.6533203125
10359642,18.310546875
10359823,16.9677734375
10360008,20.08056640625
10360215,16.90673828125
10361179,16.29638671875
10368802,18.24951171875
10369337,16.41845703125
10369641,17.822265625
10369932,18.24951171875
10375748,16.9677734375
10375920,16.9677734375
10376302,16.17431640625
10385832,18.9208984375
10386024,16.357421875
10386123,17.08984375
10386588,15.93017578125
10396252,18.1884765625
10396449,20.1416015625
10396658,17.822265625
10396866,19.8974609375
10397297,17.88330078125
10397436,16.9677734375
10406580,20.44677734375
10406690,17.63916015625
10406951,16.11328125
10407023,16.357421875
10407198,20.93505859375
10407566,20.8740234375
10421009,15.9912109375
10421128,16.4794921875
10425936,15.93017578125
10426023,18.61572265625
10426199,17.2119140625
10426692,21.05712890625
10426789,17.578125
10456523,16.78466796875
10468474,20.263671875
10468621,17.333984375
10468736,17.333984375
10471656,17.15087890625
10498664,16.11328125
10498736,20.1416015625
10508303,20.56884765625
10517213,18.73779296875
10518636,15.9912109375
10518766,16.357421875
10518888,17.4560546875
10538040,17.2119140625
10544730,16.54052734375
10552083,20.44677734375
10552201,17.15087890625
10552506,17.333984375
10573979,17.2119140625
10589214,17.51708984375
10590012,15.9912109375
10590154,18.1884765625
10608358,17.27294921875
10609183,22.03369140625
10609582,17.02880859375
10609670,16.9677734375
10609753,16.17431640625
10609969,17.9443359375
10637159,16.4794921875
10637273,18.24951171875
10637613,16.78466796875
10637730,19.1650390625
10638215,18.5546875
10638486,17.08984375
10638879,17.15087890625
10639742,18.06640625
10640427,16.66259765625
10640690,22.4609375
10641602,17.76123046875
10642973,20.3857421875
10659764,17.9443359375
10659815,19.287109375
10674692,16.41845703125
10674753,16.6015625
10697357,17.578125
10697405,15.93017578125
10697829,17.15087890625
10714809,17.08984375
10715224,17.15087890625
10715541,18.24951171875
10715687,20.3857421875
10716028,16.357421875
10716214,16.41845703125
10718907,19.8974609375
10719034,16.845703125
10737042,16.357421875
10737374,19.6533203125
10740533,16.2353515625
10741689,16.05224609375
10742307,16.54052734375
10742342,16.78466796875
10742758,18.4326171875
10757352,16.357421875
10757705,17.27294921875
10757862,16.9677734375
10765213,18.85986328125
10768117,17.4560546875
10768705,19.22607421875
10768884,17.02880859375
10776329,17.63916015625
10790823,16.41845703125
10790859,17.02880859375
10790920,17.51708984375
10791588,16.9677734375
10791722,16.9677734375
10791922,16.6015625
10802378,17.27294921875
10802524,16.11328125
10823579,17.7001953125
10824891,18.00537109375
10825251,17.08984375
10825427,16.78466796875
10837371,17.4560546875
10841668,20.56884765625
10841779,19.95849609375
10845138,20.99609375
10845235,16.41845703125
10855307,17.02880859375
10855382,16.11328125
10860068,19.22607421875
10862645,19.95849609375
10862693,21.30126953125
10863295,18.24951171875
10863384,16.54052734375
10864084,18.00537109375
10864480,17.02880859375
10864531,18.37158203125
10864636,19.4091796875
10864701,16.17431640625
10879777,21.42333984375
10879842,19.04296875
10898047,16.9677734375
10898102,16.78466796875
10898413,16.17431640625
10898497,18.12744140625
10899023,16.11328125
10899796,17.39501953125
10910148,16.6015625
10917962,15.9912109375
10918394,17.27294921875
10918450,15.9912109375
10918802,16.90673828125
10919056,20.5078125
10934893,19.8974609375
10935045,17.63916015625
10944184,17.63916015625
10944264,18.1884765625
10950581,18.310546875
10962972,18.61572265625
10968054,19.53125
10968660,18.5546875
10986489,16.41845703125
10986529,20.01953125
10987140,16.90673828125
10987281,17.39501953125
10987569,21.05712890625
10987688,20.08056640625
10988073,18.9208984375
11003503,16.845703125
11003608,16.4794921875
11004093,17.39501953125
11004345,16.90673828125
11013015,16.9677734375
11013313,16.78466796875
11024181,16.845703125
11024788,17.02880859375
11024923,18.37158203125
11025027,16.29638671875
11032016,18.06640625
11056278,19.1650390625
11056643,17.63916015625
11057540,21.42333984375
11057767,18.6767578125
11058128,20.1416015625
11059017,16.41845703125
11059116,17.15087890625
11060455,19.53125
11060552,18.24951171875
11075677,18.5546875
11079305,18.9208984375
11079341,16.41845703125
11079536,18.12744140625
11087527,15.9912109375
11087901,19.04296875
11088389,20.08056640625
11089367,17.9443359375
11090006,15.93017578125
11090708,17.2119140625
11090844,18.73779296875
11091540,23.681640625
11091726,23.13232421875
11092323,17.88330078125
11094177,17.333984375
11094238,16.357421875
11104211,18.798828125
11104619,16.54052734375
11113140,20.263671875
11123414,15.93017578125
11137889,17.822265625
11137922,16.9677734375
11149585,16.41845703125
11161386,20.44677734375
11161615,15.9912109375
11161873,18.98193359375
11162865,16.05224609375
11162944,18.24951171875
11164220,21.240234375
11165292,20.263671875
11165936,20.81298828125
11167388,15.9912109375
11168180,16.6015625
11170037,17.51708984375
11170598,16.78466796875
11170665,18.12744140625
11171157,17.63916015625
11172135,17.822265625
11174937,20.69091796875
11175201,16.357421875
11179685,20.3857421875
11179724,17.7001953125
11179770,16.357421875
11183248,15.9912109375
11185138,19.287109375
11185216,16.05224609375
11186067,20.69091796875
11186560,16.29638671875
11186869,17.63916015625
11189056,16.6015625
11189152,16.2353515625
11189363,16.41845703125
11189680,16.17431640625
11193601,17.51708984375
11194005,17.76123046875
11194372,15.9912109375
11196598,18.4326171875
11202771,19.53125
11202883,16.29638671875
11202969,16.11328125
11203104,19.775390625
11203726,16.54052734375
11205062,17.63916015625
11205163,16.357421875
11205416,16.9677734375
11209611,17.822265625
11209709,16.78466796875
11209938,16.17431640625
11210268,16.41845703125
11215812,16.78466796875
11216046,19.22607421875
11219900,19.47021484375
11220172,16.2353515625
11224720,17.4560546875
11225021,20.81298828125
11225279,16.90673828125
11225517,16.2353515625
11230744,17.63916015625
11230937,19.59228515625
11231159,16.4794921875
11231378,16.4794921875
11235642,16.90673828125
11236274,18.73779296875
11236580,16.6015625
11240731,18.9208984375
11240789,16.54052734375
11240918,17.08984375
11245966,18.9208984375
11246047,17.08984375
11246764,16.17431640625
11247343,18.6767578125
11250911,17.02880859375
11251035,20.5078125
11251272,16.41845703125
11251503,16.78466796875
11257603,15.93017578125
11257913,15.9912109375
11267479,16.11328125
11267711,16.17431640625
11267930,21.54541015625
11268557,18.12744140625
11276787,18.00537109375
11277031,16.41845703125
11279142,16.29638671875
11279268,16.9677734375
11297946,18.12744140625
11298407,19.53125
11307386,19.10400390625
11307777,19.8974609375
11335376,18.61572265625
11344761,17.51708984375
11345743,16.9677734375
11345834,17.822265625
11345951,18.12744140625
11362013,18.85986328125
11367764,16.2353515625
11379455,15.9912109375
11379509,16.05224609375
11392655,19.287109375
11392729,17.9443359375
11398420,19.287109375
11398468,16.05224609375
11404665,17.08984375
11408854,16.2353515625
11409031,18.5546875
11409108,16.41845703125
11428550,16.41845703125
11443544,16.357421875
11443624,16.9677734375
11443721,17.51708984375
11443861,17.7001953125
11443992,20.263671875
11445144,19.4091796875
11459222,18.06640625
11459284,17.822265625
11460479,18.6767578125
11460534,15.93017578125
11460602,16.357421875
11461315,20.8740234375
11461724,18.37158203125
11466992,19.04296875
11467038,17.39501953125
11467360,18.310546875
11484542,16.78466796875
11485101,18.61572265625
11485570,17.333984375
11485697,16.05224609375
11486195,16.845703125
11486498,16.29638671875
11489666,15.9912109375
11489838,16.05224609375
11489879,15.9912109375
11505517,16.9677734375
11506893,16.2353515625
11507462,16.9677734375
11508583,18.61572265625
11509156,16.845703125
11510101,16.54052734375
11510369,16.29638671875
11510543,22.94921875
11524974,16.357421875
11527141,16.41845703125
11533584,18.98193359375
11534231,19.775390625
11536014,16.11328125
11537000,15.93017578125
11537147,18.310546875
11538853,19.71435546875
11539882,16.41845703125
11540160,19.10400390625
11564886,18.00537109375
11565248,16.17431640625
11567239,16.41845703125
11571930,16.2353515625
11572038,16.6015625
11590153,20.1416015625
11602322,18.85986328125
11602373,16.11328125
11602434,17.7001953125
11602823,16.05224609375
11606841,21.8505859375
11606886,16.7236328125
11611061,17.7001953125
11611443,16.54052734375
11611513,17.4560546875
11617814,18.49365234375
11621095,20.3857421875
11653207,16.66259765625
11667480,15.93017578125
11667529,17.578125
11668766,16.66259765625
11669217,20.69091796875
11669476,17.333984375
11669959,23.49853515625
11670403,16.11328125
11674015,22.0947265625
11674529,16.4794921875
11675086,18.1884765625
11680239,22.5830078125
11697781,17.88330078125
11717635,18.98193359375
11718335,17.63916015625
11718661,19.10400390625
11718863,16.41845703125
11719088,17.7001953125
11728276,16.78466796875
11730646,16.17431640625
11748916,16.29638671875
11749435,21.54541015625
11749847,16.11328125
11749941,16.357421875
11750234,18.310546875
11753825,16.78466796875
11754239,18.00537109375
11754297,18.798828125
11754368,20.08056640625
11776025,17.88330078125
11780347,17.02880859375
11795933,21.6064453125
11796122,17.333984375
11796456,17.51708984375
11796590,18.61572265625
11796905,16.11328125
11797557,17.08984375
11799214,18.00537109375
11799264,17.333984375
11799992,21.6064453125
11802635,16.845703125
11803255,17.88330078125
11803939,17.27294921875
11804396,17.02880859375
11804489,18.798828125
11804809,17.2119140625
11819621,17.2119140625
11820770,16.41845703125
11823063,15.93017578125
11823125,16.90673828125
11824994,17.02880859375
11844996,16.17431640625
11845063,16.05224609375
11853992,16.90673828125
11854478,16.78466796875
11854549,16.9677734375
11855554,17.15087890625
11856083,18.37158203125
11856809,20.08056640625
11858642,17.7001953125
11859133,16.4794921875
11859334,18.1884765625
11860095,17.2119140625
11883486,19.59228515625
11883981,17.08984375
11885554,19.22607421875
11899638,16.2353515625
11903380,16.17431640625
11903447,20.1416015625
11904823,20.3857421875
11905485,19.47021484375
11905736,19.04296875
11916561,20.6298828125
11916606,16.4794921875
11916855,17.822265625
11916938,20.20263671875
11917165,17.822265625
11919238,17.08984375
11921114,19.95849609375
11934873,16.17431640625
11935722,16.7236328125
11936824,19.22607421875
11937009,16.845703125
11937244,16.7236328125
11937324,21.240234375
11937721,18.49365234375
11939827,16.11328125
11953325,16.05224609375
11954338,16.41845703125
11954632,24.35302734375
11954706,18.73779296875
11955266,16.17431640625
11955587,18.61572265625
11956055,17.4560546875
11956200,17.15087890625
11956553,17.4560546875
11971981,15.9912109375
11992499,18.61572265625
11992601,18.00537109375
11993118,18.12744140625
