11999000,0
8999,15.7470703125
9081,28.80859375
9110,16.66259765625
9121,18.4326171875
9169,22.216796875
9242,17.63916015625
9266,15.7470703125
9390,16.4794921875
43569,17.88330078125
44087,17.15087890625
44594,16.66259765625
59101,16.54052734375
59323,16.17431640625
59413,18.06640625
61913,17.7001953125
64093,16.9677734375
66252,15.5029296875
70345,16.66259765625
75428,15.56396484375
85057,16.29638671875
85193,15.7470703125
89078,16.845703125
89103,16.54052734375
89151,17.27294921875
89203,17.333984375
92529,16.66259765625
92668,16.9677734375
92804,17.822265625
96386,16.17431640625
96652,15.56396484375
99497,17.27294921875
99548,16.7236328125
106870,16.17431640625
121293,16.78466796875
124936,16.90673828125
131768,16.845703125
141071,16.7236328125
141272,16.2353515625
152657,16.90673828125
155362,17.08984375
164241,16.4794921875
174459,15.5029296875
184482,16.845703125
184783,19.4091796875
185632,16.7236328125
199557,17.578125
217174,15.80810546875
218877,16.2353515625
228802,16.17431640625
258359,15.68603515625
261102,18.49365234375
261598,15.56396484375
286971,17.51708984375
289359,17.27294921875
342879,15.869140625
342903,25.45166015625
342927,18.310546875
342979,17.63916015625
342994,20.56884765625
386247,17.822265625
386285,15.9912109375
386313,16.2353515625
386362,16.05224609375
386387,17.333984375
386435,16.54052734375
426271,16.4794921875
426619,17.2119140625
426757,17.15087890625
461565,15.68603515625
492633,17.08984375
520802,17.08984375
520871,17.63916015625
520907,16.4794921875
522032,19.59228515625
522366,18.4326171875
565944,16.05224609375
565976,21.42333984375
566033,15.68603515625
566091,15.93017578125
591091,17.27294921875
591131,18.310546875
614176,15.869140625
614212,16.4794921875
614231,17.76123046875
614257,23.49853515625
614276,19.34814453125
614321,19.22607421875
654466,20.44677734375
654656,20.1416015625
683374,17.88330078125
698612,16.66259765625
721860,15.5029296875
744145,15.68603515625
744268,17.88330078125
744289,16.05224609375
744328,16.90673828125
770377,17.02880859375
770562,21.1181640625
771006,16.2353515625
782960,15.80810546875
783050,15.56396484375
812752,16.6015625
812828,16.05224609375
812925,21.728515625
812985,18.73779296875
835219,15.93017578125
854322,16.2353515625
854416,18.49365234375
854567,17.9443359375
877357,17.02880859375
877405,18.5546875
877818,15.93017578125
877949,15.869140625
942473,17.08984375
942597,15.625
942653,21.91162109375
942682,15.93017578125
942756,15.5029296875
962382,17.27294921875
962645,16.29638671875
988128,17.27294921875
988470,16.845703125
988500,16.4794921875
988530,22.0947265625
988558,21.05712890625
988580,16.6015625
988627,16.29638671875
988715,19.34814453125
1019707,15.625
1019976,30.21240234375
1020054,18.6767578125
1020110,19.1650390625
1020174,16.845703125
1058263,15.80810546875
1058306,15.5029296875
1058359,22.76611328125
1058382,15.93017578125
1058445,18.49365234375
1058469,18.798828125
1058493,16.29638671875
1058509,16.845703125
1058592,19.47021484375
1082631,16.05224609375
1082673,25.45166015625
1082755,15.68603515625
1082773,20.56884765625
1083082,15.9912109375
1112843,15.625
1112898,16.6015625
1112947,20.93505859375
1113044,22.5830078125
1113140,26.67236328125
1113240,16.2353515625
1113270,16.78466796875
1113441,17.51708984375
1141380,20.44677734375
1141402,18.85986328125
1141422,24.4140625
1141489,22.0947265625
1141504,16.29638671875
1141550,21.42333984375
1141573,15.56396484375
1141599,16.05224609375
1142394,15.625
1176870,15.625
1199725,16.05224609375
1199792,20.01953125
1199977,15.68603515625
1202021,16.7236328125
1202140,17.2119140625
1205075,17.4560546875
1205099,18.85986328125
1205178,17.76123046875
1205997,17.15087890625
1207697,16.845703125
1207722,17.02880859375
1214548,16.2353515625
1215833,15.56396484375
1218928,15.869140625
1222113,15.869140625
1222154,15.5029296875
1226477,17.578125
1229600,15.9912109375
1235701,15.869140625
1237313,15.68603515625
1246373,18.4326171875
1253535,17.2119140625
1259864,15.56396484375
1263761,15.7470703125
1263898,16.54052734375
1289714,15.869140625
1289846,21.97265625
1299084,16.17431640625
1299147,15.5029296875
1311023,16.4794921875
1313503,16.54052734375
1322373,16.29638671875
1322429,15.625
1322678,15.869140625
1323684,15.7470703125
1388579,20.69091796875
1388600,17.39501953125
1388624,16.6015625
1388639,18.798828125
1388684,29.35791015625
1388768,17.15087890625
1388866,20.20263671875
1388883,20.6298828125
1430462,17.15087890625
1430661,17.02880859375
1430776,15.93017578125
1430802,24.4140625
1430843,15.93017578125
1430867,17.2119140625
1430900,15.5029296875
1431059,17.333984375
1431319,17.15087890625
1467662,15.68603515625
1469505,15.93017578125
1469739,16.41845703125
1473884,16.357421875
1505345,19.6533203125
1506586,16.78466796875
1507409,16.9677734375
1550796,16.29638671875
1550938,18.310546875
1551037,15.7470703125
1573948,16.78466796875
1574011,15.93017578125
1574094,17.51708984375
1605203,18.310546875
1605281,20.20263671875
1605413,16.17431640625
1653496,16.78466796875
1653568,17.27294921875
1653616,15.56396484375
1653649,15.7470703125
1653708,15.625
1653809,17.4560546875
1679463,16.6015625
1679495,16.78466796875
1679514,16.78466796875
1729414,17.7001953125
1729455,16.78466796875
1729621,21.91162109375
1747597,16.54052734375
1751279,19.287109375
1778208,15.7470703125
1778254,15.869140625
1778358,17.15087890625
1778543,16.2353515625
1800294,17.7001953125
1801398,16.29638671875
1822159,15.80810546875
1822589,19.47021484375
1851577,17.7001953125
1851661,16.6015625
1853132,16.41845703125
1880340,15.56396484375
1880388,19.8974609375
1880450,17.2119140625
1897240,19.04296875
1938940,15.93017578125
1938974,16.845703125
1939021,16.2353515625
1953159,15.5029296875
1953936,16.4794921875
1977928,16.845703125
1977941,15.869140625
1978009,27.03857421875
2018846,16.78466796875
2019918,17.333984375
2020046,18.5546875
2031456,17.2119140625
2042321,24.0478515625
2042383,18.6767578125
2043374,15.7470703125
2043532,15.56396484375
2043964,18.24951171875
2044022,16.357421875
2044991,15.80810546875
2047121,15.68603515625
2075155,16.41845703125
2075220,16.9677734375
2075901,16.41845703125
2081717,16.11328125
2084727,18.61572265625
2090511,16.05224609375
2091271,15.56396484375
2099633,16.41845703125
2101968,16.6015625
2102223,15.93017578125
2108899,15.80810546875
2108960,16.845703125
2124589,18.06640625
2124967,17.51708984375
2132909,15.93017578125
2166160,16.05224609375
2166478,18.00537109375
2167169,16.17431640625
2180492,16.29638671875
2182537,15.68603515625
2182839,17.39501953125
2183423,16.4794921875
2196668,17.15087890625
2210394,17.4560546875
2211459,16.17431640625
2211495,15.7470703125
2232131,15.5029296875
2233695,18.798828125
2267705,16.29638671875
2267731,15.68603515625
2267745,23.62060546875
2267755,18.4326171875
2267794,17.2119140625
2267829,18.49365234375
2305273,16.05224609375
2305296,20.1416015625
2305307,18.310546875
2305330,23.193359375
2305340,20.3857421875
2305853,18.00537109375
2349686,16.6015625
2350070,16.845703125
2350189,17.76123046875
2350494,16.2353515625
2388671,16.29638671875
2388983,15.9912109375
2389019,15.68603515625
2389057,15.80810546875
2389090,16.41845703125
2389120,17.822265625
2389457,17.7001953125
2389627,18.61572265625
2391199,16.845703125
2438715,17.333984375
2454902,17.02880859375
2455038,17.9443359375
2455193,15.625
2455464,16.54052734375
2455485,28.564453125
2455508,15.5029296875
2455561,21.42333984375
2508048,16.17431640625
2508183,15.5029296875
2509238,16.4794921875
2509262,21.6064453125
2509281,18.4326171875
2509311,16.29638671875
2509368,15.7470703125
2509411,22.94921875
2509535,17.08984375
2509589,17.15087890625
2510057,15.7470703125
2554699,24.71923828125
2554758,22.216796875
2554807,16.11328125
2597336,21.484375
2597418,15.93017578125
2620627,16.9677734375
2620746,21.484375
2620918,16.845703125
2636273,17.2119140625
2636794,15.625
2640583,16.29638671875
2640604,17.7001953125
2642827,15.7470703125
2681513,17.02880859375
2681569,15.9912109375
2700985,15.7470703125
2701353,16.29638671875
2725294,15.80810546875
2725426,15.56396484375
2725842,16.29638671875
2729605,16.41845703125
2729634,16.41845703125
2729663,16.66259765625
2763878,15.80810546875
2763961,17.15087890625
2764065,19.71435546875
2764107,15.56396484375
2764488,16.357421875
2794777,18.00537109375
2814636,16.05224609375
2817427,16.17431640625
2817751,15.80810546875
2818615,16.17431640625
2820964,15.625
2851874,15.625
2870581,16.66259765625
2870684,15.56396484375
2880577,18.6767578125
2880607,16.9677734375
2880810,20.69091796875
2895896,16.11328125
2908243,16.05224609375
2908530,18.12744140625
2921085,17.822265625
2946651,21.240234375
2947579,15.869140625
2975069,15.56396484375
2975132,21.66748046875
2975143,26.67236328125
2975163,18.37158203125
2975206,16.90673828125
2975228,15.625
3020896,17.27294921875
3020943,15.7470703125
3022468,15.625
3084409,17.2119140625
3084479,18.5546875
3107401,15.625
3107453,17.63916015625
3123372,16.29638671875
3123407,16.78466796875
3123501,20.69091796875
3123512,16.78466796875
3123563,16.2353515625
3123607,16.17431640625
3123653,18.06640625
3163809,18.00537109375
3163884,21.1181640625
3164006,18.310546875
3164050,23.0712890625
3164092,17.4560546875
3164126,19.4091796875
3192496,15.5029296875
3192550,16.05224609375
3192652,17.2119140625
3206859,17.7001953125
3209799,16.54052734375
3210201,15.5029296875
3211458,16.78466796875
3235048,19.04296875
3237474,18.24951171875
3237569,19.10400390625
3239788,16.54052734375
3249888,16.66259765625
3256059,17.88330078125
3265019,16.7236328125
3265385,15.93017578125
3266203,15.7470703125
3269876,16.05224609375
3269914,16.29638671875
3279393,16.66259765625
3279434,16.845703125
3285455,16.05224609375
3293376,18.310546875
3293647,17.27294921875
3310401,15.68603515625
3317521,16.05224609375
3342292,18.798828125
3354637,15.9912109375
3354753,19.4091796875
3355583,16.78466796875
3377672,18.73779296875
3416673,15.625
3416687,29.60205078125
3416764,18.9208984375
3469732,15.869140625
3469816,15.5029296875
3469890,15.93017578125
3470199,20.3857421875
3470229,16.2353515625
3470245,22.94921875
3470271,22.64404296875
3470291,16.29638671875
3470303,16.6015625
3470374,16.05224609375
3493702,15.56396484375
3525884,22.03369140625
3525901,17.578125
3526609,18.61572265625
3526633,18.798828125
3526673,18.06640625
3565521,16.4794921875
3565620,17.9443359375
3567276,16.54052734375
3569540,16.90673828125
3605601,16.17431640625
3606524,17.51708984375
3606649,15.68603515625
3606692,17.08984375
3606964,17.15087890625
3607041,22.39990234375
3636518,19.59228515625
3640710,17.15087890625
3678100,16.11328125
3680009,17.2119140625
3680025,17.7001953125
3680085,15.869140625
3680108,16.29638671875
3732790,15.93017578125
3755476,15.869140625
3755636,16.78466796875
3757133,17.39501953125
3757155,19.83642578125
3757167,17.51708984375
3757194,19.287109375
3757238,22.27783203125
3757263,18.1884765625
3757301,17.7001953125
3757377,26.42822265625
3791638,18.4326171875
3791665,16.357421875
3837141,16.9677734375
3837249,18.73779296875
3856706,16.9677734375
3856796,16.4794921875
3856905,16.78466796875
3877074,19.83642578125
3877103,20.01953125
3877136,16.29638671875
3877447,15.68603515625
3877460,27.7099609375
3877476,18.06640625
3877494,18.00537109375
3877522,17.63916015625
3877604,20.1416015625
3910193,15.5029296875
3930949,15.80810546875
3930987,15.625
3931066,15.93017578125
3931187,15.9912109375
3953345,23.49853515625
3972802,17.822265625
3972934,15.7470703125
4032033,17.02880859375
4047956,15.56396484375
4048041,16.357421875
4048339,16.17431640625
4050812,16.29638671875
4095650,16.54052734375
4095700,18.9208984375
4095728,18.06640625
4095835,16.7236328125
4096050,24.169921875
4096121,18.4326171875
4131378,16.845703125
4131391,17.2119140625
4131455,15.56396484375
4131499,17.9443359375
4172500,18.73779296875
4196202,15.5029296875
4210596,17.333984375
4210614,17.9443359375
4210651,15.9912109375
4213664,15.7470703125
4218722,15.5029296875
4218740,16.54052734375
4230126,15.7470703125
4235917,18.49365234375
4236378,16.29638671875
4244207,18.1884765625
4250408,15.56396484375
4254229,16.41845703125
4272411,15.625
4272446,15.5029296875
4276025,17.02880859375
4284348,16.90673828125
4295518,16.845703125
4296948,15.5029296875
4311896,15.625
4330170,16.54052734375
4330199,16.54052734375
4381655,15.869140625
4381775,40.1611328125
4381800,20.5078125
4381812,17.15087890625
4381906,16.90673828125
4382598,16.11328125
4428272,20.99609375
4428383,25.634765625
4428396,16.29638671875
4428421,21.05712890625
4428492,18.00537109375
4428527,17.02880859375
4465643,21.66748046875
4465679,16.66259765625
4465741,19.83642578125
4505431,17.15087890625
4539234,18.73779296875
4539255,16.7236328125
4539281,16.17431640625
4540531,18.798828125
4540574,16.2353515625
4564886,16.4794921875
4565559,17.2119140625
4565594,19.04296875
4597422,18.798828125
4639802,21.3623046875
4683712,16.11328125
4683805,16.7236328125
4708531,17.578125
4708559,17.51708984375
4710799,16.6015625
4714745,15.68603515625
4714821,16.11328125
4752372,16.29638671875
4753427,22.0947265625
4757779,15.56396484375
4771647,17.333984375
4771698,19.1650390625
4787273,17.822265625
4787463,16.05224609375
4789748,15.5029296875
4831416,20.81298828125
4831644,15.80810546875
4854898,18.798828125
4855047,16.05224609375
4855058,20.5078125
4855109,16.54052734375
4872389,16.2353515625
4899016,22.52197265625
4899105,16.78466796875
4923630,15.7470703125
4924225,15.5029296875
4961189,16.90673828125
4961332,23.4375
4985744,16.29638671875
4985856,16.90673828125
4999487,16.4794921875
4999579,16.2353515625
5023582,20.93505859375
5023605,26.3671875
5023633,21.728515625
5023669,16.6015625
5023690,17.2119140625
5023705,18.49365234375
5023911,15.7470703125
5057853,16.90673828125
5057949,21.42333984375
5057959,25.7568359375
5057984,16.41845703125
5058007,24.4140625
5058023,15.5029296875
5096688,16.2353515625
5096726,17.9443359375
5096741,16.90673828125
5096769,21.05712890625
5096813,26.85546875
5096941,19.22607421875
5097258,18.49365234375
5097368,18.1884765625
5097606,15.869140625
5097880,17.02880859375
5143823,16.90673828125
5143907,17.333984375
5143931,18.5546875
5143947,15.9912109375
5143996,18.5546875
5144032,24.169921875
5144063,15.80810546875
5144086,16.357421875
5144502,16.11328125
5171742,15.80810546875
5171785,15.80810546875
5171799,20.751953125
5171895,17.7001953125
5171947,20.20263671875
5171963,15.869140625
5172023,17.578125
5172039,19.8974609375
5172110,16.357421875
5172426,22.4609375
5172919,15.80810546875
5192544,16.11328125
5194054,19.22607421875
5194067,23.13232421875
5194125,18.1884765625
5194147,20.1416015625
5194192,21.66748046875
5194219,22.4609375
5194302,17.2119140625
5241913,17.9443359375
5241940,23.49853515625
5241971,19.95849609375
5242016,16.41845703125
5242027,20.08056640625
5242063,15.869140625
5242081,15.869140625
5282919,17.333984375
5282951,18.4326171875
5282979,16.6015625
5283049,21.240234375
5283065,19.1650390625
5283080,19.6533203125
5283101,16.66259765625
5283211,15.7470703125
5283661,16.7236328125
5315146,19.53125
5315177,16.90673828125
5315226,20.8740234375
5315238,15.56396484375
5315279,17.4560546875
5315344,17.578125
5315370,16.6015625
5315853,18.49365234375
5316270,15.9912109375
5335850,16.845703125
5336690,22.0947265625
5336741,17.333984375
5336774,15.7470703125
5336839,16.29638671875
5336959,15.9912109375
5337433,15.68603515625
5373495,16.78466796875
5373912,15.80810546875
5374169,15.869140625
5401579,15.869140625
5401684,16.6015625
5401799,21.54541015625
5401809,26.55029296875
5401874,17.02880859375
5401906,23.49853515625
5401922,18.73779296875
5401987,17.27294921875
5402011,18.1884765625
5402081,19.34814453125
5434472,15.9912109375
5434506,15.56396484375
5434564,15.5029296875
5434596,19.34814453125
5434637,16.90673828125
5434672,16.7236328125
5434808,22.3388671875
5434897,17.08984375
5465876,17.333984375
5465921,17.822265625
5466083,16.05224609375
5491209,19.775390625
5491317,16.29638671875
5491513,17.27294921875
5514471,18.85986328125
5514529,20.3857421875
5514604,18.85986328125
5514623,27.2216796875
5514669,15.68603515625
5514741,19.59228515625
5538293,17.39501953125
5565439,16.29638671875
5568325,15.5029296875
5568453,19.04296875
5574132,16.66259765625
5574198,15.80810546875
5579501,15.5029296875
5579951,17.578125
5581583,15.80810546875
5631134,19.47021484375
5632235,16.845703125
5632489,17.39501953125
5632550,17.4560546875
5632833,20.32470703125
5632860,16.7236328125
5632890,18.6767578125
5632955,19.34814453125
5668958,15.5029296875
5669013,15.56396484375
5669073,15.7470703125
5669300,18.24951171875
5669355,15.5029296875
5669366,20.56884765625
5704029,17.39501953125
5704086,15.68603515625
5704332,16.54052734375
5724865,15.9912109375
5726464,18.06640625
5727169,15.5029296875
5727292,16.90673828125
5731813,17.333984375
5732406,17.7001953125
5735387,15.93017578125
5742705,15.93017578125
5744680,20.751953125
5746054,16.41845703125
5748762,16.05224609375
5752241,16.9677734375
5752512,15.93017578125
5755372,17.63916015625
5755437,15.625
5758764,16.17431640625
5762538,15.5029296875
5771387,17.08984375
5774382,16.6015625
5787194,18.06640625
5796575,15.9912109375
5797825,16.11328125
5801910,16.357421875
5807540,15.625
5821783,15.869140625
5837799,16.6015625
5838314,16.90673828125
5887636,16.2353515625
5888670,16.05224609375
5932249,16.41845703125
5932698,20.44677734375
5932714,21.97265625
5932751,15.5029296875
5932777,16.66259765625
5933260,15.7470703125
5971015,15.93017578125
5971175,15.869140625
5988567,18.4326171875
5988630,16.17431640625
5988662,19.83642578125
6028528,16.11328125
6028571,15.869140625
6028589,17.822265625
6028623,20.32470703125
6028664,17.63916015625
6028759,16.845703125
6028770,18.24951171875
6058087,15.68603515625
6058154,16.78466796875
6058176,15.7470703125
6058221,16.845703125
6087312,16.6015625
6087367,20.99609375
6109959,18.49365234375
6110048,20.1416015625
6143815,16.05224609375
6173942,15.80810546875
6173973,18.6767578125
6174002,15.56396484375
6190570,20.751953125
6200535,15.5029296875
6222881,15.68603515625
6222911,16.9677734375
6222993,19.59228515625
6223011,16.9677734375
6223035,17.822265625
6251299,15.625
6251382,16.11328125
6269266,17.9443359375
6269317,16.7236328125
6269340,23.98681640625
6269354,19.53125
6269402,17.15087890625
6269423,16.4794921875
6269481,17.27294921875
6294468,18.5546875
6294527,16.66259765625
6295157,15.93017578125
6319951,16.17431640625
6344444,18.24951171875
6344514,16.7236328125
6371367,17.88330078125
6371442,16.54052734375
6371478,15.68603515625
6371593,15.80810546875
6371662,16.17431640625
6420655,16.41845703125
6424157,15.9912109375
6441004,16.17431640625
6469834,17.51708984375
6471250,15.5029296875
6471444,15.7470703125
6473362,15.68603515625
6474107,15.80810546875
6517310,15.7470703125
6518821,16.2353515625
6529399,17.39501953125
6529419,16.6015625
6530379,16.7236328125
6530410,17.27294921875
6530463,15.68603515625
6530506,18.9208984375
6558068,15.7470703125
6558100,21.484375
6558177,20.6298828125
6566203,18.73779296875
6585550,15.625
6585633,17.2119140625
6587026,17.51708984375
6587046,15.56396484375
6588054,15.68603515625
6601127,16.17431640625
6601199,15.80810546875
6601233,24.4140625
6602167,20.93505859375
6602309,17.51708984375
6620130,15.625
6633602,15.9912109375
6633664,20.01953125
6643616,15.625
6643633,15.9912109375
6643657,17.333984375
6643764,19.8974609375
6645102,16.4794921875
6645120,15.869140625
6645167,15.80810546875
6677271,17.15087890625
6691790,17.2119140625
6691868,20.5078125
6691895,20.20263671875
6692015,20.8740234375
6692030,16.11328125
6692241,17.02880859375
6713752,15.9912109375
6713836,21.6064453125
6715654,18.37158203125
6715747,16.6015625
6717461,15.5029296875
6717513,16.78466796875
6720024,16.6015625
6721447,16.357421875
6735131,18.73779296875
6744021,15.9912109375
6744288,15.93017578125
6748478,16.17431640625
6749956,16.845703125
6750026,17.333984375
6754294,20.8740234375
6758829,17.7001953125
6765372,16.41845703125
6771844,19.8974609375
6776830,17.88330078125
6777019,15.625
6785922,15.9912109375
6804316,17.9443359375
6805805,15.56396484375
6806095,15.869140625
6822581,18.5546875
6822860,15.869140625
6840560,15.93017578125
6841751,15.9912109375
6860193,16.54052734375
6878405,15.625
6880473,18.49365234375
6943707,16.29638671875
6943745,16.41845703125
6943785,27.28271484375
6943901,15.7470703125
6943940,17.2119140625
6944076,17.15087890625
6995771,15.7470703125
6995810,17.39501953125
6995828,25.45166015625
6995851,15.9912109375
6995865,17.9443359375
6996212,16.11328125
7044438,16.29638671875
7044500,16.66259765625
7045756,16.11328125
7045978,16.90673828125
7046085,18.5546875
7046135,16.90673828125
7046158,16.41845703125
7046192,17.88330078125
7046218,16.6015625
7088604,16.357421875
7089397,16.7236328125
7089426,15.869140625
7111113,17.333984375
7111232,15.9912109375
7111308,16.90673828125
7111331,19.83642578125
7111342,19.22607421875
7111374,15.68603515625
7111400,17.15087890625
7111459,15.68603515625
7145599,19.95849609375
7145648,15.68603515625
7146484,17.88330078125
7146567,21.54541015625
7146629,16.05224609375
7146685,17.08984375
7146812,18.00537109375
7184232,21.91162109375
7184271,15.56396484375
7184356,15.56396484375
7184396,19.47021484375
7184463,17.7001953125
7232551,17.76123046875
7232664,16.357421875
7236750,15.5029296875
7237338,16.17431640625
7237698,20.3857421875
7237751,17.76123046875
7237771,16.6015625
7237825,16.29638671875
7237900,18.6767578125
7281725,15.68603515625
7281744,19.10400390625
7297772,19.10400390625
7297809,17.7001953125
7297923,17.63916015625
7297971,15.80810546875
7298088,15.7470703125
7327380,18.00537109375
7327411,17.15087890625
7328725,15.93017578125
7328768,15.5029296875
7328987,19.34814453125
7354859,16.7236328125
7355052,18.37158203125
7355076,16.9677734375
7355088,30.6396484375
7355144,27.40478515625
7355201,15.869140625
7391971,15.93017578125
7391985,21.42333984375
7391995,19.22607421875
7392027,15.5029296875
7392059,16.9677734375
7392168,16.4794921875
7432724,16.90673828125
7432752,15.7470703125
7432848,16.845703125
7432910,27.83203125
7432934,18.6767578125
7432995,18.98193359375
7468606,16.357421875
7468620,15.625
7491589,23.681640625
7491626,18.98193359375
7491650,20.6298828125
7491682,21.30126953125
7491730,15.68603515625
7523403,16.29638671875
7523493,18.37158203125
7541235,20.20263671875
7543252,18.4326171875
7543502,18.798828125
7544849,15.80810546875
7549273,16.11328125
7553050,16.66259765625
7553554,16.17431640625
7555581,16.845703125
7590833,16.4794921875
7613846,15.9912109375
7613899,16.357421875
7613920,18.1884765625
7613945,17.27294921875
7646973,15.5029296875
7647085,15.56396484375
7647104,20.1416015625
7647193,25.0244140625
7647226,17.51708984375
7663785,16.357421875
7663812,16.11328125
7663892,20.3857421875
7663915,16.2353515625
7691856,18.49365234375
7691900,16.11328125
7691932,16.05224609375
7691942,22.4609375
7691967,16.7236328125
7715411,15.5029296875
7746770,16.2353515625
7746787,25.87890625
7746830,16.54052734375
7746873,18.85986328125
7773908,21.17919921875
7773947,16.05224609375
7773977,16.7236328125
7774016,19.4091796875
7774035,16.7236328125
7798321,16.11328125
7798333,23.86474609375
7798375,15.68603515625
7798401,16.41845703125
7798822,15.869140625
7824668,15.625
7825717,16.845703125
7825893,16.29638671875
7835977,19.10400390625
7857038,17.333984375
7869184,19.1650390625
7869279,15.7470703125
7869466,16.4794921875
7872072,15.7470703125
7872109,18.85986328125
7872161,20.08056640625
7872179,17.578125
7906208,15.56396484375
7927834,18.24951171875
7931794,15.5029296875
7933840,15.5029296875
7935094,16.357421875
7946252,23.25439453125
7946309,16.2353515625
7951422,16.2353515625
7957316,15.56396484375
7957403,15.93017578125
7965388,16.6015625
7974376,17.88330078125
7974404,18.24951171875
7975904,19.83642578125
7984851,15.869140625
7987957,16.05224609375
7998615,19.53125
8001685,18.5546875
8001723,15.68603515625
8015596,15.9912109375
8015657,17.08984375
8016220,15.56396484375
8031269,15.869140625
8103391,18.37158203125
8103514,15.80810546875
8103536,27.64892578125
8103572,18.798828125
8103641,18.49365234375
8103711,17.9443359375
8139436,15.68603515625
8139482,18.310546875
8139533,16.2353515625
8139554,18.12744140625
8139600,16.41845703125
8139649,23.193359375
8139705,20.3857421875
8139762,15.869140625
8178022,16.41845703125
8182235,18.49365234375
8182592,18.9208984375
8182941,16.2353515625
8272450,16.7236328125
8296785,16.11328125
8296957,16.11328125
8335667,16.17431640625
8366501,16.54052734375
8366532,16.29638671875
8386626,15.869140625
8416242,18.24951171875
8467101,16.66259765625
8493502,16.9677734375
8524091,15.9912109375
8524197,17.4560546875
8524227,25.45166015625
8524264,21.05712890625
8524503,17.08984375
8567036,16.90673828125
8567080,17.51708984375
8567238,24.2919921875
8567295,16.2353515625
8567333,22.705078125
8567697,19.287109375
8601223,16.29638671875
8601281,20.8740234375
8601336,15.68603515625
8601470,22.0947265625
8601539,23.49853515625
8601573,20.81298828125
8601606,16.17431640625
8601650,23.8037109375
8637990,15.80810546875
8638057,17.578125
8638184,17.822265625
8638358,19.22607421875
8672836,17.578125
8673105,17.08984375
8673117,16.66259765625
8673147,19.6533203125
8673225,17.333984375
8673294,16.2353515625
8696340,17.39501953125
8719313,17.9443359375
8719337,20.8740234375
8719350,16.05224609375
8719409,18.24951171875
8719428,22.15576171875
8719484,17.02880859375
8719539,16.66259765625
8750465,15.625
8771669,18.37158203125
8771702,19.47021484375
8771725,20.1416015625
8771749,16.845703125
8772108,15.68603515625
8796301,15.56396484375
8796446,17.63916015625
8796535,18.85986328125
8796556,16.4794921875
8796589,20.5078125
8822975,15.93017578125
8823055,17.333984375
8823186,16.66259765625
8823344,15.7470703125
8844780,15.5029296875
8844920,32.89794921875
8844949,19.47021484375
8844972,19.83642578125
8845108,16.4794921875
8880464,16.78466796875
8899268,15.9912109375
8900179,15.68603515625
8924358,16.2353515625
8924414,18.6767578125
8925129,15.93017578125
8928213,16.845703125
8928281,17.333984375
8931572,15.80810546875
8934266,17.15087890625
8934313,16.2353515625
8936600,16.11328125
8937994,17.27294921875
8938060,16.78466796875
8940704,16.9677734375
8943310,15.625
8944368,17.4560546875
8944685,15.56396484375
8946816,17.7001953125
8946845,16.11328125
8946920,17.15087890625
8949560,16.29638671875
8950770,16.9677734375
8953175,17.63916015625
8953379,15.68603515625
8953419,15.68603515625
8957710,17.15087890625
8957839,15.9912109375
8961912,16.78466796875
8968335,20.08056640625
8973473,16.05224609375
8977873,15.5029296875
8985749,17.39501953125
8985810,16.41845703125
8986292,15.93017578125
8989300,16.11328125
8989390,15.625
8998692,16.11328125
8998723,16.90673828125
9012123,15.5029296875
9012363,16.41845703125
9013306,16.05224609375
9020586,17.333984375
9028784,16.17431640625
9036648,18.00537109375
9044707,15.9912109375
9051740,17.7001953125
9057675,16.05224609375
9066109,18.12744140625
9077149,16.845703125
9077227,19.34814453125
9090431,16.357421875
9091968,19.71435546875
9092688,16.11328125
9149031,16.78466796875
9149047,16.357421875
9149100,20.56884765625
9149215,16.41845703125
9194498,17.2119140625
9194522,16.7236328125
9194638,18.06640625
9208306,21.3623046875
9208343,19.4091796875
9208373,16.17431640625
9208404,19.47021484375
9208468,17.39501953125
9251606,18.9208984375
9251652,18.12744140625
9251677,26.42822265625
9251706,19.10400390625
9251731,15.93017578125
9251748,18.1884765625
9251804,16.05224609375
9251817,16.90673828125
9252426,15.56396484375
9293467,16.29638671875
9293549,16.66259765625
9316533,16.2353515625
9316570,15.869140625
9316624,15.7470703125
9333916,16.54052734375
9360772,18.798828125
9360930,15.5029296875
9361142,17.51708984375
9361178,21.78955078125
9397638,16.54052734375
9399179,16.2353515625
9400069,15.80810546875
9435575,16.54052734375
9435629,17.2119140625
9435729,15.7470703125
9435762,17.333984375
9462262,17.63916015625
9462301,17.9443359375
9462664,15.625
9493057,15.625
9493089,21.17919921875
9508727,18.73779296875
9508827,16.17431640625
9508860,16.6015625
9510329,20.69091796875
9512393,15.625
9512492,16.41845703125
9512599,16.7236328125
9515731,15.93017578125
9554333,17.88330078125
9554377,17.63916015625
9554539,16.66259765625
9554599,15.7470703125
9584174,17.7001953125
9584199,16.2353515625
9584244,19.04296875
9584259,15.56396484375
9593433,17.4560546875
9593589,16.17431640625
9633629,16.29638671875
9634645,16.11328125
9662645,15.56396484375
9662937,15.869140625
9691100,15.80810546875
9691129,15.625
9691201,20.3857421875
9691524,15.56396484375
9718040,15.869140625
9746319,15.93017578125
9746379,17.7001953125
9777590,15.5029296875
9777620,18.85986328125
9777874,19.04296875
9799843,16.9677734375
9799869,18.37158203125
9799889,16.6015625
9799912,18.61572265625
9799993,15.869140625
9823038,17.02880859375
9824576,21.3623046875
9844844,17.08984375
9873761,16.90673828125
9874171,17.2119140625
9874187,20.01953125
9874250,20.8740234375
9912194,16.17431640625
9921248,15.56396484375
9921305,20.751953125
9921363,19.34814453125
9943703,17.7001953125
9961355,18.6767578125
9961419,16.78466796875
9961484,18.73779296875
9961504,17.333984375
9961518,22.88818359375
9961566,18.61572265625
9961590,22.76611328125
9962465,15.56396484375
9996345,22.94921875
9996376,21.54541015625
9996399,16.6015625
9996436,18.12744140625
10024361,16.4794921875
10024380,17.578125
10024409,17.578125
10024471,19.6533203125
10024555,16.17431640625
10024577,22.94921875
10024603,23.92578125
10024694,28.6865234375
10024734,17.15087890625
10043811,15.7470703125
10043930,16.29638671875
10045100,15.7470703125
10068572,20.44677734375
10068587,16.7236328125
10068613,15.68603515625
10068644,27.4658203125
10068733,15.80810546875
10068744,18.5546875
10068793,15.5029296875
10099103,16.29638671875
10099113,22.64404296875
10099199,21.30126953125
10099213,17.578125
10099235,17.7001953125
10099248,23.62060546875
10099279,15.9912109375
10099339,16.2353515625
10135119,16.357421875
10135196,19.8974609375
10135246,15.80810546875
10135278,16.845703125
10135312,17.51708984375
10157350,16.9677734375
10157377,15.9912109375
10157420,16.41845703125
10157435,17.333984375
10157485,23.0712890625
10157579,18.5546875
10157602,23.193359375
10157754,19.22607421875
10185179,16.78466796875
10185207,25.45166015625
10185232,16.41845703125
10185294,15.625
10185746,16.7236328125
10187202,17.15087890625
10212368,15.68603515625
10212476,17.2119140625
10212762,16.29638671875
10212936,15.625
10236309,28.50341796875
10236344,17.63916015625
10236379,16.6015625
10236920,15.625
10238156,15.93017578125
10238400,15.869140625
10240605,19.59228515625
10249658,16.4794921875
10253173,15.93017578125
10253421,15.93017578125
10259535,15.56396484375
10262425,16.2353515625
10262464,18.6767578125
10270062,15.869140625
10270166,16.05224609375
10270289,16.54052734375
10271712,15.93017578125
10271835,17.27294921875
10276210,17.9443359375
10276243,16.845703125
10278357,15.869140625
10278385,18.73779296875
10283407,15.93017578125
10283440,16.2353515625
10283468,16.17431640625
10283499,16.05224609375
10292805,15.68603515625
10297168,16.17431640625
10307672,19.47021484375
10309665,16.66259765625
10310175,18.61572265625
10317708,15.93017578125
10331686,15.5029296875
10345949,15.869140625
10353215,16.41845703125
10359479,16.41845703125
10359510,15.93017578125
10369624,15.5029296875
10386201,15.68603515625
10396029,15.80810546875
10425601,19.59228515625
10426653,16.41845703125
10471712,16.6015625
10471788,18.49365234375
10471807,22.15576171875
10471836,20.44677734375
10471865,23.98681640625
10517278,15.5029296875
10517307,17.76123046875
10552611,16.29638671875
10552649,15.7470703125
10552671,19.10400390625
10552696,16.78466796875
10552710,16.7236328125
10552753,18.00537109375
10589239,16.54052734375
10589269,16.05224609375
10590701,16.05224609375
10609869,17.76123046875
10609908,18.85986328125
10640917,15.56396484375
10640975,15.68603515625
10642620,16.2353515625
10675348,16.78466796875
10697775,15.625
10697840,16.845703125
10697865,17.27294921875
10714736,17.9443359375
10742296,16.66259765625
10768217,17.9443359375
10768308,17.02880859375
10768321,15.56396484375
10768408,18.61572265625
10790884,16.17431640625
10790915,18.61572265625
10790926,15.869140625
10792101,15.5029296875
10824937,16.11328125
10825088,22.3388671875
10825191,17.51708984375
10844982,16.845703125
10845094,16.9677734375
10845107,25.2685546875
10845250,16.11328125
10845270,16.05224609375
10864664,24.5361328125
10864675,17.27294921875
10864703,16.2353515625
10864733,16.4794921875
10864908,15.9912109375
10918082,17.333984375
10919070,17.08984375
10934977,17.08984375
10950447,16.6015625
10950491,16.90673828125
10950538,24.0478515625
10950568,16.7236328125
10968621,19.22607421875
10968651,24.4140625
10968677,20.08056640625
10968728,16.2353515625
10987463,18.00537109375
11024886,16.357421875
11024902,18.12744140625
11024938,17.2119140625
11024951,26.42822265625
11025044,19.59228515625
11025114,18.24951171875
11025134,22.4609375
11056215,15.80810546875
11056238,17.15087890625
11057778,15.93017578125
11057842,15.7470703125
11058956,15.5029296875
11079224,16.54052734375
11079278,21.484375
11079345,19.47021484375
11079426,16.17431640625
11079686,17.7001953125
11088154,16.17431640625
11088216,15.93017578125
11088231,16.357421875
11088470,15.56396484375
11093517,15.93017578125
11094073,17.27294921875
11137829,18.1884765625
11137876,17.08984375
11137901,20.44677734375
11137946,18.73779296875
11137975,17.15087890625
11138005,19.22607421875
11138030,25.45166015625
11138090,19.10400390625
11138222,21.78955078125
11138514,15.56396484375
11161363,16.29638671875
11161396,15.625
11161531,16.41845703125
11162833,16.05224609375
11162899,16.6015625
11164291,16.17431640625
11182815,17.08984375
11182909,15.625
11189018,18.06640625
11189220,15.68603515625
11193552,15.869140625
11193933,16.41845703125
11202823,15.9912109375
11209499,16.7236328125
11209603,18.37158203125
11210754,16.54052734375
11210835,16.66259765625
11217069,15.869140625
11230623,15.7470703125
11235589,15.80810546875
11235619,19.8974609375
11257592,15.56396484375
11257655,15.7470703125
11279171,18.24951171875
11279202,15.5029296875
11345965,18.49365234375
11378404,16.4794921875
11378429,17.39501953125
11378508,16.05224609375
11379471,16.66259765625
11379624,17.15087890625
11409073,15.7470703125
11409284,17.02880859375
11409297,27.89306640625
11409428,15.869140625
11445320,21.42333984375
11445348,16.17431640625
11445378,22.64404296875
11445421,23.98681640625
11445444,19.95849609375
11445460,24.2919921875
11445486,15.9912109375
11445499,16.05224609375
11445594,15.869140625
11505233,15.5029296875
11505264,15.5029296875
11505278,16.66259765625
11505333,16.357421875
11507039,16.4794921875
11507313,16.357421875
11533592,15.56396484375
11535059,16.66259765625
11572488,18.4326171875
11572515,22.3388671875
11572567,17.88330078125
11572590,17.7001953125
11572623,18.06640625
11611081,17.63916015625
11611128,17.76123046875
11611142,16.9677734375
11611449,16.845703125
11611484,24.47509765625
11611527,16.7236328125
11611541,16.7236328125
11611556,16.6015625
11611588,23.74267578125
11611621,19.47021484375
11653254,20.20263671875
11653283,18.98193359375
11653348,19.10400390625
11653380,21.17919921875
11653429,16.845703125
11653480,24.0478515625
11653531,15.68603515625
11653607,17.63916015625
11653700,16.05224609375
11674069,18.37158203125
11674260,22.705078125
11674548,17.4560546875
11674634,18.49365234375
11674653,18.00537109375
11674758,18.61572265625
11719314,23.8037109375
11719392,23.3154296875
11719514,16.29638671875
11752975,16.29638671875
11754073,15.93017578125
11754192,15.80810546875
11754262,18.24951171875
11754311,15.625
11754344,21.484375
11754390,15.5029296875
11754404,18.4326171875
11754510,22.705078125
11754801,21.91162109375
11796257,16.29638671875
11796289,17.76123046875
11796373,26.79443359375
11804575,16.29638671875
11804694,17.88330078125
11804741,15.56396484375
11804769,19.47021484375
11804888,16.11328125
11804912,15.869140625
11805173,16.11328125
11854525,15.9912109375
11856303,16.6015625
11881274,16.7236328125
11881309,15.56396484375
11903467,15.80810546875
11903513,18.24951171875
11903539,15.625
11916541,16.4794921875
11916703,17.15087890625
11916941,17.578125
11917438,16.2353515625
11935423,17.4560546875
11935454,15.68603515625
11937695,16.66259765625
11955657,16.11328125
11978339,16.54052734375
11978422,16.54052734375
11978510,16.845703125
11978522,18.61572265625
11978815,16.2353515625
11978863,17.578125
