11999000,0
37294,31.73828125
37616,30.6396484375
37879,34.1796875
71667,31.06689453125
132920,31.1279296875
133255,31.005859375
133334,42.6025390625
133387,33.203125
133534,38.330078125
133600,38.330078125
134353,30.76171875
267248,34.0576171875
267403,31.3720703125
267682,33.75244140625
267720,31.43310546875
268078,30.33447265625
302595,35.58349609375
356151,33.75244140625
356172,36.43798828125
356255,30.57861328125
356435,31.79931640625
357464,31.494140625
357746,32.470703125
422971,31.55517578125
423091,37.41455078125
423104,33.935546875
423168,31.73828125
423253,34.36279296875
423273,33.99658203125
423374,32.1044921875
423395,36.19384765625
424369,30.1513671875
424688,31.6162109375
425410,35.5224609375
474432,30.1513671875
474477,32.3486328125
474585,31.005859375
474678,36.31591796875
475144,39.1845703125
518569,33.5693359375
621897,30.82275390625
621972,38.26904296875
622486,32.1044921875
622843,31.06689453125
661116,36.62109375
661258,30.09033203125
759424,30.2734375
760268,30.57861328125
809112,32.77587890625
809197,31.005859375
809475,30.2734375
809944,32.40966796875
810161,31.06689453125
872291,31.92138671875
872405,38.0859375
872557,31.43310546875
872687,30.45654296875
873206,34.423828125
954375,30.57861328125
954453,32.77587890625
954552,34.24072265625
954599,33.5693359375
1003061,31.3720703125
1003249,33.38623046875
1004518,30.33447265625
1034735,32.1044921875
1034780,32.5927734375
1035038,31.6162109375
1074210,32.470703125
1131909,30.57861328125
1680455,31.06689453125
1680478,31.3720703125
1680557,30.94482421875
1680752,32.71484375
1783782,34.36279296875
1784149,31.8603515625
1784205,30.2734375
1786110,30.09033203125
2213787,30.94482421875
2213867,30.21240234375
2213971,30.8837890625
2214155,32.40966796875
2215862,33.87451171875
2241109,39.4287109375
2241397,30.2734375
2241470,31.55517578125
2241533,35.64453125
2467099,30.517578125
2467291,38.6962890625
2467329,32.04345703125
2467380,31.55517578125
2467554,30.2734375
2537749,39.6728515625
2537826,34.423828125
2537914,34.912109375
2537971,40.46630859375
2538270,33.14208984375
2604977,32.40966796875
2605071,33.447265625
2605180,34.7900390625
2605752,31.8603515625
2605990,30.517578125
2740021,36.56005859375
2740201,30.57861328125
2740251,32.40966796875
2740441,32.89794921875
2814893,30.3955078125
2815124,31.06689453125
2896346,30.45654296875
2896436,30.45654296875
2898623,39.12353515625
2981907,30.45654296875
2981942,34.0576171875
2983557,35.09521484375
3054903,31.31103515625
3128390,33.3251953125
3128541,30.8837890625
3202474,30.2734375
3292683,31.6162109375
3293002,36.56005859375
3293114,30.21240234375
3374629,31.31103515625
3374930,32.958984375
3375119,31.43310546875
3376594,31.18896484375
3693602,30.1513671875
3693922,30.94482421875
3693940,31.6162109375
3694114,31.18896484375
3792189,31.79931640625
3794496,30.1513671875
3905342,31.25
3905470,30.3955078125
3905698,31.18896484375
3906779,31.06689453125
3985260,31.005859375
4118555,32.8369140625
4184298,31.1279296875
4422963,34.5458984375
4423152,33.26416015625
4423237,30.33447265625
4423417,30.82275390625
4617466,34.3017578125
4618335,32.8369140625
5025540,33.935546875
5025616,31.982421875
5025823,30.2734375
5271272,32.04345703125
5563150,30.2734375
5563208,30.517578125
5563504,31.18896484375
5563548,30.2734375
5563838,32.40966796875
5564613,30.6396484375
5656753,31.8603515625
5656893,31.1279296875
5974277,30.45654296875
6214064,35.09521484375
6214319,33.26416015625
6215842,30.3955078125
6490817,30.517578125
6491097,31.73828125
6707930,30.21240234375
6707969,32.28759765625
6804730,30.82275390625
6804751,31.31103515625
6873441,30.517578125
7112942,31.3720703125
7164069,31.79931640625
7229560,30.09033203125
7731778,30.3955078125
7732283,32.958984375
7911437,33.0810546875
8031271,30.70068359375
8031392,32.40966796875
8156317,34.24072265625
8645431,30.6396484375
8645978,30.3955078125
8848052,31.73828125
8970046,30.8837890625
9174587,31.43310546875
9174981,31.1279296875
9561586,30.6396484375
10268408,30.09033203125
10592603,32.2265625
11285219,30.517578125
