11999000,0
36945,31.8603515625
37043,33.5693359375
37119,31.43310546875
37197,35.33935546875
37380,31.92138671875
37471,31.31103515625
37619,31.982421875
37684,36.56005859375
37899,30.76171875
38541,40.95458984375
71219,38.51318359375
71258,32.3486328125
71429,32.3486328125
71504,38.9404296875
133020,40.0390625
133190,30.76171875
133282,32.470703125
133312,33.203125
133577,34.24072265625
133635,32.89794921875
133700,35.2783203125
266846,31.55517578125
267021,32.28759765625
267132,32.40966796875
267358,31.06689453125
267421,31.1279296875
268019,32.5927734375
301085,32.77587890625
301597,34.1796875
301717,32.28759765625
355964,31.18896484375
356204,39.97802734375
356440,30.70068359375
356506,33.75244140625
356543,31.31103515625
356666,32.89794921875
356981,39.24560546875
422708,33.87451171875
423009,31.005859375
423035,37.9638671875
423128,38.75732421875
423263,38.87939453125
423391,32.958984375
423456,31.43310546875
423483,32.5927734375
423581,39.24560546875
423644,45.654296875
423783,34.0576171875
423977,31.1279296875
424285,33.5693359375
474201,31.73828125
474252,33.26416015625
474381,34.72900390625
474524,40.283203125
474577,39.24560546875
474669,41.44287109375
474715,33.99658203125
474806,36.9873046875
475117,35.09521484375
518004,42.1142578125
518208,35.33935546875
518694,33.02001953125
518730,32.470703125
518919,47.4853515625
518956,37.4755859375
553418,38.0859375
553911,32.5927734375
554664,31.8603515625
621498,33.0810546875
621626,31.8603515625
621730,35.5224609375
622032,37.841796875
622058,41.9921875
622852,31.67724609375
660662,30.76171875
660945,34.912109375
661117,35.15625
696683,32.04345703125
710169,30.70068359375
758907,33.99658203125
759133,30.82275390625
759257,37.65869140625
759412,30.70068359375
759460,30.76171875
759750,37.2314453125
759889,37.65869140625
760025,34.423828125
760083,32.65380859375
760189,30.76171875
760508,34.11865234375
760688,31.31103515625
808597,32.3486328125
808905,35.400390625
809194,30.76171875
809347,41.56494140625
809405,32.04345703125
809718,34.5458984375
871888,39.00146484375
872103,32.71484375
872285,37.17041015625
872447,33.0810546875
872614,34.423828125
872661,35.70556640625
872993,50.23193359375
873042,33.75244140625
873440,32.04345703125
873649,30.82275390625
873831,31.55517578125
953877,31.494140625
954047,32.470703125
954147,32.958984375
954186,31.31103515625
954460,30.94482421875
954488,32.04345703125
955019,38.63525390625
956731,35.94970703125
1002748,30.76171875
1002941,33.14208984375
1003047,36.0107421875
1003117,35.21728515625
1003231,35.33935546875
1003287,33.0810546875
1003483,33.3251953125
1003545,34.1796875
1003711,31.494140625
1004365,34.66796875
1004985,30.70068359375
1033904,32.28759765625
1034277,34.85107421875
1034533,31.3720703125
1034592,36.19384765625
1035594,33.02001953125
1053400,31.005859375
1073965,38.87939453125
1074820,31.8603515625
1089297,32.65380859375
1089504,38.818359375
1089768,38.330078125
1103361,32.53173828125
1103502,32.5927734375
1103758,33.69140625
1117204,31.79931640625
1117554,36.4990234375
1118529,31.1279296875
1131040,31.55517578125
1131770,31.3720703125
1146284,32.958984375
1147139,30.82275390625
1158255,34.24072265625
1172786,31.8603515625
1173034,31.43310546875
1173713,34.36279296875
1174485,41.9921875
1198837,32.3486328125
1198997,34.97314453125
1220330,31.1279296875
1487883,30.8837890625
1783579,33.87451171875
1783842,46.44775390625
1784191,30.70068359375
1784290,31.79931640625
2213863,32.89794921875
2213909,36.68212890625
2214003,31.67724609375
2214212,33.02001953125
2214434,30.76171875
2216076,31.79931640625
2240987,34.85107421875
2241471,33.38623046875
2241571,32.1044921875
2241812,32.3486328125
2241847,38.330078125
2242035,33.3251953125
2242129,31.73828125
2242234,32.40966796875
2243663,32.89794921875
2466970,35.2783203125
2467219,40.22216796875
2467252,31.55517578125
2467336,37.109375
2467370,31.1279296875
2467391,31.8603515625
2467643,31.67724609375
2467802,32.2265625
2537586,31.3720703125
2537640,34.72900390625
2537915,34.3017578125
2537943,38.87939453125
2538547,30.82275390625
2539987,30.70068359375
2604801,36.4990234375
2604953,51.3916015625
2604993,34.36279296875
2605015,33.50830078125
2605101,35.09521484375
2605950,35.70556640625
2607305,31.67724609375
2740115,30.82275390625
2740163,32.1044921875
2740177,31.06689453125
2740226,38.0859375
2740337,34.423828125
2742242,33.99658203125
2742914,32.28759765625
2815094,36.68212890625
2815165,35.15625
2815367,31.1279296875
2815398,38.14697265625
2815519,33.0810546875
2815670,30.8837890625
2896056,32.77587890625
2896354,36.0107421875
2896413,42.41943359375
2896544,31.31103515625
2981486,33.50830078125
2981503,31.92138671875
2981573,30.6396484375
2981756,33.8134765625
2982157,34.7900390625
2982284,33.63037109375
2982357,33.69140625
2982499,32.53173828125
2984538,35.888671875
3054254,32.2265625
3054281,34.912109375
3054428,32.470703125
3054604,35.94970703125
3054733,32.16552734375
3054832,37.353515625
3055134,32.5927734375
3056253,32.71484375
3128107,33.99658203125
3128328,32.65380859375
3128434,33.50830078125
3128899,34.24072265625
3129100,31.92138671875
3129189,35.15625
3130136,34.423828125
3202686,35.94970703125
3202819,39.24560546875
3202840,31.1279296875
3203303,33.75244140625
3205277,31.1279296875
3292618,31.79931640625
3292744,31.005859375
3292975,34.97314453125
3292999,33.50830078125
3293166,32.470703125
3293485,33.99658203125
3293673,32.53173828125
3294227,31.67724609375
3374493,33.02001953125
3374565,31.6162109375
3374595,36.7431640625
3374767,35.21728515625
3374937,32.3486328125
3375135,34.97314453125
3375612,31.494140625
3457112,31.3720703125
3694841,34.423828125
3792232,36.9873046875
3792349,32.1044921875
3792359,32.2265625
3905564,31.6162109375
3905727,31.6162109375
3905833,33.5693359375
3906023,31.43310546875
3906200,31.005859375
3984881,35.46142578125
3985192,31.1279296875
4118668,32.958984375
4118819,31.79931640625
4119505,33.447265625
4119680,31.92138671875
4120282,36.0107421875
4120727,32.04345703125
4120975,31.43310546875
4185048,32.40966796875
4185527,32.65380859375
4185906,30.76171875
4186054,31.005859375
4422867,32.53173828125
4423492,33.5693359375
4424524,30.82275390625
4785301,31.1279296875
4785383,31.6162109375
4785416,38.51318359375
4785756,33.8134765625
4785924,31.6162109375
4786060,31.3720703125
4786430,32.77587890625
4786485,34.66796875
4860981,34.1796875
4861525,31.005859375
4862181,36.31591796875
5025671,32.470703125
5026278,30.6396484375
5026891,32.958984375
5026997,31.005859375
5144508,31.92138671875
5144603,32.16552734375
5144849,33.203125
5144890,30.82275390625
5145028,30.8837890625
5145454,34.7900390625
5146277,30.70068359375
5146555,33.69140625
5269652,32.958984375
5271425,34.11865234375
5271455,32.28759765625
5271503,35.46142578125
5271543,36.19384765625
5271621,37.59765625
5272084,32.89794921875
5563107,37.2314453125
5563280,31.005859375
5563333,35.7666015625
5563554,33.935546875
5563726,34.3017578125
5565429,30.76171875
5655940,37.17041015625
5656204,31.79931640625
5656496,31.6162109375
5658517,31.31103515625
5726086,31.92138671875
5726447,32.2265625
5858226,34.423828125
5973972,37.109375
5975128,31.982421875
6135447,37.9638671875
6135783,31.3720703125
6214190,34.72900390625
6214977,32.1044921875
6216044,33.02001953125
6490737,34.24072265625
6490794,31.005859375
6491327,33.5693359375
6491454,34.423828125
6492348,32.71484375
6493411,30.94482421875
6493639,32.77587890625
6707554,36.376953125
6707705,30.76171875
6707864,33.5693359375
6707923,34.3017578125
6708006,32.958984375
6708127,37.17041015625
6709882,31.1279296875
6804555,36.0107421875
6873309,31.8603515625
6873594,35.46142578125
6874139,38.6962890625
6875104,32.470703125
6935430,32.470703125
6936174,31.31103515625
6970420,30.94482421875
6970785,36.376953125
6970826,30.76171875
7008566,34.85107421875
7008672,33.26416015625
7008753,31.494140625
7008934,32.28759765625
7050366,40.58837890625
7050492,30.94482421875
7050616,32.28759765625
7051014,33.14208984375
7112151,39.0625
7112559,34.7900390625
7112713,31.1279296875
7112828,31.1279296875
7163729,33.02001953125
7164183,31.43310546875
7229566,32.958984375
7229802,34.7900390625
7230741,30.70068359375
7274228,32.3486328125
7369824,32.53173828125
7369954,32.5927734375
7370248,36.31591796875
7450546,32.04345703125
7450730,31.67724609375
7450933,39.24560546875
7732030,35.82763671875
7732166,31.92138671875
7732299,32.3486328125
7910536,34.912109375
7910725,32.77587890625
7911168,43.27392578125
7911283,33.203125
7911425,35.09521484375
7911482,35.888671875
7911871,33.69140625
8031291,31.06689453125
8031323,34.60693359375
8032683,31.982421875
8095846,36.80419921875
8096140,31.79931640625
8096911,30.8837890625
8154877,34.3017578125
8155005,33.02001953125
8210333,31.67724609375
8210812,42.724609375
8340850,31.18896484375
8525612,32.65380859375
8525690,31.67724609375
8525782,31.06689453125
8526751,31.43310546875
8527047,33.63037109375
8645039,32.77587890625
8645379,31.18896484375
8645622,33.69140625
8646613,33.38623046875
8725282,34.72900390625
8725346,31.005859375
8725597,31.005859375
8784724,35.15625
8784759,33.203125
8784807,31.73828125
8784904,30.76171875
8785492,33.0810546875
8847772,33.5693359375
8847806,31.25
8850502,31.982421875
8969690,33.02001953125
8969915,37.29248046875
9080515,32.77587890625
9173630,33.0810546875
9174510,35.0341796875
9174590,31.494140625
9174741,35.70556640625
9174937,31.3720703125
9267175,35.15625
9267218,32.53173828125
9267465,35.09521484375
9267533,32.8369140625
9267591,30.70068359375
9267666,32.71484375
9267893,31.67724609375
9317596,31.55517578125
9561350,30.6396484375
9561654,41.3818359375
9561794,31.494140625
9561952,30.6396484375
9705233,31.92138671875
9705753,35.64453125
9830570,33.8134765625
9830745,34.85107421875
9831242,30.70068359375
9990235,30.8837890625
9990617,31.005859375
10105978,33.02001953125
10268635,36.56005859375
10268831,30.8837890625
10268937,31.31103515625
10380687,31.8603515625
10381197,35.2783203125
10381378,33.38623046875
10457201,35.2783203125
10457407,39.61181640625
10530343,31.92138671875
10530808,34.912109375
10592197,34.7900390625
10592453,42.3583984375
10592970,34.97314453125
10663936,31.79931640625
10664193,34.912109375
10664525,35.09521484375
11112162,35.64453125
11230656,32.04345703125
11230679,32.2265625
11284965,30.70068359375
11342328,31.43310546875
11394051,32.53173828125
11394420,31.92138671875
11394643,32.8369140625
11395262,31.25
11395550,31.06689453125
11619744,32.5927734375
11619796,34.48486328125
11955296,31.982421875
11955607,31.31103515625
