11999000,0
34016,36.56005859375
36334,50.4150390625
36954,35.5224609375
37205,35.5224609375
70566,39.24560546875
71011,42.236328125
132703,38.51318359375
132996,35.82763671875
133435,34.60693359375
165629,34.97314453125
201323,33.75244140625
203949,37.9638671875
211359,42.29736328125
266091,35.0341796875
266416,39.00146484375
266803,35.0341796875
267509,35.94970703125
300898,33.69140625
301678,37.29248046875
302058,40.34423828125
355280,35.2783203125
355583,34.11865234375
356128,34.24072265625
423082,35.21728515625
423236,36.4990234375
423631,39.00146484375
473536,40.8935546875
473876,35.400390625
474207,34.1796875
517100,34.97314453125
517382,40.771484375
517639,36.1328125
517740,34.11865234375
519153,36.19384765625
549244,37.59765625
552805,34.423828125
553475,33.87451171875
553806,36.19384765625
554129,38.2080078125
563139,36.07177734375
592805,36.19384765625
593364,34.97314453125
620933,33.935546875
621365,34.3017578125
621554,38.6962890625
659889,42.724609375
660286,42.8466796875
660713,34.72900390625
661498,38.02490234375
661737,38.6962890625
695461,39.9169921875
695810,33.87451171875
758480,41.6259765625
759139,35.46142578125
808454,36.1328125
808764,36.9873046875
871327,35.2783203125
871677,39.0625
872951,34.5458984375
873252,34.423828125
953742,35.09521484375
954287,35.46142578125
954715,33.8134765625
954797,34.24072265625
1002297,41.50390625
1002818,34.3017578125
1034021,34.0576171875
1034183,33.69140625
1034281,39.48974609375
1034433,34.97314453125
1034530,44.37255859375
1034839,37.2314453125
1035175,35.82763671875
1073807,38.75732421875
1074383,41.19873046875
1074933,36.62109375
1089658,39.48974609375
1089972,34.66796875
1090317,36.4990234375
1103801,34.48486328125
1104102,39.1845703125
1117543,34.36279296875
1117976,36.2548828125
1119202,35.09521484375
1131369,43.45703125
1145608,36.7431640625
1145854,37.29248046875
1146312,37.2314453125
1173452,34.0576171875
1198936,35.7666015625
1199309,38.9404296875
1199891,33.8134765625
1298515,34.24072265625
1329438,36.80419921875
1388116,37.109375
1404533,36.80419921875
1421476,36.0107421875
1488048,37.41455078125
1508972,36.07177734375
1529980,33.87451171875
1530907,38.57421875
1558164,36.4990234375
1558553,41.56494140625
1582543,33.87451171875
1679889,43.0908203125
1783245,34.66796875
1784207,40.10009765625
1784399,34.11865234375
1784438,35.21728515625
1791196,33.99658203125
2213319,39.794921875
2213612,34.423828125
2213850,37.29248046875
2213869,35.888671875
2213998,36.62109375
2214065,35.400390625
2241320,35.0341796875
2241408,36.56005859375
2467005,41.3818359375
2536502,38.14697265625
2537634,43.3349609375
2539141,36.80419921875
2604035,34.60693359375
2604407,39.55078125
2604824,42.17529296875
2739097,38.26904296875
2739570,37.29248046875
2739861,36.7431640625
2740059,37.78076171875
2813977,34.0576171875
2814495,37.78076171875
2865496,33.87451171875
2895207,35.2783203125
2896087,40.8935546875
2896186,35.94970703125
2980610,33.75244140625
2980849,41.748046875
2981557,37.04833984375
2981726,34.85107421875
2982221,34.66796875
3053579,34.11865234375
3054627,35.0341796875
3055285,37.17041015625
3127250,35.21728515625
3201614,37.17041015625
3201989,38.26904296875
3202307,34.60693359375
3202508,39.73388671875
3292117,38.63525390625
3292771,35.64453125
3293184,35.7666015625
3294035,37.65869140625
3294525,35.70556640625
3374189,35.09521484375
3386409,34.1796875
3426442,38.51318359375
3456123,35.888671875
3630261,37.29248046875
3630905,36.56005859375
3632505,36.56005859375
3691092,37.59765625
3691823,34.36279296875
3693044,34.97314453125
3791226,35.64453125
3791667,36.1328125
3791724,35.15625
3791778,35.21728515625
3791861,34.11865234375
3904464,39.794921875
3904795,46.08154296875
3983375,46.93603515625
3983970,38.87939453125
3984591,47.54638671875
3985510,35.7666015625
3986243,36.0107421875
4116566,36.7431640625
4117159,35.21728515625
4118630,36.7431640625
4119960,34.423828125
4120904,36.1328125
4122879,34.11865234375
4183546,35.15625
4184461,36.0107421875
4185200,35.2783203125
4233367,33.99658203125
4270964,45.10498046875
4272269,35.58349609375
4272639,34.48486328125
4274899,37.65869140625
4421884,36.62109375
4422558,41.93115234375
4423032,33.87451171875
4492844,34.85107421875
4493250,36.31591796875
4493751,34.0576171875
4494918,36.9873046875
4495465,33.99658203125
4616370,34.1796875
4616832,34.423828125
4617219,34.66796875
4617490,35.64453125
4617759,34.0576171875
4682603,33.75244140625
4683989,34.1796875
4687440,34.0576171875
4784339,37.59765625
4784858,37.65869140625
4785313,35.0341796875
4786868,35.64453125
4859413,36.19384765625
4860038,35.400390625
4860707,38.26904296875
4863158,34.912109375
5024101,36.31591796875
5024842,34.36279296875
5105779,33.87451171875
5143245,33.75244140625
5144090,35.64453125
5144632,36.865234375
5144869,36.68212890625
5145256,33.935546875
5320268,33.87451171875
5324336,39.794921875
5486319,35.15625
5487778,40.22216796875
5561746,38.818359375
5562996,36.0107421875
5563329,36.43798828125
5655644,36.9873046875
5657880,33.75244140625
5697269,38.39111328125
5725457,39.306640625
5758359,35.15625
5759615,33.69140625
5799194,36.9873046875
5801068,33.8134765625
5801665,34.11865234375
5802207,35.09521484375
5802375,34.60693359375
5855552,37.78076171875
5855978,36.92626953125
5857105,39.306640625
5972056,34.60693359375
5973406,34.97314453125
5974517,34.1796875
6029204,35.94970703125
6071677,36.62109375
6134565,34.66796875
6135521,34.912109375
6212335,37.4755859375
6212964,35.70556640625
6490306,34.24072265625
6490628,33.935546875
6490738,37.29248046875
6703172,34.5458984375
6705983,34.0576171875
6803703,36.92626953125
6804163,42.78564453125
6804362,43.3349609375
6872661,35.7666015625
6873125,34.60693359375
6875938,34.3017578125
6937449,34.66796875
6938268,34.3017578125
6970875,34.72900390625
7007764,36.62109375
7008237,43.02978515625
7008466,35.400390625
7008581,37.2314453125
7009183,37.41455078125
7050059,33.8134765625
7051248,35.15625
7112010,34.60693359375
7163766,35.7666015625
7164051,36.7431640625
7229452,35.5224609375
7276144,33.935546875
7368434,37.78076171875
7370096,34.24072265625
7370336,35.09521484375
7450471,41.80908203125
7730948,37.90283203125
7731529,41.1376953125
7731914,35.888671875
7732556,34.11865234375
7793689,39.4287109375
7910793,37.59765625
8030036,36.376953125
8030913,41.56494140625
8031248,38.39111328125
8095503,33.99658203125
8096434,34.7900390625
8154135,36.07177734375
8164778,33.69140625
8209699,35.15625
8210554,35.58349609375
8211907,34.1796875
8724374,39.306640625
8725519,35.58349609375
8784252,34.60693359375
8969313,37.41455078125
8969869,34.72900390625
9078987,34.3017578125
9173937,36.56005859375
9174401,37.9638671875
9174946,33.99658203125
9175057,34.5458984375
9265938,40.0390625
9267062,41.56494140625
9315309,36.2548828125
9317028,37.90283203125
9319001,36.0107421875
9561788,35.0341796875
9704145,34.423828125
9704706,36.19384765625
9704980,42.1142578125
9830058,34.60693359375
9990165,36.7431640625
10105550,34.60693359375
10267159,35.15625
10380665,41.07666015625
10456074,37.29248046875
10456584,35.64453125
10457259,34.72900390625
10530085,35.21728515625
10591314,42.48046875
10593139,36.43798828125
10662397,33.8134765625
10663208,34.36279296875
10663598,34.24072265625
10663900,33.935546875
10741371,34.72900390625
11111911,38.57421875
11112188,35.7666015625
11112423,33.8134765625
11112869,34.11865234375
11168428,37.2314453125
11169317,36.0107421875
11170087,37.17041015625
11230354,33.8134765625
11230661,36.43798828125
11284600,39.12353515625
11341716,34.7900390625
11343017,34.60693359375
11393465,35.33935546875
11394212,45.71533203125
11394562,37.7197265625
11453299,34.24072265625
11618209,34.1796875
