11999000,0
43,63.232421875
2148,58.837890625
12290,66.71142578125
13129,66.162109375
34259,63.1103515625
36774,52.734375
37095,66.650390625
37121,33.26416015625
37254,40.283203125
37386,51.3916015625
37407,34.0576171875
37518,46.38671875
37650,37.41455078125
38231,35.46142578125
38544,36.2548828125
38754,38.26904296875
38906,33.50830078125
39091,41.3818359375
39530,40.83251953125
49604,57.0068359375
53848,59.99755859375
55008,64.88037109375
71174,60.11962890625
71322,50.59814453125
71494,60.36376953125
71531,42.724609375
72155,54.443359375
116257,61.82861328125
131715,33.69140625
131916,63.04931640625
132630,57.43408203125
132845,67.5048828125
132973,55.60302734375
133068,38.330078125
133125,35.82763671875
133221,58.89892578125
133497,53.5888671875
133595,37.841796875
133712,44.3115234375
133777,35.5224609375
133852,38.4521484375
134042,37.78076171875
134410,35.888671875
134597,41.68701171875
134765,37.90283203125
134901,38.818359375
135628,50.72021484375
156255,57.4951171875
167383,59.75341796875
167705,58.4716796875
168032,55.72509765625
168153,52.3681640625
168456,56.94580078125
200429,68.9697265625
202709,50.23193359375
202863,60.302734375
203494,56.94580078125
211276,67.7490234375
266337,62.6220703125
266480,58.65478515625
267069,37.59765625
267233,55.17578125
267318,34.423828125
267531,49.62158203125
267773,47.4853515625
267893,48.15673828125
268165,63.53759765625
287813,64.453125
297340,57.67822265625
297405,38.75732421875
301348,55.0537109375
301790,50.10986328125
302051,58.65478515625
302305,34.66796875
355410,83.19091796875
355752,60.97412109375
356064,55.17578125
356293,33.8134765625
356319,47.9736328125
356459,52.55126953125
356533,35.70556640625
356637,49.86572265625
356960,47.9736328125
357259,45.95947265625
370956,55.11474609375
373629,61.8896484375
376268,60.11962890625
381644,63.232421875
387734,60.546875
407806,64.51416015625
407887,43.88427734375
412234,63.29345703125
412883,61.09619140625
414035,57.80029296875
414772,53.28369140625
415555,69.88525390625
416043,60.97412109375
416594,66.89453125
416981,61.58447265625
417321,56.82373046875
418340,47.36328125
419420,53.22265625
419938,59.87548828125
420551,63.3544921875
422246,58.837890625
422884,54.443359375
423104,63.8427734375
423233,41.015625
423372,45.654296875
423504,42.3583984375
423570,36.0107421875
425375,33.50830078125
425571,36.4990234375
426215,41.56494140625
437104,51.69677734375
437924,67.0166015625
445554,52.06298828125
445615,34.0576171875
445930,58.2275390625
448863,55.84716796875
473599,73.6083984375
473999,61.82861328125
474270,51.7578125
474393,52.1240234375
474527,43.76220703125
474714,40.10009765625
474844,40.1611328125
474992,33.8134765625
475089,33.50830078125
475139,40.4052734375
475430,42.29736328125
475543,33.63037109375
475957,41.56494140625
476360,44.61669921875
494459,54.443359375
517357,49.9267578125
517906,68.4814453125
518069,43.88427734375
518235,34.7900390625
518339,56.09130859375
518505,53.1005859375
518881,54.931640625
553182,60.24169921875
553506,65.12451171875
553570,35.82763671875
553599,52.3681640625
553807,61.767578125
553906,44.7998046875
554198,44.73876953125
555132,57.43408203125
561765,34.912109375
562165,55.2978515625
562625,64.453125
562961,35.58349609375
563001,50.537109375
563853,54.8095703125
592515,33.69140625
593125,70.1904296875
593532,49.37744140625
620925,59.02099609375
621132,62.5
621326,61.8896484375
621763,57.2509765625
621949,52.6123046875
622180,45.2880859375
622532,51.33056640625
636102,61.46240234375
643704,59.38720703125
643875,44.0673828125
660719,48.7060546875
661089,62.6220703125
661420,65.12451171875
691685,64.02587890625
696480,65.5517578125
745285,33.69140625
758370,60.791015625
758726,63.17138671875
758998,35.21728515625
759127,51.45263671875
759183,39.61181640625
759304,34.11865234375
759468,46.32568359375
759501,34.97314453125
759570,41.07666015625
759636,37.41455078125
759811,36.43798828125
759902,35.64453125
761162,34.423828125
761294,34.1796875
761471,41.1376953125
761754,33.447265625
761978,36.7431640625
762190,34.0576171875
762396,35.5224609375
763327,43.8232421875
780478,52.3681640625
783466,56.94580078125
790343,57.18994140625
798753,58.77685546875
808265,65.73486328125
808775,75.13427734375
809089,48.583984375
809168,52.91748046875
809339,45.7763671875
809480,37.78076171875
809615,46.0205078125
809772,49.4384765625
809954,43.27392578125
810119,35.64453125
810855,43.88427734375
821435,60.9130859375
821683,64.5751953125
827867,54.62646484375
870842,35.09521484375
871814,58.7158203125
871885,45.10498046875
872018,33.447265625
872046,51.45263671875
872146,38.63525390625
872320,47.7294921875
872436,43.8232421875
872448,36.0107421875
872594,35.94970703125
872748,36.19384765625
872868,38.87939453125
874282,38.9404296875
874439,37.65869140625
874825,40.4052734375
875112,45.34912109375
875696,43.701171875
904263,48.76708984375
914042,64.0869140625
924870,59.26513671875
924949,34.912109375
937778,48.828125
938477,68.115234375
939218,55.11474609375
941420,48.828125
943828,56.2744140625
944949,55.96923828125
945826,55.96923828125
946330,55.72509765625
947564,50.10986328125
948168,50.35400390625
948838,60.36376953125
949545,61.34033203125
950878,54.6875
952982,59.814453125
954117,54.0771484375
954279,35.5224609375
954371,33.87451171875
954400,36.56005859375
954512,40.46630859375
954616,33.8134765625
956328,35.58349609375
956565,41.3818359375
957058,35.70556640625
958134,37.17041015625
971168,57.18994140625
974914,55.11474609375
1001940,64.14794921875
1002166,34.11865234375
1002440,57.0068359375
1002583,36.0107421875
1002678,45.41015625
1002839,42.3583984375
1003134,43.02978515625
1003280,37.9638671875
1003372,43.64013671875
1003541,35.94970703125
1003675,35.46142578125
1003899,47.607421875
1004032,35.82763671875
1004291,44.0673828125
1004530,37.78076171875
1005085,39.61181640625
1005365,35.94970703125
1006114,51.7578125
1019423,56.15234375
1033678,53.52783203125
1033893,52.91748046875
1033979,34.11865234375
1034094,42.29736328125
1034202,41.8701171875
1034236,33.26416015625
1034432,35.21728515625
1034646,38.63525390625
1034790,34.48486328125
1035040,35.2783203125
1035254,35.0341796875
1035442,37.04833984375
1035675,42.66357421875
1036049,55.2978515625
1036441,35.58349609375
1036935,44.677734375
1044851,53.466796875
1045377,62.98828125
1045669,45.59326171875
1045910,42.54150390625
1046096,33.75244140625
1046311,39.97802734375
1046541,45.5322265625
1046977,45.10498046875
1047321,37.2314453125
1047546,46.9970703125
1047771,40.46630859375
1048357,40.8935546875
1060792,55.17578125
1062008,57.2509765625
1072679,58.10546875
1072915,56.70166015625
1073233,45.654296875
1073500,35.5224609375
1073629,34.60693359375
1073760,37.29248046875
1073986,34.1796875
1074163,35.15625
1074216,33.5693359375
1074462,34.11865234375
1074828,40.34423828125
1074848,34.0576171875
1074992,34.85107421875
1075327,37.2314453125
1075727,38.51318359375
1076147,43.701171875
1076604,47.2412109375
1077014,36.56005859375
1077791,44.86083984375
1088669,50.048828125
1088953,60.72998046875
1089114,46.69189453125
1089292,33.5693359375
1089468,39.6728515625
1089674,46.20361328125
1090442,42.78564453125
1090743,34.48486328125
1090966,36.4990234375
1091307,37.04833984375
1091593,46.69189453125
1091929,33.50830078125
1092646,37.90283203125
1102884,48.64501953125
1103103,48.095703125
1103355,41.44287109375
1103588,34.5458984375
1103811,44.00634765625
1104150,34.60693359375
1104256,33.87451171875
1104307,36.0107421875
1104795,33.935546875
1105557,39.00146484375
1106221,43.5791015625
1106955,38.87939453125
1116865,48.76708984375
1117005,41.1376953125
1117164,43.212890625
1117271,37.9638671875
1117282,54.62646484375
1117401,36.4990234375
1117568,41.9921875
1117780,42.54150390625
1118137,37.59765625
1118602,33.69140625
1118857,36.62109375
1119082,35.2783203125
1119389,34.66796875
1119627,39.00146484375
1120013,41.80908203125
1121151,48.7060546875
1130714,62.19482421875
1130854,38.87939453125
1131049,40.4052734375
1131197,38.9404296875
1131412,39.48974609375
1131682,41.9921875
1131861,33.38623046875
1132182,45.22705078125
1132517,37.4755859375
1132724,36.80419921875
1133302,43.45703125
1133671,44.0673828125
1134128,42.66357421875
1134495,43.39599609375
1144969,59.87548828125
1145212,52.79541015625
1145376,45.8984375
1145389,34.48486328125
1145647,33.99658203125
1146388,39.4287109375
1146606,36.07177734375
1146639,43.15185546875
1146941,33.935546875
1147681,44.00634765625
1148321,39.55078125
1158231,47.18017578125
1158712,45.654296875
1159067,47.91259765625
1159370,46.32568359375
1159895,48.88916015625
1160359,47.607421875
1172321,51.3916015625
1172551,48.095703125
1172736,45.71533203125
1172829,45.10498046875
1172985,39.73388671875
1173168,33.99658203125
1173314,39.36767578125
1173831,37.109375
1174416,35.09521484375
1174821,38.4521484375
1175078,41.015625
1175432,38.4521484375
1175901,43.701171875
1198124,50.96435546875
1198268,42.8466796875
1198499,54.62646484375
1198616,36.07177734375
1198850,49.62158203125
1199041,34.0576171875
1199200,38.02490234375
1199497,34.97314453125
1199678,36.31591796875
1199896,33.203125
1200030,34.36279296875
1200286,35.0341796875
1200528,41.3818359375
1200785,35.5224609375
1201783,52.6123046875
1218865,60.6689453125
1219346,60.36376953125
1219677,51.025390625
1219912,58.65478515625
1220145,36.43798828125
1220558,43.27392578125
1221563,45.10498046875
1255319,50.23193359375
1255986,64.697265625
1256346,51.513671875
1256739,47.9736328125
1257390,52.734375
1257665,46.7529296875
1257943,41.9921875
1258156,46.56982421875
1258352,46.0205078125
1258575,39.306640625
1259546,43.51806640625
1294653,59.326171875
1295050,66.650390625
1295509,54.8095703125
1297743,61.03515625
1298255,49.560546875
1327305,56.70166015625
1328114,56.15234375
1328833,59.02099609375
1329339,63.96484375
1329962,51.69677734375
1363977,59.26513671875
1365214,56.396484375
1365649,46.875
1366634,53.52783203125
1386357,34.3017578125
1386815,55.6640625
1387288,47.42431640625
1387676,51.7578125
1388375,55.35888671875
1388752,52.001953125
1403121,51.1474609375
1405888,55.7861328125
1420635,58.16650390625
1422664,53.7109375
1442129,52.91748046875
1443535,58.10546875
1444886,50.9033203125
1460617,65.36865234375
1461155,51.513671875
1462125,47.607421875
1487941,62.31689453125
1489110,53.955078125
1489311,49.25537109375
1489820,43.27392578125
1507187,70.1904296875
1529340,60.1806640625
1530074,49.62158203125
1556837,57.06787109375
1559669,50.1708984375
1581863,65.4296875
1582404,56.70166015625
1634841,63.17138671875
1679274,60.9130859375
1679642,61.09619140625
1680426,60.85205078125
1680651,51.3916015625
1680746,40.58837890625
1680845,38.02490234375
1682986,34.7900390625
1683686,40.83251953125
1684183,41.8701171875
1684362,36.376953125
1684612,38.51318359375
1685188,46.2646484375
1685771,46.38671875
1700085,50.29296875
1705185,50.537109375
1716335,57.4951171875
1717177,59.814453125
1734712,54.8095703125
1760650,62.19482421875
1783101,60.9130859375
1783354,50.29296875
1783589,52.30712890625
1783806,57.67822265625
1784078,51.20849609375
1784246,43.15185546875
1784414,35.400390625
1784649,34.423828125
1784751,34.36279296875
1784868,34.7900390625
1786084,36.9873046875
1786649,34.66796875
1786933,46.69189453125
1787309,39.48974609375
1787634,39.1845703125
1788651,46.38671875
1804812,58.04443359375
1805110,47.607421875
1810446,62.3779296875
1818793,59.5703125
1835258,56.82373046875
1875057,54.6875
1875167,33.75244140625
1876251,54.62646484375
1877288,62.255859375
1877786,48.15673828125
1879021,64.208984375
1880674,67.9931640625
1881027,52.42919921875
1881576,50.84228515625
1885569,51.08642578125
1886950,53.7109375
1887915,57.861328125
1889128,53.7109375
1890822,58.04443359375
1892400,55.6640625
1894149,49.25537109375
1896506,47.2412109375
1897706,59.50927734375
1898210,56.7626953125
1900553,52.490234375
1901552,56.5185546875
1902249,53.40576171875
1903750,46.20361328125
1905620,59.6923828125
1907540,55.60302734375
1909232,53.3447265625
1913047,48.40087890625
1915285,50.84228515625
1915741,53.22265625
1917792,59.14306640625
1918365,46.630859375
1923271,49.37744140625
1924162,51.33056640625
1927731,59.326171875
1929484,50.4150390625
1930770,57.373046875
1931239,48.828125
1934088,54.5654296875
1935088,55.60302734375
1935628,54.01611328125
1940398,54.01611328125
1940945,52.978515625
1953750,54.74853515625
1954254,50.4150390625
2182370,57.55615234375
2182444,43.02978515625
2206771,68.29833984375
2213575,60.48583984375
2213791,53.3447265625
2213850,33.50830078125
2213882,48.828125
2213998,39.36767578125
2214089,38.51318359375
2216659,34.11865234375
2217253,34.7900390625
2218122,47.30224609375
2218403,34.72900390625
2219661,34.912109375
2220001,39.4287109375
2227571,47.119140625
2227988,56.94580078125
2231611,55.84716796875
2231871,46.20361328125
2235697,60.24169921875
2240758,53.89404296875
2241127,52.3681640625
2241354,56.33544921875
2241572,47.05810546875
2241902,38.63525390625
2242208,42.48046875
2242481,45.0439453125
2242775,40.22216796875
2243085,43.3349609375
2243409,42.78564453125
2253626,53.03955078125
2255753,56.0302734375
2256368,50.10986328125
2258555,57.80029296875
2263402,50.47607421875
2265833,47.2412109375
2266377,54.62646484375
2269029,53.64990234375
2273141,55.23681640625
2280205,52.978515625
2311563,61.95068359375
2312321,56.396484375
2312803,54.99267578125
2313364,59.9365234375
2314264,63.78173828125
2314735,43.5791015625
2316426,51.81884765625
2317203,59.99755859375
2317874,48.64501953125
2320119,48.88916015625
2320768,59.4482421875
2326394,55.17578125
2331422,64.27001953125
2334724,45.83740234375
2336633,58.16650390625
2341312,54.13818359375
2347664,60.97412109375
2354682,57.18994140625
2356692,60.302734375
2363675,64.63623046875
2373780,46.5087890625
2375303,56.640625
2379329,63.96484375
2383484,61.34033203125
2388974,62.56103515625
2393923,59.4482421875
2398362,54.26025390625
2401907,61.34033203125
2467076,56.5185546875
2467186,35.5224609375
2467327,35.21728515625
2469288,33.63037109375
2469544,36.9873046875
2469755,39.12353515625
2470733,35.09521484375
2471067,36.865234375
2471228,39.4287109375
2471713,38.02490234375
2472480,40.34423828125
2472830,33.69140625
2480013,51.20849609375
2480258,47.18017578125
2488844,55.60302734375
2489461,52.734375
2494871,62.68310546875
2503573,50.10986328125
2507110,49.31640625
2517335,55.7861328125
2529051,60.05859375
2535680,55.6640625
2537241,66.162109375
2537545,44.86083984375
2537678,49.6826171875
2537783,40.8935546875
2537875,35.15625
2538026,38.63525390625
2539016,35.400390625
2541278,36.1328125
2541522,36.865234375
2555044,51.08642578125
2558711,58.2275390625
2565226,50.23193359375
2573478,45.166015625
2604151,53.466796875
2604737,51.81884765625
2604837,44.25048828125
2604975,40.4052734375
2605281,36.43798828125
2606607,34.11865234375
2606771,33.8134765625
2607951,34.7900390625
2608151,34.11865234375
2608558,34.36279296875
2608870,40.1611328125
2609130,35.33935546875
2609515,33.50830078125
2625241,54.01611328125
2628409,60.6689453125
2628856,54.62646484375
2632606,54.50439453125
2632829,49.25537109375
2676619,60.97412109375
2739944,59.5703125
2739976,37.59765625
2740108,33.26416015625
2740189,33.87451171875
2741992,34.36279296875
2742120,33.87451171875
2742846,33.26416015625
2754820,57.55615234375
2763882,69.2138671875
2764061,43.0908203125
2788052,55.0537109375
2803910,55.419921875
2804900,52.6123046875
2813628,51.81884765625
2814264,52.30712890625
2814646,51.45263671875
2814846,55.17578125
2814940,41.44287109375
2815083,33.63037109375
2815120,34.7900390625
2815257,42.90771484375
2815527,37.53662109375
2816080,39.24560546875
2816769,39.73388671875
2817549,42.78564453125
2817829,38.63525390625
2818224,35.7666015625
2827682,57.861328125
2833757,56.5185546875
2868193,35.21728515625
2876236,52.734375
2877222,54.38232421875
2878335,61.95068359375
2879166,51.94091796875
2879703,50.6591796875
2880647,55.2978515625
2884994,55.908203125
2887012,52.91748046875
2890521,50.23193359375
2894390,57.31201171875
2895935,57.12890625
2896144,57.861328125
2896309,40.4052734375
2896429,36.68212890625
2897029,36.62109375
2897194,36.68212890625
2898073,33.203125
2898372,33.447265625
2898815,34.48486328125
2899079,44.86083984375
2899453,37.9638671875
2899764,38.818359375
2901088,44.7998046875
2914955,56.5185546875
2980565,58.16650390625
2980606,34.60693359375
2981450,35.21728515625
2981613,58.53271484375
2981717,39.36767578125
2981915,50.1708984375
2982380,40.4052734375
2982801,34.7900390625
2982947,36.19384765625
2983133,35.400390625
2983675,37.4755859375
2983954,36.9873046875
2984087,35.21728515625
2984485,39.306640625
2984819,39.36767578125
2985480,45.0439453125
3045440,55.908203125
3046031,64.94140625
3046760,58.7158203125
3047727,51.81884765625
3048216,57.2509765625
3050198,66.2841796875
3050909,53.1005859375
3053613,63.96484375
3053709,34.85107421875
3054356,50.048828125
3054505,40.0390625
3054640,40.22216796875
3055267,38.57421875
3055559,35.21728515625
3055724,34.85107421875
3056093,38.9404296875
3056453,44.25048828125
3056767,43.8232421875
3074792,58.9599609375
3118408,51.69677734375
3119393,51.81884765625
3120330,65.36865234375
3121462,53.52783203125
3124751,52.18505859375
3126464,54.13818359375
3127937,38.57421875
3127971,54.50439453125
3128144,34.7900390625
3128178,47.66845703125
3128319,44.37255859375
3128528,43.51806640625
3128812,44.49462890625
3128938,36.43798828125
3129082,36.43798828125
3129393,43.5791015625
3130102,40.22216796875
3130293,33.203125
3130742,44.3115234375
3147100,60.97412109375
3201559,62.31689453125
3202420,58.2275390625
3202500,38.57421875
3202647,42.6025390625
3202759,42.41943359375
3202840,33.203125
3202970,46.69189453125
3203245,41.68701171875
3203469,41.19873046875
3203804,40.4052734375
3204299,43.15185546875
3204571,37.78076171875
3205315,46.630859375
3206302,47.36328125
3223319,62.31689453125
3227672,54.931640625
3265254,60.4248046875
3266181,56.82373046875
3267668,60.11962890625
3268426,58.65478515625
3271387,55.96923828125
3271951,59.326171875
3273420,51.08642578125
3275972,55.35888671875
3278363,50.72021484375
3278799,50.84228515625
3281063,52.8564453125
3282596,53.64990234375
3284348,48.40087890625
3289622,57.80029296875
3292025,54.87060546875
3292571,55.0537109375
3292705,44.00634765625
3292902,49.62158203125
3293028,35.21728515625
3293038,41.259765625
3293420,51.6357421875
3293627,42.90771484375
3293828,40.52734375
3294150,36.68212890625
3294489,38.9404296875
3295035,41.93115234375
3343600,58.4716796875
3363419,52.06298828125
3363933,54.26025390625
3364654,57.0068359375
3366223,52.79541015625
3366671,50.59814453125
3367543,57.31201171875
3372917,54.3212890625
3374305,46.38671875
3374441,44.25048828125
3374685,46.81396484375
3374987,46.56982421875
3375301,35.58349609375
3375600,43.51806640625
3375797,49.560546875
3376315,47.54638671875
3376610,39.6728515625
3388488,53.7109375
3388531,35.5224609375
3427657,58.89892578125
3458933,57.6171875
3562820,57.4951171875
3631319,58.9599609375
3691755,62.92724609375
3693632,59.99755859375
3693819,34.72900390625
3693874,57.0068359375
3693974,33.69140625
3694131,39.73388671875
3694293,51.7578125
3694471,42.8466796875
3694633,46.32568359375
3694820,44.0673828125
3694958,36.07177734375
3695219,37.109375
3695382,37.4755859375
3695508,34.0576171875
3695851,51.513671875
3696219,42.54150390625
3696445,36.07177734375
3712943,57.6171875
3790594,62.8662109375
3791486,53.7109375
3791825,37.109375
3791950,43.701171875
3792077,40.8935546875
3792292,39.85595703125
3792571,56.640625
3792767,35.15625
3792968,35.400390625
3793176,36.68212890625
3793368,49.13330078125
3793773,37.7197265625
3794499,53.3447265625
3795217,50.4150390625
3858459,55.48095703125
3858550,36.80419921875
3859039,54.931640625
3860484,63.4765625
3861158,63.232421875
3862498,50.84228515625
3863054,51.69677734375
3863586,53.77197265625
3864964,44.61669921875
3866535,55.0537109375
3868257,49.8046875
3870034,50.78125
3870783,46.32568359375
3872057,58.7158203125
3874781,58.53271484375
3877085,54.87060546875
3877888,44.7998046875
3883049,55.6640625
3886045,53.16162109375
3887978,60.1806640625
3891512,49.01123046875
3892287,56.45751953125
3895079,58.89892578125
3899775,34.0576171875
3904167,57.55615234375
3905027,59.5703125
3905364,53.89404296875
3905529,50.59814453125
3905646,45.47119140625
3905984,42.90771484375
3906014,33.935546875
3906344,47.7294921875
3906594,43.212890625
3907321,37.65869140625
3907544,40.95458984375
3907779,33.63037109375
3907978,38.4521484375
3974969,53.22265625
3984202,33.38623046875
3984541,46.9970703125
3984719,47.36328125
3984865,44.86083984375
3985044,52.55126953125
3985279,59.2041015625
3985609,34.7900390625
3985862,43.212890625
3986260,39.36767578125
4059057,71.6552734375
4059566,57.4951171875
4060248,66.650390625
4060618,48.7060546875
4061399,49.25537109375
4064645,61.82861328125
4065951,50.537109375
4069064,48.76708984375
4069616,56.5185546875
4073704,51.08642578125
4074365,44.00634765625
4075837,60.546875
4077815,49.37744140625
4080305,52.91748046875
4085530,51.81884765625
4087223,49.37744140625
4090889,59.08203125
4118475,36.07177734375
4118635,46.44775390625
4118815,37.2314453125
4118886,46.875
4118980,49.4384765625
4119251,36.7431640625
4119441,42.78564453125
4119596,40.6494140625
4120169,40.6494140625
4121239,33.8134765625
4121713,40.95458984375
4122665,40.6494140625
4133790,53.8330078125
4182998,56.7626953125
4184138,60.11962890625
4184619,59.75341796875
4184819,41.93115234375
4185183,49.98779296875
4271807,51.08642578125
4273201,57.2509765625
4275486,66.58935546875
4415693,33.75244140625
4422437,56.45751953125
4422877,48.4619140625
4422970,42.96875
4423058,37.78076171875
4423258,34.7900390625
4423750,35.94970703125
4425192,41.68701171875
4425229,33.38623046875
4425338,37.4755859375
4425842,33.447265625
4426658,37.53662109375
4426950,41.8701171875
4427250,40.34423828125
4436245,66.83349609375
4442682,51.20849609375
4489801,60.4248046875
4494249,53.955078125
4494650,54.01611328125
4495814,46.56982421875
4617371,66.650390625
4617703,39.4287109375
4617856,52.490234375
4618016,50.29296875
4618229,35.888671875
4618364,34.5458984375
4618641,37.7197265625
4618997,33.69140625
4619136,35.400390625
4619384,35.46142578125
4619749,46.81396484375
4620126,43.701171875
4620755,37.59765625
4633556,55.35888671875
4645446,51.45263671875
4677408,52.79541015625
4685542,48.828125
4686037,57.373046875
4748893,45.166015625
4749851,56.396484375
4750655,35.82763671875
4751315,58.77685546875
4754823,54.443359375
4756720,48.4619140625
4757820,52.978515625
4758327,56.33544921875
4760297,42.236328125
4763793,47.79052734375
4767569,52.6123046875
4768904,57.80029296875
4772769,58.837890625
4773701,56.7626953125
4776106,53.52783203125
4783591,52.734375
4784300,50.84228515625
4785524,55.5419921875
4785737,48.33984375
4785878,39.00146484375
4786103,49.01123046875
4786444,44.49462890625
4786582,37.90283203125
4786741,40.34423828125
4786955,46.0205078125
4787453,46.93603515625
4787927,43.3349609375
4802329,51.81884765625
4857676,33.935546875
4860683,51.20849609375
4860860,54.50439453125
4861175,55.908203125
4861948,57.2509765625
4917171,55.908203125
5021898,56.94580078125
5023251,53.22265625
5024071,58.04443359375
5024988,56.5185546875
5025356,43.212890625
5025527,45.2880859375
5025699,40.34423828125
5025928,48.4619140625
5026083,36.4990234375
5026327,39.97802734375
5026465,33.75244140625
5027320,34.24072265625
5027600,35.70556640625
5027841,35.46142578125
5028504,49.072265625
5028758,33.75244140625
5029230,33.50830078125
5029788,38.75732421875
5084756,59.63134765625
5084851,40.83251953125
5085357,56.15234375
5086071,52.734375
5086781,54.99267578125
5087397,63.3544921875
5089484,48.40087890625
5091276,55.48095703125
5092754,59.5703125
5095170,53.77197265625
5096211,55.17578125
5098364,57.43408203125
5143895,56.70166015625
5144387,58.2275390625
5144460,35.70556640625
5144680,36.43798828125
5144817,41.44287109375
5144986,34.0576171875
5145014,46.630859375
5145230,36.0107421875
5145510,38.818359375
5145657,38.63525390625
5146496,33.3251953125
5146769,33.3251953125
5147010,39.97802734375
5147443,34.24072265625
5147908,35.888671875
5148843,34.72900390625
5195091,49.25537109375
5270699,60.48583984375
5270822,43.64013671875
5270873,36.865234375
5271110,45.34912109375
5271193,34.1796875
5271308,37.17041015625
5271594,36.376953125
5271868,37.65869140625
5272084,34.72900390625
5272444,42.6025390625
5273661,39.1845703125
5274064,39.9169921875
5274414,34.36279296875
5274912,34.48486328125
5275591,42.05322265625
5276154,39.306640625
5294189,55.17578125
5322090,54.50439453125
5322730,52.8564453125
5322865,35.33935546875
5322891,43.39599609375
5323662,49.98779296875
5324089,46.2646484375
5365901,61.8896484375
5366285,57.18994140625
5366860,56.09130859375
5441645,55.23681640625
5483987,64.208984375
5485881,59.26513671875
5562002,64.14794921875
5562623,54.26025390625
5562867,54.74853515625
5563046,50.96435546875
5563153,43.45703125
5563368,47.79052734375
5563636,50.96435546875
5563760,36.80419921875
5563872,34.1796875
5564357,34.5458984375
5565829,33.935546875
5566935,35.888671875
5567541,42.17529296875
5655026,51.513671875
5655282,60.4248046875
5655401,37.353515625
5655747,48.2177734375
5656052,46.9970703125
5656310,54.13818359375
5656481,39.61181640625
5656653,37.7197265625
5657050,37.9638671875
5657233,34.60693359375
5657565,39.306640625
5657730,36.07177734375
5657931,36.7431640625
5658167,33.935546875
5658999,40.771484375
5659214,41.1376953125
5659504,39.55078125
5696672,57.7392578125
5697062,62.6220703125
5697363,47.79052734375
5697946,48.095703125
5698529,44.7998046875
5698663,42.48046875
5725082,57.6171875
5725413,48.40087890625
5726050,42.05322265625
5727313,58.7158203125
5727544,33.203125
5758211,53.3447265625
5798654,61.6455078125
5798833,42.6025390625
5799385,54.26025390625
5800118,44.921875
5800231,47.4853515625
5855623,56.70166015625
5855855,53.77197265625
5856352,45.95947265625
5856579,51.45263671875
5856722,44.00634765625
5857000,40.58837890625
5857372,45.166015625
5857612,44.677734375
5857826,39.794921875
5858253,38.51318359375
5858547,34.0576171875
5858920,41.50390625
5859093,42.8466796875
5921566,55.96923828125
5922412,55.7861328125
5924959,52.1240234375
5972268,62.255859375
5972727,63.41552734375
5973326,41.44287109375
5973370,33.935546875
5973603,38.51318359375
5973997,48.2177734375
5974319,46.142578125
5974928,53.89404296875
6028202,57.55615234375
6029432,46.20361328125
6029919,50.1708984375
6030138,54.99267578125
6072198,56.640625
6075816,33.69140625
6131362,53.64990234375
6134739,63.53759765625
6135493,59.63134765625
6135683,40.71044921875
6135828,35.21728515625
6135977,50.4150390625
6136234,41.748046875
6136366,34.1796875
6136648,39.85595703125
6137114,39.61181640625
6137896,35.46142578125
6139650,35.70556640625
6140445,46.93603515625
6152180,48.7060546875
6162534,61.21826171875
6210606,54.50439453125
6211192,47.9736328125
6212878,48.40087890625
6213385,45.5322265625
6213519,35.2783203125
6213734,45.0439453125
6214132,45.8984375
6214406,36.31591796875
6214642,38.51318359375
6214998,34.97314453125
6215451,37.53662109375
6215702,34.912109375
6216462,34.48486328125
6217387,34.1796875
6217886,44.00634765625
6218150,37.90283203125
6254660,49.072265625
6255685,54.13818359375
6286132,48.52294921875
6286755,57.18994140625
6287276,56.396484375
6287795,50.47607421875
6301695,57.4951171875
6302791,61.70654296875
6304789,64.27001953125
6344893,50.4150390625
6489362,54.50439453125
6489847,48.40087890625
6490198,55.96923828125
6490468,53.22265625
6490668,38.6962890625
6490767,35.2783203125
6490888,38.330078125
6490939,33.63037109375
6491236,35.21728515625
6491329,34.72900390625
6492306,34.97314453125
6492768,33.87451171875
6493662,35.82763671875
6495574,33.203125
6559379,60.6689453125
6582460,49.25537109375
6583262,64.3310546875
6583829,54.62646484375
6584365,49.6826171875
6586844,49.86572265625
6590201,55.72509765625
6591135,49.4384765625
6592937,53.52783203125
6594552,50.6591796875
6620057,53.1005859375
6620809,45.8984375
6702226,45.7763671875
6703777,54.38232421875
6706308,51.57470703125
6706723,52.490234375
6707478,48.64501953125
6707668,49.13330078125
6710486,34.24072265625
6712142,42.1142578125
6801626,61.5234375
6802204,50.23193359375
6802665,56.94580078125
6803170,48.9501953125
6803669,43.02978515625
6803869,36.07177734375
6804053,43.8232421875
6804269,38.57421875
6804482,46.630859375
6804906,42.96875
6805287,33.447265625
6806745,37.17041015625
6807126,34.3017578125
6807593,34.3017578125
6808442,37.9638671875
6821186,64.3310546875
6821411,51.26953125
6821649,44.43359375
6868683,52.42919921875
6869201,58.77685546875
6869850,54.13818359375
6871551,48.095703125
6872262,51.45263671875
6872603,48.9501953125
6872824,41.32080078125
6873005,34.1796875
6873132,38.87939453125
6873723,33.203125
6874085,33.203125
6874744,35.33935546875
6875375,36.9873046875
6875883,34.912109375
6876355,34.60693359375
6931672,64.697265625
6932370,54.5654296875
6932947,49.8046875
6934199,55.908203125
6934702,46.32568359375
6934829,36.7431640625
6935002,33.203125
6935227,34.66796875
6935436,38.26904296875
6935544,33.5693359375
6935817,36.62109375
6936112,34.36279296875
6936644,36.07177734375
6937153,33.99658203125
6937540,35.888671875
6938024,37.17041015625
6938370,46.69189453125
6965671,59.814453125
6966393,55.0537109375
6967215,55.35888671875
6968834,53.77197265625
6969711,41.50390625
6970224,54.50439453125
6970380,33.63037109375
6970544,48.52294921875
6970941,35.15625
6971233,41.44287109375
6972033,34.24072265625
6972753,53.8330078125
7006096,53.64990234375
7006480,44.43359375
7007010,42.6025390625
7007598,49.31640625
7007947,41.1376953125
7008170,36.0107421875
7008340,35.0341796875
7008605,43.51806640625
7009081,42.1142578125
7009368,33.26416015625
7009519,33.87451171875
7009875,34.97314453125
7010227,40.34423828125
7010598,42.1142578125
7010872,36.376953125
7011402,41.80908203125
7013233,44.00634765625
7048075,55.60302734375
7048545,57.9833984375
7048999,53.03955078125
7049412,56.396484375
7049928,49.13330078125
7050147,41.6259765625
7050279,34.24072265625
7050555,40.34423828125
7050846,39.4287109375
7052041,37.9638671875
7053419,38.75732421875
7110410,51.6357421875
7110776,48.9501953125
7111751,61.09619140625
7112026,44.5556640625
7112191,42.29736328125
7112361,33.8134765625
7112551,43.3349609375
7112702,36.2548828125
7113009,36.80419921875
7113191,33.38623046875
7113740,40.283203125
7113919,39.36767578125
7114108,33.69140625
7114374,36.0107421875
7114596,33.8134765625
7115270,35.2783203125
7115940,36.0107421875
7116322,40.283203125
7118683,50.23193359375
7130962,60.85205078125
7161414,52.91748046875
7161797,60.4248046875
7162536,45.5322265625
7162896,52.978515625
7163359,50.9033203125
7163455,34.72900390625
7163644,48.33984375
7163947,37.17041015625
7164216,33.447265625
7164539,41.07666015625
7164956,41.44287109375
7165199,35.09521484375
7165424,35.70556640625
7165519,36.1328125
7165698,39.48974609375
7166360,43.02978515625
7166987,36.68212890625
7167421,44.921875
7226724,43.27392578125
7227107,59.326171875
7227539,57.55615234375
7228249,50.47607421875
7229068,50.1708984375
7229353,47.66845703125
7229487,41.3818359375
7229744,39.0625
7229917,35.0341796875
7230169,41.50390625
7230407,37.841796875
7230555,37.78076171875
7231230,35.82763671875
7231449,37.353515625
7231699,34.3017578125
7232132,36.7431640625
7232821,36.80419921875
7233169,42.1142578125
7271344,52.55126953125
7271764,48.095703125
7272505,49.9267578125
7273406,41.19873046875
7274847,51.69677734375
7275217,56.396484375
7275525,54.62646484375
7275684,48.583984375
7276218,42.05322265625
7276480,36.865234375
7276686,39.794921875
7277150,44.921875
7277437,33.3251953125
7278686,35.64453125
7281008,48.40087890625
7329876,53.64990234375
7330326,57.31201171875
7367444,48.52294921875
7368612,45.166015625
7369211,48.2177734375
7369567,40.34423828125
7369721,38.02490234375
7370034,40.71044921875
7370546,35.15625
7371153,36.07177734375
7371662,36.7431640625
7372716,35.58349609375
7389168,47.119140625
7447024,55.96923828125
7447475,57.06787109375
7448951,53.03955078125
7449903,47.8515625
7450131,34.5458984375
7450244,56.45751953125
7450451,45.34912109375
7450733,43.701171875
7451187,38.6962890625
7451430,37.109375
7451694,38.57421875
7452083,34.423828125
7452505,34.36279296875
7453053,36.80419921875
7454600,46.875
7503435,62.19482421875
7504013,47.2412109375
7504436,53.5888671875
7506312,54.443359375
7541256,61.21826171875
7541828,58.65478515625
7573545,53.8330078125
7574489,57.0068359375
7577606,49.6826171875
7580330,50.59814453125
7731353,50.048828125
7731680,56.09130859375
7731813,40.10009765625
7731966,43.5791015625
7732649,39.6728515625
7733986,39.9169921875
7734701,36.80419921875
7735090,38.6962890625
7735529,42.8466796875
7790989,66.650390625
7793030,54.99267578125
7903392,50.84228515625
7905348,47.4853515625
7910464,49.86572265625
7910632,54.8095703125
7910996,40.771484375
7911110,39.00146484375
7911207,34.48486328125
7912022,34.60693359375
7912824,33.50830078125
7913658,40.771484375
7914015,36.376953125
7992043,53.5888671875
8028481,49.74365234375
8030290,49.25537109375
8030669,52.978515625
8030944,46.56982421875
8031141,53.7109375
8031387,36.2548828125
8032020,39.48974609375
8032608,39.61181640625
8033261,35.94970703125
8033860,39.306640625
8035517,40.283203125
8086067,59.9365234375
8087363,58.77685546875
8090600,55.7861328125
8091639,52.55126953125
8095156,57.06787109375
8095344,44.3115234375
8095594,52.91748046875
8095968,36.07177734375
8096096,35.33935546875
8096223,41.259765625
8096588,40.1611328125
8097131,34.72900390625
8097272,34.11865234375
8097344,34.0576171875
8097648,40.22216796875
8151846,51.81884765625
8152531,50.47607421875
8153030,50.84228515625
8153714,44.3115234375
8154215,44.25048828125
8154450,43.64013671875
8154747,38.02490234375
8154971,41.259765625
8155221,49.01123046875
8155456,40.46630859375
8156020,35.7666015625
8156438,40.4052734375
8156902,34.85107421875
8156950,35.15625
8157681,40.46630859375
8157846,36.376953125
8182586,49.98779296875
8205244,48.7060546875
8205827,52.18505859375
8206509,46.630859375
8208905,50.78125
8209535,43.27392578125
8210052,44.49462890625
8210413,44.25048828125
8210728,41.56494140625
8211379,49.560546875
8211727,33.38623046875
8212023,38.6962890625
8212219,40.283203125
8213266,44.25048828125
8247916,55.11474609375
8269862,50.4150390625
8270690,46.69189453125
8276707,53.77197265625
8303919,43.9453125
8304590,58.28857421875
8307014,54.13818359375
8308463,40.4052734375
8351311,51.45263671875
8352041,51.1474609375
8353661,47.119140625
8354561,42.6025390625
8395282,53.16162109375
8395955,53.77197265625
8463477,57.4951171875
8520378,59.63134765625
8522644,33.75244140625
8523191,43.9453125
8524803,41.68701171875
8525127,42.6025390625
8525384,37.17041015625
8525588,35.400390625
8525700,38.6962890625
8528274,42.8466796875
8528576,34.1796875
8528972,36.07177734375
8529319,35.5224609375
8546328,53.7109375
8546648,54.5654296875
8547331,44.7998046875
8588429,43.3349609375
8595900,56.640625
8632761,60.302734375
8633350,59.87548828125
8634097,46.81396484375
8639714,49.49951171875
8641527,48.7060546875
8644471,49.25537109375
8644819,52.30712890625
8645113,49.37744140625
8645257,43.02978515625
8645553,42.48046875
8645834,34.97314453125
8646084,37.65869140625
8646821,36.56005859375
8646984,35.82763671875
8647390,35.33935546875
8647699,38.87939453125
8648069,34.11865234375
8648396,37.90283203125
8649161,33.3251953125
8661506,45.0439453125
8721979,61.8896484375
8722733,56.82373046875
8723542,49.31640625
8724602,55.419921875
8725060,41.1376953125
8725268,33.8134765625
8725372,36.0107421875
8725554,41.32080078125
8725942,33.38623046875
8726099,36.4990234375
8726280,35.2783203125
8726445,37.7197265625
8726641,35.0341796875
8727102,33.75244140625
8781140,57.92236328125
8781596,47.91259765625
8783413,48.15673828125
8783925,55.11474609375
8784284,42.90771484375
8784295,47.42431640625
8784478,41.50390625
8784649,42.1142578125
8785041,34.1796875
8785241,39.36767578125
8785825,34.11865234375
8786823,34.912109375
8842974,50.537109375
8843510,45.34912109375
8843752,47.30224609375
8844632,53.955078125
8846761,50.35400390625
8847052,49.62158203125
8847220,47.18017578125
8847471,40.83251953125
8847604,40.58837890625
8847815,52.67333984375
8848065,44.921875
8848266,36.68212890625
8848483,39.61181640625
8849118,38.2080078125
8850282,35.21728515625
8882851,51.7578125
8886056,46.81396484375
8886772,47.18017578125
8888267,49.86572265625
8888813,42.96875
8889542,42.48046875
8890046,38.330078125
8890495,45.22705078125
8891007,37.353515625
8891433,52.67333984375
8965422,55.17578125
8965999,52.3681640625
8967098,50.9033203125
8968260,54.931640625
8969049,40.83251953125
8969335,42.41943359375
8969680,40.71044921875
8969859,36.0107421875
8970365,34.3017578125
8970578,37.353515625
8971987,36.07177734375
8972247,37.90283203125
9013560,34.66796875
9014029,62.07275390625
9015690,56.70166015625
9018656,44.25048828125
9019252,52.06298828125
9069085,46.32568359375
9069802,50.23193359375
9075680,48.33984375
9077325,41.748046875
9077430,34.36279296875
9077802,47.607421875
9078074,37.53662109375
9078233,33.26416015625
9078394,42.1142578125
9078562,39.0625
9078791,34.3017578125
9079020,35.09521484375
9079667,33.935546875
9080384,39.24560546875
9081305,36.43798828125
9150543,54.19921875
9151166,56.33544921875
9152761,47.7294921875
9168844,47.91259765625
9173589,47.119140625
9174218,51.6357421875
9174379,46.630859375
9174640,44.5556640625
9174930,35.64453125
9175322,36.2548828125
9175650,34.5458984375
9175819,35.33935546875
9175996,36.80419921875
9177253,45.34912109375
9177563,41.9921875
9177977,37.90283203125
9256961,54.0771484375
9257449,43.15185546875
9266261,55.419921875
9266694,50.1708984375
9266916,37.4755859375
9267102,42.05322265625
9267262,41.50390625
9267419,36.62109375
9267570,38.0859375
9267767,33.26416015625
9267898,36.80419921875
9268441,34.24072265625
9269738,33.26416015625
9311463,51.81884765625
9315198,52.3681640625
9315442,43.5791015625
9316354,39.61181640625
9316690,45.34912109375
9317426,47.42431640625
9317950,36.07177734375
9387132,43.02978515625
9416669,44.0673828125
9417251,54.38232421875
9453431,51.20849609375
9453968,50.29296875
9481077,45.0439453125
9483585,42.54150390625
9513141,52.18505859375
9514128,50.537109375
9515485,52.490234375
9557230,51.08642578125
9558054,45.71533203125
9559624,46.9970703125
9561052,39.24560546875
9561253,40.283203125
9561403,45.2880859375
9561668,38.2080078125
9561990,35.888671875
9562844,33.26416015625
9563579,34.423828125
9564405,34.0576171875
9564770,39.9169921875
9618524,54.87060546875
9619882,47.91259765625
9620324,42.05322265625
9620774,39.48974609375
9621063,37.29248046875
9621412,39.12353515625
9621632,41.8701171875
9622024,47.05810546875
9622218,35.888671875
9622463,33.5693359375
9622712,37.841796875
9622936,33.38623046875
9623200,36.4990234375
9623455,44.25048828125
9623841,40.4052734375
9698450,51.81884765625
9700625,40.10009765625
9703099,46.5087890625
9704262,55.35888671875
9704473,48.2177734375
9704733,39.36767578125
9705074,40.34423828125
9705377,50.72021484375
9706666,33.75244140625
9707056,36.9873046875
9708077,40.46630859375
9784037,60.791015625
9784751,53.3447265625
9785906,44.12841796875
9826049,52.91748046875
9827901,50.1708984375
9829187,44.00634765625
9829545,49.86572265625
9829906,43.88427734375
9830242,42.8466796875
9830470,34.48486328125
9831028,36.376953125
9832697,36.80419921875
9833387,36.43798828125
9903392,38.818359375
9904151,53.40576171875
9943156,60.6689453125
9987039,54.8095703125
9989242,51.20849609375
9989894,40.283203125
9990132,50.78125
9990309,39.306640625
9990412,36.56005859375
9991715,36.62109375
9992096,33.87451171875
9992705,36.376953125
9993196,36.9873046875
9993571,34.11865234375
10050131,50.23193359375
10051073,50.59814453125
10098915,47.36328125
10100466,56.70166015625
10104502,60.302734375
10105044,55.35888671875
10105500,50.4150390625
10105674,39.00146484375
10105884,48.40087890625
10106195,37.841796875
10106591,41.68701171875
10106777,33.50830078125
10106988,34.11865234375
10107214,36.2548828125
10107575,34.72900390625
10107904,33.50830078125
10108253,33.8134765625
10182786,44.7998046875
10184021,52.55126953125
10210316,52.978515625
10263255,49.62158203125
10266599,46.5087890625
10267167,42.41943359375
10267781,47.4853515625
10268055,45.8984375
10268316,34.7900390625
10268491,50.29296875
10268725,33.3251953125
10269291,33.87451171875
10269945,36.07177734375
10270124,33.75244140625
10270450,36.2548828125
10271010,39.24560546875
10271306,34.423828125
10271779,37.841796875
10322146,43.64013671875
10323526,47.42431640625
10325433,49.01123046875
10378144,61.1572265625
10378997,52.67333984375
10380073,44.98291015625
10380548,43.45703125
10380784,51.57470703125
10380972,37.04833984375
10381231,44.0673828125
10382529,34.11865234375
10382926,38.6962890625
10383940,35.2783203125
10451661,58.16650390625
10456204,49.25537109375
10456500,54.01611328125
10456742,38.330078125
10456939,41.015625
10457257,45.166015625
10457506,41.1376953125
10457740,39.55078125
10458070,35.15625
10458591,39.4287109375
10459013,38.51318359375
10459368,35.64453125
10459919,41.19873046875
10525976,56.33544921875
10528095,45.41015625
10529770,38.57421875
10529986,44.73876953125
10530187,38.26904296875
10530399,44.61669921875
10530691,33.69140625
10530878,33.203125
10531714,38.14697265625
10531921,40.0390625
10532256,39.1845703125
10591213,44.677734375
10591784,45.95947265625
10592049,46.20361328125
10592345,49.560546875
10592573,43.212890625
10592765,46.08154296875
10593040,34.36279296875
10593365,34.48486328125
10593556,35.0341796875
10593761,41.015625
10594297,39.73388671875
10594740,39.794921875
10595371,42.29736328125
10655034,49.98779296875
10662889,42.48046875
10663633,44.12841796875
10664023,54.01611328125
10664277,51.513671875
10664474,41.56494140625
10664725,36.7431640625
10665096,38.75732421875
10665623,40.34423828125
10666053,36.80419921875
10666292,37.4755859375
10666606,33.447265625
10740659,55.2978515625
10741329,57.2509765625
10741599,50.4150390625
10742446,43.0908203125
10742675,33.3251953125
10829627,53.28369140625
10867881,50.78125
10946305,48.095703125
10949037,53.466796875
10950567,50.537109375
10954025,49.98779296875
11007317,50.29296875
11056353,53.7109375
11056975,46.56982421875
11057967,49.1943359375
11109536,50.6591796875
11110313,39.00146484375
11111142,59.5703125
11111735,49.13330078125
11112009,54.99267578125
11112149,42.8466796875
11112333,47.607421875
11112552,38.14697265625
11112683,44.49462890625
11114911,33.99658203125
11166124,46.7529296875
11167127,52.001953125
11168474,49.13330078125
11168851,45.10498046875
11169186,41.8701171875
11169411,38.6962890625
11169857,36.80419921875
11169997,35.0341796875
11170549,42.41943359375
11170976,33.50830078125
11171637,35.33935546875
11171867,36.80419921875
11172535,37.9638671875
11228995,43.701171875
11230051,37.41455078125
11230502,42.724609375
11230671,43.27392578125
11230837,49.49951171875
11231137,40.83251953125
11231399,35.15625
11231953,36.80419921875
11232252,33.99658203125
11232683,34.423828125
11280342,52.3681640625
11284076,42.66357421875
11284440,53.16162109375
11284745,44.5556640625
11284994,44.61669921875
11285275,37.59765625
11285534,40.52734375
11285723,39.6728515625
11286552,37.04833984375
11286881,43.76220703125
11287086,34.11865234375
11287334,39.1845703125
11337824,59.99755859375
11341540,39.794921875
11341813,49.49951171875
11342131,44.921875
11342231,34.11865234375
11342378,42.29736328125
11342697,45.59326171875
11343206,36.07177734375
11344234,43.76220703125
11345008,40.4052734375
11390127,54.13818359375
11391865,53.955078125
11393376,38.6962890625
11393650,46.32568359375
11393881,40.771484375
11394150,42.96875
11394404,37.78076171875
11394685,39.24560546875
11394938,33.26416015625
11395161,34.5458984375
11395365,37.841796875
11396456,33.69140625
11397453,40.71044921875
11449516,42.1142578125
11453112,56.57958984375
11453518,47.42431640625
11453867,52.001953125
11454276,41.56494140625
11454707,52.42919921875
11455297,42.8466796875
11455519,44.921875
11456421,42.90771484375
11457087,37.2314453125
11522436,61.1572265625
11616094,39.12353515625
11617826,49.37744140625
11618679,44.677734375
11618924,45.166015625
11619197,43.3349609375
11619322,34.36279296875
11619526,39.24560546875
11619681,38.39111328125
11619837,36.4990234375
11620306,33.50830078125
11620467,34.1796875
11621187,37.65869140625
11621439,34.36279296875
11621754,34.3017578125
11700851,35.888671875
11703403,53.89404296875
11764256,43.51806640625
11854362,50.048828125
11900923,44.00634765625
11953581,42.48046875
11954552,36.2548828125
11954845,43.701171875
11955038,47.79052734375
11955235,46.630859375
11955339,42.48046875
11956997,34.7900390625
11957232,41.259765625
11958448,39.36767578125
