11999000,0
35514,33.63037109375
36435,33.63037109375
36654,33.50830078125
36759,33.203125
36959,54.6875
36992,38.57421875
37028,45.10498046875
37063,50.9033203125
37119,40.4052734375
37154,35.400390625
37171,51.45263671875
37183,36.7431640625
37245,40.58837890625
37291,60.36376953125
37306,46.142578125
37327,43.51806640625
37351,38.39111328125
37410,42.78564453125
37428,38.0859375
37438,38.9404296875
37520,37.17041015625
37595,36.4990234375
37675,43.701171875
37703,39.0625
37740,55.6640625
37775,33.14208984375
37829,38.87939453125
37851,33.87451171875
37976,38.57421875
38049,33.50830078125
38077,41.259765625
38107,44.37255859375
38143,34.1796875
38251,37.353515625
38276,39.61181640625
38292,38.2080078125
38317,35.64453125
38436,34.423828125
38539,35.64453125
38627,43.3349609375
38771,34.423828125
38873,36.865234375
39010,42.17529296875
39075,38.0859375
39245,34.7900390625
39271,36.68212890625
71011,33.26416015625
71117,33.87451171875
71170,50.84228515625
71189,42.17529296875
71206,45.7763671875
71244,38.0859375
71320,35.2783203125
71376,44.37255859375
71395,37.41455078125
71516,36.1328125
71536,33.935546875
71572,39.61181640625
71634,38.63525390625
71655,35.5224609375
71686,33.38623046875
71749,36.68212890625
71821,36.07177734375
71844,42.1142578125
71912,38.39111328125
71923,39.48974609375
71962,40.83251953125
72086,36.80419921875
72121,38.63525390625
72174,40.34423828125
72251,34.11865234375
72361,41.93115234375
72485,38.9404296875
73188,35.5224609375
73258,35.0341796875
74568,35.94970703125
114807,34.3017578125
117226,34.24072265625
132592,37.109375
132650,35.888671875
132695,41.50390625
132733,36.4990234375
132818,41.259765625
132861,36.1328125
132935,34.60693359375
132955,36.865234375
132968,46.38671875
132993,35.82763671875
133068,54.26025390625
133084,34.11865234375
133109,38.818359375
133143,50.35400390625
133170,42.05322265625
133204,39.61181640625
133234,37.41455078125
133267,51.513671875
133278,46.20361328125
133301,43.8232421875
133351,34.97314453125
133365,35.58349609375
133390,40.4052734375
133404,59.99755859375
133431,38.39111328125
133442,65.3076171875
133517,41.3818359375
133551,33.26416015625
133596,37.2314453125
133635,36.7431640625
133686,36.31591796875
133697,41.259765625
133713,39.97802734375
133738,36.80419921875
133770,57.2509765625
133803,33.3251953125
133844,35.82763671875
133856,51.81884765625
133874,34.24072265625
133903,33.63037109375
133942,33.3251953125
133952,41.748046875
134070,42.41943359375
134108,35.400390625
134150,35.2783203125
134238,38.9404296875
134327,44.49462890625
134382,35.0341796875
134795,33.14208984375
135251,36.4990234375
135588,33.87451171875
166048,35.58349609375
167462,35.21728515625
167581,34.97314453125
167739,34.36279296875
167767,33.3251953125
167822,38.87939453125
168063,33.38623046875
168258,33.75244140625
168369,40.283203125
168601,36.43798828125
168686,38.63525390625
168774,37.4755859375
168832,33.3251953125
202172,38.818359375
203155,38.02490234375
203997,35.0341796875
204409,43.27392578125
204679,36.43798828125
204999,35.7666015625
205059,38.02490234375
211504,36.07177734375
211538,42.236328125
211945,33.3251953125
229438,33.87451171875
266320,35.33935546875
266673,33.99658203125
266707,51.7578125
266741,44.189453125
266817,42.96875
266844,42.29736328125
266905,38.87939453125
266932,40.1611328125
266969,45.22705078125
266999,35.46142578125
267023,37.53662109375
267161,41.50390625
267179,38.0859375
267214,64.14794921875
267231,40.71044921875
267265,40.0390625
267309,37.65869140625
267333,38.57421875
267365,48.52294921875
267377,58.7158203125
267425,50.96435546875
267453,39.12353515625
267506,35.33935546875
267534,56.640625
267568,36.19384765625
267592,38.87939453125
267612,34.912109375
267653,35.46142578125
267667,40.10009765625
267716,39.12353515625
267758,34.5458984375
267796,37.53662109375
267859,36.4990234375
267901,47.66845703125
267994,41.1376953125
268012,33.69140625
268077,38.51318359375
268133,40.46630859375
268147,40.1611328125
268215,41.80908203125
268247,34.11865234375
268371,34.97314453125
268407,36.376953125
268420,34.24072265625
268602,33.14208984375
268728,46.38671875
268999,36.68212890625
269295,38.0859375
300769,33.26416015625
301219,39.97802734375
301277,37.353515625
301359,40.8935546875
301416,33.75244140625
301441,34.36279296875
301453,36.56005859375
301520,38.2080078125
301544,43.02978515625
301587,43.76220703125
301626,38.87939453125
301747,45.654296875
301805,34.0576171875
301867,33.3251953125
301889,38.26904296875
301985,33.50830078125
302035,34.1796875
302069,39.55078125
302097,50.6591796875
302123,33.87451171875
302167,38.330078125
302219,41.259765625
302353,36.865234375
302410,36.31591796875
302451,35.400390625
302482,35.2783203125
302917,33.8134765625
302955,36.92626953125
303088,34.7900390625
335372,43.15185546875
355359,38.39111328125
355668,42.3583984375
355756,36.56005859375
355782,48.27880859375
355795,44.73876953125
355806,58.837890625
355853,58.04443359375
355895,34.11865234375
355908,35.400390625
355947,41.3818359375
356022,40.4052734375
356042,56.396484375
356069,40.283203125
356108,34.423828125
356136,40.1611328125
356167,41.32080078125
356215,46.142578125
356243,35.70556640625
356296,44.73876953125
356306,38.87939453125
356335,38.75732421875
356383,40.10009765625
356401,46.32568359375
356426,49.74365234375
356451,33.99658203125
356462,33.38623046875
356514,35.82763671875
356529,38.63525390625
356570,42.6025390625
356582,41.07666015625
356625,49.1943359375
356639,34.36279296875
356676,42.66357421875
356690,46.38671875
356749,54.5654296875
356793,36.865234375
356839,37.2314453125
356852,44.0673828125
356876,41.8701171875
356926,36.4990234375
356988,34.72900390625
357012,34.72900390625
357106,45.5322265625
357134,33.203125
357218,48.03466796875
357230,33.5693359375
357648,40.6494140625
357753,38.02490234375
357996,36.376953125
358135,33.99658203125
377970,34.36279296875
398013,33.50830078125
422733,40.71044921875
422757,34.36279296875
422797,49.072265625
422833,34.60693359375
422895,35.7666015625
422913,36.56005859375
422950,41.19873046875
422960,47.119140625
422990,35.94970703125
423027,43.45703125
423060,38.9404296875
423085,40.22216796875
423111,62.8662109375
423126,33.87451171875
423147,39.4287109375
423162,38.39111328125
423186,43.64013671875
423204,44.98291015625
423219,35.2783203125
423240,37.4755859375
423259,48.15673828125
423282,33.63037109375
423302,39.12353515625
423326,45.8984375
423353,59.5703125
423365,54.931640625
423401,45.47119140625
423422,37.78076171875
423455,37.59765625
423499,44.73876953125
423520,35.82763671875
423556,41.80908203125
423578,49.9267578125
423607,37.53662109375
423633,43.5791015625
423687,35.46142578125
423754,35.400390625
423786,39.794921875
423823,33.447265625
423850,44.12841796875
423863,36.19384765625
423896,34.60693359375
423922,48.33984375
423940,37.17041015625
423986,40.34423828125
424046,34.60693359375
424093,35.70556640625
424143,34.24072265625
424226,57.12890625
424246,36.07177734375
424340,39.24560546875
424364,48.095703125
424412,34.60693359375
424500,33.75244140625
424544,36.62109375
424627,43.39599609375
424743,41.015625
424851,37.7197265625
424880,42.41943359375
424930,35.7666015625
425143,49.01123046875
425165,37.7197265625
425275,33.63037109375
425360,33.8134765625
425999,34.72900390625
453141,35.400390625
473773,37.53662109375
473978,33.14208984375
474078,37.4755859375
474111,41.50390625
474133,41.6259765625
474158,42.96875
474202,40.22216796875
474274,39.61181640625
474306,33.38623046875
474331,34.912109375
474347,44.61669921875
474408,36.2548828125
474432,34.72900390625
474488,50.29296875
474502,34.3017578125
474516,50.048828125
474561,33.63037109375
474602,38.57421875
474618,35.888671875
474669,44.98291015625
474687,49.6826171875
474718,55.419921875
474729,39.61181640625
474770,44.921875
474794,62.5
474808,35.33935546875
474852,52.18505859375
474890,35.09521484375
474942,48.15673828125
474970,34.423828125
474990,39.1845703125
475014,47.36328125
475033,35.58349609375
475075,34.5458984375
475116,35.82763671875
475141,50.10986328125
475165,37.90283203125
475212,39.794921875
475245,43.701171875
475280,41.32080078125
475302,39.9169921875
475328,37.109375
475352,49.6826171875
475393,34.1796875
475485,38.14697265625
475500,35.15625
475532,37.65869140625
475560,36.31591796875
475698,33.38623046875
475772,34.36279296875
475966,44.49462890625
476011,36.865234375
476294,33.69140625
476583,35.09521484375
476692,33.935546875
476813,33.935546875
499980,33.935546875
510672,34.97314453125
517565,35.21728515625
517662,36.68212890625
517765,34.7900390625
517789,38.818359375
517879,39.306640625
517921,47.05810546875
517942,39.306640625
517972,40.58837890625
518046,42.6025390625
518088,40.283203125
518118,44.61669921875
518141,50.10986328125
518165,37.841796875
518194,39.0625
518226,34.423828125
518282,40.1611328125
518307,46.56982421875
518319,38.6962890625
518358,42.1142578125
518385,40.771484375
518399,43.76220703125
518429,36.31591796875
518458,36.2548828125
518510,40.8935546875
518532,33.935546875
518560,39.55078125
518572,41.44287109375
518613,39.24560546875
518631,36.7431640625
518699,35.46142578125
518727,50.96435546875
518822,39.61181640625
518849,37.04833984375
518863,39.00146484375
518888,44.5556640625
519080,38.02490234375
519197,35.7666015625
519265,45.654296875
519306,37.29248046875
519316,35.09521484375
519657,35.09521484375
519720,34.912109375
548348,37.841796875
552397,52.6123046875
552629,35.5224609375
553158,36.62109375
553399,35.82763671875
553511,42.54150390625
553523,34.912109375
553596,39.97802734375
553666,39.12353515625
553687,34.85107421875
553733,35.09521484375
553836,39.00146484375
553863,37.04833984375
553952,36.56005859375
554001,34.5458984375
554223,34.36279296875
554400,34.7900390625
554440,38.51318359375
554540,39.306640625
554844,33.50830078125
554966,35.09521484375
555159,33.935546875
555629,34.85107421875
562586,36.07177734375
562813,33.5693359375
562968,35.21728515625
563216,33.935546875
592820,34.24072265625
593280,37.9638671875
593344,33.26416015625
593437,34.7900390625
593674,33.87451171875
593724,36.376953125
593949,36.865234375
594168,35.09521484375
594306,34.48486328125
595951,38.02490234375
620913,37.353515625
621157,35.33935546875
621193,36.9873046875
621331,36.376953125
621368,46.7529296875
621395,44.43359375
621448,33.14208984375
621459,49.13330078125
621476,36.07177734375
621557,59.38720703125
621571,41.9921875
621616,52.24609375
621637,49.13330078125
621707,39.12353515625
621730,47.119140625
621767,34.423828125
621782,40.71044921875
621835,34.5458984375
621857,35.0341796875
621884,48.4619140625
621913,37.29248046875
621950,34.97314453125
621992,33.5693359375
622041,42.17529296875
622075,39.0625
622114,43.02978515625
622163,37.2314453125
622186,47.91259765625
622231,44.73876953125
622306,52.30712890625
622429,53.03955078125
622444,34.60693359375
622515,33.3251953125
622570,40.22216796875
622614,33.63037109375
622652,33.14208984375
622714,39.0625
622733,36.62109375
622805,44.5556640625
622979,44.25048828125
623181,33.447265625
623199,37.90283203125
623475,35.70556640625
638895,33.50830078125
659748,33.75244140625
660395,34.3017578125
660659,39.55078125
660798,35.400390625
660839,35.888671875
660907,39.73388671875
660933,39.55078125
661002,43.45703125
661036,34.60693359375
661070,34.1796875
661095,41.6259765625
661155,41.93115234375
661181,48.03466796875
661196,34.912109375
661238,49.1943359375
661268,35.09521484375
661354,35.33935546875
661462,42.48046875
661489,55.35888671875
661556,33.99658203125
661583,35.21728515625
661642,40.4052734375
661677,46.69189453125
661825,42.236328125
661886,35.46142578125
661958,33.14208984375
694810,36.9873046875
695658,34.423828125
695902,38.75732421875
696104,37.59765625
696182,53.52783203125
696193,35.94970703125
696502,44.12841796875
696536,33.50830078125
696580,38.4521484375
696636,34.5458984375
696677,40.95458984375
696702,33.14208984375
696726,34.0576171875
696826,36.31591796875
696843,44.61669921875
696913,33.87451171875
697434,33.203125
697706,35.82763671875
698044,34.48486328125
709614,36.1328125
758575,33.50830078125
758613,40.8935546875
758753,33.5693359375
758772,33.3251953125
758892,33.14208984375
758983,44.73876953125
759004,39.48974609375
759042,39.61181640625
759087,46.630859375
759113,55.6640625
759132,48.88916015625
759152,55.2978515625
759165,53.466796875
759192,33.203125
759242,33.447265625
759257,41.6259765625
759275,37.04833984375
759309,53.64990234375
759328,48.095703125
759348,39.306640625
759362,49.1943359375
759379,37.7197265625
759403,42.90771484375
759456,36.68212890625
759482,40.95458984375
759526,62.6220703125
759557,44.921875
759587,49.560546875
759609,33.69140625
759625,35.5224609375
759681,36.92626953125
759692,45.34912109375
759709,38.4521484375
759742,37.17041015625
759779,51.3916015625
759806,36.56005859375
759821,36.19384765625
759871,33.99658203125
759896,33.5693359375
759929,48.4619140625
760007,35.15625
760062,45.47119140625
760081,34.66796875
760172,35.5224609375
760185,35.21728515625
760200,38.57421875
760251,35.46142578125
760271,43.27392578125
760291,38.818359375
760405,52.55126953125
760503,33.99658203125
760515,34.48486328125
760569,37.7197265625
760637,38.87939453125
760684,35.46142578125
760734,33.69140625
760762,36.2548828125
760848,34.36279296875
760872,37.7197265625
761109,38.4521484375
761451,36.865234375
762055,44.61669921875
763509,34.3017578125
785301,34.423828125
808493,33.14208984375
808695,33.447265625
808728,34.97314453125
808759,45.47119140625
808802,35.888671875
808876,43.88427734375
808889,59.6923828125
808946,36.31591796875
808973,36.0107421875
809054,38.2080078125
809064,46.2646484375
809113,52.67333984375
809124,38.330078125
809159,35.888671875
809175,48.03466796875
809203,35.0341796875
809214,54.931640625
809234,36.80419921875
809281,36.92626953125
809311,41.56494140625
809353,41.68701171875
809391,58.04443359375
809421,45.71533203125
809433,47.8515625
809458,33.26416015625
809488,35.70556640625
809505,49.8046875
809519,38.75732421875
809575,33.8134765625
809633,38.9404296875
809684,41.1376953125
809707,35.888671875
809725,46.32568359375
809836,37.78076171875
809846,39.12353515625
809881,47.7294921875
809911,34.0576171875
809982,37.841796875
810012,33.50830078125
810027,41.259765625
810049,38.39111328125
810061,38.26904296875
810093,33.26416015625
810141,38.2080078125
810253,37.2314453125
810288,36.43798828125
810442,39.73388671875
810866,41.93115234375
811157,33.50830078125
811403,33.50830078125
844346,33.63037109375
871906,35.94970703125
871983,40.22216796875
871996,36.7431640625
872042,40.58837890625
872055,44.25048828125
872083,40.46630859375
872110,39.6728515625
872145,34.85107421875
872182,50.47607421875
872231,36.92626953125
872265,54.74853515625
872276,49.01123046875
872306,39.0625
872365,38.26904296875
872387,42.78564453125
872417,42.90771484375
872447,38.87939453125
872457,59.9365234375
872485,36.2548828125
872495,34.85107421875
872542,46.44775390625
872579,37.41455078125
872596,47.607421875
872608,34.66796875
872638,40.71044921875
872652,37.41455078125
872684,47.30224609375
872813,53.16162109375
872834,35.33935546875
872860,35.0341796875
872965,33.8134765625
872990,50.72021484375
873050,39.36767578125
873086,34.912109375
873137,34.0576171875
873150,46.81396484375
873251,34.912109375
873274,39.73388671875
873322,33.935546875
873367,40.8935546875
873403,37.17041015625
873435,37.53662109375
873556,34.85107421875
873672,40.6494140625
873761,33.63037109375
873809,33.3251953125
873913,37.17041015625
874021,34.60693359375
874132,35.64453125
874725,36.07177734375
875062,37.78076171875
875405,38.9404296875
926283,36.376953125
940491,33.26416015625
953343,38.39111328125
953780,37.841796875
953988,54.74853515625
954083,34.36279296875
954095,33.63037109375
954198,51.26953125
954232,39.794921875
954255,36.865234375
954294,40.771484375
954314,37.29248046875
954354,34.912109375
954401,45.0439453125
954417,49.9267578125
954440,44.5556640625
954458,42.17529296875
954492,39.85595703125
954524,58.2275390625
954534,53.3447265625
954573,58.53271484375
954615,33.69140625
954638,36.43798828125
954719,33.8134765625
954737,38.9404296875
954781,37.90283203125
954877,48.88916015625
954924,48.52294921875
954942,34.48486328125
954982,34.97314453125
955005,40.6494140625
955032,35.5224609375
955059,35.15625
955088,36.07177734375
955103,35.400390625
955133,33.99658203125
955232,33.75244140625
955324,35.400390625
955362,41.50390625
955491,44.37255859375
955622,35.58349609375
955716,39.24560546875
955756,34.423828125
955805,42.236328125
955840,35.33935546875
956195,34.60693359375
956229,33.50830078125
956348,34.24072265625
956512,39.48974609375
957173,33.50830078125
957201,38.14697265625
957695,36.80419921875
958162,33.203125
994084,34.48486328125
1000692,44.43359375
1001582,34.36279296875
1001631,37.841796875
1002349,33.63037109375
1002621,42.78564453125
1002653,33.5693359375
1002731,34.60693359375
1002782,38.6962890625
1002823,33.447265625
1002855,33.87451171875
1002919,37.109375
1002941,44.25048828125
1002981,35.33935546875
1003080,34.7900390625
1003109,34.48486328125
1003152,33.38623046875
1003218,36.92626953125
1003250,36.7431640625
1003279,37.4755859375
1003292,49.1943359375
1003315,39.4287109375
1003362,34.60693359375
1003423,48.40087890625
1003493,46.9970703125
1003566,35.82763671875
1003636,35.64453125
1003660,35.0341796875
1003777,50.23193359375
1003842,35.70556640625
1003862,66.10107421875
1003899,35.21728515625
1004000,38.57421875
1004035,42.05322265625
1004240,34.60693359375
1004370,33.3251953125
1004519,36.2548828125
1004676,33.38623046875
1005021,37.7197265625
1005092,34.1796875
1005280,37.109375
1033599,35.46142578125
1034037,34.7900390625
1034080,37.04833984375
1034124,36.9873046875
1034160,34.85107421875
1034204,35.82763671875
1034237,51.3916015625
1034261,35.82763671875
1034331,34.11865234375
1034347,40.0390625
1034391,42.96875
1034436,35.21728515625
1034460,40.34423828125
1034497,33.63037109375
1034515,36.7431640625
1034539,38.2080078125
1034563,44.73876953125
1034629,41.32080078125
1034654,48.33984375
1034768,34.85107421875
1034812,42.78564453125
1034834,35.888671875
1034924,50.29296875
1035077,39.55078125
1035110,34.60693359375
1035326,33.3251953125
1035380,41.32080078125
1035391,36.1328125
1035464,36.68212890625
1035514,40.4052734375
1035671,34.85107421875
1037004,35.70556640625
1063275,35.888671875
1072993,33.26416015625
1073633,33.5693359375
1073922,35.0341796875
1073959,35.2783203125
1074083,34.85107421875
1074208,34.97314453125
1074461,34.7900390625
1074525,37.29248046875
1074553,33.14208984375
1074601,34.1796875
1074639,43.212890625
1074684,41.32080078125
1074843,44.677734375
1074964,35.21728515625
1075015,39.55078125
1075128,40.10009765625
1075292,33.50830078125
1075372,34.0576171875
1075445,38.6962890625
1075607,38.330078125
1089394,46.93603515625
1089642,41.19873046875
1089671,34.48486328125
1089856,33.75244140625
1089913,33.8134765625
1090132,40.34423828125
1090687,34.7900390625
1091060,33.87451171875
1091313,36.1328125
1091656,33.8134765625
1092542,38.330078125
1103353,37.04833984375
1103572,37.4755859375
1103747,33.69140625
1103917,47.8515625
1104220,37.65869140625
1104232,33.447265625
1104323,34.36279296875
1104504,34.5458984375
1104539,34.7900390625
1104734,35.0341796875
1104796,36.2548828125
1104866,36.376953125
1105038,33.3251953125
1117463,49.8046875
1117757,42.6025390625
1117883,34.5458984375
1117916,44.73876953125
1118053,36.62109375
1118224,38.9404296875
1118238,43.15185546875
1118363,34.7900390625
1118479,38.14697265625
1119126,34.3017578125
1131465,36.4990234375
1131498,33.63037109375
1131517,44.5556640625
1131651,42.66357421875
1131739,36.92626953125
1131835,38.02490234375
1131887,46.08154296875
1131922,34.3017578125
1132038,43.51806640625
1132304,34.0576171875
1132353,42.90771484375
1145636,37.2314453125
1145734,37.59765625
1145772,38.51318359375
1145869,41.015625
1145936,35.33935546875
1146314,39.6728515625
1146353,35.46142578125
1146418,34.912109375
1146550,37.2314453125
1162012,33.63037109375
1172468,34.423828125
1172798,34.85107421875
1172990,34.97314453125
1173273,39.24560546875
1173375,40.46630859375
1173459,33.14208984375
1173469,42.48046875
1173506,36.1328125
1173545,33.8134765625
1173722,40.58837890625
1173768,35.58349609375
1173827,41.56494140625
1173899,34.48486328125
1185619,36.80419921875
1198969,38.6962890625
1199147,34.24072265625
1199444,36.07177734375
1199527,47.54638671875
1199560,34.1796875
1199653,33.50830078125
1202037,33.38623046875
1219511,35.70556640625
1234263,36.31591796875
1255905,34.0576171875
1257543,34.1796875
1258311,34.7900390625
1258438,36.0107421875
1293229,34.0576171875
1303597,34.5458984375
1348566,34.11865234375
1369046,43.15185546875
1370159,41.3818359375
1387332,36.0107421875
1387712,40.10009765625
1402706,33.8134765625
1402866,33.935546875
1403485,33.87451171875
1404479,33.50830078125
1418401,33.26416015625
1429265,34.5458984375
1447162,33.203125
1486806,34.3017578125
1488651,34.5458984375
1488954,35.09521484375
1511169,34.1796875
1530076,34.60693359375
1531058,33.14208984375
1538014,37.78076171875
1558175,37.17041015625
1558204,34.912109375
1559504,35.5224609375
1559755,33.87451171875
1560248,38.39111328125
1580585,36.376953125
1582236,34.72900390625
1582945,49.86572265625
1583694,35.2783203125
1584427,34.24072265625
1610495,34.5458984375
1612658,33.203125
1613168,40.771484375
1679419,40.0390625
1679875,38.14697265625
1679922,38.14697265625
1680009,37.17041015625
1680082,46.69189453125
1680221,41.1376953125
1680258,36.62109375
1680326,33.38623046875
1680399,34.7900390625
1680428,41.50390625
1680454,39.306640625
1680504,35.09521484375
1680537,46.630859375
1680581,58.65478515625
1680597,45.59326171875
1680620,52.18505859375
1680707,34.5458984375
1680730,35.46142578125
1680772,35.5224609375
1680790,35.400390625
1680887,35.21728515625
1680943,38.51318359375
1680970,35.58349609375
1681002,36.43798828125
1681070,35.2783203125
1681087,33.50830078125
1681118,35.58349609375
1681158,35.64453125
1681213,35.7666015625
1681434,42.17529296875
1681551,35.0341796875
1681792,35.888671875
1682213,42.29736328125
1682569,39.97802734375
1682614,37.53662109375
1683314,33.26416015625
1683338,37.7197265625
1683511,34.72900390625
1684586,34.0576171875
1783454,35.64453125
1783630,33.203125
1783759,39.794921875
1783819,38.75732421875
1783839,39.306640625
1783913,36.376953125
1783933,33.3251953125
1783948,36.31591796875
1783987,45.47119140625
1784022,41.748046875
1784051,48.9501953125
1784077,40.22216796875
1784137,38.02490234375
1784158,36.07177734375
1784174,36.4990234375
1784198,49.49951171875
1784235,35.2783203125
1784257,36.43798828125
1784301,33.87451171875
1784313,45.5322265625
1784340,39.9169921875
1784370,36.56005859375
1784404,35.70556640625
1784433,43.39599609375
1784473,40.1611328125
1784497,36.376953125
1784533,40.6494140625
1784543,42.96875
1784588,44.43359375
1784624,50.9033203125
1784759,36.68212890625
1784772,40.4052734375
1784839,39.0625
1784876,40.1611328125
1784915,33.8134765625
1784971,40.771484375
1785034,38.2080078125
1785100,37.9638671875
1785152,50.1708984375
1785207,47.7294921875
1785373,34.97314453125
1785546,37.353515625
1785608,41.8701171875
1785858,33.935546875
1786366,35.15625
1786505,35.46142578125
2213728,33.50830078125
2213738,33.50830078125
2213784,34.0576171875
2213809,37.53662109375
2213824,36.9873046875
2213871,54.19921875
2213881,49.01123046875
2213914,41.80908203125
2213944,57.9833984375
2213954,50.59814453125
2213983,38.0859375
2214026,33.38623046875
2214053,47.66845703125
2214095,37.4755859375
2214111,37.109375
2214132,40.83251953125
2214166,53.955078125
2214193,39.55078125
2214218,42.66357421875
2214228,62.68310546875
2214247,50.4150390625
2214264,38.87939453125
2214335,33.203125
2214348,40.771484375
2214427,33.87451171875
2214476,36.865234375
2214633,41.1376953125
2214773,33.3251953125
2214857,35.33935546875
2214992,33.203125
2215063,33.8134765625
2215398,33.26416015625
2215413,35.94970703125
2215694,35.82763671875
2215764,40.22216796875
2215905,36.31591796875
2215939,40.46630859375
2215975,35.64453125
2216106,55.419921875
2216174,37.41455078125
2216334,35.82763671875
2216474,41.07666015625
2216534,47.7294921875
2216591,34.36279296875
2216695,36.19384765625
2216732,33.69140625
2216794,41.56494140625
2216890,33.26416015625
2217067,41.6259765625
2217119,46.08154296875
2217152,33.8134765625
2217308,36.1328125
2217357,34.24072265625
2217545,34.0576171875
2217762,34.0576171875
2217776,39.6728515625
2217876,36.07177734375
2219229,41.748046875
2221933,34.48486328125
2239836,34.66796875
2240151,33.447265625
2240892,36.07177734375
2241004,35.0341796875
2241026,43.88427734375
2241117,33.69140625
2241148,38.330078125
2241170,36.92626953125
2241244,35.58349609375
2241337,37.109375
2241402,33.87451171875
2241419,42.724609375
2241445,43.212890625
2241456,34.1796875
2241510,36.1328125
2241567,45.166015625
2241608,35.09521484375
2241664,34.24072265625
2241706,34.66796875
2241730,42.29736328125
2241740,35.70556640625
2241816,42.3583984375
2241849,35.5224609375
2241873,40.95458984375
2241932,41.32080078125
2242036,39.97802734375
2242176,35.400390625
2242216,33.26416015625
2242249,41.32080078125
2242307,36.68212890625
2242499,49.01123046875
2242601,35.400390625
2242621,35.15625
2242822,34.60693359375
2242864,33.203125
2242906,34.48486328125
2242933,36.1328125
2242986,37.9638671875
2243033,34.3017578125
2243144,35.82763671875
2243348,38.87939453125
2243373,48.40087890625
2243404,34.7900390625
2243460,37.17041015625
2243550,34.72900390625
2243820,40.95458984375
2244222,33.5693359375
2244268,33.3251953125
2244521,36.0107421875
2244932,35.94970703125
2245354,33.69140625
2245601,35.5224609375
2466244,35.15625
2466730,35.94970703125
2466963,34.60693359375
2466981,49.6826171875
2467085,43.212890625
2467110,34.48486328125
2467174,48.40087890625
2467189,41.93115234375
2467219,39.24560546875
2467240,49.1943359375
2467292,55.48095703125
2467353,33.3251953125
2467371,39.36767578125
2467413,33.5693359375
2467435,45.5322265625
2467460,44.98291015625
2467496,46.142578125
2467526,55.0537109375
2467550,35.888671875
2467564,33.38623046875
2467669,34.36279296875
2467798,33.50830078125
2467944,36.865234375
2468024,34.72900390625
2468042,33.99658203125
2468243,36.80419921875
2468322,33.203125
2468469,36.1328125
2468616,33.87451171875
2468642,54.87060546875
2468890,39.794921875
2469004,42.6025390625
2469107,41.93115234375
2469172,36.43798828125
2469281,36.7431640625
2469340,40.52734375
2469564,37.353515625
2469655,46.0205078125
2469906,36.0107421875
2470149,33.50830078125
2470605,33.50830078125
2470749,33.87451171875
2471146,35.21728515625
2471575,42.8466796875
2536824,36.19384765625
2537372,34.0576171875
2537420,40.58837890625
2537463,37.7197265625
2537473,38.87939453125
2537539,34.11865234375
2537557,36.80419921875
2537591,44.921875
2537617,37.41455078125
2537637,44.7998046875
2537669,37.59765625
2537680,47.36328125
2537715,38.02490234375
2537756,41.07666015625
2537795,35.09521484375
2537823,44.49462890625
2537883,35.5224609375
2537904,36.4990234375
2537930,33.87451171875
2537984,47.05810546875
2538003,37.17041015625
2538038,34.66796875
2538069,35.5224609375
2538143,48.2177734375
2538194,41.259765625
2538236,35.46142578125
2538314,35.70556640625
2538354,33.69140625
2538395,41.015625
2538535,38.39111328125
2538664,33.26416015625
2538676,34.48486328125
2538740,33.26416015625
2538830,40.83251953125
2539062,33.5693359375
2539205,37.59765625
2539320,37.53662109375
2539467,33.87451171875
2539549,33.50830078125
2539699,33.99658203125
2539782,33.99658203125
2539803,33.50830078125
2539886,34.97314453125
2539989,33.3251953125
2540240,35.82763671875
2540702,34.912109375
2540765,33.87451171875
2541476,36.92626953125
2541499,33.14208984375
2542217,33.935546875
2599531,34.60693359375
2604533,34.72900390625
2604658,37.841796875
2604772,36.2548828125
2604830,34.912109375
2604856,46.69189453125
2604911,44.00634765625
2604982,36.80419921875
2605020,38.02490234375
2605041,43.88427734375
2605081,54.19921875
2605114,46.5087890625
2605159,35.58349609375
2605174,36.0107421875
2605210,48.583984375
2605266,53.52783203125
2605297,51.8798828125
2605314,55.7861328125
2605352,35.64453125
2605387,34.48486328125
2605476,37.7197265625
2605503,35.400390625
2605535,38.818359375
2605606,35.888671875
2605660,47.7294921875
2605746,33.447265625
2605768,35.7666015625
2605879,36.2548828125
2605921,42.05322265625
2606025,40.46630859375
2606097,37.841796875
2606142,48.64501953125
2606325,39.61181640625
2606480,33.447265625
2606651,35.2783203125
2606679,44.677734375
2606752,35.0341796875
2606914,36.376953125
2606988,34.24072265625
2607006,35.7666015625
2607158,34.0576171875
2607223,44.49462890625
2607333,39.12353515625
2607380,35.400390625
2607655,35.64453125
2607774,33.26416015625
2739810,42.48046875
2739890,35.15625
2739916,44.189453125
2739958,44.37255859375
2739968,49.25537109375
2739996,38.14697265625
2740006,34.1796875
2740031,45.2880859375
2740053,41.56494140625
2740069,33.50830078125
2740105,51.8798828125
2740117,43.212890625
2740145,39.61181640625
2740161,35.58349609375
2740197,49.01123046875
2740238,69.580078125
2740271,46.56982421875
2740299,39.0625
2740332,42.6025390625
2740344,34.11865234375
2740392,44.5556640625
2740406,40.10009765625
2740501,50.537109375
2740558,34.7900390625
2740735,46.93603515625
2740772,36.4990234375
2740782,40.10009765625
2740809,37.29248046875
2740881,34.66796875
2740899,36.68212890625
2740995,36.2548828125
2741010,41.9921875
2741020,36.80419921875
2741058,36.376953125
2741111,35.64453125
2741184,36.0107421875
2741376,44.61669921875
2741439,35.0341796875
2741554,36.92626953125
2741797,33.5693359375
2741828,43.51806640625
2741928,37.04833984375
2742007,38.14697265625
2742199,35.21728515625
2742389,35.15625
2742702,34.11865234375
2742811,33.3251953125
2743152,34.97314453125
2743408,39.00146484375
2743511,36.80419921875
2744029,39.1845703125
2807600,34.72900390625
2814418,35.21728515625
2814475,36.7431640625
2814517,33.99658203125
2814623,34.66796875
2814650,34.1796875
2814729,35.7666015625
2814743,35.5224609375
2814782,37.17041015625
2814818,41.32080078125
2814843,37.2314453125
2814867,38.63525390625
2814885,35.70556640625
2814978,43.9453125
2815007,46.93603515625
2815021,33.14208984375
2815039,40.71044921875
2815057,35.46142578125
2815116,33.75244140625
2815135,53.03955078125
2815171,39.6728515625
2815196,35.82763671875
2815213,47.7294921875
2815274,39.1845703125
2815286,39.0625
2815355,41.32080078125
2815385,44.12841796875
2815435,34.24072265625
2815450,42.724609375
2815540,40.58837890625
2815563,36.43798828125
2815587,34.60693359375
2815691,34.60693359375
2815789,45.47119140625
2815799,40.22216796875
2815865,37.41455078125
2815931,37.841796875
2816106,39.4287109375
2816128,45.59326171875
2816189,36.865234375
2816226,44.12841796875
2816432,36.80419921875
2816489,33.87451171875
2816522,33.447265625
2816752,38.9404296875
2817158,36.4990234375
2817248,35.0341796875
2817482,41.19873046875
2817855,33.99658203125
2818412,36.376953125
2895166,33.26416015625
2895429,34.24072265625
2895823,34.72900390625
2895935,34.97314453125
2895973,35.888671875
2896021,35.09521484375
2896041,36.865234375
2896110,35.5224609375
2896153,40.10009765625
2896192,50.23193359375
2896211,43.701171875
2896287,36.376953125
2896309,35.82763671875
2896367,33.26416015625
2896394,34.0576171875
2896405,36.92626953125
2896429,39.00146484375
2896448,33.38623046875
2896504,52.79541015625
2896530,40.52734375
2896605,36.2548828125
2896689,37.9638671875
2896730,33.63037109375
2896799,47.119140625
2896841,37.78076171875
2896971,37.59765625
2897183,33.38623046875
2897264,42.05322265625
2897403,42.8466796875
2897436,40.46630859375
2897490,38.818359375
2897544,38.57421875
2897595,48.40087890625
2897665,35.82763671875
2897786,33.3251953125
2897887,35.58349609375
2897936,35.2783203125
2898033,46.0205078125
2898103,35.21728515625
2898423,33.3251953125
2898625,33.69140625
2898763,34.85107421875
2981430,40.771484375
2981505,37.4755859375
2981609,44.00634765625
2981622,53.28369140625
2981692,37.65869140625
2981725,40.8935546875
2981790,36.31591796875
2981810,40.4052734375
2981859,34.48486328125
2981889,48.15673828125
2981913,41.9921875
2981939,45.71533203125
2981960,48.40087890625
2982048,47.4853515625
2982113,48.7060546875
2982123,52.978515625
2982148,46.38671875
2982199,39.73388671875
2982278,37.9638671875
2982305,37.29248046875
2982366,33.99658203125
2982509,39.6728515625
2982660,35.5224609375
2982678,36.1328125
2982751,34.36279296875
2982922,33.50830078125
2982933,33.99658203125
2982954,35.15625
2983089,33.75244140625
2983145,35.0341796875
2983259,35.33935546875
2983312,36.43798828125
2983373,42.6025390625
2983399,34.36279296875
2983454,50.84228515625
2983531,34.11865234375
2983565,38.0859375
2983701,34.0576171875
2983810,42.05322265625
2983975,36.4990234375
2984096,44.677734375
2984237,38.02490234375
3053560,35.15625
3053960,43.88427734375
3054085,33.447265625
3054175,35.0341796875
3054199,33.935546875
3054274,43.701171875
3054298,35.70556640625
3054318,39.73388671875
3054377,33.203125
3054398,37.353515625
3054436,45.22705078125
3054463,39.00146484375
3054476,41.68701171875
3054516,35.7666015625
3054546,36.43798828125
3054557,33.8134765625
3054595,40.95458984375
3054612,44.00634765625
3054667,44.00634765625
3054690,41.50390625
3054713,41.56494140625
3054740,33.50830078125
3054750,38.9404296875
3054833,33.3251953125
3054864,44.86083984375
3054878,35.5224609375
3055000,39.1845703125
3055031,35.400390625
3055086,36.0107421875
3055176,33.26416015625
3055236,35.70556640625
3055300,35.400390625
3055347,35.5224609375
3055534,35.5224609375
3055672,40.22216796875
3055703,38.0859375
3055917,35.70556640625
3055945,33.8134765625
3055981,33.203125
3056128,36.07177734375
3056179,34.912109375
3056220,39.24560546875
3056232,42.96875
3056270,34.3017578125
3056396,36.4990234375
3056788,34.1796875
3056970,33.8134765625
3057137,38.87939453125
3057744,36.1328125
3127437,37.17041015625
3127676,39.12353515625
3127993,36.92626953125
3128058,34.36279296875
3128092,52.06298828125
3128179,33.203125
3128227,37.29248046875
3128254,38.9404296875
3128265,49.8046875
3128298,54.01611328125
3128362,49.9267578125
3128401,48.7060546875
3128432,51.26953125
3128465,34.66796875
3128525,45.83740234375
3128585,35.2783203125
3128614,47.05810546875
3128647,39.36767578125
3128667,38.4521484375
3128691,41.80908203125
3128767,36.43798828125
3128847,48.4619140625
3128911,35.58349609375
3128927,38.02490234375
3129099,43.27392578125
3129112,38.0859375
3129248,34.97314453125
3129283,34.60693359375
3129324,40.283203125
3129412,38.75732421875
3129475,38.2080078125
3129548,34.7900390625
3129623,44.00634765625
3129745,39.24560546875
3129786,37.2314453125
3129897,36.7431640625
3129912,33.447265625
3130068,38.51318359375
3130154,36.07177734375
3130193,34.60693359375
3130297,36.4990234375
3130362,34.1796875
3130444,38.63525390625
3131375,34.36279296875
3131848,49.37744140625
3201166,37.53662109375
3201907,33.50830078125
3202077,37.04833984375
3202175,36.31591796875
3202213,33.14208984375
3202249,38.51318359375
3202344,36.31591796875
3202369,38.9404296875
3202418,35.33935546875
3202490,34.5458984375
3202505,44.73876953125
3202548,36.31591796875
3202613,37.4755859375
3202654,43.02978515625
3202675,41.6259765625
3202735,36.865234375
3202790,37.04833984375
3202832,40.1611328125
3202944,42.54150390625
3202957,36.43798828125
3202999,40.83251953125
3203064,35.15625
3203107,33.8134765625
3203124,39.6728515625
3203177,42.17529296875
3203204,33.3251953125
3203266,35.15625
3203299,34.11865234375
3203357,35.5224609375
3203374,33.447265625
3203419,36.80419921875
3203440,41.93115234375
3203493,33.203125
3203522,34.48486328125
3203532,40.58837890625
3203661,34.85107421875
3203734,34.7900390625
3203766,36.43798828125
3203788,35.7666015625
3203811,37.9638671875
3203973,43.5791015625
3203986,36.31591796875
3204055,36.7431640625
3204093,48.9501953125
3204188,35.09521484375
3204255,35.0341796875
3204608,38.51318359375
3204819,44.73876953125
3204964,35.7666015625
3205094,41.56494140625
3205209,34.66796875
3205286,34.66796875
3283611,33.38623046875
3292551,39.6728515625
3292602,43.9453125
3292677,33.935546875
3292724,50.35400390625
3292753,33.3251953125
3292769,36.2548828125
3292809,53.7109375
3292836,37.59765625
3292872,40.46630859375
3292884,33.3251953125
3292909,48.52294921875
3292922,43.64013671875
3292959,33.26416015625
3292990,42.29736328125
3293014,33.935546875
3293085,33.63037109375
3293130,48.76708984375
3293149,34.36279296875
3293182,38.39111328125
3293215,35.58349609375
3293242,34.3017578125
3293268,34.72900390625
3293318,33.5693359375
3293392,42.96875
3293406,40.52734375
3293459,38.75732421875
3293479,33.69140625
3293519,40.283203125
3293598,45.2880859375
3293667,34.11865234375
3293710,36.68212890625
3293735,33.935546875
3293811,37.109375
3293834,33.38623046875
3293965,38.75732421875
3294102,33.50830078125
3294138,43.8232421875
3294290,33.26416015625
3294344,36.865234375
3294497,36.1328125
3294632,44.12841796875
3294675,35.58349609375
3294741,34.7900390625
3294837,35.58349609375
3294916,45.34912109375
3295708,33.26416015625
3295826,33.99658203125
3372750,34.1796875
3373845,34.60693359375
3373879,35.400390625
3374222,34.1796875
3374371,33.14208984375
3374397,42.96875
3374422,39.4287109375
3374490,36.9873046875
3374516,45.654296875
3374528,33.38623046875
3374577,51.6357421875
3374601,35.7666015625
3374657,37.7197265625
3374760,35.21728515625
3374898,33.14208984375
3374936,33.50830078125
3374984,37.2314453125
3375006,44.86083984375
3375042,57.92236328125
3375133,36.376953125
3375160,35.0341796875
3375171,44.37255859375
3375269,39.55078125
3375298,33.38623046875
3375340,35.888671875
3375411,42.66357421875
3375425,37.53662109375
3375451,33.5693359375
3375478,35.82763671875
3375529,46.5087890625
3375639,34.11865234375
3375693,34.36279296875
3375728,36.43798828125
3375748,33.5693359375
3375823,41.44287109375
3375900,34.423828125
3376013,33.63037109375
3376116,38.51318359375
3376162,33.935546875
3376391,41.3818359375
3376566,42.05322265625
3376612,34.7900390625
3377013,35.888671875
3377035,36.62109375
3386566,33.8134765625
3386846,34.60693359375
3388393,39.48974609375
3427437,33.75244140625
3427962,37.04833984375
3446877,33.447265625
3457625,34.912109375
3510923,34.85107421875
3520034,33.75244140625
3549347,34.423828125
3627627,33.8134765625
3631045,37.7197265625
3632373,33.447265625
3685416,36.2548828125
3687406,34.7900390625
3690701,33.935546875
3691081,33.38623046875
3691997,33.3251953125
3692472,38.63525390625
3692938,34.11865234375
3693044,37.59765625
3693100,36.9873046875
3693336,38.87939453125
3693419,37.109375
3693477,38.0859375
3693507,36.4990234375
3693642,40.0390625
3693710,47.42431640625
3693744,33.38623046875
3693763,42.78564453125
3693794,45.5322265625
3693814,36.43798828125
3693870,39.36767578125
3693928,51.513671875
3694013,41.93115234375
3694025,41.6259765625
3694085,37.841796875
3694162,40.1611328125
3694210,34.72900390625
3694264,36.376953125
3694310,43.51806640625
3694456,37.4755859375
3694551,44.7998046875
3694592,33.50830078125
3694607,33.69140625
3694858,46.0205078125
3695082,33.5693359375
3695152,48.40087890625
3695417,38.51318359375
3695708,36.56005859375
3695853,35.2783203125
3696106,33.14208984375
3696481,34.85107421875
3790096,34.66796875
3790990,34.3017578125
3791276,36.92626953125
3791514,37.841796875
3791626,41.1376953125
3791649,34.72900390625
3791688,35.94970703125
3791772,35.46142578125
3791895,33.447265625
3791912,35.15625
3791929,39.97802734375
3791963,42.236328125
3791980,45.95947265625
3792047,51.513671875
3792062,46.630859375
3792092,45.10498046875
3792188,33.99658203125
3792209,53.1005859375
3792255,34.72900390625
3792303,35.64453125
3792333,47.119140625
3792374,68.84765625
3792438,48.7060546875
3792473,40.83251953125
3792555,34.24072265625
3792603,35.888671875
3792634,34.85107421875
3792672,33.99658203125
3792710,47.8515625
3792808,38.63525390625
3792945,35.64453125
3793075,45.34912109375
3793232,35.09521484375
3793387,41.44287109375
3793404,37.17041015625
3793589,41.8701171875
3794318,43.39599609375
3794471,36.376953125
3794960,33.69140625
3795159,35.94970703125
3795606,34.66796875
3795927,33.87451171875
3796285,36.19384765625
3805745,38.2080078125
3904136,34.72900390625
3905117,33.8134765625
3905148,39.1845703125
3905185,34.3017578125
3905297,49.072265625
3905323,38.02490234375
3905443,36.9873046875
3905471,38.63525390625
3905508,43.9453125
3905522,46.56982421875
3905590,42.66357421875
3905654,36.31591796875
3905669,41.015625
3905686,40.4052734375
3905703,42.3583984375
3905724,34.66796875
3905777,44.73876953125
3905816,41.32080078125
3905845,33.75244140625
3905916,36.07177734375
3905971,34.60693359375
3905993,35.15625
3906034,35.0341796875
3906049,33.14208984375
3906109,33.99658203125
3906151,40.0390625
3906271,34.3017578125
3906308,38.0859375
3906332,38.87939453125
3906432,36.92626953125
3906468,46.32568359375
3906520,40.46630859375
3906547,33.63037109375
3906824,34.97314453125
3906919,42.48046875
3906930,37.04833984375
3907090,33.935546875
3907280,37.4755859375
3907519,34.97314453125
3908018,35.21728515625
3984037,35.09521484375
3984100,34.11865234375
3984329,38.87939453125
3984455,34.24072265625
3984513,37.41455078125
3984610,34.0576171875
3984621,33.99658203125
3984670,38.63525390625
3984703,42.8466796875
3984749,39.97802734375
3984775,48.583984375
3984802,42.54150390625
3984820,38.39111328125
3984842,38.4521484375
3984872,41.259765625
3984896,34.11865234375
3984954,38.9404296875
3984970,33.8134765625
3985007,33.63037109375
3985034,41.015625
3985056,36.7431640625
3985089,34.7900390625
3985102,34.3017578125
3985169,49.072265625
3985267,44.12841796875
3985354,33.26416015625
3985436,40.22216796875
3985506,41.19873046875
3985533,40.34423828125
3985566,33.87451171875
3985629,34.85107421875
3985648,36.4990234375
3985662,33.8134765625
3985743,39.55078125
3985813,35.82763671875
3985850,33.26416015625
3985921,38.75732421875
3986118,39.24560546875
3986145,38.4521484375
3986167,33.447265625
3986298,41.80908203125
3986373,40.1611328125
3986463,37.4755859375
3986583,34.36279296875
3986635,33.203125
3986650,42.48046875
3986729,35.09521484375
3986861,36.56005859375
3986944,36.56005859375
3986971,33.99658203125
3987321,38.26904296875
3987888,33.63037109375
4037539,37.4755859375
4118064,34.423828125
4118161,34.1796875
4118224,34.0576171875
4118302,38.4521484375
4118347,38.57421875
4118361,34.48486328125
4118380,34.5458984375
4118408,33.75244140625
4118513,39.61181640625
4118547,47.9736328125
4118574,39.00146484375
4118644,42.29736328125
4118693,36.62109375
4118710,34.7900390625
4118729,35.21728515625
4118744,35.5224609375
4118774,38.4521484375
4118788,43.51806640625
4118832,39.794921875
4118867,34.912109375
4118889,33.63037109375
4118927,42.41943359375
4118973,39.61181640625
4119025,38.87939453125
4119138,38.6962890625
4119155,33.99658203125
4119227,41.015625
4119252,39.306640625
4119328,35.46142578125
4119347,43.64013671875
4119409,35.64453125
4119425,37.90283203125
4119624,36.376953125
4119732,35.94970703125
4119807,34.97314453125
4119978,41.8701171875
4120060,35.400390625
4120136,35.21728515625
4120177,38.57421875
4120479,35.70556640625
4120513,35.5224609375
4120580,33.203125
4120689,34.1796875
4120802,43.39599609375
4120815,39.12353515625
4121090,33.447265625
4121172,34.7900390625
4121201,37.17041015625
4122067,33.447265625
4124924,35.0341796875
4181560,36.62109375
4182900,37.17041015625
4183631,38.26904296875
4183904,38.0859375
4184054,37.2314453125
4184128,34.5458984375
4184199,37.9638671875
4184222,34.0576171875
4184238,35.0341796875
4184347,33.935546875
4184372,33.99658203125
4184408,35.5224609375
4184433,42.96875
4184549,35.33935546875
4184582,38.14697265625
4184637,35.33935546875
4184704,49.4384765625
4184733,37.59765625
4184799,43.51806640625
4184823,34.60693359375
4184837,36.376953125
4184865,39.36767578125
4184913,38.9404296875
4185075,36.9873046875
4185093,37.17041015625
4185108,40.771484375
4185128,34.7900390625
4185187,38.9404296875
4185205,41.259765625
4185250,36.2548828125
4185275,37.109375
4185309,33.447265625
4185370,36.07177734375
4185473,36.92626953125
4185580,37.17041015625
4185604,45.95947265625
4185660,35.2783203125
4185711,36.92626953125
4185721,33.3251953125
4185754,41.1376953125
4185839,40.0390625
4185894,34.5458984375
4185917,36.80419921875
4185975,33.99658203125
4186126,33.87451171875
4186281,33.75244140625
4186321,35.09521484375
4186563,36.0107421875
4187030,33.38623046875
4187419,34.5458984375
4273603,34.60693359375
4273940,36.0107421875
4274361,33.38623046875
4274491,34.85107421875
4274644,42.8466796875
4274774,57.861328125
4274832,41.80908203125
4275145,38.2080078125
4275453,34.0576171875
4365262,33.14208984375
4389855,33.8134765625
4419557,36.56005859375
4421818,33.14208984375
4421927,33.38623046875
4422582,41.1376953125
4422599,36.31591796875
4422653,35.58349609375
4422692,33.38623046875
4422772,33.935546875
4422873,38.51318359375
4422886,55.0537109375
4422941,41.8701171875
4422989,41.748046875
4423007,36.865234375
4423045,37.17041015625
4423059,33.63037109375
4423101,42.3583984375
4423118,44.7998046875
4423154,34.60693359375
4423206,45.166015625
4423301,36.9873046875
4423418,37.41455078125
4423484,49.6826171875
4423548,43.02978515625
4423568,37.59765625
4423678,37.7197265625
4423772,36.19384765625
4423786,34.85107421875
4423901,34.3017578125
4424005,33.447265625
4424230,41.32080078125
4424273,33.69140625
4424418,33.50830078125
4424872,39.97802734375
4425009,34.1796875
4425235,39.6728515625
4425443,34.48486328125
4425739,36.19384765625
4491364,35.46142578125
4493810,33.38623046875
4494331,36.07177734375
4494360,44.677734375
4494496,33.26416015625
4494670,35.400390625
4494697,34.24072265625
4494746,40.95458984375
4494899,49.9267578125
4494922,36.9873046875
4495000,40.52734375
4495046,39.306640625
4495087,45.166015625
4495159,35.2783203125
4495230,34.48486328125
4495430,34.85107421875
4495680,36.80419921875
4495750,37.109375
4495784,33.38623046875
4495957,33.50830078125
4496030,39.6728515625
4496255,36.1328125
4496651,37.7197265625
4496821,36.7431640625
4497958,40.52734375
4500791,34.3017578125
4617026,35.64453125
4617144,37.41455078125
4617282,45.7763671875
4617355,35.7666015625
4617431,51.26953125
4617563,35.46142578125
4617670,36.19384765625
4617699,40.1611328125
4617759,42.78564453125
4617820,44.25048828125
4617846,39.1845703125
4617970,39.4287109375
4618032,50.1708984375
4618137,52.67333984375
4618201,34.5458984375
4618237,46.08154296875
4618299,36.92626953125
4618317,36.0107421875
4618472,34.7900390625
4618532,38.6962890625
4618558,37.53662109375
4618785,37.4755859375
4618816,35.15625
4618842,38.63525390625
4618927,34.11865234375
4618993,36.92626953125
4619027,46.20361328125
4619122,35.15625
4619248,35.2783203125
4619314,34.5458984375
4619346,36.68212890625
4619579,34.11865234375
4619666,33.8134765625
4619781,37.109375
4619963,33.3251953125
4620013,33.935546875
4620975,37.841796875
4621375,33.87451171875
4680441,33.50830078125
4682207,38.2080078125
4682285,35.58349609375
4685133,33.87451171875
4685743,39.1845703125
4686009,34.48486328125
4686599,34.1796875
4686776,37.41455078125
4687239,33.69140625
4688321,33.14208984375
4784696,33.69140625
4784916,37.109375
4785058,34.72900390625
4785080,49.8046875
4785185,39.00146484375
4785196,36.19384765625
4785288,42.29736328125
4785322,36.7431640625
4785505,38.2080078125
4785521,41.748046875
4785595,36.4990234375
4785631,38.02490234375
4785672,37.59765625
4785700,50.29296875
4785768,36.19384765625
4785809,45.59326171875
4785862,41.259765625
4785884,46.32568359375
4786076,38.2080078125
4786124,40.8935546875
4786167,38.51318359375
4786253,37.65869140625
4786303,33.14208984375
4786417,39.6728515625
4786432,62.19482421875
4786631,36.2548828125
4786704,42.78564453125
4786831,33.935546875
4786969,46.2646484375
4787044,35.46142578125
4787192,33.38623046875
4787208,37.65869140625
4787396,36.7431640625
4787427,38.26904296875
4787539,37.841796875
4787970,35.70556640625
4787995,33.75244140625
4788189,34.72900390625
4788307,35.2783203125
4860349,35.46142578125
4860393,33.87451171875
4860605,34.60693359375
4860670,42.54150390625
4860880,46.69189453125
4860904,43.76220703125
4860964,47.119140625
4860985,43.64013671875
4861081,33.14208984375
4861114,33.38623046875
4861135,35.21728515625
4861199,37.109375
4861301,35.15625
4861317,35.0341796875
4861368,36.19384765625
4861425,33.203125
4861446,35.33935546875
4861477,33.75244140625
4861500,34.912109375
4861555,47.30224609375
4861575,37.841796875
4861662,40.8935546875
4861816,33.99658203125
4861919,36.376953125
4861961,35.0341796875
4862077,36.0107421875
4862170,41.9921875
4862197,43.8232421875
4862287,38.14697265625
4862348,34.5458984375
4862410,49.62158203125
4862756,36.62109375
4862784,34.97314453125
4862846,33.14208984375
4863195,36.2548828125
4863434,34.11865234375
4863795,39.55078125
4864713,36.92626953125
4916360,34.48486328125
4940388,37.04833984375
4941964,33.5693359375
5023704,36.4990234375
5024448,33.26416015625
5024702,38.4521484375
5024937,36.43798828125
5024983,36.7431640625
5025048,33.50830078125
5025081,33.203125
5025186,42.3583984375
5025197,36.376953125
5025263,34.66796875
5025407,41.50390625
5025430,34.72900390625
5025558,38.330078125
5025741,39.73388671875
5025781,49.1943359375
5025796,45.5322265625
5025849,33.99658203125
5025879,39.00146484375
5025890,40.95458984375
5026092,38.14697265625
5026152,47.42431640625
5026214,46.875
5026299,37.59765625
5026412,35.15625
5026453,38.6962890625
5026633,34.36279296875
5026696,33.14208984375
5026890,40.1611328125
5026993,36.43798828125
5027172,37.65869140625
5027196,37.7197265625
5027223,38.818359375
5027426,36.7431640625
5027829,39.306640625
5103481,34.5458984375
5105934,33.447265625
5140985,35.94970703125
5143407,34.85107421875
5143975,46.0205078125
5144051,35.09521484375
5144210,33.3251953125
5144313,43.5791015625
5144497,34.36279296875
5144533,36.80419921875
5144558,37.7197265625
5144579,42.236328125
5144624,37.4755859375
5144656,44.7998046875
5144694,34.912109375
5144762,46.32568359375
5144775,57.80029296875
5144814,50.47607421875
5144835,33.69140625
5144857,35.0341796875
5144880,34.72900390625
5144916,46.0205078125
5144933,42.05322265625
5144952,40.58837890625
5144990,42.78564453125
5145065,37.90283203125
5145093,38.02490234375
5145139,39.73388671875
5145152,34.97314453125
5145366,39.9169921875
5145384,39.0625
5145478,33.69140625
5145514,51.3916015625
5145553,35.2783203125
5145663,33.75244140625
5145717,42.78564453125
5145816,36.2548828125
5145867,44.00634765625
5146034,35.33935546875
5146226,40.771484375
5146290,37.90283203125
5146429,36.1328125
5146605,36.68212890625
5146724,38.0859375
5146754,35.46142578125
5146857,40.6494140625
5146896,35.33935546875
5147042,34.0576171875
5147060,40.83251953125
5147166,34.24072265625
5205846,33.3251953125
5221550,38.63525390625
5230674,35.2783203125
5270590,38.0859375
5270625,33.203125
5270668,34.1796875
5270704,35.0341796875
5270832,40.283203125
5270873,33.50830078125
5270916,39.306640625
5270978,38.26904296875
5271015,46.93603515625
5271045,40.46630859375
5271087,40.22216796875
5271141,40.283203125
5271169,40.83251953125
5271185,45.8984375
5271229,34.66796875
5271315,35.58349609375
5271376,46.69189453125
5271453,43.51806640625
5271572,40.8935546875
5271596,37.841796875
5271618,39.36767578125
5271637,41.8701171875
5271680,34.24072265625
5271694,48.9501953125
5271721,56.45751953125
5271800,34.97314453125
5271847,50.4150390625
5271925,35.0341796875
5271968,33.99658203125
5271991,38.818359375
5272048,39.85595703125
5272066,41.32080078125
5272182,34.3017578125
5272267,34.912109375
5272286,36.07177734375
5272355,33.447265625
5272382,34.11865234375
5272615,33.38623046875
5272657,40.95458984375
5272681,47.79052734375
5272748,39.55078125
5272786,33.447265625
5272846,33.99658203125
5273334,37.29248046875
5273555,35.70556640625
5273846,47.05810546875
5273920,33.99658203125
5274038,33.50830078125
5274426,42.96875
5322510,35.46142578125
5322522,34.5458984375
5322739,37.59765625
5322992,37.2314453125
5323250,35.82763671875
5323434,33.69140625
5323509,34.912109375
5323685,34.3017578125
5323742,51.7578125
5323850,37.17041015625
5324005,38.57421875
5324409,34.11865234375
5324466,44.189453125
5324776,46.20361328125
5365640,38.57421875
5367589,44.86083984375
5370498,33.75244140625
5442216,34.97314453125
5481402,33.5693359375
5482183,33.38623046875
5483918,38.818359375
5484638,33.8134765625
5486542,37.9638671875
5487905,33.3251953125
5521305,33.5693359375
5559747,38.818359375
5561586,38.14697265625
5562331,40.52734375
5562434,33.5693359375
5562478,35.888671875
5562615,41.748046875
5562696,33.3251953125
5562769,33.26416015625
5562790,45.5322265625
5562909,35.0341796875
5562926,38.6962890625
5562956,44.677734375
5563047,42.05322265625
5563071,33.447265625
5563238,51.45263671875
5563267,37.53662109375
5563302,34.1796875
5563409,43.02978515625
5563429,40.0390625
5563479,35.5224609375
5563499,36.92626953125
5563525,36.31591796875
5563581,44.12841796875
5563670,38.26904296875
5563706,33.38623046875
5563773,41.1376953125
5563796,36.80419921875
5563824,36.7431640625
5563874,39.1845703125
5563908,36.1328125
5563959,33.99658203125
5564006,34.72900390625
5564065,35.0341796875
5564095,33.69140625
5564107,33.8134765625
5564215,41.93115234375
5564419,36.80419921875
5564567,35.5224609375
5564585,34.66796875
5564600,37.29248046875
5564722,37.4755859375
5564751,36.43798828125
5564808,34.97314453125
5564961,34.60693359375
5565191,35.70556640625
5565272,33.87451171875
5565376,33.935546875
5566655,36.7431640625
5654575,33.935546875
5654741,33.38623046875
5655334,33.69140625
5655438,35.64453125
5655661,35.33935546875
5655996,36.07177734375
5656062,33.75244140625
5656113,33.75244140625
5656130,41.56494140625
5656173,42.8466796875
5656219,33.63037109375
5656266,36.56005859375
5656343,47.42431640625
5656355,35.0341796875
5656531,33.447265625
5656642,40.46630859375
5656682,37.59765625
5656723,33.3251953125
5656767,33.935546875
5656877,37.841796875
5656900,38.2080078125
5657009,40.1611328125
5657223,46.630859375
5657506,34.72900390625
5657544,33.99658203125
5657837,34.66796875
5657911,37.17041015625
5657951,36.43798828125
5658082,34.5458984375
5658235,33.447265625
5658349,34.24072265625
5658396,35.94970703125
5658572,37.17041015625
5697225,35.7666015625
5725516,35.82763671875
5726040,34.85107421875
5726100,39.85595703125
5726360,34.60693359375
5726631,33.8134765625
5726842,37.7197265625
5726952,34.85107421875
5727222,42.29736328125
5727434,33.447265625
5727809,35.94970703125
5758564,36.07177734375
5759454,33.8134765625
5762265,34.5458984375
5800134,36.19384765625
5800476,34.66796875
5803839,33.3251953125
5815668,34.48486328125
5853944,33.935546875
5855635,39.61181640625
5856010,36.92626953125
5856290,36.7431640625
5856324,33.69140625
5856529,45.166015625
5856622,33.8134765625
5857064,33.5693359375
5857112,34.7900390625
5857147,50.048828125
5857162,34.97314453125
5857259,37.78076171875
5857409,33.50830078125
5857428,42.05322265625
5857471,36.56005859375
5857532,34.11865234375
5857556,33.935546875
5857615,39.85595703125
5857634,41.56494140625
5857714,35.09521484375
5857731,33.99658203125
5857853,34.72900390625
5857957,34.24072265625
5858045,33.447265625
5858117,44.98291015625
5858160,35.21728515625
5858173,43.5791015625
5858336,35.70556640625
5858363,41.50390625
5858550,37.4755859375
5858631,37.59765625
5858675,35.58349609375
5858721,36.2548828125
5859108,37.65869140625
5859514,33.38623046875
5859685,35.21728515625
5932345,34.11865234375
5968775,37.353515625
5971520,33.447265625
5972733,33.5693359375
5973032,33.50830078125
5973174,45.83740234375
5973373,34.5458984375
5973467,33.26416015625
5973544,35.2783203125
5973576,34.912109375
5973654,40.22216796875
5973789,35.21728515625
5973877,39.306640625
5973933,38.75732421875
5973956,34.72900390625
5973979,33.26416015625
5974076,38.330078125
5974209,37.2314453125
5974296,34.5458984375
5974321,41.015625
5974500,34.3017578125
5974889,34.60693359375
5975068,34.423828125
5975204,33.38623046875
5975243,38.26904296875
5975391,33.3251953125
5975623,33.26416015625
6030578,34.912109375
6066789,33.69140625
6066902,34.11865234375
6118344,33.50830078125
6134136,33.99658203125
6135065,34.5458984375
6135210,36.43798828125
6135377,35.09521484375
6135477,35.46142578125
6135506,44.921875
6135624,43.701171875
6135661,38.2080078125
6135786,46.44775390625
6135800,48.27880859375
6135878,37.78076171875
6135963,37.90283203125
6135995,34.60693359375
6136014,38.75732421875
6136047,37.53662109375
6136093,48.64501953125
6136119,35.33935546875
6136149,38.0859375
6136174,37.65869140625
6136202,40.58837890625
6136265,34.1796875
6136376,38.14697265625
6136473,40.52734375
6136525,35.33935546875
6136572,37.53662109375
6136624,38.39111328125
6136640,39.9169921875
6136763,36.4990234375
6136894,36.56005859375
6136979,35.5224609375
6137114,36.376953125
6137211,41.44287109375
6137263,35.400390625
6137316,37.17041015625
6137393,33.935546875
6137557,35.888671875
6137737,36.31591796875
6137767,35.21728515625
6138207,36.2548828125
6141374,34.36279296875
6212899,39.55078125
6213475,43.3349609375
6213594,33.8134765625
6213657,38.63525390625
6213761,34.5458984375
6213786,36.4990234375
6213873,35.33935546875
6213904,36.2548828125
6213991,33.69140625
6214013,33.935546875
6214030,38.2080078125
6214087,37.29248046875
6214115,34.85107421875
6214135,37.78076171875
6214176,35.7666015625
6214200,33.5693359375
6214236,33.38623046875
6214276,42.17529296875
6214301,48.15673828125
6214331,36.80419921875
6214417,37.109375
6214455,38.9404296875
6214502,35.09521484375
6214517,34.60693359375
6214561,36.2548828125
6214582,36.43798828125
6214599,34.912109375
6214666,33.14208984375
6214695,35.15625
6214759,33.447265625
6214782,38.51318359375
6214806,37.59765625
6214862,40.1611328125
6214881,33.26416015625
6214944,44.98291015625
6214998,39.00146484375
6215097,41.015625
6215134,34.24072265625
6215173,40.1611328125
6215187,33.3251953125
6215242,33.50830078125
6215284,35.2783203125
6215582,33.5693359375
6215912,36.92626953125
6215935,35.0341796875
6216005,34.11865234375
6216153,44.86083984375
6216357,33.26416015625
6216731,36.68212890625
6216870,33.87451171875
6216950,38.51318359375
6301689,33.99658203125
6346443,35.15625
6489505,38.0859375
6490227,36.376953125
6490549,41.3818359375
6490600,35.58349609375
6490653,33.203125
6490666,35.64453125
6490679,56.2744140625
6490737,39.12353515625
6490764,38.26904296875
6490816,41.32080078125
6490871,37.59765625
6490887,40.71044921875
6490946,37.4755859375
6490956,45.22705078125
6491032,35.46142578125
6491054,36.80419921875
6491087,41.6259765625
6491132,33.935546875
6491241,39.12353515625
6491395,38.39111328125
6491425,40.34423828125
6491500,35.7666015625
6491550,34.1796875
6491601,36.92626953125
6491612,34.36279296875
6491701,41.56494140625
6491911,54.01611328125
6492058,34.48486328125
6492135,36.80419921875
6492208,39.6728515625
6492392,37.4755859375
6492491,36.31591796875
6492581,34.24072265625
6492669,33.38623046875
6492759,38.4521484375
6493099,35.2783203125
6493139,35.94970703125
6493275,37.7197265625
6493474,34.1796875
6493565,34.0576171875
6493614,37.353515625
6493950,36.2548828125
6494031,35.09521484375
6546183,37.53662109375
6594311,35.0341796875
6596047,33.5693359375
6617028,34.11865234375
6706527,33.69140625
6707214,34.423828125
6707341,33.14208984375
6707475,33.26416015625
6707515,35.2783203125
6707554,54.13818359375
6707581,41.19873046875
6707624,34.1796875
6707677,35.7666015625
6707754,43.76220703125
6707796,42.90771484375
6707813,34.423828125
6707843,48.7060546875
6707919,35.82763671875
6707955,44.921875
6707998,36.68212890625
6708035,41.68701171875
6708054,34.3017578125
6708082,44.61669921875
6708145,37.41455078125
6708159,34.97314453125
6708197,49.62158203125
6708364,46.08154296875
6708887,33.69140625
6709012,33.447265625
6709057,35.400390625
6709134,33.3251953125
6709342,34.60693359375
6709461,35.15625
6709475,33.8134765625
6709782,38.63525390625
6709797,36.43798828125
6709978,36.7431640625
6710370,34.36279296875
6710448,34.11865234375
6710649,33.69140625
6710675,33.69140625
6775074,37.41455078125
6803745,36.92626953125
6804025,37.65869140625
6804126,36.68212890625
6804139,43.701171875
6804178,34.912109375
6804193,41.32080078125
6804246,37.353515625
6804260,38.9404296875
6804297,36.9873046875
6804349,35.2783203125
6804378,38.330078125
6804424,37.53662109375
6804467,41.07666015625
6804490,44.921875
6804521,37.4755859375
6804563,42.29736328125
6804589,36.4990234375
6804620,33.8134765625
6804665,33.203125
6804711,40.1611328125
6804757,38.818359375
6804770,34.97314453125
6804795,39.61181640625
6804865,34.11865234375
6804892,39.73388671875
6804945,42.236328125
6804964,38.51318359375
6805010,34.1796875
6805142,38.4521484375
6805215,43.9453125
6805252,35.46142578125
6805308,34.7900390625
6805423,39.48974609375
6805614,38.87939453125
6805696,35.94970703125
6805730,46.20361328125
6805752,36.31591796875
6805909,38.51318359375
6805972,38.6962890625
6805990,36.2548828125
6806090,36.56005859375
6806165,35.70556640625
6806205,34.423828125
6806273,35.33935546875
6806537,35.46142578125
6806789,33.63037109375
6807078,35.888671875
6807168,33.203125
6807643,35.58349609375
6869566,33.447265625
6871070,36.2548828125
6872421,34.85107421875
6872981,34.48486328125
6873072,36.376953125
6873147,42.90771484375
6873192,33.14208984375
6873220,41.56494140625
6873265,45.71533203125
6873302,45.654296875
6873354,35.82763671875
6873430,35.64453125
6873494,36.1328125
6873531,42.29736328125
6873558,34.3017578125
6873575,39.306640625
6873605,54.01611328125
6873687,38.63525390625
6873709,37.53662109375
6873814,35.7666015625
6873941,33.5693359375
6873962,41.50390625
6874004,33.99658203125
6874068,36.7431640625
6874091,39.1845703125
6874245,39.61181640625
6874276,42.96875
6874312,39.97802734375
6874785,35.2783203125
6874821,38.63525390625
6874862,35.82763671875
6875216,35.7666015625
6875347,37.90283203125
6875685,39.0625
6875887,36.68212890625
6934362,34.7900390625
6934565,34.24072265625
6934923,36.07177734375
6935165,40.8935546875
6935293,33.99658203125
6935338,39.61181640625
6935406,49.25537109375
6935430,36.19384765625
6935591,40.0390625
6935639,45.7763671875
6935700,35.70556640625
6935734,42.3583984375
6935818,46.56982421875
6935860,34.36279296875
6936026,43.3349609375
6936060,38.14697265625
6936071,39.24560546875
6936127,34.85107421875
6936316,45.95947265625
6936381,40.1611328125
6936453,39.36767578125
6936517,37.41455078125
6936586,42.48046875
6936634,39.24560546875
6936650,35.64453125
6936692,35.58349609375
6936791,45.0439453125
6936913,36.07177734375
6936981,34.5458984375
6937202,35.94970703125
6937364,37.04833984375
6937502,38.26904296875
6937651,41.3818359375
6938003,36.92626953125
6938458,33.14208984375
6969872,36.68212890625
6969976,34.24072265625
6970484,33.38623046875
6970747,35.33935546875
6970827,33.447265625
6970937,36.9873046875
6971081,33.3251953125
6971412,40.10009765625
6971509,39.36767578125
6971539,41.19873046875
6971820,35.58349609375
6971989,58.837890625
6972226,37.353515625
6972297,33.75244140625
6972612,37.04833984375
7007668,34.36279296875
7007750,33.3251953125
7008053,38.39111328125
7008109,39.1845703125
7008187,33.38623046875
7008481,33.63037109375
7008509,37.78076171875
7008658,35.5224609375
7008691,37.59765625
7008863,36.68212890625
7008918,40.771484375
7009078,36.376953125
7009109,36.56005859375
7009165,37.109375
7009352,34.5458984375
7009492,43.02978515625
7009574,40.0390625
7009659,36.07177734375
7009719,33.935546875
7009824,33.935546875
7009864,33.935546875
7009905,33.935546875
7010035,34.66796875
7010062,34.3017578125
7010350,37.17041015625
7010431,34.66796875
7010447,35.888671875
7010492,35.09521484375
7010875,33.203125
7050171,38.818359375
7050275,35.0341796875
7050378,34.7900390625
7050404,41.9921875
7050442,33.63037109375
7050483,34.0576171875
7050536,47.2412109375
7050614,33.3251953125
7050634,38.4521484375
7050750,39.24560546875
7050772,33.203125
7050800,34.36279296875
7050833,34.85107421875
7050884,39.12353515625
7050935,33.75244140625
7051047,34.912109375
7051227,43.3349609375
7051314,38.4521484375
7051324,35.15625
7051377,34.7900390625
7051434,35.82763671875
7051612,34.36279296875
7051672,33.75244140625
7051732,38.330078125
7051752,37.04833984375
7051844,37.90283203125
7052298,33.69140625
7052395,42.29736328125
7052933,39.61181640625
7053312,34.7900390625
7111089,38.14697265625
7111445,34.97314453125
7112034,39.306640625
7112154,35.888671875
7112218,41.93115234375
7112293,33.38623046875
7112344,34.66796875
7112408,44.921875
7112433,43.64013671875
7112552,35.2783203125
7112563,35.70556640625
7112626,35.21728515625
7112675,37.65869140625
7112695,33.935546875
7112755,36.56005859375
7112814,35.888671875
7112901,37.841796875
7112928,35.21728515625
7112940,37.59765625
7113130,34.7900390625
7113140,43.3349609375
7113214,51.3916015625
7113234,33.5693359375
7113339,35.21728515625
7113583,35.15625
7113625,35.94970703125
7113712,34.85107421875
7113745,33.8134765625
7114054,35.46142578125
7114245,36.07177734375
7114548,33.50830078125
7114680,43.9453125
7114800,36.0107421875
7114921,40.46630859375
7115198,36.62109375
7161905,40.1611328125
7162400,36.865234375
7163808,33.935546875
7163882,34.11865234375
7163968,36.62109375
7163983,34.60693359375
7163999,39.48974609375
7164081,35.5224609375
7164130,37.78076171875
7164163,33.935546875
7164209,52.55126953125
7164280,33.75244140625
7164320,49.9267578125
7164350,36.43798828125
7164445,34.48486328125
7164470,41.259765625
7164608,48.4619140625
7164618,33.26416015625
7164653,34.3017578125
7164729,34.36279296875
7164784,33.14208984375
7164865,37.2314453125
7164941,44.25048828125
7165455,34.48486328125
7165759,34.11865234375
7165819,38.330078125
7165952,35.33935546875
7166369,33.203125
7166470,33.14208984375
7166996,36.31591796875
7228768,36.31591796875
7228907,39.73388671875
7228991,41.68701171875
7229424,33.935546875
7229631,33.447265625
7229716,37.41455078125
7229762,40.83251953125
7229833,33.14208984375
7229849,38.14697265625
7229885,33.38623046875
7229958,45.34912109375
7229980,37.353515625
7230125,37.2314453125
7230184,43.701171875
7230198,49.1943359375
7230215,37.2314453125
7230261,34.24072265625
7230275,37.04833984375
7230348,39.00146484375
7230405,43.3349609375
7230433,39.85595703125
7230722,34.24072265625
7230773,34.3017578125
7230795,33.5693359375
7230844,40.1611328125
7230936,41.1376953125
7231063,38.87939453125
7231408,33.935546875
7231504,33.99658203125
7231914,43.88427734375
7274802,34.11865234375
7275692,33.5693359375
7275853,39.9169921875
7276036,33.3251953125
7276136,38.75732421875
7276443,40.8935546875
7276570,37.90283203125
7276703,49.4384765625
7276797,47.30224609375
7276846,34.85107421875
7276894,49.98779296875
7276941,36.7431640625
7277111,37.41455078125
7277135,50.4150390625
7278108,33.8134765625
7367761,35.82763671875
7369665,37.65869140625
7369709,38.4521484375
7369753,36.7431640625
7369774,37.841796875
7369881,33.447265625
7370083,33.38623046875
7370108,39.1845703125
7370146,35.400390625
7370191,37.78076171875
7370228,39.48974609375
7370275,34.3017578125
7370291,38.87939453125
7370334,36.7431640625
7370374,39.73388671875
7370431,42.1142578125
7370463,40.10009765625
7370544,36.865234375
7370602,33.38623046875
7370674,37.9638671875
7370724,35.58349609375
7370758,35.21728515625
7370870,36.4990234375
7370934,36.19384765625
7371149,33.8134765625
7371163,33.447265625
7371200,35.15625
7371504,35.33935546875
7372067,33.87451171875
7372230,33.38623046875
7448908,37.2314453125
7449247,34.24072265625
7450355,36.80419921875
7450532,33.99658203125
7450562,36.43798828125
7450624,39.12353515625
7450679,44.49462890625
7450767,35.33935546875
7450859,36.31591796875
7450890,36.1328125
7450935,47.8515625
7450949,42.236328125
7450984,35.2783203125
7451085,44.0673828125
7451193,34.912109375
7451213,38.75732421875
7451260,35.09521484375
7451321,35.7666015625
7451339,34.60693359375
7451373,36.43798828125
7451509,33.38623046875
7451631,38.9404296875
7451658,36.1328125
7451708,33.75244140625
7451750,42.05322265625
7451895,37.29248046875
7452047,46.08154296875
7452211,37.53662109375
7452405,38.57421875
7452564,34.24072265625
7452660,36.4990234375
7452968,38.6962890625
7454253,33.447265625
7579966,33.14208984375
7639095,34.0576171875
7729282,34.7900390625
7731214,33.63037109375
7731452,34.0576171875
7731598,37.4755859375
7731660,45.41015625
7731671,43.27392578125
7731709,34.66796875
7731805,36.865234375
7731832,36.7431640625
7731872,36.1328125
7731910,34.3017578125
7731921,36.80419921875
7731978,34.36279296875
7732070,39.6728515625
7732136,33.38623046875
7732223,36.7431640625
7732342,35.70556640625
7732378,33.447265625
7732399,42.96875
7732429,45.95947265625
7732536,34.1796875
7732607,47.119140625
7732635,38.330078125
7732801,36.7431640625
7733198,33.75244140625
7733382,33.203125
7733437,41.19873046875
7734011,37.841796875
7734814,36.92626953125
7823849,34.36279296875
7910443,39.1845703125
7910568,35.46142578125
7910848,33.3251953125
7910872,36.62109375
7910896,35.33935546875
7910915,45.654296875
7910946,34.1796875
7910966,39.36767578125
7911018,40.1611328125
7911048,67.93212890625
7911088,34.85107421875
7911158,41.748046875
7911179,42.41943359375
7911205,44.7998046875
7911240,39.1845703125
7911280,39.97802734375
7911432,43.212890625
7911451,33.447265625
7911486,33.63037109375
7911600,33.75244140625
7911656,33.87451171875
7911692,40.95458984375
7911892,35.0341796875
7911973,43.02978515625
7912116,33.63037109375
7912131,41.8701171875
7912297,42.1142578125
7912368,36.80419921875
7912479,33.26416015625
7912528,33.99658203125
7912546,40.4052734375
7912755,36.9873046875
7912976,34.36279296875
7913134,36.9873046875
7913527,33.447265625
7914000,34.85107421875
7914738,37.353515625
8030838,39.48974609375
8030879,40.1611328125
8031057,37.90283203125
8031091,38.330078125
8031116,36.865234375
8031156,38.87939453125
8031198,40.34423828125
8031244,39.794921875
8031254,36.0107421875
8031311,37.841796875
8031389,34.3017578125
8031450,43.64013671875
8031473,41.32080078125
8031493,40.83251953125
8031534,38.39111328125
8031577,41.93115234375
8031665,35.64453125
8031727,37.65869140625
8031804,44.921875
8031819,38.39111328125
8031852,33.50830078125
8031867,37.90283203125
8031929,37.29248046875
8031947,34.66796875
8031973,34.3017578125
8032011,36.68212890625
8032041,33.3251953125
8032085,34.85107421875
8032154,33.26416015625
8032307,34.24072265625
8032380,38.26904296875
8032403,34.423828125
8032449,34.97314453125
8032462,40.0390625
8032510,33.99658203125
8032582,33.203125
8032606,37.841796875
8032735,35.5224609375
8032969,33.50830078125
8033001,33.38623046875
8033254,34.48486328125
8034197,33.69140625
8034345,34.60693359375
8034551,34.11865234375
8037779,34.72900390625
8095430,33.87451171875
8095819,46.38671875
8095966,36.9873046875
8096008,35.2783203125
8096047,45.2880859375
8096087,36.7431640625
8096169,35.64453125
8096273,41.3818359375
8096313,36.62109375
8096359,37.29248046875
8096398,37.9638671875
8096443,33.203125
8096523,40.1611328125
8096556,38.63525390625
8096584,33.447265625
8096669,48.583984375
8096766,43.212890625
8096866,36.43798828125
8096943,40.46630859375
8096956,33.8134765625
8096993,35.2783203125
8097026,33.3251953125
8097089,34.0576171875
8097105,35.888671875
8097212,39.55078125
8097234,42.90771484375
8097255,40.8935546875
8097332,38.26904296875
8097551,54.13818359375
8098201,40.771484375
8098280,37.2314453125
8098653,33.38623046875
8125863,34.912109375
8151605,36.0107421875
8153712,33.14208984375
8153955,34.85107421875
8154286,38.818359375
8154329,37.90283203125
8154376,44.73876953125
8154421,33.14208984375
8154473,33.935546875
8154499,33.75244140625
8154540,35.400390625
8154581,44.98291015625
8154681,42.724609375
8154707,34.3017578125
8154745,33.5693359375
8154901,40.10009765625
8154920,33.935546875
8154969,36.92626953125
8155017,33.26416015625
8155099,42.66357421875
8155126,33.14208984375
8155176,33.87451171875
8155242,34.85107421875
8155368,37.53662109375
8155502,35.33935546875
8155544,38.26904296875
8155595,35.888671875
8155634,41.3818359375
8155664,36.7431640625
8155983,33.447265625
8156230,46.08154296875
8156643,38.2080078125
8157310,37.7197265625
8157667,33.5693359375
8201957,33.5693359375
8210499,35.2783203125
8210665,35.09521484375
8210743,35.94970703125
8210831,38.330078125
8210856,33.26416015625
8210929,59.50927734375
8210985,44.98291015625
8211000,33.5693359375
8211048,42.48046875
8211306,33.447265625
8211344,37.78076171875
8211392,39.4287109375
8211592,37.4755859375
8211689,34.7900390625
8211961,41.3818359375
8212042,40.4052734375
8212073,33.14208984375
8212186,33.38623046875
8212426,33.935546875
8212625,33.63037109375
8395552,33.3251953125
8434310,34.3017578125
8525285,34.5458984375
8525320,34.85107421875
8525423,33.50830078125
8525442,40.22216796875
8525553,35.82763671875
8525567,45.41015625
8525601,39.73388671875
8525615,33.935546875
8525640,39.12353515625
8525658,36.68212890625
8525668,41.56494140625
8525702,42.1142578125
8525744,33.935546875
8525843,38.57421875
8525869,39.97802734375
8525927,34.1796875
8525995,35.15625
8526090,45.2880859375
8526179,36.56005859375
8526218,43.701171875
8526400,34.36279296875
8526503,33.87451171875
8526762,33.75244140625
8526800,33.3251953125
8526958,39.36767578125
8527161,33.50830078125
8527408,33.3251953125
8527703,33.87451171875
8527850,38.4521484375
8528357,37.7197265625
8528371,36.4990234375
8528502,33.69140625
8528787,42.41943359375
8595488,34.5458984375
8644939,39.55078125
8644959,36.4990234375
8645059,36.43798828125
8645072,39.24560546875
8645136,47.8515625
8645250,39.85595703125
8645306,35.82763671875
8645319,44.98291015625
8645360,34.48486328125
8645465,40.34423828125
8645493,41.50390625
8645512,33.447265625
8645622,34.3017578125
8645654,33.5693359375
8645670,41.93115234375
8645703,38.51318359375
8645723,39.306640625
8645775,37.29248046875
8645899,36.865234375
8645922,33.69140625
8645985,37.2314453125
8646778,40.0390625
8647062,36.4990234375
8647086,37.53662109375
8647287,41.50390625
8647680,33.63037109375
8648437,39.48974609375
8725031,33.203125
8725238,42.05322265625
8725348,37.2314453125
8725379,42.3583984375
8725431,34.66796875
8725542,38.39111328125
8725561,36.07177734375
8725588,45.166015625
8725599,37.78076171875
8725621,43.51806640625
8725719,40.83251953125
8725784,46.08154296875
8725829,36.19384765625
8725951,35.0341796875
8726031,38.330078125
8726079,36.0107421875
8726101,37.90283203125
8726164,43.39599609375
8726254,44.61669921875
8726285,36.07177734375
8726329,33.69140625
8726390,33.26416015625
8726678,41.19873046875
8726728,33.75244140625
8726898,35.09521484375
8727186,38.63525390625
8727523,38.51318359375
8727769,36.4990234375
8727960,33.8134765625
8783573,33.203125
8784394,36.62109375
8784448,43.8232421875
8784496,36.9873046875
8784519,40.22216796875
8784547,35.7666015625
8784690,37.41455078125
8784720,36.0107421875
8784741,33.3251953125
8784807,33.935546875
8784823,34.1796875
8784846,35.2783203125
8784922,33.87451171875
8784970,46.142578125
8785018,48.583984375
8785114,38.6962890625
8785160,34.912109375
8785171,40.34423828125
8785257,33.203125
8785536,35.09521484375
8785561,33.5693359375
8785672,45.8984375
8785792,36.1328125
8785969,35.888671875
8786095,36.68212890625
8786269,39.48974609375
8786401,35.7666015625
8786495,35.21728515625
8787325,42.96875
8788027,34.24072265625
8789333,33.203125
8846281,34.66796875
8846973,33.447265625
8847294,48.9501953125
8847346,36.80419921875
8847379,35.64453125
8847488,45.83740234375
8847559,39.1845703125
8847606,46.630859375
8847623,37.59765625
8847660,48.4619140625
8847737,35.94970703125
8847820,41.015625
8847877,34.912109375
8847901,43.8232421875
8847931,36.62109375
8848022,34.423828125
8848054,39.1845703125
8848160,33.203125
8848194,33.5693359375
8848232,34.60693359375
8848274,37.4755859375
8848456,38.26904296875
8848577,36.4990234375
8848840,39.12353515625
8848882,37.29248046875
8849081,33.203125
8849202,35.82763671875
8849295,35.21728515625
8849690,33.14208984375
8885452,34.72900390625
8969386,40.10009765625
8969433,37.2314453125
8969596,37.53662109375
8969627,34.5458984375
8969743,36.31591796875
8969766,39.1845703125
8969797,34.97314453125
8969821,56.884765625
8969860,42.90771484375
8969885,36.19384765625
8969906,33.38623046875
8969949,37.90283203125
8969987,33.3251953125
8970038,40.283203125
8970101,34.72900390625
8970224,33.14208984375
8970262,33.69140625
8970343,36.56005859375
8970398,33.63037109375
8970498,37.7197265625
8970643,35.46142578125
8970812,33.447265625
8970842,40.0390625
8970901,33.87451171875
8970950,33.203125
8971002,33.5693359375
8971390,37.04833984375
8971787,35.21728515625
8971928,36.376953125
8972277,38.14697265625
8972409,33.99658203125
8972652,38.0859375
9018087,33.99658203125
9077748,39.306640625
9077884,40.6494140625
9077984,33.99658203125
9078035,43.5791015625
9078046,35.94970703125
9078092,37.353515625
9078140,37.90283203125
9078261,33.8134765625
9078339,37.78076171875
9078359,39.4287109375
9078433,38.51318359375
9078474,42.17529296875
9078511,39.73388671875
9078542,44.7998046875
9078595,39.61181640625
9078624,35.46142578125
9078674,36.7431640625
9078717,38.26904296875
9078793,39.24560546875
9078876,34.85107421875
9078893,37.04833984375
9079084,33.50830078125
9079107,34.1796875
9079266,33.69140625
9079351,35.64453125
9079412,37.4755859375
9079699,38.14697265625
9079837,33.69140625
9080123,35.400390625
9080240,34.72900390625
9081305,34.423828125
9174385,45.34912109375
9174574,35.2783203125
9174625,33.75244140625
9174786,33.26416015625
9174817,44.3115234375
9174990,47.05810546875
9175002,33.69140625
9175110,37.353515625
9175189,37.41455078125
9175221,33.5693359375
9175246,45.2880859375
9175267,37.78076171875
9175471,33.38623046875
9175691,44.49462890625
9175924,33.14208984375
9176003,34.5458984375
9176198,36.0107421875
9176214,34.1796875
9176486,35.09521484375
9176752,35.09521484375
9177285,37.41455078125
9266457,35.09521484375
9266733,33.26416015625
9266793,35.0341796875
9266846,33.935546875
9267036,35.7666015625
9267063,55.908203125
9267171,38.26904296875
9267338,41.9921875
9267447,36.92626953125
9267489,34.60693359375
9267514,35.70556640625
9267537,41.56494140625
9267585,43.39599609375
9267749,35.400390625
9267812,33.87451171875
9267894,33.5693359375
9267957,33.87451171875
9267984,45.95947265625
9268055,34.48486328125
9268254,34.7900390625
9268326,34.7900390625
9268353,36.68212890625
9268504,35.70556640625
9268856,41.3818359375
9269031,36.07177734375
9269064,36.92626953125
9269075,35.0341796875
9269097,33.26416015625
9269145,37.841796875
9269304,33.203125
9269783,34.36279296875
9271010,35.2783203125
9314225,35.0341796875
9315803,34.48486328125
9316570,36.376953125
9316874,43.02978515625
9316911,34.66796875
9316950,33.203125
9317170,33.447265625
9317298,34.423828125
9317431,33.69140625
9317628,34.3017578125
9317674,40.6494140625
9317703,33.14208984375
9317795,34.66796875
9318120,35.0341796875
9318346,36.7431640625
9318508,35.21728515625
9318807,33.50830078125
9359510,33.14208984375
9516192,36.1328125
9557419,33.447265625
9560935,34.3017578125
9560989,37.353515625
9561062,40.46630859375
9561113,34.85107421875
9561329,40.283203125
9561341,34.0576171875
9561371,35.15625
9561480,35.82763671875
9561519,39.55078125
9561552,33.63037109375
9561577,35.33935546875
9561636,33.935546875
9561661,36.56005859375
9561746,35.94970703125
9561769,34.3017578125
9561796,35.64453125
9561809,42.1142578125
9561828,47.607421875
9561947,33.38623046875
9562054,36.56005859375
9562080,49.6826171875
9562194,38.4521484375
9562382,36.1328125
9562410,43.3349609375
9562470,36.376953125
9562526,35.2783203125
9562590,42.8466796875
9562684,36.80419921875
9562826,33.5693359375
9562960,36.07177734375
9562979,33.447265625
9562994,36.9873046875
9563019,35.21728515625
9563160,33.38623046875
9563192,33.5693359375
9563279,33.50830078125
9563799,34.66796875
9563837,33.50830078125
9620870,35.58349609375
9620987,35.64453125
9621148,45.47119140625
9621354,36.376953125
9621389,37.109375
9621589,42.724609375
9621682,46.142578125
9621772,42.17529296875
9621878,43.9453125
9621939,42.48046875
9622014,38.57421875
9622042,33.3251953125
9622094,34.36279296875
9622174,39.1845703125
9622189,52.55126953125
9622224,43.8232421875
9622272,42.78564453125
9622392,34.97314453125
9622486,35.33935546875
9622596,33.99658203125
9622664,38.02490234375
9622755,34.36279296875
9622880,40.46630859375
9622968,34.97314453125
9623006,33.8134765625
9623183,44.12841796875
9623467,35.82763671875
9623670,34.5458984375
9623892,39.24560546875
9704332,34.97314453125
9704772,34.5458984375
9705010,52.06298828125
9705069,34.36279296875
9705143,34.97314453125
9705234,43.64013671875
9705244,34.0576171875
9705268,34.72900390625
9705317,47.8515625
9705359,37.78076171875
9705426,35.7666015625
9705469,39.85595703125
9705482,40.6494140625
9705747,34.7900390625
9705818,34.3017578125
9705850,38.51318359375
9705916,37.78076171875
9705979,34.5458984375
9706099,39.6728515625
9706224,36.56005859375
9706250,33.50830078125
9706364,35.0341796875
9706510,34.60693359375
9706606,35.58349609375
9707104,36.4990234375
9707299,36.07177734375
9829903,35.15625
9830090,42.41943359375
9830144,48.88916015625
9830184,41.9921875
9830217,33.3251953125
9830318,35.33935546875
9830418,35.5224609375
9830463,33.203125
9830491,33.75244140625
9830629,33.14208984375
9830698,39.97802734375
9830720,35.400390625
9830752,34.11865234375
9830883,39.306640625
9830941,36.2548828125
9830967,36.376953125
9831030,41.6259765625
9831147,35.58349609375
9831230,37.2314453125
9831247,34.72900390625
9831528,35.5224609375
9831554,34.60693359375
9832259,38.63525390625
9832521,36.80419921875
9990146,38.63525390625
9990302,39.24560546875
9990358,33.38623046875
9990389,42.6025390625
9990490,34.11865234375
9990515,41.07666015625
9990603,35.46142578125
9990664,35.21728515625
9990713,38.75732421875
9990732,38.330078125
9990766,45.10498046875
9990798,42.17529296875
9990880,34.72900390625
9990952,36.07177734375
9990986,43.3349609375
9991063,37.78076171875
9991376,35.09521484375
9991444,36.1328125
9991473,33.50830078125
9991850,34.1796875
9991966,34.7900390625
9992034,36.9873046875
9992326,33.447265625
9992395,37.17041015625
9993146,46.38671875
9993229,36.43798828125
10105233,35.21728515625
10105279,34.97314453125
10105578,33.87451171875
10105599,33.50830078125
10105719,41.68701171875
10105796,33.447265625
10105870,34.423828125
10105903,38.818359375
10105948,39.61181640625
10105961,38.39111328125
10106023,36.62109375
10106060,34.912109375
10106094,33.8134765625
10106143,36.2548828125
10106192,40.6494140625
10106261,37.29248046875
10106294,33.5693359375
10106551,33.38623046875
10106672,40.95458984375
10106690,35.58349609375
10106881,34.85107421875
10107022,38.51318359375
10107065,35.64453125
10107939,35.888671875
10107993,34.3017578125
10267918,36.92626953125
10268065,35.09521484375
10268114,38.14697265625
10268157,35.33935546875
10268191,34.3017578125
10268231,38.818359375
10268282,38.02490234375
10268329,36.31591796875
10268389,40.10009765625
10268493,33.99658203125
10268545,42.8466796875
10268650,36.07177734375
10268777,38.75732421875
10268965,35.0341796875
10269038,39.4287109375
10269059,43.212890625
10269310,34.60693359375
10269368,33.99658203125
10269398,33.69140625
10269581,33.99658203125
10269621,37.9638671875
10269682,38.6962890625
10269751,40.10009765625
10269867,33.38623046875
10270345,33.3251953125
10270361,33.38623046875
10270516,37.841796875
10270684,33.50830078125
10271582,35.64453125
10380570,34.97314453125
10380687,39.73388671875
10380798,33.26416015625
10380955,34.0576171875
10380973,46.0205078125
10380992,41.6259765625
10381041,33.14208984375
10381056,39.6728515625
10381097,39.4287109375
10381145,45.41015625
10381204,36.376953125
10381245,37.41455078125
10381298,37.29248046875
10381366,40.52734375
10381418,52.6123046875
10381586,33.99658203125
10381693,39.1845703125
10381820,37.841796875
10381853,35.15625
10382056,33.99658203125
10382307,34.7900390625
10382446,34.423828125
10382831,36.62109375
10383003,34.24072265625
10383082,33.38623046875
10383156,33.87451171875
10456404,34.66796875
10456583,33.447265625
10456709,35.21728515625
10456879,42.05322265625
10457005,38.818359375
10457048,33.3251953125
10457143,40.1611328125
10457221,46.93603515625
10457323,47.66845703125
10457468,34.97314453125
10457494,39.12353515625
10457573,33.8134765625
10457722,34.3017578125
10457757,34.7900390625
10457881,36.865234375
10458088,36.4990234375
10458380,40.95458984375
10458771,36.0107421875
10529975,56.884765625
10530098,37.4755859375
10530175,42.54150390625
10530410,34.24072265625
10530455,40.52734375
10530474,35.46142578125
10530521,33.203125
10530570,38.51318359375
10530628,36.80419921875
10530644,33.3251953125
10530665,36.07177734375
10530703,33.38623046875
10530788,39.9169921875
10530833,37.53662109375
10531218,34.423828125
10531357,36.0107421875
10531518,37.78076171875
10531568,33.63037109375
10531759,39.73388671875
10531891,34.912109375
10531945,33.87451171875
10532216,38.818359375
10532263,35.15625
10532549,34.1796875
10586339,36.376953125
10590052,33.203125
10591558,35.33935546875
10591911,44.61669921875
10591988,37.2314453125
10592144,44.7998046875
10592207,40.10009765625
10592610,38.14697265625
10592723,43.15185546875
10592779,34.0576171875
10592903,34.66796875
10592978,34.1796875
10593025,35.15625
10593095,33.63037109375
10593291,34.97314453125
10593805,38.4521484375
10594010,33.63037109375
10595631,33.50830078125
10663069,33.5693359375
10663241,40.283203125
10663384,34.423828125
10663482,33.69140625
10663533,33.14208984375
10663618,37.90283203125
10663770,37.65869140625
10664004,35.7666015625
10664070,36.4990234375
10664249,35.58349609375
10664339,36.2548828125
10664371,37.65869140625
10664550,33.75244140625
10664665,36.2548828125
10664802,35.400390625
10665009,34.72900390625
10665784,49.31640625
10666778,33.38623046875
10740299,34.7900390625
10741678,34.5458984375
10742068,33.8134765625
10743126,33.14208984375
10833432,33.69140625
11009117,33.26416015625
11112305,33.99658203125
11112376,46.69189453125
11112448,60.11962890625
11112474,39.12353515625
11112491,45.2880859375
11112522,39.00146484375
11112554,42.8466796875
11112588,49.560546875
11112711,38.14697265625
11112744,34.5458984375
11112986,34.72900390625
11113155,36.56005859375
11113192,37.29248046875
11113482,33.447265625
11113834,37.78076171875
11113860,33.69140625
11114633,33.38623046875
11167703,34.3017578125
11169388,37.53662109375
11169512,34.36279296875
11169534,37.17041015625
11169550,40.771484375
11169864,40.95458984375
11170004,34.85107421875
11170093,35.64453125
11170173,39.794921875
11170205,35.5224609375
11170301,40.46630859375
11170389,33.203125
11170432,36.7431640625
11170529,36.0107421875
11170547,35.888671875
11170972,33.26416015625
11171466,36.1328125
11172403,36.865234375
11230019,36.2548828125
11230703,34.24072265625
11230805,33.87451171875
11230944,34.3017578125
11231022,39.0625
11231042,33.38623046875
11231075,41.56494140625
11231174,46.08154296875
11231261,35.5224609375
11231424,37.04833984375
11231449,33.447265625
11231597,37.109375
11231799,39.0625
11232181,37.109375
11233202,35.21728515625
11283908,35.82763671875
11284529,33.99658203125
11284792,38.818359375
11284847,36.865234375
11284881,35.33935546875
11284976,33.447265625
11284987,35.58349609375
11285114,41.44287109375
11285345,33.99658203125
11285432,35.09521484375
11285528,39.61181640625
11285620,33.935546875
11285828,36.80419921875
11286053,35.64453125
11286146,36.376953125
11286842,33.75244140625
11341903,35.46142578125
11342273,46.56982421875
11342285,41.44287109375
11342421,34.423828125
11342449,40.0390625
11342459,37.53662109375
11342744,34.97314453125
11342865,36.2548828125
11342979,34.24072265625
11343022,35.0341796875
11343129,33.99658203125
11343170,40.71044921875
11343186,35.82763671875
11343280,46.69189453125
11343518,36.865234375
11343549,35.2783203125
11394158,42.3583984375
11394630,35.33935546875
11394808,35.5224609375
11395007,38.4521484375
11395054,36.0107421875
11395195,33.935546875
11395256,33.203125
11395872,37.7197265625
11395931,39.97802734375
11396035,34.0576171875
11396980,34.1796875
11454377,34.36279296875
11454509,35.21728515625
11454743,45.22705078125
11454999,36.19384765625
11455272,33.5693359375
11455307,35.7666015625
11455369,37.53662109375
11455533,36.376953125
11455634,33.69140625
11455799,36.2548828125
11456128,41.19873046875
11456429,35.46142578125
11618767,33.38623046875
11618899,34.60693359375
11619095,39.61181640625
11619149,44.37255859375
11619270,34.423828125
11619409,38.14697265625
11619626,35.2783203125
11619729,37.17041015625
11619891,34.97314453125
11619907,33.99658203125
11619941,34.0576171875
11620415,34.48486328125
11620709,36.865234375
11621033,34.3017578125
11621628,36.1328125
11954233,38.818359375
11954371,34.60693359375
11954850,34.912109375
11954861,36.31591796875
11954950,42.8466796875
11954967,46.44775390625
11955145,34.36279296875
11955161,37.841796875
11955249,34.97314453125
11955373,36.68212890625
11955387,33.63037109375
11955528,34.3017578125
11955567,33.203125
11955581,45.10498046875
11955616,36.865234375
11955640,38.02490234375
11955690,34.48486328125
11955781,34.0576171875
11956545,36.68212890625
11957063,33.3251953125
