11999000,0
34300,27.34375
36033,30.45654296875
36314,27.28271484375
36368,28.076171875
36528,29.296875
37147,27.83203125
37174,27.2216796875
37273,28.99169921875
37317,33.87451171875
37406,29.4189453125
37424,27.2216796875
37597,27.83203125
37691,28.6865234375
69914,42.1142578125
70147,27.4658203125
70394,31.67724609375
76605,28.86962890625
94739,34.97314453125
115191,33.26416015625
115631,34.24072265625
118325,32.28759765625
129926,28.50341796875
131276,35.09521484375
131659,30.09033203125
133039,27.77099609375
133101,27.77099609375
133137,27.83203125
133268,28.74755859375
133445,28.9306640625
133621,29.11376953125
133665,33.14208984375
134018,27.4658203125
165853,31.3720703125
166490,30.1513671875
166694,34.24072265625
192121,34.5458984375
200687,28.564453125
201699,32.77587890625
202042,29.11376953125
210646,35.21728515625
210727,34.11865234375
212183,28.25927734375
227858,29.60205078125
265314,31.6162109375
265627,28.4423828125
265730,36.376953125
265811,31.06689453125
266734,28.01513671875
267088,28.13720703125
267728,29.78515625
267755,28.38134765625
268034,27.28271484375
268723,27.89306640625
300775,38.02490234375
301295,27.7099609375
301776,28.62548828125
302919,28.6865234375
304621,27.83203125
354608,37.9638671875
354797,31.67724609375
354943,31.25
355167,29.4189453125
355382,31.25
356125,31.1279296875
356293,27.83203125
356479,27.2216796875
356512,30.45654296875
356557,27.587890625
356739,27.34375
356776,32.470703125
357148,31.494140625
422209,28.62548828125
422240,33.14208984375
422521,40.46630859375
422631,27.77099609375
422771,29.1748046875
423121,30.45654296875
423168,27.83203125
423318,30.517578125
423374,30.82275390625
423494,35.09521484375
423547,38.39111328125
423700,31.31103515625
423803,28.9306640625
423884,30.70068359375
423984,30.2734375
473256,34.0576171875
473462,30.517578125
473569,29.9072265625
473836,34.48486328125
474068,28.4423828125
474812,27.34375
474944,27.587890625
507519,28.62548828125
516634,34.3017578125
516884,36.19384765625
517200,32.71484375
518181,28.74755859375
518514,27.28271484375
549737,28.74755859375
551679,37.353515625
552085,33.203125
552334,28.076171875
553638,27.7099609375
561134,27.34375
561753,37.90283203125
561994,30.94482421875
562286,33.203125
562321,34.3017578125
562856,27.4658203125
592196,28.6865234375
592411,36.56005859375
592703,27.28271484375
620697,33.8134765625
620998,28.3203125
621288,28.9306640625
621372,28.13720703125
621653,29.84619140625
621938,31.005859375
659412,32.40966796875
660158,28.13720703125
660420,36.376953125
660655,27.7099609375
660734,27.40478515625
660986,36.376953125
661480,27.7099609375
695247,37.59765625
695812,29.84619140625
707076,41.68701171875
707708,27.34375
708810,27.83203125
716397,27.28271484375
719353,29.1748046875
719844,27.9541015625
758204,29.47998046875
758304,31.55517578125
758502,31.6162109375
758994,28.80859375
759251,28.9306640625
759273,27.28271484375
759328,27.4658203125
759341,29.78515625
759471,31.18896484375
759523,27.28271484375
759759,30.8837890625
759775,30.09033203125
759938,35.5224609375
760134,28.86962890625
760557,27.34375
760738,30.517578125
791771,27.587890625
800734,28.74755859375
807736,29.35791015625
807882,29.35791015625
807931,32.470703125
808449,31.92138671875
809204,27.77099609375
809393,30.029296875
809498,28.076171875
809719,28.74755859375
848033,29.052734375
871455,28.38134765625
871653,28.01513671875
872068,31.982421875
872176,30.6396484375
872205,27.64892578125
872355,29.052734375
872536,38.330078125
872886,29.296875
873163,31.67724609375
904715,27.89306640625
953257,28.62548828125
953611,34.1796875
953886,35.58349609375
954220,29.78515625
954313,28.99169921875
954347,29.23583984375
954604,28.62548828125
954629,35.82763671875
954640,27.4658203125
954881,30.3955078125
955518,27.52685546875
956877,32.04345703125
1000645,29.72412109375
1001375,34.72900390625
1002106,33.0810546875
1002551,29.78515625
1002831,29.296875
1003515,30.45654296875
1003567,29.96826171875
1003725,28.74755859375
1004231,28.38134765625
1034940,28.01513671875
1090089,28.50341796875
1104345,27.2216796875
1119115,34.423828125
1133906,32.3486328125
1146501,29.23583984375
1146572,28.38134765625
1161422,32.470703125
1173844,34.72900390625
1174456,28.6865234375
1199071,27.587890625
1199611,27.40478515625
1220532,27.64892578125
1238889,29.6630859375
1243554,37.2314453125
1246936,28.50341796875
1258173,27.40478515625
1280511,28.62548828125
1298036,27.77099609375
1401946,30.8837890625
1402972,27.28271484375
1403364,29.6630859375
1403559,29.4189453125
1442865,29.6630859375
1487386,28.62548828125
1488323,30.2734375
1488672,29.35791015625
1489720,27.34375
1506685,28.50341796875
1508229,28.99169921875
1557031,31.982421875
1579635,29.1748046875
1581379,27.7099609375
1582752,29.23583984375
1583818,27.64892578125
1584643,30.1513671875
1610513,27.7099609375
1614163,32.40966796875
1645421,28.86962890625
1646085,29.052734375
1678675,28.13720703125
1680300,27.40478515625
1680376,27.77099609375
1680996,35.82763671875
1681211,27.28271484375
1781083,33.26416015625
1782238,32.470703125
1783955,29.47998046875
1785878,28.25927734375
2213130,27.2216796875
2213625,29.78515625
2213883,27.2216796875
2213934,28.1982421875
2214247,27.28271484375
2214450,27.83203125
2241201,28.1982421875
2241614,27.28271484375
2241640,29.35791015625
2241734,28.62548828125
2241973,28.25927734375
2465385,37.65869140625
2467095,27.64892578125
2467237,28.6865234375
2467299,28.99169921875
2467355,29.541015625
2467396,28.99169921875
2467436,30.33447265625
2467729,27.83203125
2536685,27.587890625
2537826,33.14208984375
2538504,27.2216796875
2538605,28.01513671875
2538630,37.41455078125
2539275,27.4658203125
2565760,27.83203125
2582581,31.6162109375
2591277,28.13720703125
2591871,38.39111328125
2601953,32.53173828125
2604986,29.78515625
2605191,28.99169921875
2605279,27.28271484375
2656311,30.76171875
2686282,34.66796875
2686460,29.296875
2739475,28.50341796875
2739758,29.60205078125
2740057,28.076171875
2740179,29.60205078125
2740427,28.38134765625
2787147,35.15625
2793767,27.2216796875
2814970,27.9541015625
2815194,33.38623046875
2815366,28.99169921875
2815548,33.26416015625
2815588,28.25927734375
2815667,28.38134765625
2816654,31.67724609375
2893991,28.13720703125
2894776,33.87451171875
2895287,41.1376953125
2895972,30.76171875
2896196,27.28271484375
2896288,28.74755859375
2896365,33.447265625
2896729,31.06689453125
2979479,32.958984375
2980491,30.1513671875
2981203,28.1982421875
2981460,29.47998046875
2981720,30.517578125
2981982,27.34375
2982707,29.6630859375
3053096,34.3017578125
3053659,29.1748046875
3053802,27.2216796875
3054454,27.40478515625
3054570,27.83203125
3054690,34.912109375
3055183,31.1279296875
3055377,31.67724609375
3055997,27.52685546875
3126191,28.13720703125
3126421,34.3017578125
3126754,27.64892578125
3127120,30.45654296875
3128179,29.96826171875
3128354,36.0107421875
3128425,30.45654296875
3181300,27.52685546875
3200923,28.01513671875
3201364,30.029296875
3201860,27.40478515625
3202247,31.8603515625
3202931,27.2216796875
3289345,32.53173828125
3289439,29.4189453125
3290244,28.01513671875
3291167,28.1982421875
3291884,33.8134765625
3292572,33.203125
3292905,27.28271484375
3293859,33.203125
3371524,28.74755859375
3371943,35.09521484375
3374630,30.45654296875
3375410,28.1982421875
3376139,28.564453125
3425618,27.2216796875
3427720,28.01513671875
3448922,29.6630859375
3454340,28.1982421875
3485835,28.9306640625
3509779,29.4189453125
3538565,35.70556640625
3539586,30.09033203125
3540600,27.28271484375
3585578,31.25
3624673,34.24072265625
3694210,27.52685546875
3694832,27.4658203125
3790239,37.29248046875
3791840,27.89306640625
3855597,28.38134765625
3904215,27.64892578125
3906123,31.25
3906330,27.7099609375
3906660,27.83203125
3982343,36.0107421875
3982877,33.8134765625
3983525,29.23583984375
3984449,27.28271484375
4028550,28.25927734375
4030657,32.5927734375
4116354,32.3486328125
4116734,30.029296875
4117432,39.306640625
4117700,37.353515625
4118627,28.50341796875
4118894,27.40478515625
4119384,27.2216796875
4181664,31.06689453125
4183107,28.38134765625
4183143,31.1279296875
4184166,36.68212890625
4184385,31.67724609375
4184805,27.52685546875
4185090,28.3203125
4186671,27.89306640625
4190113,27.587890625
4231757,31.73828125
4234210,28.25927734375
4236303,32.04345703125
4237079,27.64892578125
4243150,27.77099609375
4243728,30.2734375
4270562,30.70068359375
4318941,28.4423828125
4319725,32.28759765625
4320313,27.28271484375
4321223,28.86962890625
4360559,30.2734375
4417867,29.60205078125
4418207,31.25
4423051,30.09033203125
4490720,29.96826171875
4491509,29.78515625
4492622,32.28759765625
4494407,28.076171875
4550671,36.31591796875
4551861,33.69140625
4552807,31.005859375
4553761,32.77587890625
4618125,27.4658203125
4618757,33.69140625
4619499,28.13720703125
4686968,28.4423828125
4726685,36.1328125
4727462,29.541015625
4728273,34.97314453125
4731177,27.28271484375
4782323,28.62548828125
4782704,32.3486328125
4783381,28.80859375
4786111,28.6865234375
4857994,31.982421875
4860113,30.2734375
4861728,28.13720703125
4862152,27.77099609375
4916130,34.0576171875
4934086,27.64892578125
4974504,30.1513671875
4976576,30.57861328125
5016800,27.28271484375
5019416,31.06689453125
5019821,30.33447265625
5025014,27.28271484375
5025559,32.77587890625
5026404,29.11376953125
5026581,32.77587890625
5027479,27.587890625
5101349,30.09033203125
5137711,35.0341796875
5139424,29.11376953125
5140897,27.2216796875
5144600,27.52685546875
5145006,27.2216796875
5145103,34.5458984375
5194884,34.66796875
5220760,30.3955078125
5222731,28.4423828125
5222780,28.076171875
5223293,27.7099609375
5226446,29.4189453125
5265932,28.6865234375
5266332,27.64892578125
5269188,27.83203125
5271446,28.86962890625
5271938,28.86962890625
5272465,28.62548828125
5318311,27.64892578125
5320447,34.97314453125
5320686,28.6865234375
5322201,28.3203125
5325537,27.2216796875
5364510,32.40966796875
5364856,30.70068359375
5365188,30.94482421875
5368632,29.47998046875
5435871,28.1982421875
5436987,29.60205078125
5461132,29.296875
5487004,29.6630859375
5520482,29.60205078125
5521117,28.38134765625
5521575,29.11376953125
5526352,27.2216796875
5558900,27.40478515625
5563543,28.4423828125
5563796,28.50341796875
5614113,29.23583984375
5614690,27.2216796875
5655901,32.53173828125
5656328,28.50341796875
5683497,28.62548828125
5688102,30.76171875
5695967,29.60205078125
5725306,28.9306640625
5757267,33.02001953125
5802271,27.83203125
5808234,32.3486328125
5855290,33.50830078125
5856503,27.4658203125
5899255,27.2216796875
5920112,32.71484375
5922847,30.1513671875
5924751,27.9541015625
5927701,27.4658203125
5968550,35.7666015625
5969852,30.57861328125
5985796,30.6396484375
6026153,30.09033203125
6027906,28.80859375
6066061,28.1982421875
6070435,28.80859375
6130879,30.2734375
6133672,36.62109375
6134682,28.3203125
6135806,31.494140625
6135982,27.52685546875
6209969,34.0576171875
6210467,29.35791015625
6211300,30.09033203125
6212442,27.52685546875
6255917,30.029296875
6256739,28.25927734375
6306177,29.23583984375
6345116,28.13720703125
6346208,31.67724609375
6488047,29.60205078125
6489658,31.43310546875
6490079,32.65380859375
6490700,29.296875
6490780,27.34375
6491077,28.01513671875
6491251,28.74755859375
6542731,27.34375
6545943,27.7099609375
6589720,31.494140625
6593035,31.79931640625
6593376,28.62548828125
6667582,29.60205078125
6668270,27.40478515625
6699722,30.1513671875
6700504,28.25927734375
6703336,27.9541015625
6707581,31.43310546875
6707740,29.9072265625
6707853,31.982421875
6708265,27.9541015625
6711102,27.77099609375
6764073,27.7099609375
6773229,29.541015625
6800489,31.982421875
6804283,30.3955078125
6804454,27.40478515625
6847833,31.79931640625
6873063,27.9541015625
6874334,30.57861328125
6909409,29.84619140625
6940243,31.18896484375
6970944,27.40478515625
6971990,32.04345703125
7047420,29.11376953125
7051076,33.69140625
7110836,30.82275390625
7112376,33.0810546875
7112676,41.68701171875
7112737,27.2216796875
7164431,30.2734375
7226517,27.9541015625
7227329,29.84619140625
7227825,29.541015625
7228451,27.4658203125
7271034,33.0810546875
7271510,29.052734375
7271793,29.11376953125
7272717,31.8603515625
7274115,30.70068359375
7367134,28.25927734375
7367445,27.587890625
7367691,28.01513671875
7369572,30.57861328125
7370603,29.6630859375
7448116,31.55517578125
7448547,27.52685546875
7450889,27.64892578125
7451229,28.3203125
7503461,28.86962890625
7505396,34.11865234375
7514921,27.2216796875
7538759,29.9072265625
7539834,30.3955078125
7542126,27.83203125
7579547,31.06689453125
7587916,31.79931640625
7610807,31.005859375
7633179,27.52685546875
7680866,27.2216796875
7719493,28.50341796875
7732474,28.9306640625
7787672,27.2216796875
7817874,31.1279296875
7830423,30.029296875
7911961,28.1982421875
8018966,27.7099609375
8025891,28.01513671875
8151769,34.423828125
8155474,29.4189453125
8211304,28.01513671875
8308677,28.25927734375
8394071,32.28759765625
8466522,27.28271484375
8519216,30.2734375
8520715,28.076171875
8526186,28.3203125
8583954,29.541015625
8641691,30.70068359375
8697768,27.4658203125
8725670,31.3720703125
8727202,27.52685546875
8783353,28.80859375
8784714,28.62548828125
8785960,27.4658203125
8844931,29.72412109375
8848003,27.34375
8914763,27.28271484375
8966567,28.25927734375
9011911,27.34375
9013380,35.58349609375
9014493,27.9541015625
9079036,27.34375
9171093,28.3203125
9173049,27.34375
9263946,27.28271484375
9267475,30.029296875
9311930,28.62548828125
9312552,27.89306640625
9350410,32.40966796875
9351214,31.06689453125
9384750,28.3203125
9562056,28.62548828125
9613656,28.1982421875
9620990,28.3203125
9622025,27.40478515625
9699593,27.40478515625
9766991,27.64892578125
9778937,27.7099609375
10097146,29.1748046875
10106550,27.64892578125
10233575,34.97314453125
10260720,29.6630859375
10268143,31.1279296875
10315719,29.84619140625
10317867,27.9541015625
10420325,28.80859375
10449512,28.076171875
10456852,28.564453125
10517600,28.564453125
10585192,33.69140625
10586172,29.296875
10587571,28.99169921875
10592167,29.1748046875
10593938,29.84619140625
10654384,28.86962890625
10654595,27.83203125
10791580,28.4423828125
10861960,31.494140625
11056607,27.64892578125
11111602,30.8837890625
11112802,31.1279296875
11163220,28.86962890625
11225367,27.40478515625
11275867,31.005859375
11278245,31.55517578125
11338321,27.4658203125
11342933,28.9306640625
11523437,28.6865234375
11619423,28.4423828125
11938515,30.21240234375
