11999000,0
36951,37.353515625
36965,36.31591796875
37040,35.09521484375
37059,41.50390625
37134,34.423828125
37165,54.62646484375
37213,39.1845703125
37240,45.59326171875
37289,39.00146484375
37310,39.794921875
37370,34.97314453125
37394,52.8564453125
37434,41.44287109375
37501,47.36328125
37626,34.97314453125
37655,34.60693359375
37684,34.85107421875
37719,36.865234375
37747,42.6025390625
37838,38.6962890625
37958,43.3349609375
37997,34.72900390625
38089,37.2314453125
38117,37.29248046875
38150,40.71044921875
38285,36.4990234375
38337,46.142578125
38472,36.80419921875
38763,39.0625
70836,35.2783203125
71356,37.4755859375
71464,36.56005859375
71541,36.1328125
71778,34.66796875
72130,37.17041015625
72172,33.87451171875
72279,35.15625
72696,34.85107421875
133095,34.3017578125
133119,41.32080078125
133133,42.724609375
133157,40.1611328125
133254,41.1376953125
133282,40.283203125
133370,37.4755859375
133418,53.40576171875
133464,35.400390625
133499,34.36279296875
133513,34.36279296875
133642,49.62158203125
133711,39.73388671875
133868,43.88427734375
133975,38.87939453125
134133,36.56005859375
134215,34.912109375
134301,37.29248046875
134319,36.07177734375
134345,42.17529296875
134628,34.60693359375
135498,39.1845703125
168027,36.2548828125
168289,35.7666015625
266808,34.11865234375
266895,37.109375
266951,35.888671875
267006,45.654296875
267076,39.00146484375
267176,42.3583984375
267246,40.95458984375
267309,34.5458984375
267432,44.98291015625
267448,44.5556640625
267491,33.99658203125
267579,38.51318359375
267625,39.0625
267641,36.80419921875
267692,35.58349609375
267749,33.99658203125
267784,34.66796875
267846,36.62109375
268055,37.109375
268443,36.7431640625
301555,36.4990234375
301641,35.64453125
301786,34.24072265625
302032,34.60693359375
302526,35.2783203125
302636,33.935546875
355905,34.66796875
355960,42.54150390625
355976,38.75732421875
356101,35.94970703125
356129,38.14697265625
356203,36.19384765625
356216,54.931640625
356281,41.19873046875
356483,42.41943359375
356497,38.39111328125
356581,40.58837890625
356623,36.4990234375
356661,35.21728515625
356687,35.15625
356704,42.54150390625
356759,39.12353515625
356874,38.9404296875
356894,40.46630859375
356925,34.11865234375
357071,37.04833984375
357423,45.71533203125
423038,39.794921875
423065,34.85107421875
423087,37.41455078125
423129,40.0390625
423152,44.7998046875
423266,34.97314453125
423282,37.90283203125
423319,45.95947265625
423330,37.841796875
423366,41.07666015625
423376,38.2080078125
423414,40.95458984375
423439,47.91259765625
423494,39.24560546875
423524,55.7861328125
423692,37.109375
423732,42.96875
423838,34.66796875
423857,40.71044921875
424150,42.48046875
424296,35.33935546875
424357,36.31591796875
424500,39.306640625
424529,38.63525390625
424735,37.2314453125
424814,34.97314453125
424919,35.888671875
474122,35.46142578125
474153,42.41943359375
474220,38.75732421875
474243,41.8701171875
474290,34.97314453125
474343,39.48974609375
474371,40.58837890625
474408,37.78076171875
474423,35.94970703125
474482,41.19873046875
474497,39.97802734375
474520,41.32080078125
474569,37.109375
474605,35.15625
474677,42.78564453125
474744,44.37255859375
474802,42.236328125
474832,35.0341796875
474882,34.24072265625
474905,42.8466796875
474959,36.865234375
474999,34.24072265625
475042,34.72900390625
475065,38.9404296875
475122,38.818359375
475187,43.51806640625
475234,35.09521484375
475248,47.607421875
475300,38.02490234375
475550,37.29248046875
475625,48.095703125
475851,33.935546875
476420,33.87451171875
517934,34.11865234375
518012,35.58349609375
518112,39.85595703125
518131,35.2783203125
518262,38.87939453125
518285,37.04833984375
518310,37.841796875
518356,35.33935546875
518426,49.37744140625
518495,38.57421875
518541,36.7431640625
518642,38.51318359375
518808,38.75732421875
518843,38.87939453125
518907,36.07177734375
518917,38.75732421875
519473,36.62109375
553639,33.8134765625
553812,33.935546875
554153,37.9638671875
554254,36.1328125
562639,34.72900390625
621468,33.99658203125
621571,36.376953125
621721,34.97314453125
621858,38.02490234375
621890,44.7998046875
621922,42.6025390625
621984,36.80419921875
622026,42.90771484375
622141,54.3212890625
622210,45.654296875
622366,39.4287109375
622415,38.0859375
622521,36.68212890625
622577,39.36767578125
660923,41.1376953125
661367,35.2783203125
661717,39.55078125
661991,38.6962890625
662085,34.36279296875
696234,34.85107421875
696442,34.24072265625
696571,39.24560546875
696675,33.935546875
697083,34.1796875
697384,37.7197265625
697586,34.24072265625
697617,45.166015625
697936,34.36279296875
698165,35.7666015625
758869,34.11865234375
759003,36.62109375
759037,35.94970703125
759095,44.25048828125
759225,51.3916015625
759288,34.5458984375
759302,37.7197265625
759331,38.02490234375
759360,36.62109375
759391,47.30224609375
759434,41.748046875
759457,38.51318359375
759479,39.0625
759491,38.9404296875
759528,40.22216796875
759542,42.8466796875
759578,44.12841796875
759631,51.025390625
759717,44.98291015625
759842,36.56005859375
759937,38.818359375
759952,42.66357421875
759985,39.794921875
760010,34.3017578125
760119,35.0341796875
760218,35.5224609375
760267,40.8935546875
760538,56.640625
761113,37.2314453125
761282,35.94970703125
808798,34.423828125
808901,38.51318359375
808936,35.0341796875
809080,36.376953125
809105,36.7431640625
809161,41.56494140625
809254,44.3115234375
809310,35.33935546875
809364,34.11865234375
809437,36.1328125
809484,34.66796875
809552,50.78125
809576,38.14697265625
809609,34.97314453125
809636,54.5654296875
809710,35.15625
809818,50.59814453125
809924,41.93115234375
810045,35.5224609375
810144,34.0576171875
810231,36.0107421875
810520,39.61181640625
810832,36.07177734375
811479,34.48486328125
872184,35.82763671875
872199,41.80908203125
872236,35.21728515625
872365,35.5224609375
872413,44.86083984375
872426,43.15185546875
872490,34.66796875
872518,35.64453125
872569,50.1708984375
872592,41.07666015625
872627,50.29296875
872657,37.65869140625
872701,33.935546875
872843,50.78125
872857,58.65478515625
872897,39.12353515625
872940,35.33935546875
872983,35.58349609375
873062,43.3349609375
873099,34.7900390625
873190,38.818359375
873232,42.17529296875
873289,41.07666015625
873303,46.56982421875
873334,35.888671875
873465,44.7998046875
873537,44.0673828125
873672,35.64453125
873842,34.423828125
874077,34.60693359375
874663,34.60693359375
954190,42.90771484375
954230,39.61181640625
954263,39.24560546875
954317,46.32568359375
954363,50.29296875
954393,42.78564453125
954418,34.912109375
954457,53.52783203125
954469,42.54150390625
954497,41.50390625
954517,35.33935546875
954543,41.32080078125
954557,53.955078125
954639,35.0341796875
954686,49.25537109375
954716,38.0859375
954756,39.0625
954776,36.865234375
954804,45.10498046875
954926,35.400390625
954984,35.7666015625
955101,35.82763671875
955196,37.109375
955502,35.94970703125
955581,39.97802734375
955757,39.00146484375
955938,44.0673828125
956003,48.76708984375
957267,36.31591796875
1002967,37.2314453125
1003020,36.31591796875
1003103,34.0576171875
1003160,38.0859375
1003191,43.5791015625
1003250,35.58349609375
1003300,44.3115234375
1003355,36.92626953125
1003479,44.189453125
1003653,36.7431640625
1003787,34.48486328125
1003860,36.4990234375
1003872,33.935546875
1004005,40.52734375
1004184,36.2548828125
1004395,39.00146484375
1004563,38.4521484375
1005329,34.60693359375
1005518,35.33935546875
1034105,35.888671875
1034228,34.0576171875
1034274,37.65869140625
1034635,41.07666015625
1034665,37.29248046875
1034787,41.1376953125
1034892,34.36279296875
1035011,38.14697265625
1035076,35.58349609375
1035114,33.8134765625
1035383,37.9638671875
1035516,38.330078125
1035541,37.841796875
1035865,35.5224609375
1036019,34.48486328125
1073997,34.1796875
1074516,34.60693359375
1075534,34.66796875
1089619,36.376953125
1089703,34.7900390625
1089925,35.0341796875
1090003,36.19384765625
1090054,47.607421875
1090326,35.5224609375
1090455,34.72900390625
1090474,36.80419921875
1090534,37.17041015625
1090880,36.1328125
1091484,33.99658203125
1103694,42.1142578125
1103877,35.400390625
1103999,33.87451171875
1104475,33.99658203125
1104773,36.9873046875
1118977,33.87451171875
1131584,34.1796875
1131796,34.66796875
1131940,39.9169921875
1145784,34.423828125
1146142,40.771484375
1146399,40.0390625
1146608,38.87939453125
1172868,33.8134765625
1173328,34.24072265625
1173886,36.43798828125
1174012,34.11865234375
1174222,37.04833984375
1174445,35.33935546875
1199600,36.43798828125
1259061,38.26904296875
1365863,34.85107421875
1679974,37.04833984375
1680145,34.3017578125
1680275,41.93115234375
1680346,34.48486328125
1680440,45.10498046875
1680518,42.78564453125
1680552,39.85595703125
1680618,42.6025390625
1680628,37.353515625
1680710,41.56494140625
1680765,40.0390625
1680778,34.1796875
1680943,34.423828125
1681090,35.2783203125
1681102,39.00146484375
1681131,36.9873046875
1681166,41.44287109375
1681214,34.912109375
1681260,34.66796875
1681289,36.56005859375
1681366,35.15625
1681395,41.015625
1681630,37.53662109375
1681801,47.79052734375
1681876,33.87451171875
1681899,36.80419921875
1682012,35.64453125
1682583,34.0576171875
1682955,34.66796875
1682999,34.48486328125
1683088,35.33935546875
1683547,38.57421875
1783944,34.48486328125
1783956,34.24072265625
1783979,42.29736328125
1783996,48.9501953125
1784079,38.330078125
1784119,35.21728515625
1784179,36.4990234375
1784214,55.84716796875
1784330,36.31591796875
1784358,36.7431640625
1784370,41.6259765625
1784393,36.19384765625
1784440,34.3017578125
1784492,33.935546875
1784567,35.5224609375
1784627,35.58349609375
1784666,33.87451171875
1784728,33.99658203125
1784770,40.1611328125
1785286,40.0390625
1785359,44.189453125
1785449,33.8134765625
1785464,35.64453125
1786496,34.60693359375
2213694,33.935546875
2213962,33.8134765625
2214004,37.7197265625
2214020,40.0390625
2214034,35.21728515625
2214067,46.08154296875
2214107,35.888671875
2214138,51.8798828125
2214204,34.3017578125
2214222,59.63134765625
2214276,39.794921875
2214292,35.21728515625
2214326,43.88427734375
2214604,34.423828125
2214964,34.97314453125
2215398,34.72900390625
2215465,40.0390625
2215801,39.6728515625
2216025,35.5224609375
2216174,37.90283203125
2216352,37.90283203125
2216597,38.26904296875
2216810,35.64453125
2216869,34.423828125
2217022,34.24072265625
2217298,41.56494140625
2217368,37.2314453125
2217940,35.2783203125
2241239,37.65869140625
2241249,35.15625
2241346,39.0625
2241483,34.1796875
2241518,35.2783203125
2241594,34.72900390625
2241634,44.61669921875
2241670,39.0625
2241722,34.3017578125
2241808,34.1796875
2241874,43.9453125
2241896,35.2783203125
2241925,33.87451171875
2242022,36.43798828125
2242050,33.935546875
2242078,33.8134765625
2242206,46.93603515625
2242493,35.5224609375
2242755,36.2548828125
2242893,34.48486328125
2243128,34.3017578125
2243318,33.8134765625
2467102,35.7666015625
2467115,34.1796875
2467133,34.72900390625
2467230,34.11865234375
2467267,53.28369140625
2467285,35.58349609375
2467306,36.80419921875
2467418,43.8232421875
2467449,46.38671875
2467480,35.70556640625
2467508,46.69189453125
2467532,34.1796875
2467623,38.0859375
2467648,34.66796875
2467670,34.0576171875
2467879,35.94970703125
2468090,34.11865234375
2468129,37.29248046875
2468522,35.2783203125
2468671,43.64013671875
2468911,36.1328125
2469112,35.64453125
2469302,37.4755859375
2469496,34.423828125
2469643,33.99658203125
2469950,35.400390625
2470294,36.56005859375
2470444,36.4990234375
2537545,35.15625
2537597,38.14697265625
2537668,50.048828125
2537705,37.41455078125
2537735,36.2548828125
2537748,57.31201171875
2537773,37.29248046875
2537796,41.3818359375
2537854,34.3017578125
2537887,34.72900390625
2537911,40.83251953125
2537921,35.33935546875
2537948,38.2080078125
2537967,39.61181640625
2537998,39.61181640625
2538040,39.36767578125
2538194,36.43798828125
2538229,36.43798828125
2538247,37.04833984375
2538326,42.66357421875
2538355,38.6962890625
2538493,37.53662109375
2538726,34.3017578125
2538758,34.912109375
2538905,34.85107421875
2539014,34.72900390625
2540002,34.0576171875
2540510,34.1796875
2582551,35.09521484375
2604933,38.2080078125
2605015,44.49462890625
2605061,45.95947265625
2605077,56.45751953125
2605120,35.58349609375
2605157,47.42431640625
2605195,45.5322265625
2605292,36.4990234375
2605327,39.306640625
2605348,37.78076171875
2605374,37.7197265625
2605436,33.99658203125
2605466,36.68212890625
2605580,39.00146484375
2605646,34.85107421875
2605673,37.78076171875
2605818,46.56982421875
2606039,35.2783203125
2606492,33.99658203125
2606699,37.7197265625
2606801,33.935546875
2606915,34.0576171875
2607358,33.99658203125
2607716,34.3017578125
2739939,36.62109375
2740032,51.8798828125
2740051,34.72900390625
2740101,47.36328125
2740116,41.80908203125
2740208,38.75732421875
2740220,36.4990234375
2740254,41.93115234375
2740283,37.7197265625
2740308,37.41455078125
2740381,34.3017578125
2740410,46.69189453125
2740449,47.05810546875
2740482,38.51318359375
2740521,36.1328125
2740575,41.19873046875
2740619,36.56005859375
2740771,40.4052734375
2740881,36.43798828125
2741005,38.14697265625
2741129,36.7431640625
2741584,35.7666015625
2742258,33.8134765625
2742462,34.912109375
2742830,34.48486328125
2742891,37.353515625
2743001,33.87451171875
2814827,44.0673828125
2814885,40.1611328125
2814904,38.63525390625
2814942,35.21728515625
2814996,36.07177734375
2815020,34.3017578125
2815034,39.85595703125
2815103,36.92626953125
2815127,47.05810546875
2815329,46.875
2815354,38.57421875
2815418,55.0537109375
2815457,38.51318359375
2815480,37.59765625
2815566,36.376953125
2815599,35.400390625
2815965,38.39111328125
2816125,38.63525390625
2816347,36.4990234375
2816644,34.3017578125
2816730,35.21728515625
2817047,36.2548828125
2895999,37.41455078125
2896081,37.841796875
2896110,36.376953125
2896137,46.875
2896193,48.7060546875
2896219,39.306640625
2896246,45.34912109375
2896314,39.48974609375
2896356,36.4990234375
2896378,46.81396484375
2896441,39.85595703125
2896512,40.283203125
2896532,47.9736328125
2896606,37.59765625
2896699,34.7900390625
2896728,34.72900390625
2896765,43.45703125
2896843,37.53662109375
2897340,38.2080078125
2897373,33.8134765625
2897863,40.34423828125
2898426,38.330078125
2898789,39.0625
2981595,36.2548828125
2981656,49.01123046875
2981672,36.4990234375
2981713,35.82763671875
2981736,48.03466796875
2981747,39.9169921875
2981806,34.423828125
2981866,46.32568359375
2981877,37.2314453125
2981920,35.888671875
2981983,34.97314453125
2982036,37.841796875
2982070,35.64453125
2982098,35.94970703125
2982133,37.2314453125
2982174,35.0341796875
2982197,40.10009765625
2982230,36.865234375
2982240,34.72900390625
2982266,36.2548828125
2982499,39.306640625
2982556,39.24560546875
2982604,36.68212890625
2982676,36.376953125
2982707,34.423828125
2982842,37.78076171875
2983076,34.48486328125
2983710,36.07177734375
2983855,35.33935546875
2984394,37.4755859375
3054350,39.85595703125
3054444,34.3017578125
3054473,42.78564453125
3054527,35.64453125
3054586,35.70556640625
3054641,34.24072265625
3054744,37.78076171875
3054795,43.8232421875
3054821,33.99658203125
3054844,38.818359375
3054893,46.08154296875
3054928,33.99658203125
3054975,37.109375
3055041,34.36279296875
3055127,40.771484375
3055217,36.865234375
3055383,39.48974609375
3055458,38.2080078125
3055620,33.8134765625
3055698,37.353515625
3055900,39.24560546875
3056439,39.24560546875
3057153,34.60693359375
3057389,40.58837890625
3128120,35.09521484375
3128166,41.6259765625
3128282,38.6962890625
3128304,39.48974609375
3128428,36.9873046875
3128571,38.87939453125
3128630,33.87451171875
3128790,35.33935546875
3128859,33.8134765625
3128972,35.64453125
3129146,34.912109375
3129205,33.99658203125
3129273,36.376953125
3129289,37.90283203125
3129381,34.97314453125
3129491,36.62109375
3129583,33.935546875
3130093,37.7197265625
3130324,34.11865234375
3130345,35.888671875
3202467,42.6025390625
3202542,38.14697265625
3202725,36.68212890625
3202741,37.353515625
3202946,44.7998046875
3203041,51.81884765625
3203118,37.17041015625
3203150,41.259765625
3203177,34.0576171875
3203318,40.1611328125
3203348,35.7666015625
3203371,48.40087890625
3203563,40.1611328125
3203749,36.9873046875
3203843,39.4287109375
3203952,34.85107421875
3204242,39.36767578125
3205333,39.61181640625
3292580,36.4990234375
3292748,34.3017578125
3292848,37.17041015625
3292879,39.794921875
3293020,34.11865234375
3293051,35.2783203125
3293063,49.01123046875
3293083,40.58837890625
3293176,41.748046875
3293207,34.66796875
3293287,35.09521484375
3293372,39.97802734375
3293447,34.0576171875
3293477,34.7900390625
3293521,34.5458984375
3293578,34.5458984375
3293645,41.748046875
3293677,34.48486328125
3293697,45.2880859375
3293846,38.2080078125
3293903,33.8134765625
3294000,34.11865234375
3294020,38.75732421875
3294070,36.0107421875
3294242,36.7431640625
3294293,38.51318359375
3294306,36.376953125
3294382,40.34423828125
3294438,34.3017578125
3294610,45.41015625
3294760,39.85595703125
3374569,46.93603515625
3374647,37.90283203125
3374797,39.12353515625
3374821,36.92626953125
3374842,33.99658203125
3375085,37.4755859375
3375117,34.24072265625
3375142,36.31591796875
3375234,35.5224609375
3375288,34.5458984375
3375413,37.59765625
3376407,37.4755859375
3376680,34.5458984375
3377275,41.07666015625
3693433,39.6728515625
3693549,34.36279296875
3693589,36.31591796875
3693782,34.66796875
3694019,35.09521484375
3694045,35.82763671875
3694078,36.19384765625
3694108,36.92626953125
3694162,36.19384765625
3694333,34.912109375
3694434,36.31591796875
3694465,35.82763671875
3694495,34.72900390625
3694753,37.78076171875
3694818,35.7666015625
3695331,34.11865234375
3791875,35.33935546875
3791982,34.66796875
3792006,36.62109375
3792211,42.17529296875
3792231,37.53662109375
3792254,44.73876953125
3792276,50.4150390625
3792305,38.6962890625
3792349,39.306640625
3792417,35.09521484375
3792518,34.423828125
3792630,39.24560546875
3792732,34.7900390625
3792824,36.9873046875
3793165,33.99658203125
3793200,41.56494140625
3793676,35.888671875
3795821,34.85107421875
3905311,38.818359375
3905331,34.72900390625
3905352,36.9873046875
3905480,44.5556640625
3905606,41.1376953125
3905628,37.9638671875
3905800,39.85595703125
3905867,45.5322265625
3905891,38.26904296875
3906133,33.935546875
3906241,36.2548828125
3906537,41.44287109375
3906666,36.865234375
3906740,35.15625
3907099,35.5224609375
3907143,37.353515625
3907283,34.66796875
3907871,36.80419921875
3984503,35.70556640625
3984654,35.0341796875
3984805,35.82763671875
3984851,37.65869140625
3984881,37.41455078125
3984912,34.48486328125
3984975,34.3017578125
3985014,34.72900390625
3985074,36.62109375
3985162,35.09521484375
3985340,38.330078125
3985382,48.52294921875
3985649,35.0341796875
3985677,33.87451171875
3985750,39.73388671875
3985792,39.9169921875
3985812,36.865234375
3986070,35.0341796875
4118589,37.59765625
4118828,35.58349609375
4118935,33.99658203125
4118986,34.48486328125
4119027,41.3818359375
4119165,48.88916015625
4119210,34.48486328125
4119245,36.80419921875
4119324,38.2080078125
4119612,33.87451171875
4119754,33.8134765625
4120162,34.85107421875
4120194,35.09521484375
4120228,37.841796875
4184336,35.15625
4184504,38.02490234375
4184583,35.888671875
4184825,44.12841796875
4184908,34.7900390625
4185293,36.1328125
4185367,33.87451171875
4185977,34.24072265625
4422435,34.48486328125
4422819,37.841796875
4422959,37.41455078125
4422979,36.19384765625
4423089,39.97802734375
4423111,43.9453125
4423161,37.90283203125
4423275,36.1328125
4423299,39.61181640625
4423592,39.85595703125
4423640,37.29248046875
4423683,38.02490234375
4423696,42.1142578125
4423880,37.17041015625
4424090,42.54150390625
4424191,37.4755859375
4424916,34.7900390625
4425284,36.7431640625
4425539,46.7529296875
4426163,33.8134765625
4494570,41.748046875
4494760,39.0625
4494839,40.6494140625
4494917,33.8134765625
4495247,37.29248046875
4495729,34.1796875
4617801,34.85107421875
4617832,34.85107421875
4617852,35.15625
4618172,38.6962890625
4618194,43.15185546875
4618219,38.51318359375
4618271,35.33935546875
4618285,44.7998046875
4618347,34.66796875
4618510,34.72900390625
4618678,36.62109375
4618970,34.85107421875
4619279,34.48486328125
4619315,36.1328125
4785447,36.1328125
4785496,35.46142578125
4785758,34.85107421875
4786000,43.0908203125
4786126,38.39111328125
4786403,36.62109375
4786481,41.32080078125
4786508,35.15625
4786777,38.0859375
4786849,34.24072265625
4786914,37.59765625
4860628,36.31591796875
4861328,37.353515625
4861539,34.36279296875
4861892,34.912109375
4862104,34.24072265625
5025099,38.75732421875
5025173,34.3017578125
5025213,35.888671875
5025349,40.4052734375
5025475,37.109375
5025580,35.70556640625
5025981,38.51318359375
5026019,44.7998046875
5026761,39.6728515625
5026900,35.0341796875
5027238,33.8134765625
5027281,35.888671875
5144647,36.43798828125
5144761,36.43798828125
5144859,38.330078125
5144885,36.19384765625
5144899,37.7197265625
5144965,36.19384765625
5145011,34.1796875
5145123,47.119140625
5145142,38.51318359375
5145163,39.48974609375
5145208,35.58349609375
5145272,37.04833984375
5145609,39.12353515625
5145669,39.73388671875
5145707,39.36767578125
5146163,36.43798828125
5146453,36.80419921875
5271106,36.56005859375
5271232,35.94970703125
5271286,34.5458984375
5271310,34.3017578125
5271338,51.20849609375
5271420,43.45703125
5271561,36.92626953125
5271703,36.19384765625
5271719,36.68212890625
5271745,35.7666015625
5271767,36.2548828125
5271934,35.33935546875
5272002,42.17529296875
5272632,36.9873046875
5272870,37.109375
5273831,36.1328125
5563088,37.109375
5563306,33.99658203125
5563432,36.9873046875
5563471,43.3349609375
5563618,35.70556640625
5563631,37.2314453125
5563917,41.80908203125
5563976,33.99658203125
5564009,34.48486328125
5564085,38.39111328125
5564421,33.87451171875
5564992,34.3017578125
5565140,35.5224609375
5565327,36.92626953125
5655938,35.82763671875
5656102,34.3017578125
5656145,33.87451171875
5656433,54.5654296875
5656566,36.56005859375
5656588,34.97314453125
5656721,35.64453125
5656928,37.7197265625
5657025,34.60693359375
5657227,42.3583984375
5657342,33.87451171875
5727106,34.48486328125
5857101,33.935546875
5857638,36.62109375
5857735,37.90283203125
5857801,37.17041015625
5858262,34.11865234375
5858356,36.1328125
5858429,37.17041015625
5974385,37.109375
5974451,36.43798828125
6135689,48.095703125
6136129,42.66357421875
6136142,35.46142578125
6136196,47.66845703125
6136226,35.7666015625
6136236,39.36767578125
6136278,36.1328125
6136309,36.43798828125
6136924,36.31591796875
6137097,34.48486328125
6138234,38.4521484375
6214341,43.02978515625
6214496,35.2783203125
6214575,35.82763671875
6215144,34.1796875
6490614,34.7900390625
6490869,38.9404296875
6490891,43.212890625
6490938,43.212890625
6490989,44.37255859375
6491014,39.00146484375
6491288,38.4521484375
6491513,36.1328125
6491528,35.70556640625
6491784,36.0107421875
6707712,34.423828125
6707809,36.376953125
6707916,42.3583984375
6708043,34.36279296875
6708102,35.58349609375
6708165,35.09521484375
6708179,33.87451171875
6708411,34.85107421875
6708860,34.5458984375
6709321,37.65869140625
6709384,34.423828125
6709647,37.04833984375
6804403,38.26904296875
6804434,41.19873046875
6804463,35.0341796875
6804474,34.60693359375
6804522,37.4755859375
6804703,34.5458984375
6804780,38.75732421875
6805105,36.376953125
6805151,39.6728515625
6805191,40.4052734375
6805217,39.0625
6805918,36.7431640625
6806022,33.87451171875
6806322,41.44287109375
6806747,36.4990234375
6873196,36.43798828125
6873333,34.7900390625
6873369,34.24072265625
6873909,41.748046875
6874042,37.353515625
6874341,34.60693359375
6874363,36.62109375
6874729,38.51318359375
6874740,48.2177734375
6874902,36.56005859375
6936145,35.94970703125
6936244,34.24072265625
6936808,38.02490234375
6936874,36.92626953125
7008641,39.9169921875
7008704,34.36279296875
7009278,40.1611328125
7009635,37.353515625
7010422,35.09521484375
7051238,35.58349609375
7051271,34.0576171875
7051508,35.400390625
7052468,33.99658203125
7112458,40.83251953125
7112767,34.7900390625
7112889,48.583984375
7112946,38.6962890625
7113105,36.07177734375
7113783,36.31591796875
7114035,34.11865234375
7163936,34.0576171875
7164738,34.85107421875
7229607,34.97314453125
7229818,35.09521484375
7230336,36.0107421875
7230378,33.935546875
7230792,43.8232421875
7276310,34.24072265625
7370564,39.97802734375
7370633,37.59765625
7370750,45.83740234375
7370925,35.82763671875
7450513,33.8134765625
7452518,35.15625
7731948,40.46630859375
7732025,52.18505859375
7732150,36.2548828125
7732178,36.4990234375
7732257,42.29736328125
7732300,34.24072265625
7732320,38.818359375
7732389,35.2783203125
7732897,35.82763671875
7732939,34.7900390625
7911016,39.306640625
7911268,36.43798828125
7911287,39.24560546875
7911403,34.3017578125
7911457,35.7666015625
7911484,34.7900390625
7911600,35.70556640625
7911646,36.0107421875
7911876,38.63525390625
7911977,36.7431640625
7912041,35.09521484375
8031371,33.99658203125
8031402,38.330078125
8031627,41.9921875
8031667,34.97314453125
8031816,35.64453125
8031950,43.212890625
8031960,35.94970703125
8032310,38.330078125
8032343,36.865234375
8032385,38.02490234375
8096451,40.4052734375
8096649,41.9921875
8096666,34.11865234375
8096891,34.24072265625
8097005,40.771484375
8097054,34.48486328125
8097345,35.94970703125
8098831,35.5224609375
8154780,34.912109375
8154806,34.24072265625
8155121,44.00634765625
8155644,37.29248046875
8156330,35.400390625
8210950,34.11865234375
8212115,33.935546875
8212197,35.400390625
8525521,37.53662109375
8525622,34.3017578125
8525691,49.86572265625
8525790,35.7666015625
8525928,34.66796875
8526000,34.3017578125
8526252,34.24072265625
8526503,43.701171875
8528352,35.82763671875
8645413,35.46142578125
8645544,36.2548828125
8645571,34.0576171875
8645588,43.3349609375
8646789,37.41455078125
8647307,33.935546875
8725509,35.5224609375
8725646,38.57421875
8725968,35.70556640625
8726218,34.72900390625
8726406,41.44287109375
8726421,34.912109375
8726483,36.0107421875
8726677,38.02490234375
8726746,36.56005859375
8727055,35.64453125
8727134,38.330078125
8784564,36.56005859375
8785020,41.015625
8785145,35.94970703125
8785547,39.9169921875
8847410,35.2783203125
8847545,37.04833984375
8847927,40.58837890625
8847979,35.15625
8969864,43.5791015625
8970114,40.46630859375
8970299,36.7431640625
8970748,34.1796875
8970936,34.36279296875
8971407,38.39111328125
9078192,36.31591796875
9078454,34.48486328125
9078643,44.7998046875
9079302,38.2080078125
9079537,39.6728515625
9079926,34.48486328125
9174576,34.11865234375
9174968,33.87451171875
9175031,35.09521484375
9175294,38.51318359375
9176255,36.7431640625
9176617,34.97314453125
9267141,36.07177734375
9267326,38.02490234375
9267370,34.72900390625
9267428,33.8134765625
9267549,41.3818359375
9267809,35.33935546875
9561338,34.24072265625
9561573,35.33935546875
9561655,42.29736328125
9561814,40.71044921875
9561845,36.92626953125
9562175,34.3017578125
9562368,37.41455078125
9563253,38.818359375
9621724,38.9404296875
9622265,34.1796875
9622470,39.00146484375
9622943,39.61181640625
9622975,37.109375
9705127,33.8134765625
9705831,34.97314453125
9706613,34.5458984375
9830561,38.26904296875
9830628,40.34423828125
9990697,34.912109375
9991206,35.2783203125
9991789,34.66796875
10105673,34.66796875
10106183,36.19384765625
10106432,39.794921875
10106685,36.62109375
10107412,36.31591796875
10268371,36.92626953125
10268435,42.8466796875
10268464,35.70556640625
10268807,34.24072265625
10268834,33.8134765625
10268849,35.5224609375
10268881,34.11865234375
10269574,37.53662109375
10269979,35.7666015625
10270035,36.07177734375
10381412,35.46142578125
10381590,37.7197265625
10381778,37.353515625
10457125,36.56005859375
10457660,35.7666015625
10457736,35.2783203125
10458086,35.82763671875
10458437,34.5458984375
10530788,36.9873046875
10530972,35.21728515625
10531208,34.3017578125
10531959,40.0390625
10663898,41.19873046875
10664719,38.818359375
10664914,34.36279296875
10665124,35.2783203125
10665510,35.33935546875
11112601,37.841796875
11112736,34.85107421875
11112859,36.80419921875
11113179,36.865234375
11114799,34.11865234375
11170882,36.19384765625
11231341,35.5224609375
11231421,40.10009765625
11231560,35.0341796875
11231629,35.0341796875
11232168,33.99658203125
11284839,35.64453125
11285141,33.99658203125
11285177,34.66796875
11285393,34.3017578125
11286794,36.62109375
11287419,36.19384765625
11342918,35.888671875
11343259,33.8134765625
11395356,34.36279296875
11396528,36.31591796875
11455065,34.97314453125
11455421,34.72900390625
11455806,36.0107421875
11620072,41.80908203125
11620229,38.14697265625
11955340,37.841796875
11955429,34.36279296875
11955501,36.62109375
