11999000,0
36815,38.2080078125
36852,41.80908203125
36951,37.65869140625
37028,36.62109375
37079,37.17041015625
37106,43.15185546875
37188,39.0625
37224,33.87451171875
37245,36.2548828125
37282,39.48974609375
37316,39.00146484375
37437,44.43359375
37517,44.61669921875
37567,37.4755859375
37709,36.62109375
37745,36.80419921875
37792,35.7666015625
37843,43.88427734375
38008,36.43798828125
38568,35.09521484375
71094,35.400390625
71300,35.70556640625
71335,37.109375
71521,45.7763671875
71667,40.52734375
71727,33.935546875
72058,34.11865234375
133078,41.3818359375
133116,51.7578125
133156,36.1328125
133196,36.865234375
133232,40.58837890625
133342,34.66796875
133363,50.10986328125
133375,45.41015625
133447,34.48486328125
133520,38.02490234375
133651,43.51806640625
133707,40.771484375
133742,33.87451171875
133844,36.31591796875
134002,40.6494140625
134066,36.2548828125
168026,36.56005859375
266722,40.58837890625
266892,37.841796875
266968,35.2783203125
267045,40.1611328125
267095,37.90283203125
267171,34.3017578125
267205,34.11865234375
267255,36.62109375
267352,44.37255859375
267386,37.41455078125
267433,37.90283203125
267472,42.724609375
267553,40.8935546875
267567,38.57421875
267598,38.63525390625
267765,39.24560546875
267983,35.09521484375
268208,35.58349609375
268864,33.935546875
301211,34.85107421875
301348,34.1796875
301589,42.6025390625
301706,35.64453125
301996,34.60693359375
302512,34.24072265625
302947,38.75732421875
355948,39.306640625
356030,35.70556640625
356058,42.41943359375
356174,39.55078125
356210,39.36767578125
356243,35.09521484375
356273,34.423828125
356306,42.724609375
356335,36.07177734375
356355,39.85595703125
356376,43.9453125
356414,42.41943359375
356460,36.43798828125
356493,39.794921875
356554,34.66796875
356572,37.9638671875
356637,36.9873046875
356753,34.1796875
357851,36.2548828125
358048,36.92626953125
422947,38.75732421875
423045,35.33935546875
423089,42.17529296875
423152,38.4521484375
423209,34.423828125
423243,33.935546875
423270,53.5888671875
423294,35.58349609375
423349,43.701171875
423381,35.400390625
423421,34.24072265625
423441,36.9873046875
423509,42.48046875
423560,38.75732421875
423575,36.68212890625
423664,34.11865234375
423697,49.74365234375
423796,35.400390625
423836,38.57421875
423874,36.376953125
424166,38.87939453125
424232,37.7197265625
424356,38.02490234375
424450,36.56005859375
424588,36.92626953125
424652,36.865234375
425172,37.7197265625
426024,34.423828125
474115,36.0107421875
474296,35.0341796875
474314,41.015625
474341,37.29248046875
474450,38.87939453125
474538,39.1845703125
474602,37.53662109375
474754,34.36279296875
474860,39.85595703125
474922,36.43798828125
474955,36.9873046875
475030,34.66796875
475116,36.4990234375
475205,33.8134765625
475231,41.93115234375
475253,45.95947265625
475271,35.46142578125
475358,35.46142578125
475624,36.2548828125
517866,36.92626953125
518030,34.3017578125
518167,43.5791015625
518313,39.306640625
518375,39.48974609375
518440,35.21728515625
518514,44.00634765625
518632,37.59765625
518668,34.1796875
519158,37.29248046875
553767,35.5224609375
563416,35.2783203125
564078,37.2314453125
621428,36.19384765625
621538,34.1796875
621641,39.85595703125
621869,36.0107421875
621938,37.78076171875
621989,35.21728515625
622122,35.58349609375
622223,37.65869140625
622344,51.20849609375
622925,43.701171875
623247,35.58349609375
660850,33.8134765625
661334,38.9404296875
695995,36.07177734375
696448,34.5458984375
696861,33.75244140625
759058,43.88427734375
759099,35.64453125
759153,36.9873046875
759177,45.83740234375
759206,35.15625
759228,36.1328125
759284,38.39111328125
759294,35.64453125
759392,45.8984375
759469,34.11865234375
759529,41.32080078125
759548,44.7998046875
759617,46.56982421875
759628,35.15625
759661,41.6259765625
759698,34.97314453125
759721,37.53662109375
759909,38.0859375
759979,36.68212890625
760020,35.7666015625
760164,37.9638671875
760244,36.07177734375
760333,37.78076171875
760373,35.15625
760540,44.86083984375
760702,35.70556640625
760837,35.0341796875
761135,47.42431640625
761401,39.4287109375
808584,37.29248046875
808861,33.99658203125
808947,39.306640625
809038,35.64453125
809098,44.98291015625
809126,37.7197265625
809276,37.2314453125
809438,34.72900390625
809498,35.0341796875
809525,40.22216796875
809549,33.87451171875
809599,45.83740234375
809694,34.24072265625
809793,35.15625
809835,36.92626953125
810014,34.1796875
810068,40.1611328125
810106,38.63525390625
810118,36.4990234375
810188,34.0576171875
810374,37.78076171875
871878,38.0859375
872137,38.26904296875
872196,35.82763671875
872272,35.7666015625
872446,41.015625
872494,36.9873046875
872507,41.9921875
872547,35.0341796875
872578,39.48974609375
872588,38.39111328125
872608,33.8134765625
872636,38.9404296875
872722,50.35400390625
872829,38.02490234375
872877,39.306640625
873046,36.1328125
873274,33.99658203125
873304,38.0859375
873648,33.75244140625
873764,34.5458984375
874115,34.11865234375
874467,35.888671875
954183,41.80908203125
954255,38.39111328125
954282,37.90283203125
954313,46.0205078125
954335,34.423828125
954421,37.109375
954477,36.4990234375
954539,49.62158203125
954550,40.95458984375
954643,35.5224609375
954689,44.25048828125
954775,40.4052734375
954947,34.7900390625
955048,36.07177734375
955058,35.70556640625
955087,35.64453125
955215,34.85107421875
955856,35.0341796875
956152,37.353515625
956224,35.33935546875
956409,35.2783203125
957631,34.48486328125
1002639,38.330078125
1002935,40.52734375
1002978,33.75244140625
1003109,34.24072265625
1003210,36.0107421875
1003288,36.92626953125
1003388,39.24560546875
1003408,35.15625
1003463,42.05322265625
1003688,44.7998046875
1003951,44.0673828125
1004022,35.21728515625
1004353,39.48974609375
1004571,34.60693359375
1034136,35.400390625
1034264,36.7431640625
1034285,41.07666015625
1034474,44.00634765625
1034617,35.64453125
1034770,33.99658203125
1034970,35.64453125
1035033,39.24560546875
1035070,37.109375
1035125,33.8134765625
1035287,34.97314453125
1035349,39.85595703125
1073754,33.99658203125
1074488,37.841796875
1074622,42.724609375
1074794,35.82763671875
1074865,36.07177734375
1089285,34.48486328125
1089763,39.55078125
1090211,35.21728515625
1090494,39.00146484375
1103250,34.5458984375
1103909,34.5458984375
1104625,34.48486328125
1117361,34.24072265625
1118055,37.17041015625
1118378,35.94970703125
1118663,34.97314453125
1131572,34.24072265625
1131951,39.85595703125
1145763,34.97314453125
1146138,42.96875
1173278,34.36279296875
1174435,38.26904296875
1199321,35.2783203125
1680427,41.80908203125
1680503,38.14697265625
1680559,42.3583984375
1680583,37.353515625
1680710,38.0859375
1680732,39.794921875
1681113,37.65869140625
1681184,34.60693359375
1681254,38.57421875
1681747,38.57421875
1682642,39.6728515625
1682774,35.58349609375
1783824,36.0107421875
1783962,34.5458984375
1784156,45.41015625
1784201,47.4853515625
1784299,37.841796875
1784347,35.5224609375
1784399,34.423828125
1784540,39.36767578125
1784630,34.48486328125
1784665,36.43798828125
1784798,39.36767578125
1784833,45.34912109375
1784958,37.41455078125
1784990,40.10009765625
1785029,35.70556640625
1785081,39.36767578125
1786250,35.0341796875
2213778,33.99658203125
2213886,34.5458984375
2213908,38.0859375
2213928,42.29736328125
2213961,43.02978515625
2213979,36.865234375
2214015,42.724609375
2214069,34.48486328125
2214094,53.52783203125
2214185,37.90283203125
2214215,42.66357421875
2214258,45.59326171875
2214486,35.400390625
2214678,43.51806640625
2214871,40.283203125
2215006,39.1845703125
2216039,36.19384765625
2216108,35.46142578125
2216370,37.109375
2216583,35.33935546875
2217708,36.80419921875
2241085,35.5224609375
2241262,41.6259765625
2241331,43.76220703125
2241421,37.109375
2241483,42.1142578125
2241545,33.99658203125
2241588,38.330078125
2241634,34.97314453125
2241757,40.58837890625
2241805,38.0859375
2242307,34.5458984375
2242462,34.912109375
2242541,37.841796875
2243231,36.376953125
2243761,34.85107421875
2467068,39.85595703125
2467172,43.3349609375
2467236,34.0576171875
2467286,34.423828125
2467340,54.01611328125
2467369,39.1845703125
2467402,41.44287109375
2467432,37.53662109375
2467515,40.771484375
2467601,47.2412109375
2467611,36.376953125
2467640,36.07177734375
2468210,33.99658203125
2468251,35.15625
2468654,35.64453125
2469894,39.55078125
2470425,35.70556640625
2537533,45.8984375
2537699,35.7666015625
2537727,34.7900390625
2537756,39.00146484375
2537813,38.02490234375
2537861,35.46142578125
2537887,33.75244140625
2537918,40.52734375
2537944,41.9921875
2537966,34.66796875
2538009,38.39111328125
2538069,40.58837890625
2538133,36.07177734375
2538160,39.48974609375
2538242,37.2314453125
2538470,44.61669921875
2538488,34.1796875
2538720,42.8466796875
2538746,34.85107421875
2538921,34.1796875
2539009,37.65869140625
2539209,34.97314453125
2540205,34.0576171875
2540404,34.3017578125
2604854,40.771484375
2604905,38.0859375
2604931,41.015625
2604948,34.1796875
2605080,40.6494140625
2605153,35.400390625
2605240,38.14697265625
2605302,41.19873046875
2605326,35.2783203125
2605620,35.46142578125
2605646,44.25048828125
2605947,39.85595703125
2606086,39.6728515625
2606756,35.70556640625
2607170,34.912109375
2607306,33.87451171875
2739965,40.34423828125
2740001,37.41455078125
2740017,40.58837890625
2740078,35.82763671875
2740124,37.90283203125
2740181,42.3583984375
2740219,34.3017578125
2740253,38.330078125
2740284,49.4384765625
2740332,39.61181640625
2740400,37.90283203125
2740459,38.330078125
2740495,37.841796875
2740524,49.25537109375
2740544,46.875
2740584,40.46630859375
2740643,38.75732421875
2740736,38.87939453125
2740976,41.50390625
2741547,34.36279296875
2742019,34.66796875
2742098,34.36279296875
2742375,33.99658203125
2814880,39.6728515625
2815007,34.72900390625
2815038,36.68212890625
2815067,41.68701171875
2815190,39.1845703125
2815243,47.18017578125
2815455,35.5224609375
2815638,34.48486328125
2815705,37.59765625
2895909,39.00146484375
2896091,45.95947265625
2896154,39.48974609375
2896281,43.5791015625
2896303,35.0341796875
2896378,38.818359375
2896391,37.78076171875
2896436,35.58349609375
2896494,36.56005859375
2896649,36.19384765625
2896726,49.1943359375
2896790,36.0107421875
2896921,41.748046875
2896973,38.2080078125
2897009,38.75732421875
2897031,46.32568359375
2897198,34.97314453125
2897235,35.7666015625
2897474,38.14697265625
2897559,34.60693359375
2897625,38.26904296875
2897775,34.85107421875
2897863,38.51318359375
2897981,35.64453125
2981639,34.36279296875
2981669,36.2548828125
2981710,37.4755859375
2981772,34.85107421875
2981930,37.4755859375
2982232,40.771484375
2982266,46.142578125
2983012,35.888671875
2983064,35.94970703125
2983571,36.0107421875
2984454,39.48974609375
3054218,34.24072265625
3054507,36.376953125
3054556,40.4052734375
3054678,42.6025390625
3054702,33.75244140625
3054816,39.48974609375
3054843,33.935546875
3054882,33.99658203125
3054958,37.90283203125
3055033,37.4755859375
3055089,34.85107421875
3055298,34.72900390625
3055321,37.59765625
3055502,35.70556640625
3055567,34.60693359375
3055613,34.423828125
3056514,34.36279296875
3127966,34.24072265625
3128101,42.48046875
3128173,35.888671875
3128296,35.400390625
3128358,33.99658203125
3128429,35.7666015625
3128456,38.51318359375
3128570,39.85595703125
3128629,34.7900390625
3128952,36.4990234375
3202376,33.75244140625
3202421,41.56494140625
3202489,38.330078125
3202683,33.935546875
3202701,38.51318359375
3202733,34.48486328125
3202877,38.2080078125
3202887,34.0576171875
3202949,42.48046875
3203080,36.68212890625
3203244,34.423828125
3203747,36.68212890625
3292805,34.60693359375
3292832,45.34912109375
3292917,37.9638671875
3292963,42.724609375
3293035,40.95458984375
3293055,36.7431640625
3293068,39.794921875
3293233,38.14697265625
3293247,36.56005859375
3293312,34.48486328125
3293336,35.400390625
3293358,35.09521484375
3293524,34.66796875
3293698,40.58837890625
3293821,35.7666015625
3293950,34.3017578125
3294029,33.75244140625
3374486,36.68212890625
3374703,37.59765625
3374840,34.24072265625
3374996,36.7431640625
3375027,46.2646484375
3375216,34.60693359375
3375497,40.95458984375
3376278,34.3017578125
3693633,40.283203125
3694191,35.70556640625
3791835,38.75732421875
3791868,39.24560546875
3792009,35.21728515625
3792094,37.29248046875
3792152,36.43798828125
3792211,35.82763671875
3792402,36.865234375
3792475,34.24072265625
3792547,34.60693359375
3792599,38.75732421875
3792613,35.2783203125
3793572,35.09521484375
3905254,35.7666015625
3905315,35.15625
3905381,35.0341796875
3905411,35.15625
3905468,50.59814453125
3905680,39.12353515625
3905979,35.09521484375
3905998,35.82763671875
3906023,38.6962890625
3906189,37.59765625
3906489,34.423828125
3906833,36.0107421875
3907184,33.99658203125
3907742,36.80419921875
3984397,35.46142578125
3984568,35.5224609375
3984622,35.400390625
3984831,40.1611328125
3984936,36.865234375
3984998,34.1796875
3985080,39.0625
3985662,35.15625
3985773,34.48486328125
3985792,34.912109375
3985885,34.3017578125
3986776,38.0859375
4118271,41.015625
4118531,39.4287109375
4118632,33.75244140625
4118702,37.04833984375
4118825,36.1328125
4118934,34.7900390625
4119183,34.36279296875
4119260,34.912109375
4119376,36.56005859375
4120345,35.888671875
4184611,37.78076171875
4184983,36.62109375
4185505,36.9873046875
4274184,34.912109375
4422726,37.109375
4422763,36.2548828125
4422855,39.97802734375
4422907,34.912109375
4422934,37.59765625
4423274,38.6962890625
4423308,34.1796875
4423331,35.64453125
4423379,43.45703125
4423941,37.841796875
4424107,37.109375
4493889,37.841796875
4493929,34.7900390625
4617410,35.15625
4617682,34.97314453125
4617743,35.09521484375
4617797,34.60693359375
4617823,37.7197265625
4618023,34.1796875
4618095,37.04833984375
4618305,35.0341796875
4618528,35.2783203125
4618673,34.48486328125
4620515,40.58837890625
4785278,34.1796875
4785356,33.75244140625
4785565,45.2880859375
4785721,35.58349609375
4785870,37.353515625
4786211,42.96875
4786696,34.423828125
4787053,36.68212890625
4787147,38.6962890625
4861215,52.24609375
4861270,41.56494140625
4861385,42.05322265625
4861543,35.2783203125
4862247,36.62109375
5025514,35.2783203125
5025580,35.5224609375
5025640,36.62109375
5025779,37.2314453125
5026013,36.0107421875
5026157,37.41455078125
5144756,33.87451171875
5144778,38.0859375
5144961,36.7431640625
5145106,38.14697265625
5145385,40.52734375
5145451,35.2783203125
5145900,37.17041015625
5146015,34.48486328125
5146650,36.7431640625
5271246,35.82763671875
5271309,39.1845703125
5271409,35.7666015625
5271641,37.4755859375
5271680,36.07177734375
5271769,38.2080078125
5272055,37.109375
5272455,35.09521484375
5272768,33.935546875
5272818,41.259765625
5563302,37.65869140625
5563418,35.2783203125
5563536,35.0341796875
5563627,37.841796875
5563876,38.87939453125
5564133,46.32568359375
5564276,34.1796875
5564781,38.818359375
5565101,39.73388671875
5566164,34.1796875
5656063,34.912109375
5656608,41.07666015625
5657259,37.109375
5657616,33.87451171875
5857046,35.888671875
5857299,34.1796875
5858038,41.748046875
5974361,34.3017578125
5974408,35.888671875
5974761,36.07177734375
5975347,38.02490234375
6030623,34.11865234375
6135589,34.24072265625
6135686,33.75244140625
6135814,36.376953125
6135847,36.0107421875
6135912,34.0576171875
6135943,35.2783203125
6136278,34.912109375
6136400,37.841796875
6136641,33.8134765625
6136828,38.9404296875
6137642,34.0576171875
6138594,40.10009765625
6214579,37.59765625
6215984,33.935546875
6490646,44.00634765625
6490666,40.95458984375
6490708,36.07177734375
6490768,34.36279296875
6490828,35.400390625
6490847,42.96875
6491000,37.04833984375
6491115,37.29248046875
6491158,35.21728515625
6491499,37.41455078125
6492549,34.24072265625
6707630,35.70556640625
6707686,34.36279296875
6707761,39.306640625
6707879,48.095703125
6707905,38.87939453125
6707923,42.05322265625
6708028,35.82763671875
6708193,36.07177734375
6709426,34.11865234375
6804001,36.43798828125
6804568,37.17041015625
6804633,34.5458984375
6804768,34.3017578125
6804799,34.60693359375
6806158,34.48486328125
6806745,34.1796875
6807483,35.09521484375
6873174,35.5224609375
6873261,34.36279296875
6873580,39.306640625
6873710,35.0341796875
6873955,37.9638671875
6874022,35.82763671875
6874650,38.330078125
6874822,36.376953125
6874984,34.0576171875
6874998,40.95458984375
6935706,33.8134765625
6936018,34.24072265625
6936058,37.65869140625
6936203,37.65869140625
6936514,39.9169921875
6936720,36.43798828125
6936877,39.24560546875
6970633,33.87451171875
7008572,35.70556640625
7010075,35.888671875
7049957,36.19384765625
7051223,37.59765625
7051262,35.15625
7051483,35.5224609375
7112545,39.9169921875
7113259,39.97802734375
7163681,36.92626953125
7229702,35.46142578125
7229716,45.34912109375
7229926,33.75244140625
7230039,35.15625
7230339,35.33935546875
7230459,35.82763671875
7230540,35.0341796875
7276370,34.3017578125
7276430,40.71044921875
7370091,35.7666015625
7370221,34.66796875
7370320,36.1328125
7370424,34.0576171875
7370473,37.17041015625
7370511,34.60693359375
7371139,33.75244140625
7371307,35.94970703125
7371742,36.07177734375
7450721,35.58349609375
7450891,34.48486328125
7450977,36.2548828125
7451019,38.0859375
7451183,34.72900390625
7451657,36.1328125
7731858,38.63525390625
7731880,35.400390625
7732021,34.60693359375
7732304,40.283203125
7732641,34.0576171875
7732700,41.68701171875
7732791,36.0107421875
7910987,44.12841796875
7911005,38.57421875
7911292,38.330078125
7911798,37.9638671875
7912006,36.1328125
7912344,34.7900390625
7912388,36.62109375
7912996,39.48974609375
8031557,36.62109375
8031974,33.87451171875
8032100,34.5458984375
8032147,41.3818359375
8032230,35.15625
8032259,37.65869140625
8032782,36.865234375
8033049,35.09521484375
8096517,36.9873046875
8096729,46.20361328125
8096835,34.24072265625
8097200,39.9169921875
8097502,35.2783203125
8154173,38.26904296875
8154778,36.43798828125
8154960,36.7431640625
8155379,36.62109375
8155609,40.8935546875
8210746,37.9638671875
8211733,33.8134765625
8525622,36.19384765625
8525856,38.6962890625
8525987,34.11865234375
8526106,36.4990234375
8526419,33.935546875
8526665,39.00146484375
8527867,34.423828125
8645243,42.1142578125
8645328,41.32080078125
8645566,37.04833984375
8645815,34.36279296875
8645879,35.09521484375
8646187,40.0390625
8646326,36.92626953125
8647338,35.58349609375
8725356,34.72900390625
8725526,33.935546875
8725560,35.46142578125
8725638,39.85595703125
8726063,34.5458984375
8726459,36.376953125
8727130,39.9169921875
8727168,36.56005859375
8784417,35.0341796875
8784839,40.283203125
8786126,35.33935546875
8787280,34.0576171875
8846984,33.87451171875
8847491,34.97314453125
8847907,45.166015625
8847927,36.0107421875
8848646,38.39111328125
8848688,37.4755859375
8850465,33.75244140625
8969901,39.306640625
8970218,33.935546875
8970334,39.9169921875
8970706,38.63525390625
8971051,35.888671875
9078071,34.24072265625
9078160,34.24072265625
9078335,37.78076171875
9078592,34.48486328125
9079733,34.0576171875
9174409,36.19384765625
9267207,36.9873046875
9267535,34.5458984375
9267769,35.15625
9268699,39.6728515625
9561496,40.10009765625
9561573,35.0341796875
9561750,35.64453125
9705388,35.70556640625
9705469,36.68212890625
9707376,35.58349609375
9990596,36.31591796875
10105798,34.5458984375
10105971,33.87451171875
10106042,36.92626953125
10106278,33.75244140625
10106592,37.59765625
10106814,36.7431640625
10106967,35.82763671875
10268314,36.865234375
10268469,34.7900390625
10268727,35.15625
10381149,33.87451171875
10381273,35.888671875
10381564,34.1796875
10381966,33.935546875
10456498,34.11865234375
10456951,35.400390625
10457571,34.5458984375
10457695,34.912109375
10457793,38.6962890625
10459556,37.41455078125
10530890,34.48486328125
10531343,34.66796875
10531416,34.912109375
10592764,36.31591796875
10593522,36.07177734375
10665171,34.3017578125
11112575,34.3017578125
11112706,36.865234375
11113302,36.1328125
11169464,43.15185546875
11171333,34.85107421875
11231514,38.4521484375
11285073,33.935546875
11285389,34.60693359375
11285740,39.61181640625
11394169,33.935546875
11455698,33.8134765625
11620634,34.24072265625
11955128,35.58349609375
