11998000,0
145032,23.0712890625
145075,26.18408203125
145097,32.5927734375
145120,27.2216796875
145154,23.74267578125
145181,35.7666015625
145194,41.44287109375
145210,22.216796875
145236,33.14208984375
145246,26.67236328125
145269,30.1513671875
145303,26.4892578125
145320,22.03369140625
145358,25.45166015625
145393,33.5693359375
145444,23.37646484375
145460,22.3388671875
145511,22.4609375
145627,22.0947265625
145651,22.705078125
145701,24.71923828125
145950,25.146484375
146049,25.32958984375
146066,28.13720703125
146083,26.18408203125
146263,22.88818359375
146392,29.72412109375
146522,26.42822265625
146685,25.7568359375
169907,21.97265625
539336,23.01025390625
539347,33.447265625
539380,24.4140625
539405,29.296875
539434,33.3251953125
539461,29.84619140625
539472,28.38134765625
539509,28.86962890625
539570,27.89306640625
539622,38.14697265625
539637,30.70068359375
539694,25.08544921875
539740,24.10888671875
539756,31.6162109375
539767,22.15576171875
539824,24.658203125
539847,23.4375
540097,22.27783203125
540338,31.31103515625
540559,25.7568359375
540632,29.4189453125
540814,28.86962890625
540849,22.4609375
541068,21.97265625
541200,24.0478515625
541256,24.169921875
542067,22.88818359375
552708,22.15576171875
553167,26.4892578125
553209,32.65380859375
553248,26.7333984375
553259,33.5693359375
553293,23.3154296875
553358,22.705078125
553383,31.73828125
553506,22.705078125
553569,26.9775390625
553632,22.94921875
553645,22.94921875
553658,31.3720703125
553689,22.216796875
553755,23.92578125
553834,23.8037109375
553924,23.8037109375
554403,22.3388671875
554495,23.0712890625
554760,22.705078125
555183,23.8037109375
555228,27.83203125
555706,22.5830078125
575253,22.705078125
755740,23.8037109375
755924,24.84130859375
755942,23.49853515625
755964,33.935546875
756013,41.3818359375
756045,27.587890625
756067,33.447265625
756126,25.69580078125
756144,26.18408203125
756171,27.7099609375
756221,26.06201171875
756250,27.64892578125
756289,25.7568359375
756322,23.98681640625
756338,23.74267578125
756364,22.4609375
756416,25.5126953125
756471,29.35791015625
756513,24.23095703125
756582,21.97265625
756649,27.28271484375
757067,25.2685546875
757234,24.4140625
757348,28.4423828125
757368,25.0244140625
757382,22.0947265625
757528,25.2685546875
757547,22.03369140625
757612,27.64892578125
757695,23.13232421875
757728,26.91650390625
757821,26.67236328125
757959,23.98681640625
757982,25.45166015625
758137,21.97265625
758222,25.69580078125
758389,22.39990234375
758742,24.4140625
788407,24.658203125
796267,23.0712890625
796280,28.50341796875
796332,22.705078125
796364,30.3955078125
796401,23.86474609375
796434,33.447265625
796445,30.45654296875
796462,24.7802734375
796500,27.83203125
796548,22.88818359375
796572,26.30615234375
796587,26.7333984375
796629,22.0947265625
796643,29.84619140625
796675,24.96337890625
796730,29.11376953125
796796,25.93994140625
796848,28.01513671875
796910,26.30615234375
797121,25.87890625
797326,22.0947265625
797358,22.39990234375
797432,25.20751953125
797502,22.0947265625
797553,34.3017578125
797605,25.57373046875
797699,27.16064453125
797916,22.705078125
798087,26.42822265625
798200,28.74755859375
798285,23.62060546875
798488,24.10888671875
798620,23.681640625
814301,24.35302734375
857318,29.11376953125
893110,22.4609375
894482,36.865234375
894498,26.91650390625
894516,23.62060546875
894528,22.15576171875
894573,25.57373046875
894592,27.4658203125
894624,27.34375
894647,23.681640625
894691,32.65380859375
894713,27.77099609375
894777,29.1748046875
894795,23.49853515625
894816,24.47509765625
894880,24.96337890625
894916,26.67236328125
895006,23.8037109375
895044,23.49853515625
895124,32.40966796875
895175,22.94921875
895227,26.2451171875
895249,25.20751953125
895461,24.96337890625
895561,22.88818359375
895708,22.27783203125
895833,22.3388671875
896181,25.81787109375
896191,25.0244140625
896216,24.23095703125
896300,21.97265625
896446,23.3154296875
896822,25.0244140625
897047,22.64404296875
910318,24.59716796875
910434,24.2919921875
910450,22.3388671875
910490,22.27783203125
910509,32.958984375
910533,26.85546875
910585,38.51318359375
910645,23.98681640625
910691,24.35302734375
910703,27.64892578125
910746,29.9072265625
910803,23.01025390625
910842,24.10888671875
910876,27.4658203125
910903,29.47998046875
910921,22.705078125
911017,23.92578125
911113,23.98681640625
911160,23.74267578125
911258,26.7333984375
911358,25.146484375
911488,27.4658203125
912406,27.099609375
912739,21.97265625
943614,23.62060546875
944563,24.84130859375
947517,22.3388671875
1010816,23.3154296875
1188900,23.86474609375
1190021,22.03369140625
1190130,23.3154296875
1190146,22.88818359375
1190186,22.705078125
1190197,39.55078125
1190225,29.96826171875
1190237,26.30615234375
1190253,31.73828125
1190269,25.0244140625
1190298,27.2216796875
1190325,36.1328125
1190348,23.74267578125
1190383,32.77587890625
1190415,27.9541015625
1190443,30.21240234375
1190479,22.64404296875
1190651,25.81787109375
1190682,22.76611328125
1190704,27.2216796875
1190747,23.5595703125
1190998,23.92578125
1191105,27.587890625
1191488,22.15576171875
1191538,23.13232421875
1191662,23.0712890625
1192647,28.99169921875
1212604,23.25439453125
1212652,28.9306640625
1212678,31.18896484375
1212700,32.3486328125
1212742,28.564453125
1212762,31.79931640625
1212801,23.3154296875
1212883,24.2919921875
1212902,24.35302734375
1212954,42.724609375
1213006,22.39990234375
1213024,22.0947265625
1213035,28.74755859375
1213089,22.03369140625
1213104,22.4609375
1213148,28.4423828125
1213174,23.13232421875
1213222,25.390625
1213354,23.13232421875
1213760,23.92578125
1213841,22.52197265625
1213868,24.23095703125
1213962,23.74267578125
1214063,22.88818359375
1214351,22.03369140625
1215192,23.8037109375
1245386,23.49853515625
1254799,23.193359375
1743570,22.705078125
1743694,32.40966796875
1743714,30.94482421875
1743754,31.67724609375
1743804,60.1806640625
1743849,24.5361328125
1743866,23.5595703125
1743928,23.86474609375
1743970,37.29248046875
1744014,30.57861328125
1744040,23.3154296875
1744061,22.03369140625
1744076,22.94921875
1744108,23.193359375
1744156,24.90234375
1744178,26.7333984375
1744261,25.45166015625
1744485,22.64404296875
1744736,30.76171875
1744835,27.2216796875
1744930,26.2451171875
1745017,22.03369140625
1745069,22.64404296875
1745136,22.216796875
1745465,23.01025390625
1745496,21.97265625
1745922,27.4658203125
1746040,24.2919921875
1746358,23.0712890625
1766230,25.87890625
1766270,30.1513671875
1766282,26.123046875
1766316,26.79443359375
1766360,34.24072265625
1766399,28.50341796875
1766410,28.80859375
1766463,23.74267578125
1766476,23.193359375
1766505,22.64404296875
1766577,24.2919921875
1766628,22.27783203125
1766679,27.40478515625
1766703,22.76611328125
1766741,25.0244140625
1766798,25.5126953125
1766851,30.8837890625
1766889,22.94921875
1766911,26.91650390625
1767065,30.6396484375
1767222,26.85546875
1767252,22.52197265625
1767354,28.74755859375
1767472,23.49853515625
1767523,29.541015625
1767605,22.4609375
1767803,30.517578125
1767988,22.5830078125
1768051,23.37646484375
1768346,22.216796875
1768477,24.5361328125
1769129,22.3388671875
1955452,23.25439453125
1955477,29.47998046875
1955502,22.216796875
1955528,26.55029296875
1955576,30.33447265625
1955614,22.88818359375
1955636,25.57373046875
1955647,21.97265625
1955667,28.80859375
1955688,34.423828125
1955721,26.42822265625
1955747,27.9541015625
1955809,26.42822265625
1955823,27.52685546875
1955860,29.4189453125
1955886,22.64404296875
1955907,27.16064453125
1955982,22.15576171875
1956049,25.45166015625
1956244,23.0712890625
1956360,27.89306640625
1956603,28.3203125
1956694,24.0478515625
1956742,23.0712890625
1956819,24.59716796875
1956969,29.6630859375
1957013,24.23095703125
1957343,29.1748046875
1957449,24.71923828125
1957849,23.4375
2013783,23.0712890625
2091679,29.60205078125
2091691,36.31591796875
2091714,26.2451171875
2091734,39.794921875
2091753,23.37646484375
2091767,26.06201171875
2091782,24.169921875
2091816,23.0712890625
2091855,27.83203125
2091877,47.7294921875
2091909,23.01025390625
2091928,29.1748046875
2091947,29.60205078125
2091975,25.45166015625
2092026,29.96826171875
2092048,31.1279296875
2092088,22.39990234375
2092161,22.03369140625
2092214,28.1982421875
2092256,25.5126953125
2092309,24.10888671875
2092357,26.67236328125
2092376,24.71923828125
2092541,31.25
2092699,22.52197265625
2092781,30.76171875
2093035,26.0009765625
2093163,22.27783203125
2093209,22.64404296875
2093423,26.42822265625
2093533,22.4609375
2093724,22.88818359375
2094043,23.193359375
2114500,23.25439453125
2120658,22.4609375
2120699,27.40478515625
2120768,29.35791015625
2120847,29.23583984375
2120880,23.8037109375
2120912,33.0810546875
2120922,30.76171875
2120958,26.67236328125
2120983,23.49853515625
2121031,23.25439453125
2121093,25.5126953125
2121113,33.26416015625
2121134,24.35302734375
2121168,29.47998046875
2121219,25.57373046875
2121301,23.62060546875
2121362,23.98681640625
2121412,22.64404296875
2121432,25.146484375
2121461,26.9775390625
2121507,22.15576171875
2121580,26.0009765625
2121621,26.7333984375
2121752,21.97265625
2121768,22.3388671875
2122010,35.82763671875
2122192,27.03857421875
2122540,26.79443359375
2189023,26.611328125
2189252,22.8271484375
2204306,22.3388671875
2205696,22.15576171875
2206260,25.81787109375
2206320,25.2685546875
2206354,23.74267578125
2206475,23.62060546875
2206506,22.76611328125
2206572,22.0947265625
2206588,30.2734375
2206639,23.25439453125
2206666,22.0947265625
2206700,31.55517578125
2206716,25.146484375
2206737,25.08544921875
2206830,22.52197265625
2206880,26.2451171875
2207021,23.0712890625
2207056,29.35791015625
2207260,22.216796875
2207417,25.69580078125
2207580,24.84130859375
2207595,24.23095703125
2208185,22.705078125
2223686,22.52197265625
2224426,25.08544921875
2224599,25.20751953125
2224636,25.57373046875
2224682,21.97265625
2224693,32.28759765625
2224730,22.8271484375
2224900,22.5830078125
2224977,24.84130859375
2224987,26.611328125
2225021,29.052734375
2225073,22.5830078125
2225217,26.79443359375
2225307,30.45654296875
2225346,24.59716796875
2225511,25.69580078125
2225616,24.23095703125
2225718,25.0244140625
2225813,23.4375
2246718,22.39990234375
2276298,22.03369140625
2319842,21.97265625
2391156,22.3388671875
2584335,25.87890625
2584396,28.13720703125
2584449,27.099609375
2584463,29.6630859375
2584480,26.30615234375
2584490,32.5927734375
2584518,23.92578125
2584547,26.91650390625
2584577,23.86474609375
2584594,26.123046875
2584627,34.5458984375
2584642,26.611328125
2584734,29.60205078125
2584746,25.45166015625
2584794,25.146484375
2584850,22.0947265625
2584890,28.076171875
2584925,21.97265625
2585029,24.96337890625
2585215,22.15576171875
2585249,32.53173828125
2585301,22.8271484375
2585373,24.4140625
2585845,23.8037109375
2585883,24.5361328125
2586038,22.64404296875
2586163,25.634765625
2586194,22.03369140625
2586267,26.18408203125
3031427,30.09033203125
3031457,25.93994140625
3031481,29.60205078125
3031497,27.40478515625
3031536,34.5458984375
3031565,30.94482421875
3031614,27.52685546875
3031639,24.90234375
3031690,25.634765625
3031731,27.9541015625
3031792,32.28759765625
3031808,22.5830078125
3031848,24.4140625
3031935,24.59716796875
3032012,24.5361328125
3032456,22.705078125
3032672,26.9775390625
3032807,24.10888671875
3032845,24.71923828125
3033041,23.62060546875
3033417,26.611328125
3033560,33.3251953125
3033981,23.681640625
3053286,23.49853515625
3053811,24.47509765625
3053859,23.74267578125
3053905,27.099609375
3053966,29.72412109375
3053979,24.169921875
3054063,24.96337890625
3054077,25.390625
3054096,28.3203125
3054126,25.57373046875
3054146,31.55517578125
3054175,40.0390625
3054200,26.18408203125
3054258,26.611328125
3054338,22.03369140625
3054400,22.3388671875
3054505,22.0947265625
3054580,23.62060546875
3054645,24.47509765625
3054757,26.67236328125
3054808,29.9072265625
3054831,22.39990234375
3054904,22.0947265625
3055133,22.216796875
3055204,22.94921875
3055537,26.42822265625
3055593,23.74267578125
3056088,26.06201171875
3056305,24.4140625
3056438,22.03369140625
3300818,22.216796875
3301243,26.7333984375
3301267,25.7568359375
3301317,29.35791015625
3301329,31.25
3301361,27.2216796875
3301393,24.35302734375
3301406,26.7333984375
3301433,27.7099609375
3301458,22.705078125
3301500,36.4990234375
3301516,21.97265625
3301562,26.7333984375
3301579,24.7802734375
3301654,23.681640625
3301719,24.169921875
3301747,24.0478515625
3301826,25.69580078125
3302097,36.68212890625
3302168,23.74267578125
3302290,26.4892578125
3302315,22.39990234375
3302825,22.4609375
3303155,22.94921875
3335248,22.27783203125
3395032,23.49853515625
3446977,21.97265625
3447624,22.94921875
3447720,23.8037109375
3447767,22.76611328125
3447777,22.8271484375
3447827,24.23095703125
3447853,27.28271484375
3447879,23.01025390625
3447927,25.87890625
3447944,25.0244140625
3447970,22.94921875
3447982,47.30224609375
3448031,24.71923828125
3448110,40.22216796875
3448145,23.86474609375
3448199,23.74267578125
3448228,23.3154296875
3448287,27.16064453125
3448363,29.052734375
3448572,24.10888671875
3448636,24.2919921875
3448651,27.34375
3448848,26.611328125
3448913,25.32958984375
3448991,24.47509765625
3449020,25.45166015625
3449217,23.98681640625
3449583,22.52197265625
3449702,24.47509765625
3449715,24.0478515625
3449998,22.3388671875
3450120,26.2451171875
3450201,23.92578125
3473845,22.03369140625
3559568,21.97265625
3564957,25.146484375
3565180,22.88818359375
3565257,22.88818359375
3565269,30.76171875
3565320,36.07177734375
3565383,32.470703125
3565404,26.06201171875
3565429,22.76611328125
3565532,27.7099609375
3565550,27.587890625
3565636,30.33447265625
3565655,23.0712890625
3565806,29.84619140625
3565821,22.5830078125
3565876,26.67236328125
3565986,27.52685546875
3566014,22.94921875
3566113,24.0478515625
3566271,24.90234375
3566732,25.20751953125
3566824,24.7802734375
3567043,22.76611328125
3567298,22.64404296875
3654288,26.67236328125
3654387,25.0244140625
3654401,22.88818359375
3654425,22.5830078125
3654492,23.4375
3654523,23.49853515625
3654560,50.9033203125
3654607,36.2548828125
3654667,30.76171875
3654886,32.16552734375
3654970,22.03369140625
3655088,26.9775390625
3655188,28.38134765625
3655371,22.94921875
3655565,23.5595703125
3655654,23.0712890625
3655895,22.52197265625
3656324,22.15576171875
3656353,22.94921875
3656582,22.0947265625
3656802,22.4609375
3657247,23.49853515625
3714199,24.10888671875
3778424,23.3154296875
4082536,23.0712890625
4082863,23.681640625
4083288,22.03369140625
4083436,22.3388671875
4083467,28.74755859375
4083491,25.20751953125
4083532,28.38134765625
4083564,24.96337890625
4083582,24.7802734375
4083611,25.2685546875
4083633,22.15576171875
4083658,24.47509765625
4083686,35.15625
4083781,26.611328125
4083826,24.658203125
4083888,25.7568359375
4084049,29.96826171875
4084114,29.6630859375
4084209,23.3154296875
4084307,22.52197265625
4110557,22.0947265625
4330278,25.390625
4330320,24.10888671875
4330350,26.0009765625
4330366,30.6396484375
4330406,38.87939453125
4330442,23.98681640625
4330475,21.97265625
4330523,25.20751953125
4330606,26.3671875
4330644,33.0810546875
4330690,23.62060546875
4330773,22.76611328125
4330788,23.4375
4330814,23.0712890625
4331063,26.67236328125
4331384,21.97265625
4331456,23.98681640625
4331758,22.705078125
4331983,23.62060546875
4332186,25.81787109375
4332305,23.49853515625
4332337,23.37646484375
4332459,24.0478515625
4333041,25.87890625
4333336,22.39990234375
4350616,23.74267578125
4350715,22.27783203125
4350856,22.5830078125
4350915,22.52197265625
4350933,25.69580078125
4350976,23.49853515625
4351054,30.029296875
4351142,24.71923828125
4351173,28.50341796875
4351229,25.81787109375
4351273,22.94921875
4351321,27.587890625
4351654,26.18408203125
4351856,22.39990234375
4352065,25.0244140625
4352199,22.39990234375
4352286,26.30615234375
4352363,25.87890625
4352458,22.39990234375
4352530,22.0947265625
4352855,25.634765625
4353250,22.8271484375
4390497,22.15576171875
4395080,22.0947265625
4417130,23.62060546875
4434289,22.64404296875
4765461,23.86474609375
4765495,22.15576171875
4765506,34.85107421875
4765528,31.6162109375
4765546,30.029296875
4765591,22.76611328125
4765626,22.8271484375
4765661,34.72900390625
4765681,35.2783203125
4765699,24.71923828125
4765742,24.2919921875
4765791,26.123046875
4765806,24.47509765625
4765953,21.97265625
4766030,23.4375
4766107,22.76611328125
4766215,22.52197265625
4766521,22.64404296875
4766593,24.4140625
4766748,26.67236328125
4766894,24.59716796875
4767559,22.5830078125
4807552,21.97265625
4967374,22.0947265625
4967421,23.5595703125
4967433,37.53662109375
4967463,35.94970703125
4967539,23.8037109375
4967571,30.09033203125
4967589,22.0947265625
4967608,23.4375
4967663,22.52197265625
4967673,22.76611328125
4967733,25.0244140625
4967747,25.5126953125
4967887,29.6630859375
4967965,24.71923828125
4967983,23.0712890625
4968103,26.55029296875
4968194,25.81787109375
4968367,25.08544921875
4968469,26.06201171875
4968554,23.13232421875
4968644,24.0478515625
4969083,22.0947265625
4969783,24.96337890625
4992218,21.97265625
4995080,24.84130859375
4995144,22.216796875
4995178,30.33447265625
4995197,26.3671875
4995231,27.587890625
4995298,28.50341796875
4995347,25.81787109375
4995460,26.85546875
4995524,33.38623046875
4995547,29.23583984375
4995578,23.13232421875
4995639,31.6162109375
4995744,23.681640625
4995777,25.634765625
4995872,22.5830078125
4995969,26.4892578125
4996024,23.49853515625
4996069,22.94921875
4996130,22.3388671875
4996163,27.89306640625
4996189,25.634765625
4996271,23.4375
4996598,28.99169921875
4997088,23.4375
5551861,26.3671875
5551881,22.8271484375
5551933,29.47998046875
5551951,27.40478515625
5551994,23.13232421875
5552108,23.3154296875
5552234,22.216796875
5552286,22.3388671875
5552424,22.88818359375
5552518,25.20751953125
5552558,22.216796875
5553198,23.01025390625
5553708,22.27783203125
5553847,23.5595703125
5765640,23.4375
5831800,22.705078125
5991151,26.7333984375
5991170,27.52685546875
5991191,23.37646484375
5991227,27.7099609375
5991258,24.84130859375
5991279,21.97265625
5991310,28.13720703125
5991346,30.33447265625
5991356,22.4609375
5991396,26.55029296875
5991449,22.27783203125
5991668,25.2685546875
5991926,24.96337890625
5992183,22.15576171875
5992291,26.2451171875
5992422,26.123046875
5992523,22.15576171875
5992681,25.5126953125
5992843,22.5830078125
5993015,23.01025390625
6043881,25.57373046875
6043902,24.7802734375
6043939,24.0478515625
6043951,22.4609375
6043989,24.47509765625
6044060,25.45166015625
6044088,25.7568359375
6044101,24.7802734375
6044145,23.62060546875
6044167,27.52685546875
6044284,30.517578125
6044676,22.27783203125
6044764,24.35302734375
6045301,22.64404296875
6045526,25.87890625
6430897,22.705078125
6722282,23.4375
8561206,22.5830078125
