11998000,0
10696,22.76611328125
63402,21.728515625
141666,21.8505859375
143827,26.611328125
144597,29.35791015625
144774,29.296875
144838,22.8271484375
144867,22.76611328125
144890,31.06689453125
144962,25.57373046875
145059,23.8037109375
145080,27.099609375
145109,54.13818359375
145128,73.54736328125
145160,29.541015625
145190,42.66357421875
145209,22.39990234375
145220,64.88037109375
145255,32.40966796875
145266,33.38623046875
145281,31.79931640625
145309,38.0859375
145326,41.32080078125
145369,25.0244140625
145389,26.91650390625
145441,40.10009765625
145465,33.99658203125
145556,27.03857421875
145568,21.1181640625
145592,21.42333984375
145611,22.52197265625
145644,26.91650390625
145661,22.27783203125
145713,21.1181640625
145753,22.3388671875
145865,21.97265625
145931,24.10888671875
145965,24.7802734375
145989,37.17041015625
146085,21.484375
146114,23.0712890625
146172,32.958984375
146210,25.146484375
146302,22.94921875
146402,38.26904296875
146499,24.2919921875
146585,24.5361328125
146604,22.4609375
146636,23.681640625
146681,29.541015625
146704,21.05712890625
146717,21.240234375
146963,27.03857421875
147054,38.57421875
147067,25.32958984375
147105,22.0947265625
147138,23.01025390625
147166,22.88818359375
147198,30.2734375
147281,26.30615234375
147309,23.98681640625
147416,34.5458984375
147511,26.85546875
147553,33.5693359375
147881,28.1982421875
148025,21.17919921875
148376,21.05712890625
151251,26.611328125
154538,25.57373046875
176108,21.78955078125
312436,21.91162109375
334376,21.17919921875
337924,25.87890625
439246,28.3203125
522191,27.099609375
528124,31.92138671875
538912,29.4189453125
539319,26.67236328125
539348,33.38623046875
539379,50.78125
539391,23.62060546875
539424,38.26904296875
539444,32.958984375
539469,60.36376953125
539494,30.517578125
539515,29.23583984375
539540,22.88818359375
539565,53.40576171875
539594,28.80859375
539611,26.9775390625
539648,21.05712890625
539676,30.21240234375
539706,28.38134765625
539729,23.49853515625
539741,29.1748046875
539831,35.7666015625
539858,32.04345703125
539883,25.45166015625
539916,28.62548828125
539949,29.052734375
540067,29.78515625
540213,21.3623046875
540235,21.97265625
540451,25.634765625
540478,23.5595703125
540495,22.705078125
540638,23.193359375
540675,37.4755859375
540782,24.658203125
540792,25.57373046875
540843,22.27783203125
540898,51.45263671875
540951,28.62548828125
540964,22.705078125
541016,22.0947265625
541060,24.2919921875
541167,31.6162109375
541195,22.3388671875
541210,27.83203125
541244,21.42333984375
541324,25.69580078125
541416,25.390625
541430,31.6162109375
541472,27.4658203125
541550,25.20751953125
541565,26.3671875
541703,21.17919921875
541813,21.66748046875
541942,30.2734375
541972,21.6064453125
542304,23.37646484375
545186,30.8837890625
552344,28.1982421875
552833,21.17919921875
552995,28.50341796875
553063,25.5126953125
553092,42.6025390625
553109,23.25439453125
553123,25.634765625
553133,103.271484375
553168,30.76171875
553185,24.0478515625
553216,43.27392578125
553246,38.51318359375
553260,27.89306640625
553290,64.27001953125
553323,26.91650390625
553355,37.29248046875
553370,36.07177734375
553392,25.5126953125
553443,26.85546875
553465,22.64404296875
553482,22.5830078125
553507,21.1181640625
553555,24.0478515625
553581,25.32958984375
553593,21.54541015625
553666,24.35302734375
553690,24.47509765625
553760,26.91650390625
553853,22.03369140625
553912,32.28759765625
553952,23.49853515625
554018,21.1181640625
554036,21.728515625
554104,25.93994140625
554295,24.59716796875
554409,27.28271484375
554481,23.4375
554540,22.88818359375
554588,21.30126953125
554644,22.0947265625
554679,27.2216796875
554709,25.634765625
554807,23.74267578125
554970,31.6162109375
555066,21.484375
555114,21.3623046875
555172,25.81787109375
555204,35.09521484375
555260,33.99658203125
555382,23.01025390625
555489,32.958984375
555499,22.5830078125
555561,21.8505859375
555713,22.39990234375
556149,22.94921875
558327,24.96337890625
564221,29.541015625
665508,29.96826171875
735890,29.78515625
743229,29.541015625
754551,21.42333984375
754594,21.240234375
754937,28.99169921875
755632,25.390625
755853,26.06201171875
755883,27.34375
755905,30.82275390625
755918,21.97265625
755971,31.31103515625
755999,33.14208984375
756028,86.12060546875
756053,23.01025390625
756065,36.0107421875
756086,44.5556640625
756112,30.45654296875
756131,59.14306640625
756147,31.3720703125
756168,30.45654296875
756194,35.7666015625
756210,34.66796875
756241,45.654296875
756253,26.4892578125
756280,24.2919921875
756301,28.1982421875
756337,34.3017578125
756376,40.34423828125
756398,30.1513671875
756449,24.658203125
756468,22.94921875
756501,29.11376953125
756523,22.94921875
756555,21.240234375
756568,23.193359375
756687,23.74267578125
756748,28.62548828125
756769,31.79931640625
756794,21.17919921875
756840,22.4609375
756883,28.3203125
756913,23.86474609375
756932,22.4609375
756992,22.64404296875
757016,26.9775390625
757040,21.240234375
757075,22.76611328125
757124,40.8935546875
757135,21.66748046875
757196,22.5830078125
757477,39.48974609375
757493,25.87890625
757610,30.76171875
757641,25.146484375
757677,24.169921875
757691,33.203125
757707,38.330078125
757766,26.611328125
757780,21.240234375
757863,21.8505859375
757928,31.79931640625
757954,25.32958984375
757974,22.03369140625
758052,22.216796875
758128,24.47509765625
758151,30.70068359375
758178,27.099609375
758218,23.3154296875
758229,24.169921875
758355,26.2451171875
758370,22.52197265625
758506,23.37646484375
758588,40.95458984375
758604,25.5126953125
758701,22.27783203125
761270,22.27783203125
763079,25.87890625
765778,24.84130859375
791991,25.32958984375
796144,23.4375
796266,21.91162109375
796286,27.9541015625
796301,25.93994140625
796328,41.748046875
796356,43.02978515625
796384,39.12353515625
796411,64.0869140625
796425,21.66748046875
796442,56.45751953125
796474,34.60693359375
796488,21.30126953125
796518,23.4375
796532,28.86962890625
796548,22.27783203125
796560,32.2265625
796574,29.541015625
796596,22.27783203125
796624,41.6259765625
796693,23.8037109375
796739,34.423828125
796785,23.37646484375
796839,22.94921875
796862,21.78955078125
796894,22.216796875
796915,40.4052734375
796937,24.47509765625
796974,21.484375
797013,22.0947265625
797041,25.20751953125
797065,23.681640625
797098,21.30126953125
797124,23.0712890625
797144,27.40478515625
797225,23.37646484375
797300,23.98681640625
797330,23.92578125
797471,22.94921875
797612,23.4375
797708,21.484375
797977,21.6064453125
798076,25.7568359375
798098,26.9775390625
798183,25.2685546875
798225,23.13232421875
798329,23.3154296875
798339,23.193359375
798398,23.193359375
798523,22.5830078125
798553,22.94921875
798594,22.5830078125
798717,23.5595703125
798885,21.728515625
798947,23.681640625
799032,28.80859375
799195,22.88818359375
799600,23.3154296875
799647,24.0478515625
799751,21.6064453125
802212,24.23095703125
807119,28.74755859375
852052,26.2451171875
852556,23.01025390625
853265,27.9541015625
853699,22.94921875
854457,26.79443359375
855088,23.5595703125
855580,22.94921875
855718,21.6064453125
856525,22.4609375
856836,24.169921875
857633,25.2685546875
858113,23.681640625
870382,22.15576171875
871297,21.6064453125
872555,22.27783203125
873687,22.03369140625
874575,22.27783203125
874731,35.21728515625
875396,24.4140625
876024,26.91650390625
891833,26.3671875
892451,21.54541015625
892636,31.31103515625
892880,31.55517578125
893071,22.15576171875
893115,23.49853515625
893416,23.86474609375
893509,28.62548828125
893823,22.03369140625
893908,28.01513671875
894267,27.28271484375
894448,27.16064453125
894466,32.77587890625
894495,36.19384765625
894507,35.15625
894543,46.142578125
894576,27.34375
894599,31.18896484375
894638,51.513671875
894654,50.537109375
894684,28.9306640625
894715,32.28759765625
894739,24.0478515625
894771,37.109375
894790,22.3388671875
894824,32.958984375
894872,32.958984375
894888,21.78955078125
894949,23.4375
894963,21.42333984375
894993,26.30615234375
895006,28.13720703125
895041,33.14208984375
895091,21.484375
895125,24.169921875
895156,22.39990234375
895192,24.90234375
895299,22.8271484375
895363,21.1181640625
895446,39.61181640625
895481,22.4609375
895599,25.93994140625
895649,21.97265625
895680,22.15576171875
895704,23.681640625
895784,23.25439453125
895816,23.74267578125
895837,22.94921875
895967,23.01025390625
895995,28.076171875
896051,35.0341796875
896080,27.40478515625
896105,25.634765625
896149,22.3388671875
896175,21.91162109375
896312,23.92578125
896325,27.40478515625
896377,22.15576171875
896387,21.728515625
896482,23.13232421875
896496,23.193359375
896706,21.240234375
896776,23.92578125
896789,24.658203125
896849,41.32080078125
897020,23.92578125
897072,24.2919921875
897140,21.91162109375
897182,22.64404296875
899775,23.13232421875
902103,23.681640625
905677,24.71923828125
908068,23.49853515625
908423,25.57373046875
908537,21.78955078125
908635,26.30615234375
908909,22.94921875
909668,41.50390625
909958,24.658203125
910109,21.6064453125
910147,21.240234375
910185,22.8271484375
910236,24.0478515625
910246,22.0947265625
910280,22.39990234375
910315,21.17919921875
910326,24.4140625
910356,33.14208984375
910383,36.68212890625
910405,69.091796875
910437,27.2216796875
910478,34.0576171875
910507,30.029296875
910545,24.0478515625
910560,57.373046875
910601,26.67236328125
910620,30.517578125
910655,27.83203125
910699,58.28857421875
910754,29.96826171875
910769,21.54541015625
910810,37.65869140625
910833,22.52197265625
910863,40.771484375
910894,24.96337890625
910913,22.0947265625
910936,26.4892578125
910952,29.60205078125
910978,30.94482421875
911024,24.96337890625
911127,23.25439453125
911213,23.62060546875
911226,39.794921875
911320,23.13232421875
911571,21.6064453125
911694,27.16064453125
911781,24.0478515625
911807,24.169921875
911817,23.4375
912056,23.681640625
912097,24.7802734375
912168,24.658203125
912200,25.634765625
912303,38.0859375
912317,23.5595703125
912364,24.4140625
912524,23.3154296875
912710,21.1181640625
912775,21.54541015625
913270,22.39990234375
917081,23.681640625
920062,27.2216796875
924137,26.2451171875
924921,21.17919921875
926101,27.7099609375
926861,22.15576171875
927088,22.216796875
927310,28.80859375
927890,22.03369140625
928146,28.6865234375
928611,24.71923828125
928721,21.3623046875
929050,22.705078125
929458,22.52197265625
929614,28.4423828125
929915,21.30126953125
930194,23.4375
930314,22.216796875
931136,23.86474609375
931754,25.08544921875
932357,24.59716796875
933173,21.3623046875
935885,26.18408203125
942534,22.03369140625
943199,28.3203125
943600,26.18408203125
944416,29.1748046875
944856,23.37646484375
945792,24.71923828125
946555,24.5361328125
947245,25.5126953125
947355,23.25439453125
947685,23.49853515625
948037,23.01025390625
952465,26.91650390625
961673,24.0478515625
964983,21.484375
965556,23.0712890625
966280,26.79443359375
966947,25.390625
968363,21.42333984375
968397,22.8271484375
969185,26.18408203125
969867,21.66748046875
971029,29.72412109375
972965,27.4658203125
977368,23.4375
979162,26.2451171875
982547,28.25927734375
986372,25.57373046875
998219,30.6396484375
1005542,21.484375
1006555,28.38134765625
1008414,23.3154296875
1009659,22.76611328125
1010305,24.71923828125
1011158,28.99169921875
1018938,22.8271484375
1021799,23.25439453125
1026512,21.240234375
1028201,33.26416015625
1034683,21.66748046875
1034781,27.77099609375
1038167,25.87890625
1046661,26.611328125
1051549,27.9541015625
1063389,24.59716796875
1063681,23.3154296875
1068325,30.2734375
1077950,21.8505859375
1082068,27.89306640625
1089443,24.0478515625
1092193,21.8505859375
1093555,21.97265625
1097076,30.82275390625
1104029,28.01513671875
1110951,21.3623046875
1112012,22.4609375
1115202,27.40478515625
1144619,27.587890625
1170601,27.89306640625
1186410,26.85546875
1187287,31.25
1188454,24.658203125
1189134,30.57861328125
1189289,32.04345703125
1189526,24.658203125
1189704,32.16552734375
1189831,24.5361328125
1189998,22.03369140625
1190049,36.19384765625
1190089,27.9541015625
1190107,28.4423828125
1190140,21.484375
1190156,27.7099609375
1190197,29.6630859375
1190217,31.8603515625
1190239,48.27880859375
1190277,30.09033203125
1190310,31.1279296875
1190328,37.59765625
1190344,78.125
1190378,34.0576171875
1190419,26.7333984375
1190439,24.23095703125
1190455,43.212890625
1190484,27.28271484375
1190505,32.65380859375
1190544,34.7900390625
1190559,32.77587890625
1190594,26.9775390625
1190650,21.54541015625
1190747,21.78955078125
1190765,22.705078125
1190809,21.240234375
1190860,30.6396484375
1190908,25.69580078125
1190943,21.17919921875
1191020,30.3955078125
1191080,31.06689453125
1191307,32.65380859375
1191517,24.2919921875
1191544,30.6396484375
1191585,26.79443359375
1191778,22.76611328125
1191867,43.76220703125
1191937,21.728515625
1191979,22.4609375
1192049,21.17919921875
1192065,24.35302734375
1192091,22.88818359375
1192113,47.2412109375
1192129,21.91162109375
1192275,21.3623046875
1192290,25.87890625
1192428,21.17919921875
1192626,26.123046875
1192681,25.20751953125
1192951,29.78515625
1193086,26.611328125
1193509,26.55029296875
1195625,23.37646484375
1200698,26.18408203125
1209843,22.03369140625
1210372,21.66748046875
1211217,26.611328125
1211804,21.05712890625
1211837,24.0478515625
1212103,21.1181640625
1212174,28.86962890625
1212505,33.99658203125
1212597,21.484375
1212617,24.23095703125
1212632,22.705078125
1212672,26.7333984375
1212702,36.92626953125
1212731,67.68798828125
1212764,33.447265625
1212802,43.0908203125
1212818,25.93994140625
1212838,53.77197265625
1212859,49.74365234375
1212906,38.57421875
1212938,29.541015625
1212959,33.87451171875
1212989,37.9638671875
1213003,21.66748046875
1213019,28.9306640625
1213035,21.54541015625
1213070,39.36767578125
1213085,22.39990234375
1213119,29.35791015625
1213148,36.80419921875
1213184,23.25439453125
1213201,21.6064453125
1213211,24.59716796875
1213239,31.8603515625
1213280,26.79443359375
1213331,22.39990234375
1213361,28.9306640625
1213395,29.96826171875
1213431,21.17919921875
1213460,29.84619140625
1213536,34.423828125
1213647,22.705078125
1213879,28.3203125
1213892,26.18408203125
1213934,21.30126953125
1213967,21.91162109375
1214030,21.30126953125
1214064,22.88818359375
1214192,22.705078125
1214249,25.146484375
1214285,27.83203125
1214508,25.0244140625
1214549,22.39990234375
1214660,22.39990234375
1214740,30.517578125
1214930,22.27783203125
1215017,21.05712890625
1215113,31.005859375
1215180,23.193359375
1215318,27.587890625
1215390,26.9775390625
1215728,21.17919921875
1217978,21.8505859375
1219241,24.84130859375
1220916,25.146484375
1223415,24.5361328125
1229758,28.50341796875
1237309,27.89306640625
1243386,32.53173828125
1260107,29.541015625
1263761,30.57861328125
1289608,28.9306640625
1304453,29.4189453125
1323176,29.541015625
1354174,22.216796875
1357288,29.1748046875
1412781,27.34375
1427586,22.64404296875
1489467,25.2685546875
1525689,28.01513671875
1529069,35.58349609375
1549390,29.1748046875
1579627,21.1181640625
1598049,29.11376953125
1599636,32.1044921875
1677227,27.9541015625
1693905,26.67236328125
1702480,26.85546875
1708548,25.390625
1721240,23.681640625
1726641,27.4658203125
1740095,21.17919921875
1740823,21.54541015625
1741281,24.0478515625
1742455,21.54541015625
1742660,21.97265625
1742711,22.94921875
1742975,24.10888671875
1743042,22.4609375
1743186,24.0478515625
1743333,25.146484375
1743421,24.71923828125
1743519,23.4375
1743593,34.11865234375
1743630,22.39990234375
1743670,21.66748046875
1743684,22.8271484375
1743707,24.10888671875
1743742,54.01611328125
1743765,62.68310546875
1743781,33.935546875
1743816,37.17041015625
1743827,52.3681640625
1743871,34.423828125
1743896,31.005859375
1743929,35.64453125
1743946,30.029296875
1743982,45.654296875
1744006,28.01513671875
1744020,37.4755859375
1744050,35.400390625
1744085,24.84130859375
1744115,27.34375
1744132,30.21240234375
1744186,25.20751953125
1744262,29.1748046875
1744377,23.92578125
1744525,22.94921875
1744571,28.4423828125
1744638,24.23095703125
1744834,21.17919921875
1744920,21.6064453125
1744940,25.7568359375
1744991,21.6064453125
1745175,34.85107421875
1745191,30.45654296875
1745254,21.42333984375
1745284,30.94482421875
1745298,26.611328125
1745400,26.85546875
1745468,39.85595703125
1745487,23.13232421875
1745559,22.5830078125
1745631,24.169921875
1745646,21.66748046875
1745740,45.83740234375
1745755,28.01513671875
1745825,23.3154296875
1745872,24.35302734375
1745911,27.03857421875
1745968,22.27783203125
1746051,28.86962890625
1746087,21.3623046875
1746162,23.681640625
1746340,24.90234375
1746351,35.888671875
1746417,24.47509765625
1746514,21.97265625
1746629,21.30126953125
1746898,25.57373046875
1748246,21.97265625
1749832,27.4658203125
1751390,26.67236328125
1752951,28.86962890625
1754917,26.85546875
1757592,28.01513671875
1760116,25.93994140625
1763775,27.2216796875
1766195,21.484375
1766229,24.96337890625
1766255,22.39990234375
1766277,28.86962890625
1766294,28.80859375
1766316,53.5888671875
1766340,54.87060546875
1766359,28.50341796875
1766381,26.18408203125
1766421,36.62109375
1766435,39.97802734375
1766470,55.0537109375
1766494,22.8271484375
1766525,26.123046875
1766537,25.2685546875
1766576,51.26953125
1766587,27.34375
1766620,52.490234375
1766635,24.84130859375
1766678,27.77099609375
1766694,23.01025390625
1766740,26.2451171875
1766757,23.193359375
1766825,34.36279296875
1766888,43.0908203125
1766925,25.20751953125
1766977,24.90234375
1767001,21.728515625
1767063,33.38623046875
1767089,22.0947265625
1767134,28.74755859375
1767164,23.3154296875
1767216,21.240234375
1767256,26.9775390625
1767367,32.16552734375
1767411,34.24072265625
1767524,25.20751953125
1767734,22.03369140625
1767869,21.17919921875
1767920,28.86962890625
1767947,22.03369140625
1768010,24.59716796875
1768059,29.60205078125
1768122,22.52197265625
1768205,22.64404296875
1768294,21.1181640625
1768314,23.92578125
1768371,22.76611328125
1768389,25.69580078125
1768659,23.37646484375
1768731,34.1796875
1768832,21.66748046875
1768860,25.634765625
1772435,27.7099609375
1773889,23.01025390625
1775458,24.84130859375
1778419,27.4658203125
1784990,32.89794921875
1808978,28.25927734375
1823089,31.67724609375
1841746,28.86962890625
1843099,23.25439453125
1845290,22.15576171875
1850352,23.01025390625
1861842,29.11376953125
1864672,21.6064453125
1868448,26.30615234375
1872649,27.587890625
1877053,28.99169921875
1886798,31.79931640625
1894441,29.052734375
1916484,31.92138671875
1923990,26.06201171875
1929115,27.16064453125
1931711,24.0478515625
1951635,26.30615234375
1954581,22.03369140625
1954903,24.0478515625
1955188,29.60205078125
1955279,28.38134765625
1955459,34.72900390625
1955471,22.52197265625
1955515,35.64453125
1955551,76.171875
1955576,39.61181640625
1955595,23.681640625
1955633,28.62548828125
1955651,60.1806640625
1955671,23.8037109375
1955685,26.0009765625
1955713,22.88818359375
1955729,28.1982421875
1955763,33.3251953125
1955781,35.15625
1955803,34.1796875
1955851,40.71044921875
1955863,22.03369140625
1955886,24.169921875
1955920,34.912109375
1955951,24.0478515625
1955996,34.66796875
1956018,23.5595703125
1956056,21.78955078125
1956088,31.43310546875
1956120,23.3154296875
1956164,21.240234375
1956261,25.81787109375
1956274,33.5693359375
1956292,25.7568359375
1956413,21.97265625
1956455,22.39990234375
1956468,21.1181640625
1956626,21.91162109375
1956753,23.92578125
1956813,23.37646484375
1956831,22.15576171875
1956909,29.23583984375
1956989,24.7802734375
1957091,33.3251953125
1957111,28.3203125
1957148,24.658203125
1957212,23.25439453125
1957269,25.390625
1957313,21.17919921875
1957370,27.099609375
1957533,34.48486328125
1957625,22.94921875
1957641,22.03369140625
1957657,23.0712890625
1957736,22.03369140625
1957805,39.24560546875
1957818,21.484375
1958010,22.8271484375
1958103,29.72412109375
1958148,22.4609375
1958182,21.78955078125
1958557,27.40478515625
1960951,24.0478515625
1961891,22.64404296875
1962757,22.0947265625
1964216,21.66748046875
1965996,32.89794921875
1967790,28.38134765625
1971603,30.21240234375
1974469,28.38134765625
1980614,25.32958984375
1987049,25.87890625
1996599,22.52197265625
1999158,30.45654296875
2006905,25.93994140625
2017815,25.7568359375
2024940,22.216796875
2032153,29.96826171875
2037496,28.86962890625
2043642,21.05712890625
2076640,27.4658203125
2081343,22.705078125
2084694,35.70556640625
2090445,26.0009765625
2090901,23.37646484375
2091204,23.8037109375
2091268,24.2919921875
2091526,21.8505859375
2091559,22.76611328125
2091616,32.1044921875
2091651,26.55029296875
2091667,26.79443359375
2091697,24.23095703125
2091719,21.728515625
2091732,24.10888671875
2091750,72.998046875
2091812,32.8369140625
2091827,37.9638671875
2091851,57.6171875
2091863,42.3583984375
2091882,26.55029296875
2091893,38.6962890625
2091947,25.146484375
2091971,21.1181640625
2091995,26.79443359375
2092020,21.91162109375
2092042,22.76611328125
2092062,34.3017578125
2092178,34.48486328125
2092246,21.66748046875
2092273,23.37646484375
2092312,25.634765625
2092400,27.2216796875
2092545,23.92578125
2092613,22.03369140625
2092664,21.1181640625
2092846,21.30126953125
2092918,23.8037109375
2092997,36.0107421875
2093049,21.42333984375
2093086,24.5361328125
2093159,24.47509765625
2093216,23.681640625
2093262,23.4375
2093293,21.240234375
2093343,21.54541015625
2093366,21.240234375
2093426,21.05712890625
2093484,34.423828125
2093689,21.3623046875
2093704,22.88818359375
2093736,31.1279296875
2093783,21.1181640625
2093884,21.484375
2093998,33.14208984375
2094061,27.89306640625
2094071,21.66748046875
2094481,28.25927734375
2094521,22.8271484375
2094906,21.1181640625
2094943,21.3623046875
2096551,24.96337890625
2097987,24.4140625
2099731,27.9541015625
2101897,22.64404296875
2104326,32.28759765625
2107920,27.52685546875
2111439,28.50341796875
2120606,21.17919921875
2120649,21.1181640625
2120677,34.0576171875
2120739,33.0810546875
2120780,36.92626953125
2120792,33.87451171875
2120808,33.69140625
2120843,26.3671875
2120862,25.45166015625
2120881,35.0341796875
2120906,46.142578125
2120918,30.70068359375
2120945,25.0244140625
2120964,23.25439453125
2120987,27.2216796875
2121007,47.36328125
2121032,32.470703125
2121046,30.8837890625
2121081,33.0810546875
2121105,23.49853515625
2121161,33.447265625
2121181,23.193359375
2121225,29.96826171875
2121261,23.37646484375
2121284,32.89794921875
2121312,30.70068359375
2121381,24.47509765625
2121406,27.587890625
2121423,28.01513671875
2121469,22.8271484375
2121558,44.0673828125
2121605,22.8271484375
2121758,21.30126953125
2121821,25.0244140625
2121832,23.49853515625
2121881,24.47509765625
2121976,22.03369140625
2121992,25.87890625
2122021,39.4287109375
2122088,23.13232421875
2122149,25.57373046875
2122194,23.37646484375
2122297,25.57373046875
2122464,22.88818359375
2122509,23.3154296875
2122570,26.06201171875
2122584,26.55029296875
2122697,23.3154296875
2122791,52.001953125
2122854,22.4609375
2122925,22.0947265625
2123086,26.30615234375
2123116,22.52197265625
2123161,41.1376953125
2123210,21.54541015625
2123431,21.240234375
2123531,35.0341796875
2127743,22.216796875
2132633,25.81787109375
2137734,25.390625
2152536,25.69580078125
2163076,29.6630859375
2166230,22.52197265625
2167015,26.67236328125
2167557,24.169921875
2167586,22.0947265625
2168020,21.91162109375
2168104,25.81787109375
2168479,25.08544921875
2168733,25.5126953125
2168864,23.37646484375
2169003,23.62060546875
2169342,21.3623046875
2169422,22.0947265625
2169694,23.49853515625
2170054,21.05712890625
2171244,24.5361328125
2173495,26.85546875
2177045,26.30615234375
2183778,24.0478515625
2183816,27.2216796875
2184287,24.658203125
2184585,21.78955078125
2184749,24.59716796875
2185296,24.71923828125
2185893,26.42822265625
2186007,23.193359375
2186251,23.5595703125
2186585,24.23095703125
2186942,23.25439453125
2187135,27.83203125
2187359,21.17919921875
2187723,24.4140625
2188396,21.91162109375
2188604,21.6064453125
2188708,26.42822265625
2188723,21.30126953125
2189124,22.64404296875
2189316,27.34375
2189875,24.35302734375
2189916,22.52197265625
2190290,26.79443359375
2190391,27.40478515625
2190662,23.193359375
2191194,21.91162109375
2191689,24.0478515625
2192812,28.01513671875
2195901,24.90234375
2203280,23.74267578125
2203527,25.69580078125
2204069,25.87890625
2204331,21.30126953125
2204399,23.8037109375
2204836,24.47509765625
2205033,21.42333984375
2205284,28.01513671875
2205315,23.74267578125
2205694,29.296875
2205855,22.39990234375
2205907,25.7568359375
2206098,23.01025390625
2206120,28.6865234375
2206159,24.7802734375
2206196,21.1181640625
2206253,27.64892578125
2206321,24.96337890625
2206358,74.76806640625
2206374,28.1982421875
2206398,26.9775390625
2206428,22.27783203125
2206458,28.01513671875
2206469,37.90283203125
2206511,69.7021484375
2206536,39.0625
2206562,33.87451171875
2206590,32.1044921875
2206622,26.18408203125
2206641,23.49853515625
2206711,30.57861328125
2206726,23.4375
2206748,22.216796875
2206776,30.82275390625
2206814,21.1181640625
2206833,22.64404296875
2206859,21.728515625
2206888,24.7802734375
2206958,21.484375
2206991,21.17919921875
2207003,22.52197265625
2207071,23.86474609375
2207166,28.13720703125
2207196,23.4375
2207226,22.3388671875
2207268,23.5595703125
2207456,28.25927734375
2207487,27.099609375
2207504,25.08544921875
2207628,25.08544921875
2207724,21.78955078125
2207799,21.484375
2207854,22.4609375
2207975,36.19384765625
2208055,22.39990234375
2208185,23.5595703125
2208215,41.68701171875
2208272,23.01025390625
2208303,21.97265625
2208399,22.5830078125
2208465,24.47509765625
2208588,29.35791015625
2208805,23.193359375
2208863,23.86474609375
2209000,30.09033203125
2209102,21.6064453125
2209518,22.52197265625
2209635,25.20751953125
2211293,24.0478515625
2214515,21.91162109375
2216760,23.62060546875
2218555,23.681640625
2220630,23.86474609375
2221378,23.13232421875
2221672,22.64404296875
2222918,21.728515625
2223069,25.69580078125
2223259,26.7333984375
2223454,21.484375
2223533,22.5830078125
2223724,24.90234375
2223803,25.69580078125
2223893,22.5830078125
2223980,24.169921875
2224114,29.6630859375
2224145,21.3623046875
2224231,27.34375
2224263,21.484375
2224389,23.98681640625
2224466,24.35302734375
2224508,52.3681640625
2224526,34.1796875
2224551,23.193359375
2224564,37.90283203125
2224588,24.71923828125
2224623,27.34375
2224669,25.146484375
2224704,67.626953125
2224740,34.60693359375
2224760,24.59716796875
2224808,21.54541015625
2224847,24.71923828125
2224882,58.65478515625
2224903,38.39111328125
2224976,25.0244140625
2224996,32.28759765625
2225028,35.400390625
2225044,27.64892578125
2225154,23.01025390625
2225209,33.203125
2225221,26.67236328125
2225324,27.77099609375
2225357,26.7333984375
2225399,25.93994140625
2225432,25.2685546875
2225466,23.49853515625
2225513,24.0478515625
2225546,26.0009765625
2225713,26.67236328125
2225765,22.88818359375
2225818,30.70068359375
2225903,29.9072265625
2226019,23.3154296875
2226104,27.40478515625
2226131,31.6162109375
2226386,33.935546875
2226476,21.91162109375
2226772,36.68212890625
2226905,22.216796875
2227258,21.8505859375
2229745,21.240234375
2231235,21.240234375
2232311,23.4375
2233683,22.27783203125
2235172,27.16064453125
2236738,26.42822265625
2238489,26.9775390625
2238830,22.39990234375
2239546,25.2685546875
2240607,24.35302734375
2241197,38.57421875
2241847,21.05712890625
2241857,23.3154296875
2242315,21.6064453125
2242398,21.54541015625
2242725,28.25927734375
2242742,21.17919921875
2243034,23.13232421875
2243165,28.38134765625
2243350,22.64404296875
2244210,23.5595703125
2245073,21.6064453125
2245405,23.25439453125
2246516,25.7568359375
2247201,21.8505859375
2248517,21.484375
2250319,27.40478515625
2251954,23.74267578125
2252531,26.85546875
2253236,23.01025390625
2253392,21.728515625
2254715,23.193359375
2255378,26.55029296875
2255437,23.3154296875
2256124,27.03857421875
2256639,25.0244140625
2256655,21.05712890625
2257051,23.49853515625
2257317,22.76611328125
2257990,22.0947265625
2258356,24.4140625
2258534,21.54541015625
2258903,23.49853515625
2259464,24.2919921875
2259493,21.17919921875
2259803,21.91162109375
2259849,21.54541015625
2259919,23.13232421875
2260490,23.25439453125
2260615,24.5361328125
2261399,21.30126953125
2262566,28.9306640625
2264183,23.4375
2265643,25.81787109375
2267093,22.0947265625
2268724,25.634765625
2270261,27.83203125
2270590,25.5126953125
2270998,21.17919921875
2271343,31.31103515625
2271488,23.8037109375
2271676,23.49853515625
2271813,21.240234375
2272613,24.0478515625
2273203,21.30126953125
2273229,21.240234375
2273830,34.85107421875
2274731,21.42333984375
2275483,23.4375
2275895,25.634765625
2277198,24.2919921875
2278339,26.85546875
2279521,27.89306640625
2280871,24.4140625
2282070,23.01025390625
2283990,29.84619140625
2284755,22.52197265625
2285068,23.37646484375
2285793,22.76611328125
2285889,21.05712890625
2285919,23.37646484375
2286594,23.0712890625
2286716,21.1181640625
2287171,26.9775390625
2287456,25.69580078125
2287590,24.23095703125
2287969,21.17919921875
2288282,22.39990234375
2288341,30.6396484375
2288655,21.66748046875
2288946,21.6064453125
2289038,23.37646484375
2289362,23.681640625
2290426,26.91650390625
2291313,24.169921875
2291688,23.25439453125
2291736,23.92578125
2292678,25.93994140625
2294596,21.3623046875
2295999,25.146484375
2296950,23.49853515625
2298033,26.85546875
2299007,25.5126953125
2299907,25.20751953125
2300780,24.2919921875
2301982,25.32958984375
2303067,26.611328125
2304291,22.216796875
2305076,23.98681640625
2305941,23.37646484375
2305952,27.28271484375
2306418,23.37646484375
2306527,23.74267578125
2306752,26.9775390625
2306801,23.25439453125
2307160,22.27783203125
2307498,30.3955078125
2307875,25.08544921875
2307962,21.8505859375
2308464,21.97265625
2308580,24.658203125
2309009,25.390625
2309321,24.7802734375
2309675,22.15576171875
2309764,24.0478515625
2310606,21.78955078125
2310633,24.23095703125
2311198,21.1181640625
2311427,21.78955078125
2312206,21.484375
2313020,21.240234375
2313956,25.2685546875
2314982,31.79931640625
2315964,25.634765625
2316972,24.0478515625
2318030,27.40478515625
2318342,21.3623046875
2318987,28.6865234375
2320615,25.7568359375
2320671,22.64404296875
2321455,23.3154296875
2321557,26.2451171875
2322107,22.216796875
2322229,23.681640625
2322525,21.728515625
2323049,22.03369140625
2323627,23.4375
2324142,22.0947265625
2324324,28.50341796875
2325009,27.9541015625
2325465,21.91162109375
2325619,23.62060546875
2326340,25.634765625
2326444,22.5830078125
2327209,28.38134765625
2327352,24.0478515625
2327941,24.5361328125
2328783,21.54541015625
2329596,23.98681640625
2330275,28.50341796875
2331044,27.77099609375
2331957,25.87890625
2332930,24.658203125
2333203,24.47509765625
2333939,28.4423828125
2334659,23.92578125
2335413,23.74267578125
2336128,23.25439453125
2336973,21.484375
2337699,26.7333984375
2338074,23.13232421875
2338389,26.7333984375
2338584,23.5595703125
2339017,25.390625
2339298,29.23583984375
2339747,21.97265625
2340278,21.30126953125
2340685,22.03369140625
2341312,24.0478515625
2341932,26.2451171875
2342130,27.03857421875
2342324,21.78955078125
2342881,21.240234375
2343068,23.98681640625
2343455,22.15576171875
2343872,24.71923828125
2344716,25.20751953125
2345515,26.18408203125
2346221,22.39990234375
2347041,26.611328125
2347875,29.052734375
2348511,22.27783203125
2349211,24.0478515625
2349925,23.25439453125
2350671,24.2919921875
2351383,22.15576171875
2352173,21.30126953125
2352871,21.17919921875
2353626,21.78955078125
2354278,22.705078125
2354915,24.96337890625
2355574,21.66748046875
2356384,22.216796875
2357141,22.8271484375
2357887,21.8505859375
2358616,27.9541015625
2359651,21.91162109375
2360378,28.564453125
2360461,22.39990234375
2361011,25.2685546875
2361734,24.7802734375
2362409,24.169921875
2363102,22.03369140625
2363749,25.87890625
2364404,25.146484375
2365145,24.59716796875
2365864,26.67236328125
2366599,24.90234375
2367369,24.7802734375
2368086,24.96337890625
2368680,21.1181640625
2369190,26.2451171875
2369791,24.658203125
2370457,32.71484375
2371069,29.052734375
2371667,23.98681640625
2372237,23.98681640625
2372378,22.15576171875
2372844,29.9072265625
2373415,24.47509765625
2374084,27.64892578125
2374606,25.7568359375
2375364,23.4375
2375941,25.20751953125
2376605,26.18408203125
2377175,26.67236328125
2377899,29.052734375
2378702,22.705078125
2379270,21.8505859375
2380121,23.01025390625
2380756,25.87890625
2381438,27.34375
2382052,26.7333984375
2382860,28.50341796875
2383600,26.55029296875
2384284,26.4892578125
2384874,27.587890625
2385074,21.728515625
2385686,22.76611328125
2386374,22.88818359375
2387645,25.93994140625
2387739,21.3623046875
2388218,21.97265625
2388479,23.98681640625
2388887,22.76611328125
2389233,22.216796875
2389497,21.8505859375
2390102,24.5361328125
2390241,31.982421875
2390862,28.1982421875
2390919,22.705078125
2391445,23.74267578125
2391916,21.6064453125
2392063,23.92578125
2393391,25.69580078125
2393948,25.32958984375
2394556,26.91650390625
2395175,24.59716796875
2395740,25.0244140625
2396300,21.91162109375
2397049,23.62060546875
2397623,25.45166015625
2398248,26.67236328125
2398848,28.01513671875
2399554,31.005859375
2400130,23.37646484375
2400850,24.4140625
2401466,29.541015625
2402029,27.64892578125
2402680,22.76611328125
2403314,23.4375
2403826,26.7333984375
2404422,26.2451171875
2405153,23.681640625
2405800,22.0947265625
2406431,23.193359375
2407107,27.89306640625
2407733,21.30126953125
2408437,22.39990234375
2408967,24.658203125
2409555,21.484375
2410147,24.23095703125
2410852,25.08544921875
2411470,25.08544921875
2411983,24.35302734375
2412467,25.45166015625
2413858,26.9775390625
2414426,24.2919921875
2415099,23.98681640625
2415699,21.17919921875
2416288,22.5830078125
2416994,31.3720703125
2417557,24.71923828125
2418155,21.91162109375
2418825,23.25439453125
2419519,24.169921875
2420327,25.7568359375
2421177,24.169921875
2422090,27.40478515625
2422888,24.47509765625
2423467,24.7802734375
2424108,27.4658203125
2424748,26.06201171875
2425394,25.7568359375
2425966,23.49853515625
2426472,25.20751953125
2427095,25.634765625
2427701,21.17919921875
2428315,24.10888671875
2428804,24.90234375
2429434,23.49853515625
2430077,23.49853515625
2430594,26.67236328125
2431208,24.35302734375
2431801,24.169921875
2432507,24.71923828125
2433106,24.4140625
2433655,24.0478515625
2434283,24.2919921875
2434808,23.5595703125
2435087,21.1181640625
2435217,24.47509765625
2435822,23.49853515625
2436411,26.42822265625
2437617,23.62060546875
2438223,28.01513671875
2438727,29.4189453125
2439288,23.98681640625
2440986,24.10888671875
2441559,22.52197265625
2442202,26.123046875
2442731,21.97265625
2443220,26.3671875
2443775,22.5830078125
2444244,27.099609375
2444801,24.59716796875
2445357,25.08544921875
2445859,23.74267578125
2446441,31.55517578125
2447080,29.11376953125
2447562,24.47509765625
2448157,25.93994140625
2448707,24.84130859375
2449313,22.03369140625
2449855,21.05712890625
2450273,24.96337890625
2450805,22.39990234375
2451357,22.15576171875
2451943,26.06201171875
2452473,26.30615234375
2453143,22.3388671875
2453601,22.52197265625
2454077,23.86474609375
2454523,21.42333984375
2455022,30.6396484375
2455492,23.49853515625
2456073,22.52197265625
2456944,27.16064453125
2457431,22.5830078125
2457986,22.5830078125
2458610,29.6630859375
2459134,26.42822265625
2459596,26.9775390625
2460067,23.92578125
2460624,26.06201171875
2461112,22.4609375
2461725,29.78515625
2462343,26.3671875
2462855,27.83203125
2463534,25.146484375
2464119,24.23095703125
2464594,26.42822265625
2465197,28.4423828125
2466251,26.7333984375
2466870,30.09033203125
2467467,24.23095703125
2468003,27.52685546875
2468522,26.7333984375
2469042,22.94921875
2469550,22.39990234375
2469973,24.35302734375
2470494,22.3388671875
2471080,24.23095703125
2471611,23.37646484375
2472224,22.76611328125
2472701,23.193359375
2473227,22.52197265625
2473645,26.18408203125
2474261,25.87890625
2474885,23.681640625
2475457,22.216796875
2475994,22.94921875
2476665,26.0009765625
2477252,23.25439453125
2477786,23.3154296875
2478235,26.7333984375
2478726,22.64404296875
2479249,29.1748046875
2479805,23.92578125
2480374,23.49853515625
2481017,21.3623046875
2481544,24.90234375
2482243,26.123046875
2482809,26.91650390625
2483346,26.79443359375
2483786,22.216796875
2484325,22.5830078125
2484911,29.84619140625
2485585,26.30615234375
2486241,28.6865234375
2486925,22.52197265625
2487627,26.4892578125
2488234,21.66748046875
2488835,24.47509765625
2489497,25.57373046875
2489918,21.8505859375
2490330,24.5361328125
2490780,25.2685546875
2491313,25.390625
2491772,30.2734375
2492248,23.92578125
2492767,23.3154296875
2493287,22.88818359375
2493857,26.0009765625
2494441,24.169921875
2494904,22.8271484375
2495442,24.84130859375
2496015,33.3251953125
2496608,27.7099609375
2497115,21.30126953125
2497585,26.123046875
2498040,25.2685546875
2498700,24.90234375
2499283,22.216796875
2499775,22.52197265625
2500261,22.88818359375
2500833,25.57373046875
2501346,21.97265625
2501818,38.0859375
2502274,25.7568359375
2502753,24.7802734375
2503236,22.705078125
2503697,25.146484375
2504171,24.658203125
2504699,23.8037109375
2505248,22.94921875
2505704,24.23095703125
2506342,30.70068359375
2507085,30.21240234375
2507639,21.3623046875
2508192,25.390625
2508714,24.169921875
2509206,21.8505859375
2509779,29.9072265625
2510393,24.35302734375
2510467,23.92578125
2510945,22.94921875
2511578,22.5830078125
2512247,25.2685546875
2512903,25.81787109375
2513435,25.57373046875
2513985,24.35302734375
2514509,23.49853515625
2515015,25.32958984375
2515540,23.37646484375
2516062,27.40478515625
2516654,25.20751953125
2517205,26.4892578125
2517900,21.3623046875
2518504,26.611328125
2519204,26.42822265625
2519911,23.49853515625
2520683,24.0478515625
2521336,26.79443359375
2522288,26.3671875
2523108,22.15576171875
2524120,26.611328125
2524630,21.3623046875
2524731,22.216796875
2525370,25.57373046875
2525795,21.3623046875
2526455,25.81787109375
2526986,22.64404296875
2527633,22.3388671875
2528083,22.64404296875
2528315,22.8271484375
2528861,21.97265625
2529426,24.5361328125
2529964,24.10888671875
2530615,25.81787109375
2531301,22.3388671875
2531976,24.10888671875
2532615,26.85546875
2533173,25.2685546875
2533705,26.4892578125
2534236,21.6064453125
2534799,25.146484375
2535364,25.20751953125
2535886,28.3203125
2536316,26.4892578125
2536813,30.09033203125
2537366,24.658203125
2537885,27.2216796875
2538431,24.35302734375
2538884,27.4658203125
2539474,21.97265625
2540502,26.85546875
2541029,26.123046875
2541488,22.27783203125
2541979,23.681640625
2542470,24.35302734375
2543021,24.96337890625
2543584,28.50341796875
2544210,28.62548828125
2545116,26.30615234375
2545619,26.18408203125
2545980,22.4609375
2546183,22.88818359375
2546668,21.66748046875
2547240,27.9541015625
2547789,28.99169921875
2548211,24.2919921875
2548735,24.10888671875
2549199,24.658203125
2550150,26.18408203125
2550728,22.216796875
2551339,22.64404296875
2552097,27.89306640625
2552797,23.193359375
2553431,27.4658203125
2554067,25.5126953125
2554498,26.30615234375
2555054,27.40478515625
2555523,23.49853515625
2556249,24.96337890625
2556880,21.91162109375
2557510,21.6064453125
2558164,27.52685546875
2558990,25.20751953125
2559498,24.59716796875
2560078,26.3671875
2560733,21.54541015625
2561351,25.45166015625
2561864,23.3154296875
2562407,24.35302734375
2562989,25.32958984375
2563448,30.8837890625
2563991,29.11376953125
2564537,25.146484375
2565015,22.0947265625
2566062,22.39990234375
2567234,27.099609375
2567875,27.83203125
2568512,24.0478515625
2569794,26.67236328125
2570510,24.5361328125
2571115,25.5126953125
2571525,26.123046875
2572036,25.634765625
2572508,22.64404296875
2573001,28.01513671875
2573403,24.47509765625
2573878,26.91650390625
2574458,26.79443359375
2574975,26.3671875
2575637,28.25927734375
2576130,22.76611328125
2576634,27.52685546875
2577063,23.681640625
2577504,23.62060546875
2578514,23.37646484375
2579005,23.86474609375
2579519,22.39990234375
2580134,31.982421875
2580604,26.79443359375
2581120,25.5126953125
2581584,27.40478515625
2582032,24.35302734375
2582633,23.5595703125
2583108,26.55029296875
2583724,24.35302734375
2584273,29.052734375
2584303,21.05712890625
2584342,24.23095703125
2584373,30.2734375
2584401,28.076171875
2584421,26.18408203125
2584442,21.6064453125
2584469,34.7900390625
2584490,57.92236328125
2584509,36.62109375
2584527,51.69677734375
2584555,37.353515625
2584575,31.06689453125
2584591,43.8232421875
2584647,25.81787109375
2584676,36.80419921875
2584696,44.189453125
2584713,36.7431640625
2584736,26.85546875
2584764,24.96337890625
2584782,25.5126953125
2584858,27.4658203125
2584900,26.2451171875
2584918,36.7431640625
2585046,36.0107421875
2585146,21.97265625
2585192,21.97265625
2585217,21.8505859375
2585238,28.13720703125
2585300,22.15576171875
2585396,28.80859375
2585494,23.92578125
2585527,29.541015625
2585543,25.0244140625
2585609,27.89306640625
2585690,36.07177734375
2585780,24.2919921875
2585815,23.74267578125
2585867,26.55029296875
2585903,41.9921875
2586054,23.13232421875
2586153,25.32958984375
2586168,44.61669921875
2586188,21.78955078125
2586212,21.484375
2586254,22.15576171875
2586372,24.2919921875
2586466,23.13232421875
2586480,28.25927734375
2586507,51.81884765625
2586521,22.8271484375
2586705,22.4609375
2586738,23.62060546875
2586840,21.97265625
2586985,46.44775390625
2587117,22.5830078125
2587498,21.3623046875
2591023,21.42333984375
2592733,23.92578125
2593242,22.64404296875
2593766,23.13232421875
2594395,26.3671875
2594881,23.13232421875
2595381,22.39990234375
2595955,23.49853515625
2596521,23.25439453125
2597039,22.88818359375
2597900,23.49853515625
2598493,22.705078125
2599150,24.169921875
2599644,21.78955078125
2600193,24.658203125
2600744,26.123046875
2601228,24.35302734375
2601773,26.18408203125
2602310,25.08544921875
2602715,22.39990234375
2603216,23.62060546875
2604157,22.0947265625
2604591,24.96337890625
2605179,23.86474609375
2605658,23.681640625
2606162,23.4375
2606650,22.27783203125
2606738,22.216796875
2607183,21.66748046875
2607739,27.587890625
2608103,23.8037109375
2608661,21.78955078125
2609212,24.90234375
2609657,28.86962890625
2610179,25.0244140625
2610760,21.17919921875
2611348,22.52197265625
2612014,22.0947265625
2612966,25.45166015625
2613508,25.146484375
2613990,22.0947265625
2614629,25.5126953125
2615143,25.32958984375
2615743,22.8271484375
2616234,23.92578125
2616742,22.39990234375
2617305,26.06201171875
2617841,25.146484375
2618327,29.052734375
2618845,27.4658203125
2619287,28.076171875
2619712,21.17919921875
2620308,28.62548828125
2620865,24.84130859375
2621377,23.01025390625
2621996,24.71923828125
2622533,23.49853515625
2623017,25.93994140625
2623516,23.25439453125
2623925,24.35302734375
2624359,23.62060546875
2624805,30.21240234375
2625303,26.91650390625
2626264,23.98681640625
2626797,24.59716796875
2627561,23.13232421875
2628185,22.8271484375
2628890,24.7802734375
2629437,28.9306640625
2629973,25.390625
2630572,28.564453125
2630976,26.42822265625
2631570,28.3203125
2632149,23.92578125
2632524,25.87890625
2633019,24.23095703125
2633486,27.2216796875
2633949,21.66748046875
2634473,22.64404296875
2634885,23.0712890625
2635379,25.57373046875
2635866,23.5595703125
2636274,26.30615234375
2637033,26.91650390625
2637467,25.87890625
2637979,25.87890625
2638525,21.240234375
2639002,27.099609375
2639879,26.18408203125
2640911,23.62060546875
2641291,24.71923828125
2641845,25.20751953125
2642283,23.4375
2642908,21.42333984375
2643352,21.78955078125
2643914,27.7099609375
2644488,27.77099609375
2644910,28.74755859375
2645513,24.47509765625
2646153,31.005859375
2646739,21.728515625
2647231,26.91650390625
2647750,25.634765625
2648521,26.2451171875
2649153,26.85546875
2649697,25.69580078125
2650398,26.2451171875
2650891,23.25439453125
2651430,24.658203125
2652010,27.28271484375
2652535,23.62060546875
2652957,23.86474609375
2653320,22.88818359375
2653748,21.05712890625
2654248,21.30126953125
2654814,24.0478515625
2655297,27.89306640625
2655925,27.4658203125
2656297,23.62060546875
2656676,22.216796875
2657676,25.87890625
2658110,22.94921875
2658922,23.5595703125
2659280,26.91650390625
2659905,22.52197265625
2660393,25.69580078125
2660814,26.85546875
2661392,23.681640625
2661797,23.4375
2662267,27.4658203125
2662739,23.92578125
2663199,26.7333984375
2663601,21.97265625
2664029,25.20751953125
2664441,21.6064453125
2664824,28.076171875
2665217,22.4609375
2665700,25.634765625
2666119,25.7568359375
2666506,26.55029296875
2666991,25.87890625
2667503,22.27783203125
2668431,22.64404296875
2668913,29.1748046875
2669399,28.564453125
2669855,24.169921875
2670257,23.681640625
2670595,22.88818359375
2670992,25.634765625
2671393,22.5830078125
2673232,25.32958984375
2680271,25.57373046875
2680678,26.30615234375
2681053,23.0712890625
2681395,22.15576171875
2681868,22.705078125
2682266,26.7333984375
2682733,25.45166015625
2710739,21.240234375
2741600,26.30615234375
2833229,27.4658203125
2833635,27.77099609375
2833908,24.4140625
2834265,23.193359375
2834648,24.59716796875
2835079,29.72412109375
2835383,24.84130859375
2835740,25.81787109375
2836148,21.484375
2836487,23.49853515625
2836952,21.42333984375
2837394,24.5361328125
2837791,27.52685546875
2838266,24.35302734375
2901544,29.78515625
2902067,25.20751953125
2902655,29.96826171875
2903175,27.28271484375
2903693,26.2451171875
2904266,26.0009765625
2904846,28.86962890625
2905289,23.74267578125
3031367,23.3154296875
3031383,27.16064453125
3031417,30.029296875
3031428,42.54150390625
3031440,33.63037109375
3031464,84.5947265625
3031474,25.5126953125
3031492,39.0625
3031521,37.9638671875
3031544,35.09521484375
3031567,30.6396484375
3031631,24.35302734375
3031646,44.677734375
3031670,38.63525390625
3031700,21.6064453125
3031729,22.3388671875
3031777,24.4140625
3031837,25.69580078125
3031875,24.2919921875
3031908,21.30126953125
3031955,23.74267578125
3032016,28.01513671875
3032056,21.78955078125
3032068,27.52685546875
3032173,27.03857421875
3032267,21.97265625
3032277,27.4658203125
3032324,24.169921875
3032406,26.30615234375
3032529,33.935546875
3032688,22.705078125
3032738,31.494140625
3032831,25.0244140625
3032858,25.69580078125
3032936,22.705078125
3032965,26.18408203125
3032977,35.64453125
3033067,21.91162109375
3033114,26.0009765625
3033168,34.60693359375
3033189,23.4375
3033224,26.85546875
3033274,28.50341796875
3033340,25.81787109375
3033393,21.54541015625
3033420,26.4892578125
3033436,21.6064453125
3033458,29.1748046875
3033554,24.2919921875
3033600,33.3251953125
3033659,24.0478515625
3033682,26.4892578125
3033722,33.5693359375
3033773,21.54541015625
3033893,21.17919921875
3033995,37.353515625
3034117,25.0244140625
3034196,31.005859375
3053745,32.3486328125
3053819,26.67236328125
3053836,23.681640625
3053850,22.216796875
3053903,26.30615234375
3053920,35.46142578125
3053946,22.39990234375
3053970,55.419921875
3054009,26.67236328125
3054031,21.8505859375
3054057,28.4423828125
3054067,25.390625
3054097,41.015625
3054134,23.193359375
3054165,31.92138671875
3054196,24.90234375
3054212,62.80517578125
3054229,25.390625
3054258,27.03857421875
3054271,31.55517578125
3054302,24.5361328125
3054330,25.5126953125
3054346,21.17919921875
3054357,23.193359375
3054379,27.77099609375
3054410,26.06201171875
3054453,26.2451171875
3054463,28.25927734375
3054490,32.3486328125
3054526,22.705078125
3054568,25.69580078125
3054601,27.099609375
3054656,29.11376953125
3054689,33.935546875
3054735,23.98681640625
3054898,21.6064453125
3055062,26.67236328125
3055106,22.27783203125
3055132,31.31103515625
3055179,25.87890625
3055204,24.35302734375
3055362,28.38134765625
3055459,23.74267578125
3055523,34.24072265625
3055795,31.25
3055818,21.17919921875
3055841,22.705078125
3055925,22.76611328125
3056009,31.06689453125
3056137,23.37646484375
3056303,22.3388671875
3056407,21.78955078125
3056630,22.3388671875
3056784,23.62060546875
3056900,31.25
3056959,21.8505859375
3057061,21.8505859375
3300479,33.02001953125
3300816,22.88818359375
3300841,22.0947265625
3301063,21.42333984375
3301176,22.94921875
3301222,24.7802734375
3301251,32.89794921875
3301284,32.2265625
3301307,62.5
3301325,21.6064453125
3301357,41.6259765625
3301377,43.9453125
3301399,40.34423828125
3301429,27.7099609375
3301448,21.91162109375
3301491,27.34375
3301505,34.0576171875
3301577,28.25927734375
3301617,21.05712890625
3301642,23.5595703125
3301665,25.87890625
3301773,24.4140625
3301797,21.05712890625
3301825,22.3388671875
3301859,26.0009765625
3302101,21.3623046875
3302173,23.92578125
3302219,24.96337890625
3302303,23.8037109375
3302414,25.08544921875
3302428,30.8837890625
3302481,24.7802734375
3302517,39.6728515625
3302645,24.4140625
3302705,41.259765625
3302740,24.35302734375
3302818,37.841796875
3302872,31.25
3302898,36.56005859375
3302988,24.10888671875
3303033,23.193359375
3303076,24.90234375
3303125,33.0810546875
3303196,27.4658203125
3303301,24.47509765625
3303314,24.658203125
3303344,27.16064453125
3303379,21.17919921875
3303537,22.216796875
3303572,29.6630859375
3303738,42.48046875
3303841,23.01025390625
3304065,24.2919921875
3304220,23.37646484375
3352186,23.01025390625
3433560,21.6064453125
3445520,21.8505859375
3445677,27.7099609375
3446411,24.658203125
3446816,24.0478515625
3446868,25.69580078125
3447234,21.05712890625
3447318,22.52197265625
3447379,29.11376953125
3447571,23.3154296875
3447585,27.9541015625
3447676,21.1181640625
3447740,25.81787109375
3447765,57.31201171875
3447779,43.0908203125
3447809,29.60205078125
3447820,28.62548828125
3447855,25.08544921875
3447885,58.59375
3447909,24.23095703125
3447919,26.67236328125
3447961,35.21728515625
3447995,51.3916015625
3448012,29.9072265625
3448038,38.75732421875
3448080,21.42333984375
3448108,26.0009765625
3448123,21.1181640625
3448143,27.03857421875
3448167,27.16064453125
3448250,21.484375
3448281,24.169921875
3448294,23.62060546875
3448369,23.193359375
3448427,34.423828125
3448490,24.7802734375
3448642,21.54541015625
3448763,21.30126953125
3448839,22.15576171875
3448866,25.0244140625
3448891,33.50830078125
3448945,24.169921875
3448972,26.4892578125
3449105,21.66748046875
3449132,30.6396484375
3449161,25.45166015625
3449205,21.66748046875
3449237,21.728515625
3449304,24.10888671875
3449330,37.109375
3449384,22.64404296875
3449409,24.0478515625
3449435,22.52197265625
3449561,22.76611328125
3449600,23.49853515625
3449663,22.8271484375
3449691,25.81787109375
3449717,21.05712890625
3449837,27.03857421875
3449909,28.3203125
3449948,31.67724609375
3450006,26.4892578125
3450052,25.0244140625
3450105,22.216796875
3450198,22.5830078125
3450220,26.4892578125
3450309,21.54541015625
3450491,47.36328125
3450589,21.484375
3450671,22.64404296875
3450903,22.88818359375
3465732,21.42333984375
3485365,25.57373046875
3530605,21.05712890625
3531222,24.96337890625
3531529,21.484375
3531635,22.216796875
3532781,24.5361328125
3533183,27.64892578125
3533874,21.8505859375
3534489,25.08544921875
3542345,22.3388671875
3559914,23.86474609375
3560317,22.0947265625
3560698,23.681640625
3560945,21.1181640625
3560994,28.86962890625
3561641,30.09033203125
3561987,21.54541015625
3562028,22.39990234375
3562308,23.37646484375
3562528,24.2919921875
3562815,32.40966796875
3562942,24.71923828125
3563333,24.47509765625
3563589,22.5830078125
3563859,21.240234375
3564192,24.84130859375
3564263,22.88818359375
3564289,28.3203125
3564462,21.17919921875
3564716,30.94482421875
3564974,21.1181640625
3565032,25.0244140625
3565098,26.42822265625
3565148,25.57373046875
3565160,31.43310546875
3565190,27.2216796875
3565218,65.185546875
3565230,25.69580078125
3565293,24.7802734375
3565315,23.37646484375
3565332,36.31591796875
3565353,23.25439453125
3565373,52.734375
3565400,24.23095703125
3565430,33.447265625
3565474,51.025390625
3565512,26.42822265625
3565530,27.03857421875
3565588,30.57861328125
3565604,30.2734375
3565647,28.74755859375
3565678,22.0947265625
3565787,22.216796875
3565848,21.78955078125
3565939,26.3671875
3566088,21.8505859375
3566189,21.42333984375
3566269,21.97265625
3566416,29.541015625
3566552,24.96337890625
3566745,29.84619140625
3566911,24.0478515625
3566984,22.0947265625
3567018,23.62060546875
3567062,32.5927734375
3567096,24.35302734375
3567205,25.81787109375
3567307,21.3623046875
3567522,22.705078125
3567555,35.5224609375
3567618,21.54541015625
3567639,21.05712890625
3568006,25.93994140625
3568733,21.8505859375
3571275,21.1181640625
3574874,26.42822265625
3581823,22.64404296875
3590410,26.123046875
3594367,30.6396484375
3600400,22.03369140625
3600718,27.40478515625
3604668,27.34375
3612302,27.9541015625
3615564,31.06689453125
3615998,25.93994140625
3626184,26.18408203125
3628377,23.49853515625
3628962,21.42333984375
3629062,23.13232421875
3629217,21.91162109375
3629613,23.13232421875
3630453,21.3623046875
3630659,21.1181640625
3631454,22.216796875
3631636,25.45166015625
3632562,22.3388671875
3633062,21.54541015625
3634619,21.97265625
3642357,28.50341796875
3647622,29.35791015625
3651831,27.77099609375
3652142,24.7802734375
3652313,27.2216796875
3652578,23.13232421875
3652646,21.30126953125
3652721,25.7568359375
3652844,21.6064453125
3653051,24.47509765625
3653105,28.38134765625
3653411,24.59716796875
3653752,21.240234375
3653774,31.67724609375
3654018,25.87890625
3654057,21.3623046875
3654116,22.94921875
3654136,21.54541015625
3654181,30.6396484375
3654219,24.169921875
3654256,22.39990234375
3654270,52.734375
3654313,26.611328125
3654342,31.8603515625
3654369,25.20751953125
3654384,39.12353515625
3654429,73.3642578125
3654455,31.6162109375
3654465,39.9169921875
3654488,21.6064453125
3654508,30.94482421875
3654521,33.87451171875
3654556,53.77197265625
3654572,30.6396484375
3654594,29.72412109375
3654619,23.62060546875
3654642,21.78955078125
3654676,45.83740234375
3654688,21.05712890625
3654763,28.38134765625
3654794,22.39990234375
3654852,29.96826171875
3654866,33.26416015625
3654893,24.2919921875
3654941,21.78955078125
3655015,25.32958984375
3655055,22.3388671875
3655102,21.78955078125
3655200,22.15576171875
3655212,24.658203125
3655272,25.08544921875
3655300,23.4375
3655387,26.42822265625
3655425,23.92578125
3655511,23.37646484375
3655533,23.25439453125
3655562,24.658203125
3655607,21.30126953125
3655687,28.1982421875
3655772,21.66748046875
3655879,23.37646484375
3655920,22.39990234375
3656048,24.7802734375
3656103,21.240234375
3656150,26.91650390625
3656240,28.3203125
3656337,21.54541015625
3656366,24.0478515625
3656386,22.39990234375
3656504,27.89306640625
3656660,38.4521484375
3656730,31.31103515625
3656754,21.6064453125
3656834,23.13232421875
3657118,24.5361328125
3657601,22.3388671875
3659355,21.8505859375
3661717,24.0478515625
3664551,22.52197265625
3667474,23.193359375
3669716,24.90234375
3672334,25.93994140625
3676652,23.25439453125
3681822,28.99169921875
3685328,23.3154296875
3689447,24.2919921875
3694445,23.3154296875
3695479,22.52197265625
3695564,21.484375
3697106,21.42333984375
3699151,29.052734375
3701001,26.0009765625
3706550,29.052734375
3708873,29.60205078125
3710785,25.5126953125
3711772,23.4375
3712335,21.30126953125
3712501,22.5830078125
3712724,22.64404296875
3713184,26.85546875
3713404,24.169921875
3713866,24.169921875
3714109,21.78955078125
3714298,23.49853515625
3714716,24.23095703125
3715167,25.2685546875
3715810,23.37646484375
3717782,24.169921875
3719151,26.91650390625
3720627,23.74267578125
3722517,23.92578125
3724537,26.3671875
3727488,26.2451171875
3728035,22.27783203125
3729034,25.81787109375
3729395,23.681640625
3730261,21.91162109375
3730614,23.98681640625
3733523,26.7333984375
3736517,23.3154296875
3738671,25.634765625
3741599,29.6630859375
3743871,24.169921875
3744479,22.216796875
3745883,21.3623046875
3746192,28.01513671875
3746982,28.25927734375
3747809,27.2216796875
3748093,28.38134765625
3750213,28.13720703125
3751640,22.216796875
3752869,26.91650390625
3754311,24.658203125
3756156,25.7568359375
3758486,30.8837890625
3760029,26.123046875
3760791,22.4609375
3761673,22.8271484375
3762224,22.15576171875
3763293,22.3388671875
3763616,25.87890625
3763918,22.705078125
3764283,26.0009765625
3764411,24.90234375
3764838,22.5830078125
3765916,23.681640625
3767246,21.1181640625
3769141,25.5126953125
3770676,24.5361328125
3772678,23.37646484375
3773848,24.0478515625
3775565,27.2216796875
3776587,28.564453125
3778098,30.09033203125
3778563,23.37646484375
3779370,24.5361328125
3779974,31.55517578125
3780617,21.240234375
3780735,21.78955078125
3781569,24.47509765625
3782441,29.60205078125
3782770,22.27783203125
3783517,24.59716796875
3784673,26.91650390625
3785767,24.4140625
3787196,24.10888671875
3788495,27.7099609375
3789772,25.146484375
3791509,24.90234375
3792553,27.099609375
3793456,23.0712890625
3793597,22.52197265625
3794032,25.5126953125
3795842,25.5126953125
3797041,22.88818359375
3797926,24.7802734375
3798700,21.42333984375
3799705,28.25927734375
3800809,25.93994140625
3801913,23.4375
3802991,24.59716796875
3804232,26.3671875
3805070,21.05712890625
3805691,22.27783203125
3806173,23.74267578125
3806916,25.146484375
3807868,22.94921875
3808536,21.3623046875
3809296,24.59716796875
3810338,25.69580078125
3811282,23.37646484375
3812373,25.634765625
3813898,24.84130859375
3815467,25.20751953125
3816486,25.20751953125
3817290,23.13232421875
3818317,25.7568359375
3819408,25.08544921875
3820715,23.681640625
3821711,27.9541015625
3822671,23.01025390625
3823606,23.0712890625
3824504,29.4189453125
3825639,25.87890625
3826572,29.6630859375
3828083,23.98681640625
3829042,22.88818359375
3829929,23.5595703125
3830519,21.3623046875
3831295,26.123046875
3832307,25.634765625
3833097,25.93994140625
3833862,26.85546875
3834669,24.4140625
3835508,25.146484375
3836421,26.55029296875
3837583,26.123046875
3838741,24.23095703125
3839859,25.634765625
3841097,24.4140625
3841858,21.42333984375
3843047,25.7568359375
3843894,23.0712890625
3844649,24.59716796875
3845355,21.42333984375
3846006,27.2216796875
3846922,24.10888671875
3847908,24.0478515625
3848765,31.06689453125
3849717,27.587890625
3850672,30.57861328125
3851689,28.9306640625
3852801,29.11376953125
3853969,25.2685546875
3854774,27.9541015625
3855717,30.029296875
3857033,24.10888671875
3858629,23.37646484375
3859565,25.146484375
3859869,24.90234375
3860350,23.13232421875
3860579,27.03857421875
3860619,24.90234375
3861225,23.681640625
3861249,22.88818359375
3861731,25.69580078125
3861811,21.54541015625
3862565,23.13232421875
3863013,25.2685546875
3863647,27.7099609375
3864310,25.57373046875
3865074,23.49853515625
3866045,27.2216796875
3867036,23.49853515625
3867983,27.40478515625
3868977,26.06201171875
3870076,26.2451171875
3871061,24.35302734375
3871888,24.23095703125
3872735,28.6865234375
3873515,22.8271484375
3874334,27.64892578125
3875758,23.13232421875
3876686,24.2919921875
3877474,25.2685546875
3878517,23.92578125
3879425,27.4658203125
3880581,25.32958984375
3881255,22.8271484375
3881927,24.0478515625
3882613,23.74267578125
3883295,27.64892578125
3883485,24.96337890625
3884007,23.4375
3884585,24.2919921875
3885324,22.4609375
3886056,21.91162109375
3886901,23.13232421875
3887697,26.30615234375
3888377,24.59716796875
3889225,23.0712890625
3889908,24.35302734375
3890620,27.77099609375
3891366,24.0478515625
3891996,25.81787109375
3893460,22.705078125
3894097,24.4140625
3894654,24.0478515625
3894709,23.13232421875
3895596,21.8505859375
3895953,25.7568359375
3896617,23.92578125
3897198,21.484375
3897868,25.390625
3898483,23.86474609375
3899974,25.2685546875
3900689,27.28271484375
3901413,25.634765625
3902097,25.08544921875
3902913,23.8037109375
3903952,22.94921875
3904670,30.21240234375
3905350,24.10888671875
3905985,24.5361328125
3906603,24.658203125
3907223,24.658203125
3907936,26.42822265625
3908634,23.0712890625
3909205,24.7802734375
3911171,25.20751953125
3911924,24.4140625
3912518,23.13232421875
3913162,23.193359375
3913721,21.6064453125
3914310,23.74267578125
3914993,24.0478515625
3915753,28.38134765625
3916418,25.0244140625
3917046,27.89306640625
3917701,26.0009765625
3918236,24.23095703125
3918906,22.15576171875
3919503,25.7568359375
3920000,24.35302734375
3920588,25.93994140625
3921230,30.09033203125
3921885,21.05712890625
3922623,24.59716796875
3923249,25.93994140625
3923890,28.86962890625
3924485,22.705078125
3925218,28.1982421875
3925874,23.86474609375
3926499,24.84130859375
3927074,26.2451171875
3927755,22.39990234375
3928308,23.193359375
3928854,25.0244140625
3929560,23.01025390625
3930400,26.4892578125
3930903,21.91162109375
3931469,21.240234375
3931950,26.30615234375
3931998,26.123046875
3932114,21.6064453125
3932441,23.37646484375
3932638,23.193359375
3933030,21.484375
3933081,22.88818359375
3933560,21.728515625
3933984,22.27783203125
3934196,28.99169921875
3934696,22.5830078125
3934798,22.03369140625
3935195,24.10888671875
3936261,24.5361328125
3936812,21.78955078125
3937411,22.39990234375
3938043,22.27783203125
3938707,24.169921875
3939330,24.59716796875
3939867,26.67236328125
3940481,22.8271484375
3941021,22.0947265625
3941654,22.705078125
3942413,26.4892578125
3943116,25.93994140625
3943746,25.390625
3944499,21.66748046875
3945161,22.216796875
3945870,22.64404296875
3946620,23.193359375
3947486,27.52685546875
3948147,21.42333984375
3949254,22.15576171875
3949764,22.705078125
3950200,22.0947265625
3950243,21.42333984375
3950600,24.59716796875
3951164,22.0947265625
3952236,21.05712890625
3952979,22.27783203125
3953543,23.74267578125
3954216,24.0478515625
3954826,24.5361328125
3955484,23.4375
3956013,25.87890625
3956650,24.4140625
3957235,24.84130859375
3957881,24.90234375
3958526,24.2919921875
3959252,21.6064453125
3959807,23.86474609375
3960321,25.93994140625
3960831,21.91162109375
3961522,26.9775390625
3962124,23.25439453125
3962828,27.77099609375
3963521,25.93994140625
3964080,21.17919921875
3964638,32.04345703125
3965320,25.08544921875
3966266,27.28271484375
3966895,23.01025390625
3967714,27.9541015625
3968376,32.2265625
3969097,23.74267578125
3969741,24.23095703125
3970271,26.67236328125
3970822,24.5361328125
3971846,25.45166015625
3972276,29.84619140625
3972740,25.57373046875
3973253,27.4658203125
3973733,24.35302734375
3974346,24.4140625
3974882,22.8271484375
3975381,26.85546875
3976652,25.87890625
3977327,25.08544921875
3977939,30.6396484375
3978454,24.90234375
3979042,23.86474609375
3979654,21.91162109375
3980313,23.13232421875
3980782,21.30126953125
3981410,28.25927734375
3981967,23.01025390625
3982494,24.5361328125
3983242,32.470703125
3983752,22.705078125
3984401,21.91162109375
3985040,23.49853515625
3985540,28.25927734375
3985989,22.216796875
3986469,24.0478515625
3986683,21.78955078125
3986973,25.20751953125
3987606,22.4609375
3988643,21.30126953125
3989124,24.10888671875
3989699,23.193359375
3990359,24.169921875
3990926,23.98681640625
3991378,22.8271484375
3991756,22.52197265625
3992256,26.2451171875
3992835,24.84130859375
3993370,24.35302734375
3994033,26.67236328125
3994700,22.4609375
3995271,22.705078125
3995915,26.42822265625
3996334,24.2919921875
3996898,24.71923828125
3997393,24.7802734375
3997918,22.88818359375
3998465,26.0009765625
3998972,26.0009765625
3999456,23.5595703125
3999905,23.74267578125
4000348,27.099609375
4000973,25.45166015625
4001637,23.25439453125
4002131,21.42333984375
4002809,26.06201171875
4003419,23.8037109375
4004104,21.1181640625
4004753,27.34375
4005320,26.2451171875
4005762,29.72412109375
4006350,31.494140625
4006824,21.240234375
4007347,22.705078125
4007752,22.76611328125
4008250,24.90234375
4008681,25.93994140625
4008749,23.25439453125
4009615,22.5830078125
4010088,21.728515625
4011241,23.86474609375
4012619,24.658203125
4013126,30.45654296875
4013574,31.31103515625
4014130,22.15576171875
4014650,23.193359375
4015255,28.25927734375
4015816,24.0478515625
4016288,22.0947265625
4016849,22.76611328125
4017511,22.0947265625
4017998,27.64892578125
4018502,25.08544921875
4018961,29.23583984375
4019616,22.39990234375
4020051,24.47509765625
4020550,26.85546875
4021098,28.62548828125
4021528,23.681640625
4022051,25.69580078125
4022610,27.52685546875
4023267,23.25439453125
4023741,26.42822265625
4024296,22.8271484375
4024923,27.099609375
4025343,25.0244140625
4025815,21.240234375
4026385,21.484375
4026775,23.5595703125
4027239,21.42333984375
4027773,22.88818359375
4028276,25.69580078125
4028828,24.10888671875
4029309,29.4189453125
4029813,26.42822265625
4030699,29.052734375
4031094,26.55029296875
4031415,22.8271484375
4031767,21.97265625
4032220,24.2919921875
4033170,23.13232421875
4033532,23.13232421875
4033931,24.96337890625
4034361,24.5361328125
4034919,24.169921875
4035369,24.84130859375
4035859,25.2685546875
4036302,21.91162109375
4036811,22.5830078125
4037193,27.52685546875
4037998,21.3623046875
4038402,27.587890625
4038844,26.85546875
4039342,24.7802734375
4039811,22.4609375
4040304,27.34375
4040806,22.5830078125
4041211,21.6064453125
4041632,23.86474609375
4042022,25.20751953125
4042528,22.88818359375
4043040,26.85546875
4043667,21.8505859375
4044156,25.146484375
4044573,25.390625
4044986,24.4140625
4045436,25.390625
4045864,26.06201171875
4046319,21.78955078125
4046766,26.18408203125
4047292,26.3671875
4047759,22.8271484375
4048329,24.90234375
4048695,25.45166015625
4049099,24.71923828125
4049551,23.62060546875
4049955,23.49853515625
4050302,25.146484375
4050793,25.45166015625
4051211,21.484375
4052033,23.4375
4052515,22.76611328125
4052950,22.88818359375
4053963,22.3388671875
4054431,26.0009765625
4054843,21.97265625
4055261,22.27783203125
4055396,23.13232421875
4055608,21.728515625
4055983,30.33447265625
4056435,26.79443359375
4056873,24.2919921875
4057295,24.169921875
4057878,21.728515625
4058500,24.658203125
4058970,22.94921875
4059487,28.80859375
4059912,24.7802734375
4060854,24.47509765625
4061267,23.25439453125
4061796,23.5595703125
4062257,21.30126953125
4062745,22.5830078125
4063238,23.25439453125
4064114,26.4892578125
4064651,26.3671875
4065105,22.3388671875
4065780,22.5830078125
4066320,21.66748046875
4066701,22.88818359375
4067136,26.55029296875
4067728,23.4375
4068115,21.30126953125
4068709,23.62060546875
4069096,23.193359375
4069420,26.9775390625
4070065,24.169921875
4070472,25.87890625
4070941,24.23095703125
4071449,24.4140625
4071960,27.099609375
4072403,23.193359375
4072838,23.0712890625
4073244,21.728515625
4073670,25.87890625
4074124,28.74755859375
4074590,22.216796875
4075435,26.06201171875
4075934,22.39990234375
4076398,27.34375
4076965,25.2685546875
4077364,28.9306640625
4077722,30.76171875
4078165,24.47509765625
4079569,22.705078125
4080378,21.78955078125
4080446,22.15576171875
4080779,23.25439453125
4080827,21.17919921875
4081438,21.78955078125
4081507,23.0712890625
4081809,26.18408203125
4081857,25.87890625
4082129,28.25927734375
4082192,21.17919921875
4082246,21.8505859375
4082420,23.681640625
4082501,24.5361328125
4082527,25.20751953125
4082806,24.71923828125
4082987,22.3388671875
4083025,37.353515625
4083060,25.81787109375
4083104,21.78955078125
4083209,26.0009765625
4083258,21.3623046875
4083328,23.5595703125
4083342,26.79443359375
4083371,29.78515625
4083384,27.28271484375
4083414,75.8056640625
4083487,24.71923828125
4083502,25.634765625
4083533,40.4052734375
4083553,21.97265625
4083590,40.46630859375
4083623,25.7568359375
4083641,28.4423828125
4083663,48.828125
4083688,23.62060546875
4083724,33.8134765625
4083769,33.99658203125
4083789,21.97265625
4083824,21.3623046875
4083863,26.4892578125
4083884,22.88818359375
4083948,23.86474609375
4084049,35.70556640625
4084075,24.59716796875
4084114,24.0478515625
4084135,25.2685546875
4084174,21.728515625
4084209,23.98681640625
4084498,22.27783203125
4084553,26.0009765625
4084606,21.240234375
4084784,22.64404296875
4084875,35.0341796875
4084958,27.099609375
4084998,21.30126953125
4085129,28.50341796875
4085208,30.70068359375
4085300,22.4609375
4085380,24.47509765625
4085444,22.52197265625
4085504,35.82763671875
4085721,29.84619140625
4085750,22.52197265625
4085835,22.4609375
4085862,26.18408203125
4086041,22.705078125
4087766,21.6064453125
4088633,21.484375
4090000,21.8505859375
4090404,22.4609375
4091273,23.193359375
4092562,23.3154296875
4093048,22.15576171875
4093463,23.92578125
4094424,23.86474609375
4094928,23.5595703125
4095351,22.3388671875
4095740,24.35302734375
4096268,23.3154296875
4096700,23.98681640625
4129179,24.71923828125
4181449,25.634765625
4288787,25.2685546875
4289166,29.35791015625
4289561,27.77099609375
4330210,26.3671875
4330244,33.8134765625
4330269,26.4892578125
4330297,22.03369140625
4330312,34.3017578125
4330350,38.57421875
4330382,36.1328125
4330407,36.68212890625
4330434,37.59765625
4330444,28.01513671875
4330465,24.47509765625
4330475,60.546875
4330494,28.74755859375
4330515,22.39990234375
4330531,21.54541015625
4330570,48.9501953125
4330584,44.98291015625
4330599,25.45166015625
4330629,23.4375
4330665,28.86962890625
4330685,27.34375
4330726,27.52685546875
4330745,21.66748046875
4330795,22.5830078125
4330811,28.50341796875
4330837,24.35302734375
4330887,26.30615234375
4330926,23.4375
4330961,23.74267578125
4330996,23.5595703125
4331146,26.123046875
4331297,25.87890625
4331310,23.3154296875
4331444,21.91162109375
4331501,22.8271484375
4331535,24.5361328125
4331594,21.484375
4331642,26.9775390625
4331684,27.16064453125
4331748,29.84619140625
4331774,28.13720703125
4331788,23.193359375
4331870,21.30126953125
4331996,25.57373046875
4332017,27.64892578125
4332091,23.62060546875
4332160,21.17919921875
4332211,27.28271484375
4332322,21.3623046875
4332463,40.52734375
4332491,31.43310546875
4332529,24.59716796875
4332691,36.865234375
4332751,22.15576171875
4332764,25.390625
4332933,21.42333984375
4333010,24.84130859375
4333188,21.54541015625
4333504,22.88818359375
4350692,21.484375
4350712,26.55029296875
4350764,24.7802734375
4350798,27.64892578125
4350818,27.28271484375
4350837,22.4609375
4350858,33.8134765625
4350875,22.705078125
4350886,47.36328125
4350901,26.85546875
4350958,25.146484375
4350994,26.67236328125
4351056,38.6962890625
4351071,26.79443359375
4351125,23.681640625
4351145,22.216796875
4351190,24.658203125
4351216,22.705078125
4351280,24.0478515625
4351308,27.099609375
4351335,34.3017578125
4351373,35.58349609375
4351411,23.86474609375
4351463,32.65380859375
4351480,31.67724609375
4351518,23.01025390625
4351576,22.27783203125
4351608,26.79443359375
4351723,25.7568359375
4351788,23.62060546875
4351830,21.97265625
4351938,24.47509765625
4352044,22.64404296875
4352079,21.78955078125
4352118,27.16064453125
4352281,26.79443359375
4352292,21.6064453125
4352380,26.06201171875
4352436,21.97265625
4352503,21.3623046875
4352573,21.30126953125
4352659,21.1181640625
4352734,21.97265625
4352835,26.55029296875
4353014,24.90234375
4353052,42.236328125
4353091,24.0478515625
4353352,26.91650390625
4353415,23.193359375
4353558,25.146484375
4353586,22.216796875
4354256,22.03369140625
4396605,21.97265625
4430877,23.3154296875
4495113,28.62548828125
4597465,21.05712890625
4764082,21.240234375
4765414,21.54541015625
4765439,42.1142578125
4765460,24.658203125
4765486,41.19873046875
4765497,69.82421875
4765533,29.78515625
4765557,29.35791015625
4765568,31.18896484375
4765594,59.75341796875
4765604,22.03369140625
4765618,35.400390625
4765662,32.40966796875
4765676,23.681640625
4765694,68.66455078125
4765728,43.76220703125
4765768,29.11376953125
4765832,41.56494140625
4765860,23.25439453125
4765890,22.0947265625
4765904,41.32080078125
4765941,23.01025390625
4765961,26.42822265625
4766042,26.85546875
4766059,21.54541015625
4766090,24.23095703125
4766145,22.0947265625
4766177,36.31591796875
4766211,27.2216796875
4766248,25.08544921875
4766327,27.34375
4766592,32.53173828125
4766633,27.7099609375
4766683,32.1044921875
4766704,23.0712890625
4766832,23.13232421875
4766922,28.9306640625
4766978,39.9169921875
4767011,24.35302734375
4767072,21.17919921875
4767112,26.611328125
4767195,40.52734375
4767218,26.0009765625
4767317,22.76611328125
4767419,24.47509765625
4767495,23.74267578125
4767507,26.2451171875
4767532,23.74267578125
4767668,24.47509765625
4767741,23.3154296875
4767811,25.57373046875
4767823,25.93994140625
4767860,24.4140625
4767950,22.52197265625
4768135,35.70556640625
4768250,21.8505859375
4817441,21.6064453125
4869504,22.705078125
4927339,22.0947265625
4942969,21.1181640625
4944362,22.27783203125
4945627,26.123046875
4945707,25.93994140625
4967368,23.0712890625
4967391,28.076171875
4967414,31.8603515625
4967435,64.5751953125
4967455,24.47509765625
4967481,26.611328125
4967498,40.83251953125
4967515,23.13232421875
4967538,27.7099609375
4967551,58.28857421875
4967582,40.34423828125
4967604,34.97314453125
4967630,32.2265625
4967650,36.4990234375
4967708,25.45166015625
4967742,35.33935546875
4967763,23.681640625
4967789,29.541015625
4967815,27.16064453125
4967878,29.72412109375
4967894,25.32958984375
4967932,26.06201171875
4967975,25.20751953125
4968000,25.69580078125
4968051,28.564453125
4968072,22.27783203125
4968095,21.6064453125
4968117,21.1181640625
4968232,24.90234375
4968260,29.9072265625
4968342,22.15576171875
4968404,30.2734375
4968442,21.30126953125
4968558,24.4140625
4968603,21.05712890625
4968757,27.2216796875
4968819,21.240234375
4968904,23.01025390625
4968999,33.99658203125
4969013,25.87890625
4969053,26.9775390625
4969106,27.4658203125
4969207,26.7333984375
4969266,23.62060546875
4969428,21.1181640625
4969483,28.564453125
4969611,22.88818359375
4969637,21.1181640625
4969666,37.109375
4969723,30.09033203125
4969775,21.78955078125
4969963,27.099609375
4970086,34.85107421875
4970112,22.5830078125
4970195,23.0712890625
4994845,24.96337890625
4994987,23.8037109375
4995071,33.50830078125
4995136,56.0302734375
4995151,29.35791015625
4995176,24.47509765625
4995195,42.05322265625
4995222,22.94921875
4995245,21.42333984375
4995256,35.15625
4995279,21.54541015625
4995289,55.96923828125
4995305,27.2216796875
4995334,25.87890625
4995378,30.70068359375
4995389,31.6162109375
4995416,27.587890625
4995444,38.330078125
4995478,29.23583984375
4995490,21.6064453125
4995564,35.46142578125
4995595,41.19873046875
4995665,28.564453125
4995716,33.75244140625
4995760,27.64892578125
4995786,22.76611328125
4995798,24.658203125
4995845,21.42333984375
4995893,26.67236328125
4995935,26.611328125
4995989,23.193359375
4996032,24.23095703125
4996082,21.05712890625
4996153,21.54541015625
4996325,31.31103515625
4996418,26.55029296875
4996581,22.52197265625
4996619,21.54541015625
4996662,25.87890625
4996836,22.39990234375
4996851,25.7568359375
4996908,25.57373046875
4997097,24.7802734375
4997199,21.1181640625
4997372,30.6396484375
4997422,21.42333984375
4997631,23.681640625
4997657,33.447265625
5006849,23.8037109375
5008911,26.67236328125
5012544,23.92578125
5015633,25.69580078125
5018894,26.9775390625
5034141,28.076171875
5035233,23.25439453125
5037100,29.72412109375
5039577,29.72412109375
5047565,23.13232421875
5053586,22.39990234375
5061118,23.74267578125
5066588,24.71923828125
5069957,22.5830078125
5072827,27.28271484375
5076885,27.9541015625
5080334,26.611328125
5088483,24.35302734375
5094145,27.77099609375
5101809,27.03857421875
5107839,24.84130859375
5118192,33.14208984375
5128154,23.86474609375
5131294,30.517578125
5137622,29.1748046875
5144292,25.7568359375
5149472,26.0009765625
5156164,25.146484375
5166638,28.4423828125
5171230,27.83203125
5174281,25.634765625
5177832,32.53173828125
5182835,24.71923828125
5188162,25.20751953125
5190575,24.4140625
5193502,27.64892578125
5196665,23.74267578125
5201042,26.0009765625
5208435,27.099609375
5209252,27.9541015625
5214814,30.1513671875
5218983,24.90234375
5224145,24.71923828125
5228638,25.57373046875
5235192,26.42822265625
5240585,27.34375
5248757,22.3388671875
5257908,30.82275390625
5262481,24.658203125
5286578,24.71923828125
5294604,22.52197265625
5301658,26.42822265625
5312833,21.484375
5315909,26.123046875
5321685,23.0712890625
5332504,23.4375
5337002,25.81787109375
5342598,25.08544921875
5346779,28.13720703125
5348722,26.7333984375
5351335,21.97265625
5351922,23.62060546875
5354873,23.25439453125
5355887,21.05712890625
5357101,21.3623046875
5360755,26.42822265625
5369439,26.91650390625
5372845,24.23095703125
5378347,26.4892578125
5381133,24.84130859375
5383138,24.35302734375
5385424,25.57373046875
5388516,25.08544921875
5391128,23.49853515625
5393844,25.81787109375
5397110,26.2451171875
5399904,27.587890625
5402861,23.193359375
5405374,25.57373046875
5407456,22.705078125
5410590,26.0009765625
5413859,25.390625
5417033,24.658203125
5418489,27.4658203125
5420975,25.87890625
5424252,28.1982421875
5427407,26.67236328125
5430880,32.16552734375
5435467,26.2451171875
5435962,27.03857421875
5437969,23.01025390625
5440111,25.32958984375
5443433,31.3720703125
5448534,26.55029296875
5451802,24.2919921875
5454894,24.0478515625
5457552,26.30615234375
5459970,22.4609375
5462329,22.39990234375
5465032,26.4892578125
5467134,28.74755859375
5469444,23.98681640625
5471979,26.3671875
5473643,24.7802734375
5475102,23.4375
5475272,25.0244140625
5475936,22.8271484375
5476615,21.6064453125
5478085,24.90234375
5479738,25.7568359375
5481617,27.099609375
5484791,23.0712890625
5486659,25.32958984375
5489120,29.96826171875
5491125,23.01025390625
5493435,24.59716796875
5495448,27.16064453125
5497126,25.45166015625
5499476,23.25439453125
5500691,29.541015625
5500924,25.81787109375
5501696,26.67236328125
5501895,24.658203125
5502403,22.4609375
5502709,21.484375
5502944,23.8037109375
5503056,29.96826171875
5504314,21.42333984375
5506179,25.390625
5508451,25.32958984375
5510134,25.390625
5511843,27.2216796875
5513413,27.03857421875
5515072,30.2734375
5516929,22.705078125
5519169,24.96337890625
5520940,23.13232421875
5522361,26.42822265625
5523895,21.240234375
5525818,26.123046875
5527219,27.83203125
5528925,26.7333984375
5530444,21.97265625
5532121,25.390625
5534011,27.099609375
5535517,29.78515625
5537196,21.1181640625
5538588,30.1513671875
5540446,22.0947265625
5542616,25.390625
5544693,23.5595703125
5546025,24.5361328125
5547850,24.10888671875
5548555,28.99169921875
5548594,21.17919921875
5548939,26.123046875
5549071,22.4609375
5549352,21.17919921875
5549625,21.42333984375
5549958,21.1181640625
5550007,21.17919921875
5550272,24.84130859375
5550397,21.6064453125
5550582,30.517578125
5550710,21.1181640625
5550898,21.484375
5551042,26.55029296875
5551121,21.54541015625
5551146,21.97265625
5551228,24.59716796875
5551380,23.193359375
5551390,21.3623046875
5551451,22.216796875
5551790,21.05712890625
5551836,24.10888671875
5551875,57.80029296875
5551906,37.109375
5551961,43.39599609375
5551988,43.212890625
5552015,34.60693359375
5552044,40.34423828125
5552054,37.109375
5552082,39.9169921875
5552094,28.38134765625
5552156,30.21240234375
5552168,22.03369140625
5552195,23.74267578125
5552277,21.78955078125
5552298,22.15576171875
5552366,22.0947265625
5552384,25.2685546875
5552436,23.0712890625
5552651,21.97265625
5552686,26.123046875
5552697,23.0712890625
5552871,23.98681640625
5552907,22.5830078125
5553070,22.88818359375
5553123,23.0712890625
5553237,21.05712890625
5553278,24.35302734375
5553355,36.376953125
5553410,27.77099609375
5553514,23.13232421875
5553568,21.8505859375
5553599,22.8271484375
5553715,27.099609375
5553730,22.3388671875
5553835,21.6064453125
5553942,27.64892578125
5553974,35.0341796875
5553995,23.01025390625
5554021,25.390625
5554213,42.6025390625
5554396,22.5830078125
5556535,21.78955078125
5557375,22.39990234375
5558249,22.15576171875
5559379,22.39990234375
5560249,25.2685546875
5563172,21.66748046875
5564531,21.66748046875
5565535,24.90234375
5566593,29.6630859375
5567774,24.169921875
5568811,24.658203125
5569726,21.6064453125
5570608,21.97265625
5571574,23.25439453125
5572597,23.3154296875
5573547,23.681640625
5574660,23.3154296875
5575999,22.8271484375
5577073,24.4140625
5578336,23.193359375
5579521,24.169921875
5580442,31.55517578125
5581401,28.50341796875
5582382,24.35302734375
5583320,24.5361328125
5584320,25.87890625
5585533,24.90234375
5586465,22.5830078125
5587334,23.92578125
5588413,25.81787109375
5589487,27.9541015625
5590734,28.01513671875
5591781,26.611328125
5592864,21.97265625
5593814,25.20751953125
5595241,29.23583984375
5596692,23.681640625
5597964,26.67236328125
5599227,21.8505859375
5600589,27.9541015625
5601858,22.39990234375
5603023,25.32958984375
5604426,26.42822265625
5605528,23.681640625
5606658,25.20751953125
5607593,24.59716796875
5608656,25.45166015625
5609951,25.45166015625
5611019,23.86474609375
5612134,26.611328125
5613247,24.658203125
5614104,23.98681640625
5615245,21.8505859375
5616310,26.30615234375
5617285,22.52197265625
5618170,23.681640625
5619049,22.64404296875
5620115,24.90234375
5620990,22.52197265625
5622020,23.49853515625
5623009,26.55029296875
5624149,22.88818359375
5625273,23.49853515625
5626393,25.2685546875
5627362,21.97265625
5628165,23.86474609375
5629101,27.83203125
5630223,24.47509765625
5630727,21.240234375
5631215,24.84130859375
5632111,26.611328125
5633124,23.74267578125
5634093,29.78515625
5634936,21.66748046875
5635754,26.3671875
5636551,26.42822265625
5637594,27.83203125
5638471,25.0244140625
5639318,25.146484375
5640250,28.01513671875
5641187,25.93994140625
5642151,21.17919921875
5643397,26.79443359375
5644355,22.3388671875
5645264,25.81787109375
5645507,24.23095703125
5646033,23.86474609375
5646528,26.67236328125
5647550,22.705078125
5647600,24.47509765625
5648314,25.146484375
5649225,21.05712890625
5650158,25.0244140625
5650940,22.76611328125
5651807,25.57373046875
5652486,26.2451171875
5653205,24.4140625
5654006,24.71923828125
5654855,21.17919921875
5655710,23.681640625
5656562,26.4892578125
5657323,26.3671875
5658059,26.91650390625
5658939,21.30126953125
5659686,24.47509765625
5660444,21.484375
5661238,22.39990234375
5662202,22.39990234375
5663240,28.076171875
5664254,26.85546875
5665250,28.74755859375
5666223,22.52197265625
5667159,22.3388671875
5668007,28.9306640625
5668730,23.25439453125
5669390,25.20751953125
5670220,24.59716796875
5671010,23.86474609375
5671710,25.146484375
5672551,25.45166015625
5673388,28.38134765625
5674094,25.2685546875
5674738,24.90234375
5675379,22.76611328125
5676119,26.91650390625
5676787,26.2451171875
5677506,23.92578125
5678255,22.8271484375
5679004,21.240234375
5679757,25.146484375
5680498,28.6865234375
5681388,23.92578125
5682163,25.08544921875
5682932,22.4609375
5683743,26.55029296875
5684397,24.23095703125
5685153,25.2685546875
5685858,25.57373046875
5686503,26.18408203125
5687297,21.1181640625
5687980,28.1982421875
5688701,27.83203125
5689491,24.169921875
5690297,24.0478515625
5690934,26.3671875
5691683,24.5361328125
5692453,25.7568359375
5693259,26.18408203125
5693927,25.57373046875
5694530,22.39990234375
5695285,21.8505859375
5696067,25.7568359375
5697032,27.7099609375
5697921,24.59716796875
5698521,27.52685546875
5699809,22.216796875
5700343,22.5830078125
5700868,29.052734375
5701436,27.64892578125
5702104,24.96337890625
5702671,27.28271484375
5703621,26.30615234375
5704302,25.2685546875
5704989,28.50341796875
5705629,22.3388671875
5706280,22.64404296875
5707075,25.390625
5707748,22.3388671875
5708385,28.80859375
5710644,24.71923828125
5711283,31.005859375
5711956,22.216796875
5712679,25.08544921875
5713334,28.01513671875
5713960,22.216796875
5714571,23.86474609375
5715354,27.52685546875
5716110,24.7802734375
5716758,26.0009765625
5717480,24.5361328125
5718223,26.611328125
5718776,26.123046875
5719427,26.123046875
5720132,24.59716796875
5720761,23.8037109375
5721406,28.13720703125
5722039,25.20751953125
5722695,21.66748046875
5723472,23.92578125
5724025,27.4658203125
5724828,22.52197265625
5725689,26.9775390625
5726375,22.216796875
5727062,24.4140625
5727716,22.4609375
5728289,31.005859375
5728909,29.47998046875
5729517,23.8037109375
5730146,30.029296875
5730742,27.9541015625
5731295,21.05712890625
5731956,21.1181640625
5732554,27.64892578125
5733224,23.62060546875
5733707,23.74267578125
5734270,23.01025390625
5734802,28.25927734375
5735297,21.66748046875
5735819,22.3388671875
5736390,24.59716796875
5736977,22.88818359375
5737492,30.57861328125
5737963,22.0947265625
5738502,21.240234375
5739013,22.8271484375
5739461,22.64404296875
5739543,22.705078125
5740028,24.7802734375
5740086,22.94921875
5740681,23.193359375
5741257,21.1181640625
5741798,21.05712890625
5742724,21.8505859375
5742852,27.28271484375
5744030,22.64404296875
5745038,26.06201171875
5745505,26.18408203125
5746134,23.86474609375
5746748,25.5126953125
5747279,23.01025390625
5747769,24.59716796875
5748312,24.10888671875
5748788,23.681640625
5749411,25.08544921875
5749985,26.123046875
5750503,24.47509765625
5750991,24.4140625
5751505,26.123046875
5752066,25.634765625
5752598,24.71923828125
5753701,21.30126953125
5754244,28.38134765625
5754833,28.4423828125
5755395,22.88818359375
5755971,26.67236328125
5756458,22.03369140625
5757027,23.13232421875
5757602,26.7333984375
5758095,26.06201171875
5758526,22.64404296875
5759074,25.7568359375
5759612,21.54541015625
5760156,23.3154296875
5760718,26.42822265625
5761234,30.70068359375
5761767,24.96337890625
5762245,25.390625
5762744,24.84130859375
5763170,27.34375
5763596,24.59716796875
5763686,25.146484375
5764152,26.2451171875
5764307,23.25439453125
5764516,23.13232421875
5764629,23.49853515625
5765298,21.728515625
5765638,22.64404296875
5765953,21.05712890625
5766076,23.3154296875
5766412,21.30126953125
5766550,23.74267578125
5766989,25.7568359375
5767938,32.04345703125
5768396,21.54541015625
5768839,23.193359375
5769291,25.5126953125
5769867,24.90234375
5770396,21.30126953125
5770879,25.0244140625
5771369,21.484375
5772078,26.9775390625
5772583,22.705078125
5773177,24.71923828125
5773836,22.27783203125
5774354,21.17919921875
5774846,26.9775390625
5775341,26.0009765625
5776583,26.18408203125
5777243,21.54541015625
5777789,22.216796875
5778459,26.30615234375
5778921,21.66748046875
5779417,26.79443359375
5779971,24.658203125
5780433,33.203125
5780879,24.96337890625
5781507,24.4140625
5782007,25.2685546875
5782571,22.94921875
5783201,24.23095703125
5783861,22.52197265625
5784472,22.39990234375
5784993,25.93994140625
5785945,22.8271484375
5786423,21.42333984375
5786844,24.59716796875
5787359,21.240234375
5787768,21.97265625
5788245,24.47509765625
5788678,23.681640625
5789124,23.62060546875
5789322,24.10888671875
5789607,21.54541015625
5790623,21.8505859375
5791064,22.705078125
5791934,22.0947265625
5792814,22.15576171875
5793341,21.78955078125
5793857,22.0947265625
5794386,23.37646484375
5795459,25.0244140625
5796049,27.16064453125
5796556,25.146484375
5797068,22.76611328125
5797552,21.54541015625
5798049,22.15576171875
5798563,26.55029296875
5799160,24.23095703125
5799746,27.9541015625
5800281,24.23095703125
5800808,26.79443359375
5801077,24.10888671875
5801607,24.0478515625
5802111,22.94921875
5802646,24.10888671875
5803218,22.27783203125
5803719,23.37646484375
5804193,30.6396484375
5804659,23.3154296875
5805005,21.240234375
5805168,21.78955078125
5805409,26.42822265625
5805845,21.42333984375
5805883,22.52197265625
5806258,22.52197265625
5806712,21.17919921875
5807159,26.79443359375
5807198,26.4892578125
5807697,21.17919921875
5808755,23.13232421875
5809777,21.54541015625
5810244,23.13232421875
5810703,22.216796875
5811224,26.42822265625
5811683,25.08544921875
5812227,25.08544921875
5812776,26.4892578125
5813276,24.23095703125
5814265,24.10888671875
5814795,23.62060546875
5815418,25.20751953125
5815916,23.25439453125
5816390,22.76611328125
5816860,26.4892578125
5817306,21.97265625
5817780,25.2685546875
5818212,24.23095703125
5818663,30.45654296875
5819075,25.32958984375
5820466,21.91162109375
5820881,23.5595703125
5821397,26.123046875
5821821,23.62060546875
5822812,22.3388671875
5823255,22.27783203125
5823730,23.49853515625
5824176,28.564453125
5824636,23.0712890625
5825012,24.59716796875
5825431,25.45166015625
5825955,23.0712890625
5826412,22.94921875
5826821,24.23095703125
5827256,21.1181640625
5827694,24.2919921875
5828540,24.71923828125
5828950,26.85546875
5829230,21.17919921875
5829369,25.390625
5829535,21.484375
5830152,25.45166015625
5830410,24.2919921875
5830697,26.06201171875
5830846,23.86474609375
5831294,23.0712890625
5831338,24.0478515625
5831692,24.0478515625
5832149,26.0009765625
5832167,21.6064453125
5832584,21.1181640625
5833128,23.5595703125
5833607,24.2919921875
5834050,21.78955078125
5834453,23.49853515625
5834980,23.49853515625
5835420,24.84130859375
5835911,25.634765625
5836435,27.03857421875
5836885,25.146484375
5837314,21.05712890625
5837811,24.59716796875
5838718,21.78955078125
5839218,22.705078125
5839630,28.86962890625
5840260,26.18408203125
5840719,23.37646484375
5841211,25.93994140625
5841646,22.3388671875
5842029,21.17919921875
5842419,21.78955078125
5842816,26.611328125
5843177,26.4892578125
5843662,27.099609375
5844013,21.17919921875
5844423,22.76611328125
5844845,21.8505859375
5846130,24.47509765625
5847034,24.658203125
5847493,21.30126953125
5847916,24.658203125
5848300,25.0244140625
5849136,22.4609375
5849518,23.92578125
5849966,22.64404296875
5850444,21.17919921875
5850857,22.39990234375
5851101,26.06201171875
5851211,23.86474609375
5851503,22.64404296875
5851581,24.90234375
5851940,25.0244140625
5852409,27.2216796875
5853204,22.0947265625
5853417,23.98681640625
5853654,21.66748046875
5853981,24.10888671875
5854054,22.03369140625
5854474,23.62060546875
5854937,25.57373046875
5855773,24.84130859375
5856191,23.3154296875
5856645,21.728515625
5857071,22.705078125
5857933,26.2451171875
5858261,23.01025390625
5859321,22.64404296875
5859703,23.3154296875
5860241,26.3671875
5860589,21.91162109375
5861040,27.9541015625
5861410,24.7802734375
5861770,27.099609375
5862536,22.3388671875
5862955,22.64404296875
5863314,21.78955078125
5863752,25.32958984375
5864093,23.37646484375
5864573,24.0478515625
5865102,21.6064453125
5865471,24.10888671875
5865813,22.216796875
5866579,21.1181640625
5866924,25.57373046875
5867294,23.4375
5867646,22.88818359375
5868083,21.91162109375
5868521,24.658203125
5869010,22.64404296875
5869350,25.2685546875
5869679,25.08544921875
5870055,24.96337890625
5870509,26.55029296875
5870972,23.01025390625
5871362,23.4375
5871778,22.8271484375
5872104,28.80859375
5872170,27.40478515625
5872540,21.05712890625
5873407,26.67236328125
5873827,29.84619140625
5874207,23.681640625
5874402,24.5361328125
5874649,27.03857421875
5874878,25.0244140625
5875028,23.86474609375
5875575,23.74267578125
5875728,27.28271484375
5876582,23.86474609375
5876923,22.3388671875
5877342,22.5830078125
5877770,23.98681640625
5878180,23.92578125
5878934,21.3623046875
5879330,21.78955078125
5879741,24.96337890625
5880433,26.18408203125
5880817,26.06201171875
5881212,23.8037109375
5881634,26.0009765625
5882070,23.193359375
5891960,28.13720703125
5892347,25.0244140625
5893214,22.64404296875
5893514,21.05712890625
5893895,22.94921875
5894250,26.91650390625
5924790,28.3203125
5925217,25.146484375
5925892,23.5595703125
5927654,22.0947265625
5953865,25.08544921875
5988259,22.0947265625
5988539,21.97265625
5988899,22.39990234375
5990541,21.78955078125
5991141,21.1181640625
5991163,34.48486328125
5991175,23.4375
5991211,38.87939453125
5991224,67.3828125
5991243,21.484375
5991270,33.38623046875
5991284,32.40966796875
5991307,25.08544921875
5991328,23.74267578125
5991354,64.39208984375
5991377,32.5927734375
5991406,25.20751953125
5991432,24.71923828125
5991466,37.841796875
5991482,21.54541015625
5991508,33.63037109375
5991544,24.96337890625
5991583,28.74755859375
5991682,22.39990234375
5991749,24.658203125
5991786,27.77099609375
5991807,22.52197265625
5991882,22.64404296875
5991908,22.03369140625
5992109,23.3154296875
5992132,21.240234375
5992406,23.98681640625
5992446,32.53173828125
5992526,24.71923828125
5992592,21.78955078125
5992636,21.240234375
5992678,25.08544921875
5992700,36.1328125
5992726,22.705078125
5992909,22.3388671875
5992961,40.6494140625
5993025,25.69580078125
5993209,33.0810546875
5993466,38.57421875
5993477,24.10888671875
5993551,23.49853515625
5993668,22.52197265625
6043667,21.05712890625
6043800,22.94921875
6043841,23.37646484375
6043863,95.21484375
6043897,25.87890625
6043920,35.21728515625
6043936,32.04345703125
6043959,38.75732421875
6043982,49.01123046875
6043994,24.658203125
6044035,32.53173828125
6044062,54.19921875
6044085,28.01513671875
6044109,29.9072265625
6044120,21.05712890625
6044146,32.40966796875
6044169,35.58349609375
6044194,24.169921875
6044213,25.87890625
6044226,21.42333984375
6044283,32.16552734375
6044308,21.05712890625
6044400,28.25927734375
6044453,26.91650390625
6044486,25.20751953125
6044560,21.05712890625
6044644,24.96337890625
6044674,26.18408203125
6044893,21.66748046875
6044990,25.57373046875
6045263,33.50830078125
6045318,22.8271484375
6045407,22.15576171875
6045459,21.91162109375
6045526,45.59326171875
6045619,22.88818359375
6045817,24.658203125
6045846,35.58349609375
6045983,21.6064453125
6046227,22.216796875
6046250,29.96826171875
6046553,21.484375
6046580,21.91162109375
6046814,26.55029296875
6047014,23.01025390625
6047272,21.1181640625
6275869,21.05712890625
6430850,24.658203125
6883130,30.21240234375
7464291,25.32958984375
7526491,21.484375
7745812,23.98681640625
7747471,21.1181640625
7774536,21.17919921875
8010187,22.03369140625
8113797,23.92578125
8148680,22.15576171875
8163804,21.05712890625
8223352,26.06201171875
8344711,21.3623046875
8612254,21.6064453125
8669828,22.15576171875
8841247,21.66748046875
8872124,22.0947265625
9290665,22.03369140625
9331109,23.4375
9341705,23.0712890625
9700109,21.484375
9720992,22.64404296875
9884312,22.76611328125
9900342,22.0947265625
9928773,23.86474609375
9989141,21.78955078125
10029798,22.8271484375
10044592,21.240234375
10081392,21.30126953125
10094375,23.49853515625
10113556,21.97265625
10120471,21.30126953125
10127262,25.7568359375
10137708,23.3154296875
10184825,23.25439453125
10222244,21.66748046875
10246508,22.94921875
10337758,21.78955078125
10367917,21.54541015625
10388884,22.4609375
10400497,22.27783203125
10522467,23.37646484375
10534436,21.30126953125
10570622,23.49853515625
10627935,22.88818359375
10657500,22.216796875
10668506,21.728515625
10723640,25.0244140625
10766447,22.39990234375
10775997,23.193359375
10783190,23.25439453125
10799639,21.240234375
10810524,21.66748046875
10858918,23.0712890625
10862689,21.17919921875
10892071,22.39990234375
10930041,21.728515625
10952631,22.52197265625
10964909,23.25439453125
11000010,22.52197265625
11004192,22.5830078125
11013911,29.47998046875
11023894,22.64404296875
11052036,23.0712890625
11076683,22.64404296875
11092921,24.90234375
11104109,21.8505859375
11119286,26.3671875
11137241,21.8505859375
11154984,21.484375
11187151,22.03369140625
11195304,23.62060546875
11200719,21.240234375
11208843,25.146484375
11214414,21.728515625
11219225,23.01025390625
11247995,22.52197265625
11260721,24.0478515625
11263497,21.728515625
11270125,25.32958984375
11274368,23.0712890625
11279815,22.64404296875
11293174,21.240234375
11308189,21.66748046875
11310986,21.1181640625
11330062,22.76611328125
11349824,21.54541015625
11398978,21.78955078125
11406807,21.30126953125
11411984,22.88818359375
11430618,21.05712890625
11433184,22.4609375
11437364,23.4375
11440858,22.64404296875
11553001,21.97265625
11575668,21.3623046875
11629322,21.66748046875
11638435,22.03369140625
11662809,21.1181640625
11678382,21.97265625
11894985,22.03369140625
