11998000,0
144236,16.9677734375
145080,22.27783203125
145164,17.15087890625
145235,19.4091796875
145287,17.822265625
145448,16.90673828125
145608,17.578125
146404,16.90673828125
148193,16.9677734375
539416,18.24951171875
539482,16.90673828125
539560,17.76123046875
539581,18.5546875
540373,19.287109375
541780,18.06640625
541827,18.00537109375
552061,17.15087890625
553230,17.39501953125
553322,19.8974609375
553367,19.34814453125
571247,17.9443359375
576717,16.9677734375
577255,17.333984375
578239,17.08984375
755053,16.9677734375
755565,17.822265625
755963,20.8740234375
756074,20.3857421875
756143,19.287109375
756156,17.76123046875
756260,17.27294921875
756334,17.2119140625
756875,18.49365234375
756988,17.02880859375
757091,17.578125
757635,17.51708984375
792115,17.88330078125
793734,17.39501953125
796232,18.98193359375
796291,18.85986328125
796310,18.4326171875
796432,16.90673828125
796563,17.76123046875
796588,21.30126953125
796655,17.7001953125
796775,19.04296875
837175,17.2119140625
854573,17.02880859375
855277,17.7001953125
856186,17.88330078125
857953,17.02880859375
870880,18.4326171875
871511,17.7001953125
874397,19.95849609375
878706,17.27294921875
892944,18.61572265625
893533,17.4560546875
894769,20.6298828125
894831,17.39501953125
894909,17.15087890625
894933,16.90673828125
895030,18.798828125
908879,17.822265625
910191,17.02880859375
911034,17.578125
912226,19.22607421875
937711,17.39501953125
945347,18.61572265625
949854,18.310546875
977332,17.333984375
1027948,17.2119140625
1029921,17.08984375
1033845,18.1884765625
1037960,18.12744140625
1071848,16.9677734375
1127529,17.08984375
1131862,16.9677734375
1143607,17.39501953125
1156790,17.333984375
1170420,17.333984375
1171440,17.7001953125
1172141,16.90673828125
1172992,17.333984375
1186843,17.76123046875
1188532,17.51708984375
1190508,18.00537109375
1190558,17.39501953125
1190700,19.4091796875
1190788,23.37646484375
1191654,19.22607421875
1212045,17.4560546875
1212455,19.04296875
1212655,18.37158203125
1744039,17.2119140625
1744191,20.81298828125
1744246,21.240234375
1745325,18.4326171875
1765667,17.333984375
1765829,19.6533203125
1766251,17.7001953125
1766268,17.4560546875
1766519,23.13232421875
1766554,18.4326171875
1766647,20.751953125
1766898,19.22607421875
1940872,18.12744140625
1955110,17.9443359375
1955352,17.4560546875
1955597,21.54541015625
1955617,22.27783203125
1955852,18.6767578125
1955939,16.90673828125
1956104,18.4326171875
1957069,23.4375
1990360,17.08984375
1995595,17.76123046875
2091201,17.15087890625
2091983,20.3857421875
2092068,19.04296875
2092094,17.333984375
2092140,18.4326171875
2093192,21.484375
2093601,16.9677734375
2118885,17.39501953125
2119889,18.12744140625
2120587,17.08984375
2120844,21.54541015625
2120883,17.63916015625
2121234,16.9677734375
2166406,18.1884765625
2189850,18.24951171875
2204494,18.06640625
2206584,17.9443359375
2206914,18.06640625
2209574,20.263671875
2222425,17.76123046875
2225620,18.5546875
2257851,18.798828125
2271889,17.76123046875
2287768,17.15087890625
2320540,16.9677734375
2364518,18.4326171875
2411678,18.798828125
2441728,17.51708984375
2453740,17.51708984375
2483678,17.822265625
2501241,17.02880859375
2512863,17.63916015625
2515118,17.15087890625
2547346,18.98193359375
2567574,16.9677734375
2582113,19.10400390625
2584378,16.9677734375
2584420,19.83642578125
2584538,19.47021484375
2586220,17.822265625
2607261,20.32470703125
2608793,17.9443359375
2610104,17.333984375
2658130,18.00537109375
2660087,16.9677734375
2836123,17.08984375
2926516,18.06640625
2974250,17.333984375
3026454,19.47021484375
3031103,17.27294921875
3031495,20.263671875
3031533,19.95849609375
3031544,17.15087890625
3032281,17.63916015625
3034182,17.15087890625
3053078,20.6298828125
3053240,17.08984375
3054148,19.4091796875
3054352,17.27294921875
3054919,17.333984375
3232263,17.333984375
3300105,20.751953125
3301348,17.27294921875
3301403,17.08984375
3301434,18.98193359375
3301625,18.49365234375
3301702,19.1650390625
3447160,16.90673828125
3447916,18.61572265625
3447971,18.1884765625
3448094,19.34814453125
3448152,21.8505859375
3448274,18.798828125
3448352,17.333984375
3477369,17.578125
3481059,17.2119140625
3529974,17.02880859375
3530594,18.00537109375
3531095,17.08984375
3534311,17.4560546875
3536380,17.2119140625
3560453,18.61572265625
3560859,16.90673828125
3561693,17.333984375
3565618,17.51708984375
3565757,20.69091796875
3565812,17.333984375
3565825,17.2119140625
3566238,17.15087890625
3566850,20.56884765625
3568528,17.4560546875
3601044,19.04296875
3605421,17.27294921875
3608279,18.798828125
3626417,17.578125
3649179,18.12744140625
3652915,16.9677734375
3673046,17.02880859375
3688371,16.90673828125
3690771,17.2119140625
3692236,17.08984375
3692801,16.90673828125
3701852,17.2119140625
3721665,19.10400390625
3742826,17.333984375
3760216,18.73779296875
3782359,17.51708984375
3784506,18.61572265625
3808901,16.9677734375
3820738,17.02880859375
3832678,17.578125
3858597,17.333984375
3881714,18.12744140625
3894336,17.2119140625
3905908,18.9208984375
3931977,16.90673828125
3937195,17.27294921875
3957494,17.08984375
3969579,19.59228515625
4055995,17.39501953125
4058932,18.49365234375
4080363,17.02880859375
4083865,22.216796875
4083938,17.88330078125
4083999,21.484375
4084204,17.02880859375
4085232,18.12744140625
4288235,18.00537109375
4295958,17.27294921875
4304282,18.12744140625
4330580,16.9677734375
4330606,19.47021484375
4330780,23.01025390625
4332691,17.63916015625
4350009,17.88330078125
4351313,18.49365234375
4351943,17.76123046875
4657954,18.24951171875
4689826,17.76123046875
4764885,16.90673828125
4765356,19.6533203125
4765528,21.8505859375
4765876,17.39501953125
4846377,18.98193359375
4885721,16.90673828125
4895499,19.83642578125
4905361,17.15087890625
4905884,18.49365234375
4927088,17.4560546875
4941721,17.2119140625
4942918,16.90673828125
4943259,17.4560546875
4967036,17.27294921875
4967320,17.15087890625
4967539,17.822265625
4993017,18.06640625
4995192,18.310546875
4995778,18.1884765625
5065802,17.08984375
5093800,17.27294921875
5137573,17.39501953125
5171668,16.90673828125
5219009,17.2119140625
5281239,17.27294921875
5282856,19.287109375
5341634,17.333984375
5370541,17.08984375
5382559,17.4560546875
5383016,18.798828125
5388280,17.333984375
5400337,17.9443359375
5410374,17.333984375
5413490,19.53125
5414942,18.49365234375
5437935,18.00537109375
5439074,17.51708984375
5442779,17.2119140625
5443194,18.06640625
5500171,17.2119140625
5501705,17.15087890625
5551684,16.9677734375
5552028,18.73779296875
5552835,18.1884765625
5678672,17.27294921875
5740745,17.4560546875
5742621,17.39501953125
5809342,18.00537109375
5829318,17.39501953125
5833211,17.2119140625
5854110,18.98193359375
5898173,17.2119140625
5950523,17.578125
5987112,17.4560546875
5988572,17.578125
5990732,21.8505859375
5991113,19.6533203125
6017553,17.15087890625
6043361,18.49365234375
6043554,18.37158203125
6043702,18.24951171875
6045743,17.08984375
6046680,20.1416015625
6169492,17.333984375
6242488,17.51708984375
6260297,17.27294921875
6296891,17.822265625
6424222,17.2119140625
6663714,17.51708984375
6711491,17.4560546875
6782616,17.7001953125
6791984,17.578125
7435556,17.4560546875
7570000,16.90673828125
7726300,18.06640625
7835499,16.90673828125
7944922,17.02880859375
7979298,17.27294921875
8267443,17.27294921875
8400359,17.39501953125
8436862,16.90673828125
8723034,18.49365234375
8946126,17.578125
9227013,17.4560546875
