11998000,0
145253,23.3154296875
145296,28.1982421875
145310,26.67236328125
145343,30.09033203125
145379,31.79931640625
145398,23.13232421875
145432,34.36279296875
145527,23.25439453125
145565,22.39990234375
145578,22.216796875
145613,24.169921875
145683,25.0244140625
145901,21.6064453125
146033,24.5361328125
146184,21.17919921875
146446,26.91650390625
146537,24.96337890625
146668,21.91162109375
146886,21.66748046875
147194,21.42333984375
539494,25.20751953125
539526,25.69580078125
539539,29.35791015625
539561,39.24560546875
539574,27.34375
539615,27.03857421875
539629,35.64453125
539664,21.54541015625
539686,23.01025390625
539742,24.71923828125
539781,25.0244140625
539807,25.69580078125
539835,24.35302734375
539970,24.35302734375
540004,22.39990234375
540074,26.06201171875
540488,21.91162109375
540502,23.86474609375
540853,22.88818359375
540963,21.3623046875
540987,24.4140625
541147,21.54541015625
541228,21.05712890625
541313,25.0244140625
553242,21.3623046875
553279,23.8037109375
553326,34.97314453125
553343,23.193359375
553382,23.25439453125
553395,25.32958984375
553431,23.13232421875
553538,21.78955078125
553560,22.39990234375
553656,24.35302734375
553777,23.193359375
553939,21.17919921875
554157,22.216796875
554610,25.32958984375
555000,25.69580078125
555383,21.240234375
756124,21.05712890625
756140,30.45654296875
756163,29.052734375
756204,25.81787109375
756215,27.34375
756260,26.30615234375
756306,29.84619140625
756323,21.17919921875
756348,23.193359375
756395,28.25927734375
756441,36.1328125
756565,22.88818359375
757155,21.91162109375
757182,24.0478515625
757390,28.3203125
757622,27.28271484375
757722,21.97265625
757932,24.35302734375
757973,24.35302734375
796408,27.7099609375
796430,23.98681640625
796454,24.7802734375
796478,24.23095703125
796508,29.4189453125
796535,28.86962890625
796556,23.3154296875
796604,37.04833984375
796622,26.85546875
796683,30.33447265625
796795,21.54541015625
796848,24.35302734375
797028,21.8505859375
797423,21.6064453125
797464,23.49853515625
797521,26.85546875
797625,23.5595703125
797955,23.25439453125
894736,23.681640625
894751,33.14208984375
894798,32.8369140625
894819,32.470703125
894837,27.099609375
894863,24.96337890625
894896,35.5224609375
894917,23.37646484375
894966,24.35302734375
894982,22.27783203125
895021,24.4140625
895095,21.728515625
895249,22.64404296875
895515,22.52197265625
895552,22.4609375
895777,23.01025390625
895812,22.52197265625
895996,23.3154296875
896048,21.240234375
896168,21.42333984375
896506,26.55029296875
896626,21.240234375
896979,21.17919921875
910726,22.15576171875
910810,24.35302734375
910842,22.52197265625
910854,22.5830078125
910904,30.82275390625
910926,24.658203125
910946,22.8271484375
910982,27.16064453125
911005,22.64404296875
911032,39.12353515625
911074,24.0478515625
911128,23.37646484375
911158,25.93994140625
911177,21.728515625
911205,21.97265625
911236,23.0712890625
911785,23.193359375
911946,21.8505859375
912038,21.05712890625
912094,24.90234375
912416,22.52197265625
912668,26.611328125
1190581,24.4140625
1190606,23.13232421875
1190632,37.841796875
1190661,24.59716796875
1190677,28.80859375
1190698,26.79443359375
1190713,28.1982421875
1190749,24.23095703125
1190786,30.09033203125
1190798,27.03857421875
1190810,36.43798828125
1190834,25.87890625
1190854,22.15576171875
1190872,23.3154296875
1190910,27.587890625
1191005,22.0947265625
1191026,21.54541015625
1191279,22.76611328125
1191512,22.76611328125
1191902,24.5361328125
1192327,21.17919921875
1193233,22.5830078125
1212493,35.58349609375
1212506,21.66748046875
1212537,23.01025390625
1212589,25.45166015625
1212640,21.8505859375
1212651,22.94921875
1212736,24.84130859375
1213015,24.169921875
1213652,23.37646484375
1213769,22.39990234375
1214031,22.88818359375
1744102,22.15576171875
1744112,29.84619140625
1744150,41.56494140625
1744176,24.96337890625
1744214,24.2919921875
1744225,25.32958984375
1744260,25.634765625
1744299,25.81787109375
1744322,28.6865234375
1744445,25.45166015625
1745500,21.66748046875
1746166,23.0712890625
1766414,22.15576171875
1766489,23.8037109375
1766504,22.52197265625
1766522,23.4375
1766601,21.1181640625
1766617,25.32958984375
1766647,23.25439453125
1766685,27.40478515625
1766704,23.13232421875
1766799,30.94482421875
1767018,25.146484375
1767051,21.484375
1767141,21.1181640625
1767716,23.8037109375
1955729,26.7333984375
1955756,25.45166015625
1955774,36.80419921875
1955792,26.18408203125
1955815,21.05712890625
1955840,27.89306640625
1955850,33.75244140625
1955868,29.11376953125
1955882,21.6064453125
1955934,31.6162109375
1955967,24.2919921875
1955988,21.97265625
1956022,22.5830078125
1956037,22.39990234375
1956060,24.10888671875
1956350,22.216796875
1956649,21.17919921875
1956776,21.1181640625
1957150,24.59716796875
1957318,21.1181640625
1957337,21.240234375
2092015,26.9775390625
2092026,34.7900390625
2092062,21.42333984375
2092075,22.94921875
2092123,25.87890625
2092156,21.8505859375
2092174,25.146484375
2092195,21.54541015625
2092216,21.30126953125
2092347,21.66748046875
2092509,25.2685546875
2092988,24.4140625
2093105,21.66748046875
2093768,21.97265625
2120948,21.97265625
2120966,27.099609375
2121006,22.216796875
2121034,27.34375
2121057,23.25439453125
2121097,22.15576171875
2121289,24.23095703125
2121308,24.658203125
2121369,24.2919921875
2121437,24.0478515625
2121503,23.92578125
2121529,21.66748046875
2121588,25.87890625
2121681,21.42333984375
2121854,24.658203125
2121976,22.15576171875
2122002,22.216796875
2122818,21.30126953125
2206860,26.123046875
2206878,36.19384765625
2206898,22.88818359375
2206922,31.8603515625
2206979,24.23095703125
2206994,28.3203125
2207047,26.18408203125
2207071,30.517578125
2207087,25.57373046875
2207259,21.97265625
2207282,31.25
2207306,22.5830078125
2207327,21.30126953125
2207464,21.1181640625
2207739,21.42333984375
2208095,22.52197265625
2208244,21.1181640625
2225119,21.42333984375
2225172,21.8505859375
2225249,25.81787109375
2225281,21.78955078125
2225314,29.541015625
2225329,21.728515625
2225370,23.3154296875
2225462,22.8271484375
2225514,22.39990234375
2225534,23.13232421875
2225701,22.705078125
2226041,30.517578125
2226143,22.39990234375
2226490,21.05712890625
2342875,21.17919921875
2584100,24.0478515625
2584124,30.1513671875
2584152,21.8505859375
2584181,26.06201171875
2584198,23.681640625
2584223,24.5361328125
2584296,23.681640625
2584325,22.4609375
2584613,22.4609375
2584869,21.240234375
2584890,21.54541015625
2584908,25.2685546875
2585433,22.76611328125
3031514,21.66748046875
3031589,22.8271484375
3031605,23.92578125
3031639,26.67236328125
3031689,25.634765625
3031756,31.31103515625
3031798,24.96337890625
3031882,22.8271484375
3031905,26.67236328125
3032244,23.37646484375
3032782,22.4609375
3032858,22.94921875
3033168,22.39990234375
3054050,21.728515625
3054071,29.052734375
3054122,28.50341796875
3054200,21.91162109375
3054223,24.0478515625
3054251,23.3154296875
3054303,25.87890625
3054334,22.03369140625
3054432,21.78955078125
3054481,22.8271484375
3054513,23.13232421875
3054884,21.6064453125
3055027,23.4375
3055420,22.94921875
3301487,23.681640625
3301505,21.484375
3301546,24.169921875
3301557,28.25927734375
3301572,24.90234375
3301582,29.72412109375
3301609,25.20751953125
3301637,28.9306640625
3301713,22.03369140625
3301730,22.94921875
3301795,23.74267578125
3301886,23.98681640625
3448112,22.4609375
3448123,24.7802734375
3448169,25.146484375
3448210,27.9541015625
3448237,21.91162109375
3448277,33.02001953125
3448290,21.97265625
3448334,22.5830078125
3448377,21.30126953125
3448404,24.84130859375
3448441,21.54541015625
3448476,25.08544921875
3448782,22.39990234375
3448865,21.78955078125
3449283,22.5830078125
3450310,21.728515625
3565708,21.1181640625
3565740,35.0341796875
3565771,29.11376953125
3565815,26.0009765625
3565830,21.17919921875
3565880,34.0576171875
3565943,32.77587890625
3566017,28.86962890625
3566700,21.240234375
3566985,21.6064453125
3567403,22.52197265625
3606124,21.240234375
3654863,25.2685546875
3654897,27.52685546875
3654916,26.611328125
3654933,33.75244140625
3654951,31.67724609375
3655001,26.4892578125
3655052,33.38623046875
3655084,25.7568359375
3655095,24.35302734375
3655151,21.30126953125
3655197,22.52197265625
3655837,23.8037109375
3656263,22.3388671875
4083839,26.55029296875
4083874,23.13232421875
4083898,22.4609375
4083916,22.03369140625
4083943,26.9775390625
4083962,27.77099609375
4083990,22.5830078125
4084004,22.216796875
4084014,22.4609375
4084184,21.42333984375
4330302,25.87890625
4330325,22.705078125
4330353,24.47509765625
4330416,27.77099609375
4330426,23.74267578125
4330458,26.0009765625
4330608,21.240234375
4330696,24.23095703125
4331276,21.17919921875
4331525,23.5595703125
4331613,23.62060546875
4331993,21.30126953125
4332221,22.5830078125
4351378,21.728515625
4351405,21.66748046875
4351446,31.8603515625
4351494,22.03369140625
4351515,25.08544921875
4351542,21.240234375
4351567,25.93994140625
4351647,27.34375
4351815,25.7568359375
4352745,21.91162109375
4765525,22.15576171875
4765552,22.4609375
4765579,27.83203125
4765616,24.23095703125
4765658,21.1181640625
4765668,26.3671875
4765710,28.6865234375
4765755,29.296875
4765953,21.1181640625
4765997,26.0009765625
4766219,22.03369140625
4766646,22.39990234375
4766757,24.47509765625
4766850,22.52197265625
4766869,21.17919921875
4767991,21.42333984375
4967492,21.3623046875
4967502,21.42333984375
4967544,35.33935546875
4967580,21.97265625
4967596,22.8271484375
4967608,25.69580078125
4967648,21.17919921875
4967696,28.74755859375
4967740,24.4140625
4967791,28.01513671875
4967827,21.42333984375
4967936,24.71923828125
4968090,22.0947265625
4968119,21.91162109375
4968961,22.76611328125
4969280,21.91162109375
4995270,21.6064453125
4995417,30.3955078125
4995567,21.91162109375
4995586,22.8271484375
4995602,28.74755859375
4995616,22.8271484375
4995694,21.17919921875
4995728,21.1181640625
4995769,21.484375
4995901,28.62548828125
4996057,22.94921875
5551366,27.099609375
5551384,23.193359375
5551554,21.78955078125
5551568,28.4423828125
5551591,25.08544921875
5551616,21.3623046875
5551712,21.30126953125
5990821,27.099609375
5990851,21.91162109375
5990892,22.39990234375
5990967,23.49853515625
6043357,34.36279296875
6043398,23.25439453125
6043426,28.25927734375
6043437,21.91162109375
6043463,21.97265625
6043504,21.66748046875
6043564,22.52197265625
6043587,22.03369140625
6043695,23.74267578125
