11998000,0
145363,26.91650390625
145398,30.94482421875
145474,23.0712890625
145561,24.10888671875
145614,22.39990234375
145634,29.541015625
145826,51.33056640625
145980,31.25
146108,34.85107421875
146366,42.3583984375
146533,26.0009765625
146731,33.87451171875
147101,34.66796875
147337,50.96435546875
147499,46.0205078125
147733,50.59814453125
147975,27.7099609375
539576,28.01513671875
539649,27.16064453125
539684,29.4189453125
539763,23.01025390625
539796,47.8515625
539860,21.6064453125
539906,45.41015625
539939,23.193359375
540039,48.15673828125
540137,26.4892578125
540195,43.51806640625
540260,23.25439453125
540491,22.705078125
540747,22.0947265625
540932,41.80908203125
540945,21.97265625
540989,23.3154296875
541118,54.6875
541270,44.49462890625
542913,37.17041015625
553336,21.728515625
553377,28.74755859375
553439,22.03369140625
553647,23.86474609375
553709,53.466796875
553735,27.52685546875
553901,45.95947265625
554222,54.87060546875
554362,23.25439453125
554604,53.3447265625
554684,21.97265625
555056,22.27783203125
555091,50.1708984375
555439,47.4853515625
556195,46.08154296875
756271,22.4609375
756304,32.16552734375
756347,27.28271484375
756471,24.2919921875
756502,49.8046875
756639,55.60302734375
756887,47.05810546875
757002,22.27783203125
757136,21.484375
757273,48.52294921875
757300,23.49853515625
757507,22.27783203125
757597,57.6171875
757762,62.255859375
757949,46.142578125
796526,28.6865234375
796598,22.8271484375
796621,23.8037109375
796735,54.01611328125
796752,26.611328125
796848,36.376953125
796939,65.36865234375
797170,39.00146484375
797187,21.728515625
797286,23.25439453125
797507,23.13232421875
797599,56.2744140625
797641,22.15576171875
797998,36.7431640625
798020,23.13232421875
798335,39.36767578125
798817,39.306640625
799277,40.22216796875
800056,49.31640625
894756,25.7568359375
894828,24.35302734375
894935,22.64404296875
894947,21.78955078125
895060,43.39599609375
895252,42.1142578125
895540,52.3681640625
895795,24.71923828125
895929,23.49853515625
895967,50.29296875
896338,51.3916015625
896762,43.76220703125
897063,60.302734375
897689,39.4287109375
898259,50.1708984375
910796,26.9775390625
910845,26.18408203125
910904,23.13232421875
910983,25.0244140625
911074,31.55517578125
911282,48.03466796875
911605,49.13330078125
911966,36.865234375
912204,23.13232421875
912474,50.4150390625
912664,27.9541015625
912985,55.5419921875
913593,35.888671875
1049111,23.01025390625
1190729,27.9541015625
1190747,30.517578125
1190896,21.8505859375
1190911,61.09619140625
1191052,51.45263671875
1191277,26.30615234375
1191326,48.583984375
1191457,25.0244140625
1191691,49.4384765625
1191722,28.74755859375
1192002,50.78125
1192303,49.98779296875
1192644,43.64013671875
1193243,46.38671875
1193677,36.4990234375
1194677,48.095703125
1212503,22.88818359375
1212544,23.86474609375
1212707,25.20751953125
1212800,27.77099609375
1212813,47.2412109375
1212879,25.2685546875
1212956,22.8271484375
1213036,24.0478515625
1213058,41.9921875
1213360,49.1943359375
1213646,25.390625
1213783,49.1943359375
1213912,26.30615234375
1214209,49.86572265625
1214890,47.79052734375
1215343,41.80908203125
1549231,25.390625
1550275,21.91162109375
1589366,23.4375
1602395,22.8271484375
1621096,21.484375
1631772,22.8271484375
1744119,22.216796875
1744155,31.79931640625
1744177,24.35302734375
1744237,23.3154296875
1744263,22.216796875
1744335,42.54150390625
1744524,51.69677734375
1744538,26.611328125
1744669,21.54541015625
1744729,50.96435546875
1745043,43.76220703125
1745144,26.42822265625
1745366,50.1708984375
1745382,25.87890625
1745565,22.52197265625
1745652,38.4521484375
1745665,24.7802734375
1745886,45.47119140625
1747126,35.82763671875
1748530,40.4052734375
1761534,21.91162109375
1766618,24.59716796875
1766634,24.2919921875
1766769,21.484375
1766799,32.04345703125
1766815,41.6259765625
1766989,46.81396484375
1767045,25.20751953125
1767141,23.98681640625
1767249,51.20849609375
1767665,52.978515625
1768081,51.1474609375
1768273,21.8505859375
1768517,39.12353515625
1768536,24.4140625
1768905,51.69677734375
1769678,44.49462890625
1781916,23.86474609375
1906784,23.01025390625
1926237,24.10888671875
1955816,29.60205078125
1955856,25.69580078125
1955915,25.32958984375
1955987,22.8271484375
1956090,22.27783203125
1956120,58.04443359375
1956154,21.54541015625
1956285,39.73388671875
1956481,51.81884765625
1956543,22.27783203125
1956794,49.49951171875
1956834,22.03369140625
1957202,27.16064453125
1957226,41.80908203125
1957562,21.91162109375
1957576,33.50830078125
1958032,44.677734375
1958419,30.33447265625
1958445,23.01025390625
1958928,52.55126953125
1959304,44.37255859375
1972671,22.03369140625
1975446,21.42333984375
1987382,23.25439453125
2011922,23.4375
2041703,22.4609375
2092143,25.69580078125
2092202,23.681640625
2092276,25.81787109375
2092365,55.60302734375
2092531,49.9267578125
2092830,51.1474609375
2092980,23.86474609375
2093180,39.73388671875
2093349,23.86474609375
2093513,37.90283203125
2093553,23.193359375
2093775,47.119140625
2093834,22.4609375
2093930,47.66845703125
2112310,21.78955078125
2121058,25.87890625
2121076,25.20751953125
2121140,24.658203125
2121211,31.43310546875
2121262,23.0712890625
2121377,54.38232421875
2121421,22.52197265625
2121621,48.88916015625
2122123,58.04443359375
2122331,21.78955078125
2122388,55.5419921875
2122435,21.91162109375
2122698,48.76708984375
2122802,23.62060546875
2122940,26.67236328125
2123064,46.32568359375
2123538,51.57470703125
2124318,47.18017578125
2140457,24.23095703125
2146484,23.37646484375
2147714,21.8505859375
2169889,26.611328125
2206917,30.09033203125
2206994,30.6396484375
2207056,35.70556640625
2207203,62.98828125
2207266,23.62060546875
2207382,50.47607421875
2207709,54.38232421875
2207775,25.45166015625
2208076,51.20849609375
2208108,26.18408203125
2208212,28.4423828125
2208403,49.6826171875
2208530,21.484375
2208671,46.5087890625
2208782,24.23095703125
2208914,46.08154296875
2208997,26.0009765625
2209117,45.8984375
2222500,22.76611328125
2225286,24.71923828125
2225380,22.0947265625
2225447,23.37646484375
2225510,52.8564453125
2225747,23.86474609375
2226176,45.34912109375
2226238,26.42822265625
2226489,24.71923828125
2226695,22.39990234375
2226767,34.0576171875
2227248,25.2685546875
2227514,38.818359375
2253053,23.5595703125
2283282,23.13232421875
2340760,22.0947265625
2354268,24.5361328125
2442341,21.78955078125
2458457,26.42822265625
2488404,23.92578125
2497512,21.484375
2509332,21.78955078125
2513162,28.1982421875
2584016,23.62060546875
2584155,22.15576171875
2584196,24.59716796875
2584233,24.658203125
2584244,31.31103515625
2584285,53.89404296875
2584344,21.42333984375
2584501,51.33056640625
2584580,23.49853515625
2584726,25.08544921875
2584746,51.025390625
2584916,26.18408203125
2585026,27.77099609375
2585071,57.67822265625
2585216,24.47509765625
2585318,51.45263671875
2585639,47.9736328125
2585980,48.33984375
2586221,42.724609375
2586366,44.3115234375
2600874,23.01025390625
2606208,26.611328125
2639421,24.96337890625
2657982,22.64404296875
2720483,23.4375
2738730,23.49853515625
2835061,23.37646484375
2869669,25.69580078125
2971368,22.3388671875
3031701,26.4892578125
3031713,21.484375
3031729,24.71923828125
3031746,25.390625
3031781,29.541015625
3031816,32.77587890625
3031878,28.6865234375
3031904,21.484375
3031934,41.93115234375
3031965,22.705078125
3032084,51.45263671875
3032322,53.5888671875
3032611,22.5830078125
3032677,50.84228515625
3032716,27.03857421875
3032942,28.01513671875
3033104,38.26904296875
3033119,31.8603515625
3033168,21.484375
3033302,21.66748046875
3033319,44.73876953125
3033346,28.076171875
3033469,45.10498046875
3033761,54.62646484375
3046217,25.87890625
3046752,21.78955078125
3048421,25.32958984375
3051936,22.5830078125
3054122,23.25439453125
3054184,27.7099609375
3054290,32.89794921875
3054301,31.55517578125
3054389,36.31591796875
3054399,22.64404296875
3054615,48.7060546875
3054906,51.69677734375
3055295,51.8798828125
3055711,33.8134765625
3056133,47.66845703125
3056751,45.166015625
3057902,44.86083984375
3068931,28.38134765625
3072961,22.15576171875
3075357,26.06201171875
3138216,27.52685546875
3140783,22.64404296875
3151325,22.52197265625
3164756,25.20751953125
3195337,27.4658203125
3202142,25.2685546875
3203961,25.0244140625
3210092,23.193359375
3232408,23.25439453125
3234029,23.4375
3289307,22.0947265625
3301538,24.4140625
3301588,23.98681640625
3301612,33.14208984375
3301689,28.076171875
3301754,25.45166015625
3301808,30.45654296875
3301896,47.42431640625
3302035,44.921875
3302237,46.2646484375
3302423,28.076171875
3302527,22.15576171875
3302614,49.1943359375
3302655,27.34375
3302869,49.25537109375
3303118,28.3203125
3303176,44.189453125
3303398,49.37744140625
3303465,22.64404296875
3303591,55.17578125
3303638,24.47509765625
3303746,46.2646484375
3303952,50.537109375
3305230,37.841796875
3318767,21.8505859375
3320771,21.97265625
3323510,23.62060546875
3324152,22.216796875
3448149,22.52197265625
3448229,26.06201171875
3448350,31.31103515625
3448425,22.216796875
3448458,54.19921875
3448643,44.921875
3448970,26.2451171875
3449002,50.9033203125
3449084,22.88818359375
3449178,24.2919921875
3449257,47.2412109375
3449321,28.38134765625
3449426,31.73828125
3449607,51.8798828125
3449725,32.16552734375
3449883,29.84619140625
3449929,44.677734375
3450223,53.40576171875
3450399,22.88818359375
3450469,54.19921875
3450695,44.189453125
3451311,50.4150390625
3452397,46.5087890625
3465743,28.13720703125
3470812,28.38134765625
3475294,25.146484375
3496440,23.92578125
3507954,23.5595703125
3519246,23.4375
3537985,28.25927734375
3565404,23.49853515625
3565757,24.4140625
3565810,28.74755859375
3565822,26.9775390625
3565881,39.4287109375
3565905,44.86083984375
3565953,30.029296875
3566040,49.74365234375
3566147,40.283203125
3566569,30.09033203125
3566632,38.63525390625
3566870,26.2451171875
3566995,30.70068359375
3567025,49.072265625
3567300,23.193359375
3567456,41.8701171875
3567486,21.484375
3567649,28.50341796875
3567766,52.001953125
3568034,23.98681640625
3568123,44.5556640625
3568332,47.91259765625
3568422,26.4892578125
3581707,21.484375
3582781,28.4423828125
3603923,24.71923828125
3654892,33.3251953125
3654997,22.15576171875
3655062,30.21240234375
3655100,41.748046875
3655137,28.076171875
3655277,41.6259765625
3655497,51.08642578125
3655832,32.28759765625
3655861,50.1708984375
3655933,21.91162109375
3656051,22.15576171875
3656212,27.34375
3656241,36.865234375
3656380,30.029296875
3656513,23.25439453125
3656600,52.001953125
3656675,22.39990234375
3656943,49.49951171875
3656982,29.60205078125
3657411,54.50439453125
3658211,46.7529296875
3678824,27.16064453125
3721283,27.16064453125
3750428,27.83203125
3783761,27.52685546875
3803156,26.91650390625
3845336,26.123046875
3847330,22.3388671875
3864859,24.4140625
3873378,23.98681640625
3874302,27.52685546875
3933941,24.2919921875
3935582,22.5830078125
3957670,23.37646484375
3958408,26.42822265625
4042845,28.74755859375
4083815,29.4189453125
4083845,22.5830078125
4083866,21.484375
4083892,28.3203125
4083957,22.52197265625
4084014,23.92578125
4084052,25.08544921875
4084097,50.10986328125
4084119,26.611328125
4084216,43.3349609375
4084422,49.31640625
4084578,27.40478515625
4084680,24.5361328125
4084715,39.6728515625
4084793,28.01513671875
4084908,23.4375
4085049,31.06689453125
4085150,42.8466796875
4085326,25.7568359375
4085417,51.26953125
4085438,23.13232421875
4085491,27.40478515625
4085591,41.32080078125
4085900,27.2216796875
4086228,48.76708984375
4086404,43.15185546875
4086756,48.583984375
4087475,26.0009765625
4101816,25.7568359375
4102372,28.80859375
4176420,29.1748046875
4187149,27.099609375
4206771,26.91650390625
4241236,27.40478515625
4251941,25.08544921875
4330214,39.24560546875
4330275,31.3720703125
4330308,28.80859375
4330360,27.2216796875
4330417,32.04345703125
4330499,24.7802734375
4330517,43.212890625
4330530,22.15576171875
4330562,26.55029296875
4330632,54.3212890625
4330732,48.9501953125
4330779,27.83203125
4331157,23.92578125
4331284,26.7333984375
4331411,28.6865234375
4331589,26.42822265625
4331630,54.19921875
4331739,36.376953125
4331870,45.83740234375
4332081,46.44775390625
4332158,22.3388671875
4332436,48.03466796875
4332602,48.03466796875
4332896,48.7060546875
4333326,40.283203125
4334134,46.44775390625
4351252,34.72900390625
4351447,24.59716796875
4351589,28.74755859375
4351650,26.91650390625
4351712,56.70166015625
4351751,22.4609375
4351946,43.15185546875
4352314,44.7998046875
4352676,49.560546875
4352901,28.564453125
4353043,45.10498046875
4353091,34.7900390625
4353432,49.8046875
4353487,31.25
4353967,41.07666015625
4354645,46.5087890625
4455475,28.9306640625
4456270,29.35791015625
4461541,24.2919921875
4466074,30.517578125
4622429,25.390625
4657429,24.90234375
4663490,23.86474609375
4693436,30.45654296875
4727647,30.21240234375
4765583,23.193359375
4765668,40.4052734375
4765737,32.04345703125
4765800,34.11865234375
4765866,49.9267578125
4765965,25.57373046875
4766055,42.05322265625
4766297,50.72021484375
4766499,30.6396484375
4766656,37.109375
4766716,42.05322265625
4766773,36.07177734375
4766969,24.0478515625
4766995,45.166015625
4767138,33.5693359375
4767317,23.98681640625
4767331,39.0625
4767461,38.57421875
4767489,29.84619140625
4767811,31.494140625
4768249,44.677734375
4768610,44.25048828125
4769439,44.677734375
4781453,24.658203125
4850942,26.7333984375
4886214,24.0478515625
4967608,25.81787109375
4967717,34.11865234375
4967778,32.28759765625
4967805,40.46630859375
4967984,48.40087890625
4968268,46.7529296875
4968452,24.84130859375
4968585,24.169921875
4968655,53.77197265625
4968676,31.6162109375
4968799,27.89306640625
4968900,29.23583984375
4969030,23.3154296875
4969092,45.22705078125
4969207,30.33447265625
4969313,52.79541015625
4969362,24.71923828125
4969543,27.03857421875
4969676,54.26025390625
4969829,29.72412109375
4969993,47.54638671875
4970375,48.33984375
4971295,41.19873046875
4984635,25.7568359375
4995521,32.958984375
4995614,32.958984375
4995696,39.97802734375
4995727,45.34912109375
4995767,24.90234375
4995851,36.7431640625
4995954,47.4853515625
4996315,45.2880859375
4996684,44.86083984375
4996913,30.45654296875
4997009,47.119140625
4997020,31.25
4997193,29.84619140625
4997272,47.7294921875
4997341,26.18408203125
4997518,43.27392578125
4997547,36.0107421875
4997660,43.76220703125
4997753,24.84130859375
4997912,32.8369140625
5099302,30.45654296875
5215295,26.123046875
5260656,25.634765625
5551534,34.7900390625
5551592,46.56982421875
5551641,33.447265625
5551699,32.77587890625
5551775,47.42431640625
5551913,50.84228515625
5552043,54.99267578125
5552144,30.1513671875
5552246,29.541015625
5552287,54.931640625
5552325,29.23583984375
5552404,27.4658203125
5552505,27.89306640625
5552606,36.80419921875
5552690,47.119140625
5552766,36.376953125
5552947,23.01025390625
5552995,50.47607421875
5553252,46.08154296875
5553274,22.216796875
5553584,47.30224609375
5553725,32.8369140625
5553890,46.44775390625
5554068,42.8466796875
5554235,46.142578125
5554549,44.3115234375
5554815,45.71533203125
5555386,38.14697265625
5639004,28.50341796875
5990609,42.8466796875
5990700,33.935546875
5990833,35.33935546875
5990910,57.55615234375
5990980,28.076171875
5991073,39.24560546875
5991264,50.29296875
5991517,53.52783203125
5991567,31.25
5991680,36.376953125
5991805,31.73828125
5991876,46.630859375
5991987,28.74755859375
5992069,45.59326171875
5992172,31.18896484375
5992427,30.029296875
5992495,47.119140625
5992598,30.57861328125
6043492,28.13720703125
6043597,33.63037109375
6043652,33.447265625
6043702,36.62109375
6043748,43.76220703125
6043777,28.6865234375
6043843,31.31103515625
6043969,45.83740234375
6044200,44.61669921875
6044332,28.74755859375
6044422,29.60205078125
6044543,47.119140625
6044561,43.02978515625
6044668,36.56005859375
6044828,28.13720703125
6045029,47.91259765625
6045050,38.9404296875
6045175,32.2265625
6045315,49.6826171875
6045706,39.00146484375
6046083,47.36328125
6046480,46.08154296875
6047088,49.13330078125
6048476,44.25048828125
6132446,31.1279296875
6190680,32.04345703125
6277112,30.1513671875
6429740,34.72900390625
6430259,27.89306640625
6661060,30.57861328125
8435238,26.7333984375
8449110,32.16552734375
8458671,27.7099609375
8467197,31.43310546875
8482160,29.96826171875
8484984,32.16552734375
8496947,34.423828125
8507136,35.58349609375
8510103,29.35791015625
8523505,27.28271484375
8550865,34.97314453125
8556207,28.01513671875
8573782,34.0576171875
8588573,39.55078125
8592599,35.15625
8697616,40.58837890625
8898059,40.83251953125
10087366,42.54150390625
10200230,36.376953125
10265513,38.51318359375
10289862,30.8837890625
10314915,41.44287109375
10349655,36.2548828125
10359124,40.10009765625
10367058,39.24560546875
10393181,35.7666015625
10403109,43.0908203125
10410565,32.5927734375
10412225,38.75732421875
10413112,35.21728515625
10414494,37.29248046875
10428696,37.353515625
10435022,32.71484375
10443169,38.818359375
10450331,36.43798828125
10458719,39.73388671875
10460897,36.1328125
10483176,38.9404296875
10500601,35.09521484375
10514454,40.95458984375
10520220,40.10009765625
10537056,34.3017578125
10548809,38.57421875
10566944,39.48974609375
10579135,34.60693359375
10587741,36.376953125
10594453,41.1376953125
10605622,33.447265625
10616654,38.57421875
10621901,37.41455078125
10628142,35.2783203125
10634643,31.67724609375
10641334,44.49462890625
10642414,46.0205078125
10651239,35.33935546875
10654406,32.77587890625
10672908,37.841796875
10689165,40.46630859375
10701151,35.33935546875
10705849,34.912109375
10712686,37.841796875
10716988,41.6259765625
10725727,37.109375
10727121,36.62109375
10731665,41.50390625
10739681,38.39111328125
10752457,38.4521484375
10758684,33.203125
10783522,41.015625
10786724,36.1328125
10798563,40.58837890625
10806829,36.1328125
10814513,39.12353515625
10822434,27.77099609375
10844744,31.6162109375
10851815,35.94970703125
10854521,35.09521484375
10859880,34.11865234375
10870198,37.90283203125
10883721,37.04833984375
10892206,36.4990234375
10893842,38.26904296875
10906794,34.60693359375
10918879,35.888671875
10929558,39.0625
10936385,37.78076171875
10941923,36.1328125
10949735,33.203125
10963624,40.71044921875
10969890,40.10009765625
10971008,36.2548828125
10980805,35.0341796875
10989201,36.07177734375
10991559,33.99658203125
10995010,41.1376953125
11000730,35.58349609375
11002483,38.14697265625
11004565,36.31591796875
11007857,42.236328125
11017500,36.80419921875
11021000,42.17529296875
11022274,32.28759765625
11033481,40.10009765625
11035915,33.447265625
11039480,30.82275390625
11043509,35.33935546875
11047284,35.82763671875
11052840,32.8369140625
11062883,42.724609375
11066723,36.31591796875
11068124,35.0341796875
11069072,36.7431640625
11080308,31.79931640625
11082835,33.8134765625
11088185,41.3818359375
11093490,32.8369140625
11095960,39.0625
11099560,34.0576171875
11104932,32.470703125
11108484,38.0859375
11111813,34.3017578125
11115922,36.62109375
11122207,38.0859375
11125357,36.62109375
11130928,36.19384765625
11132519,36.31591796875
11136473,36.376953125
11147997,34.66796875
11153475,35.64453125
11161518,35.94970703125
11164972,38.0859375
11166210,38.2080078125
11170680,36.9873046875
11173889,41.1376953125
11178144,39.97802734375
11181340,37.7197265625
11183290,34.85107421875
11185498,35.0341796875
11192267,38.51318359375
11194357,36.56005859375
11198280,40.10009765625
11199768,36.376953125
11201579,38.330078125
11202566,38.4521484375
11211299,39.0625
11214504,26.85546875
11217012,37.841796875
11224665,36.9873046875
11226356,39.306640625
11228056,33.63037109375
11229089,34.36279296875
11237443,38.2080078125
11238583,33.75244140625
11239882,31.73828125
11240852,38.87939453125
11241932,36.56005859375
11242937,41.80908203125
11245068,36.2548828125
11253714,40.52734375
11260884,32.5927734375
11262711,42.05322265625
11271588,40.58837890625
11272661,30.94482421875
11273675,33.26416015625
11275519,36.19384765625
11276336,39.97802734375
11284751,34.912109375
11289622,33.8134765625
11294174,36.68212890625
11299054,34.423828125
11305332,33.203125
11306427,35.21728515625
11311583,37.2314453125
11313173,33.69140625
11319735,40.95458984375
11324616,36.43798828125
11333575,35.33935546875
11339656,34.1796875
11343842,33.99658203125
11347871,43.3349609375
11350382,36.43798828125
11351437,34.7900390625
11352760,34.423828125
11362622,32.71484375
11363710,31.55517578125
11366785,36.2548828125
11372001,37.90283203125
11374651,33.935546875
11382201,34.423828125
11383646,38.2080078125
11384872,42.1142578125
11388351,38.02490234375
11389276,38.39111328125
11394632,36.376953125
11400984,35.7666015625
11404998,32.470703125
11409315,37.109375
11418766,33.87451171875
11421038,33.50830078125
11423901,31.18896484375
11425352,38.9404296875
11431309,41.68701171875
11438236,32.1044921875
11440314,38.26904296875
11443411,33.14208984375
11444228,41.32080078125
11444971,34.912109375
11445744,34.60693359375
11450808,34.5458984375
11461862,30.70068359375
11465787,34.66796875
11473248,32.8369140625
11475181,34.3017578125
11486959,36.07177734375
11488178,35.400390625
11488842,40.46630859375
11489604,36.376953125
11493250,33.14208984375
11496794,37.109375
11501275,34.1796875
11509358,35.09521484375
11517020,35.7666015625
11523101,28.1982421875
11524392,32.89794921875
11527926,33.3251953125
11529581,36.43798828125
11533337,37.353515625
11544913,34.48486328125
11554033,34.5458984375
11555447,32.2265625
11558078,34.3017578125
11562925,37.2314453125
11565415,29.96826171875
11566447,31.25
11569603,29.84619140625
11575145,28.13720703125
11579822,32.65380859375
11587104,32.40966796875
11590236,32.53173828125
11598859,31.18896484375
11600039,37.17041015625
11601710,29.35791015625
11607429,31.005859375
11613419,34.66796875
11618513,34.85107421875
11622468,37.7197265625
11625171,31.6162109375
11641768,29.541015625
11656116,31.79931640625
11659665,30.029296875
11660609,36.43798828125
11688959,33.3251953125
11693644,27.34375
11859404,29.541015625
