11999000,0
124083,52.6123046875
124136,74.40185546875
124180,58.28857421875
124407,52.55126953125
125765,63.90380859375
249568,55.419921875
249604,67.19970703125
249629,74.3408203125
249644,60.1806640625
249777,59.26513671875
249817,59.08203125
416050,76.171875
416086,55.419921875
416111,61.21826171875
416130,56.70166015625
589221,59.08203125
589241,51.94091796875
589272,68.90869140625
712420,71.83837890625
712452,79.52880859375
712463,60.05859375
712574,53.466796875
712613,56.09130859375
712699,53.1005859375
713483,60.72998046875
882816,53.3447265625
882845,64.94140625
882883,68.78662109375
882913,63.17138671875
1032120,60.791015625
1032167,60.6689453125
1032232,53.3447265625
1199624,52.55126953125
1199652,57.373046875
1199697,53.1005859375
1199725,56.5185546875
1199762,55.35888671875
1199794,53.955078125
1339023,54.87060546875
1339045,53.3447265625
1339066,52.490234375
1339110,59.99755859375
1339140,64.453125
1339159,68.115234375
1509457,52.55126953125
1509471,54.5654296875
1509501,56.70166015625
1509561,56.45751953125
1509598,66.22314453125
1509631,55.84716796875
1509706,52.3681640625
1659790,56.0302734375
1659826,51.94091796875
1659865,54.0771484375
1659883,66.58935546875
1659940,82.763671875
1660001,56.57958984375
1660039,58.89892578125
1803235,54.19921875
1803278,55.908203125
1803463,60.36376953125
1938901,55.7861328125
1938928,52.3681640625
1938945,52.978515625
1938957,89.66064453125
1939001,53.3447265625
1939021,89.53857421875
1939077,56.94580078125
1940468,53.22265625
2119561,69.091796875
2119636,61.21826171875
2119763,65.91796875
2321436,60.1806640625
2321460,56.0302734375
2321485,57.06787109375
2321521,59.9365234375
2321585,58.28857421875
2321659,56.884765625
2323157,51.94091796875
2451222,62.56103515625
2451253,61.46240234375
2451271,53.64990234375
2451308,59.814453125
2451324,62.07275390625
2451358,54.3212890625
2636673,53.28369140625
2636734,52.734375
2636791,55.60302734375
2636837,53.5888671875
2636885,55.11474609375
2636909,63.53759765625
2662440,54.3212890625
2662450,64.14794921875
2662498,61.95068359375
2817293,55.96923828125
2817328,53.1005859375
2817401,58.53271484375
2817461,53.64990234375
2817601,52.490234375
2817752,56.5185546875
2969557,54.931640625
2969635,53.8330078125
2969649,73.1201171875
2970166,53.16162109375
3115545,52.978515625
3115574,53.7109375
3115588,68.05419921875
3115601,66.162109375
3115615,61.70654296875
3115653,54.13818359375
3115783,63.41552734375
3270221,68.17626953125
3270277,54.0771484375
3270322,74.52392578125
3270374,53.7109375
3270411,52.91748046875
3430253,54.38232421875
3430276,70.3125
3430313,67.07763671875
3430392,55.908203125
3430441,58.53271484375
3596085,61.46240234375
3596096,71.71630859375
3596109,67.7490234375
3596136,52.24609375
3596169,69.15283203125
3596200,61.34033203125
3596228,58.77685546875
3596242,57.861328125
3780463,67.7490234375
3780482,57.80029296875
3780537,66.58935546875
3780616,69.3359375
3805093,54.62646484375
3805214,64.453125
3994019,55.60302734375
3994048,55.96923828125
3994188,60.791015625
3995608,54.87060546875
4159353,57.2509765625
4159441,53.52783203125
4159472,53.52783203125
4159486,55.84716796875
4159573,53.16162109375
4184378,68.84765625
4184986,52.001953125
4371527,56.396484375
4371545,55.6640625
4371595,62.68310546875
4371637,67.32177734375
4371711,52.67333984375
4373906,52.1240234375
4545166,54.19921875
4545192,56.640625
4545296,53.955078125
4676962,54.87060546875
4676979,60.60791015625
4676994,52.6123046875
4677063,52.30712890625
4677085,66.71142578125
4677136,61.6455078125
4813746,52.3681640625
4813759,57.67822265625
4813777,65.673828125
4813820,57.7392578125
4813923,61.21826171875
4813946,63.1103515625
4922992,53.52783203125
4923023,62.98828125
4923056,58.41064453125
4923128,63.3544921875
4924528,52.42919921875
5061282,52.06298828125
5061331,60.05859375
5061366,56.33544921875
5061534,57.67822265625
5152081,52.3681640625
5152131,52.001953125
5152141,55.96923828125
5152249,65.00244140625
5152279,57.4951171875
5152973,56.09130859375
5176531,52.06298828125
5176613,54.443359375
5283976,60.72998046875
5396922,52.3681640625
5396965,53.5888671875
5399116,53.7109375
5543464,53.64990234375
5543484,66.7724609375
5543513,56.82373046875
5543552,68.603515625
5740436,57.67822265625
5886445,52.30712890625
5886519,52.734375
5986013,63.3544921875
5986023,62.5
5986049,80.9326171875
6115385,59.2041015625
6115441,53.1005859375
6115463,71.35009765625
6115481,56.15234375
6115526,53.52783203125
6115580,62.01171875
6220266,52.3681640625
6220294,52.91748046875
6220338,58.04443359375
6220379,53.03955078125
6250548,65.49072265625
6390653,65.5517578125
6390678,55.908203125
6390698,60.546875
6390760,54.5654296875
6532569,60.791015625
6532604,56.45751953125
6532646,53.7109375
6532689,58.89892578125
6532755,56.45751953125
6532894,52.1240234375
6556883,55.5419921875
6756728,60.546875
6756778,55.5419921875
6756877,56.21337890625
6757053,55.11474609375
6963378,55.17578125
6963408,61.5234375
6963511,64.14794921875
6963541,53.22265625
6963585,58.59375
7238199,54.931640625
7238311,54.87060546875
7238333,53.1005859375
7433134,58.65478515625
7433229,62.3779296875
7433256,65.61279296875
7433444,53.3447265625
7531901,58.2275390625
7531961,56.57958984375
7532062,74.52392578125
7587036,63.4765625
7587216,55.2978515625
7587290,60.4248046875
7784852,52.001953125
7784907,53.77197265625
7784931,57.6171875
7784981,64.94140625
7785002,52.001953125
7803163,52.490234375
7803218,60.48583984375
7916078,63.17138671875
7916119,52.6123046875
8025532,58.349609375
8025593,52.1240234375
8025607,63.78173828125
8025666,58.59375
8043158,61.03515625
8043349,52.001953125
8190199,68.54248046875
8190244,54.26025390625
8190268,58.59375
8316617,54.99267578125
8316722,53.77197265625
8316777,64.27001953125
8336092,55.0537109375
8336143,61.767578125
8520053,56.884765625
8520064,55.17578125
8520161,59.4482421875
8520208,56.82373046875
8593212,55.17578125
8593279,59.326171875
8593415,58.59375
8712407,63.5986328125
8712431,59.4482421875
8712497,57.4951171875
8730483,53.955078125
8730600,66.2841796875
8908362,57.43408203125
8908451,58.10546875
9088124,59.38720703125
9088176,71.8994140625
9088202,65.97900390625
9088234,59.9365234375
9218737,58.7158203125
9218774,64.94140625
9218912,56.70166015625
9484653,59.326171875
9484701,61.34033203125
9484718,55.419921875
9734767,57.06787109375
9734791,63.5986328125
9734802,53.52783203125
9734835,52.18505859375
9734855,80.4443359375
9734932,53.3447265625
9734976,59.9365234375
9852495,60.05859375
9852545,56.33544921875
9852563,65.00244140625
9852676,59.08203125
9937359,52.001953125
9937406,55.11474609375
9937490,54.62646484375
9937548,54.01611328125
10073197,58.9599609375
10073281,54.74853515625
10073305,56.0302734375
10073473,52.001953125
10164830,60.4248046875
10164861,59.5703125
10164923,54.6875
10281313,52.67333984375
10281402,56.82373046875
10281448,52.67333984375
10281566,55.48095703125
10403241,56.33544921875
10403255,75.13427734375
10403280,59.87548828125
10403314,54.74853515625
10422940,57.18994140625
10637269,56.33544921875
10637309,53.466796875
10770237,55.96923828125
10770250,54.443359375
10770357,58.16650390625
10914454,54.62646484375
10914497,59.14306640625
10914520,68.29833984375
11101189,52.18505859375
11101286,63.29345703125
11261375,53.7109375
11261418,66.40625
11261474,59.9365234375
11349451,61.4013671875
11349534,57.06787109375
11492018,54.13818359375
11582903,55.23681640625
11582975,55.17578125
11583043,55.11474609375
11583056,52.67333984375
11583090,60.1806640625
11583401,56.640625
11729293,53.40576171875
11729404,53.28369140625
11938132,57.43408203125
11938160,59.08203125
