11999000,0
123843,41.68701171875
123889,43.0908203125
123915,51.6357421875
123960,71.35009765625
123987,42.724609375
124008,87.21923828125
124037,138.916015625
124054,119.5068359375
124069,90.9423828125
124097,65.0634765625
124107,50.4150390625
124117,82.763671875
124136,81.9091796875
124152,80.38330078125
124165,85.63232421875
124186,62.19482421875
124249,50.59814453125
124276,41.56494140625
124301,50.29296875
124371,48.52294921875
124413,49.98779296875
124437,44.5556640625
124618,42.236328125
124931,44.86083984375
125616,43.39599609375
125765,44.12841796875
126027,41.8701171875
126060,49.98779296875
126147,46.69189453125
126204,44.677734375
126243,42.8466796875
126343,48.76708984375
126613,47.42431640625
127104,41.68701171875
249403,53.16162109375
249451,43.15185546875
249464,58.89892578125
249489,87.95166015625
249506,89.9658203125
249539,74.8291015625
249555,180.5419921875
249584,75.86669921875
249602,75.25634765625
249633,99.4873046875
249644,60.546875
249678,43.9453125
249700,96.49658203125
249738,46.81396484375
249767,42.41943359375
249793,70.98388671875
249841,42.1142578125
249853,44.86083984375
249894,62.19482421875
249962,45.5322265625
250036,45.5322265625
250131,47.42431640625
250258,44.5556640625
250802,45.83740234375
250962,43.701171875
251210,49.49951171875
251292,40.95458984375
251429,40.771484375
251504,41.07666015625
251636,52.978515625
251838,42.3583984375
251886,49.37744140625
252149,40.71044921875
252186,47.36328125
252249,41.3818359375
252275,48.583984375
252292,43.5791015625
252558,47.8515625
415761,47.30224609375
415908,44.189453125
415941,44.0673828125
415955,54.74853515625
415986,71.59423828125
416061,98.57177734375
416073,46.44775390625
416094,47.119140625
416112,78.7353515625
416138,55.96923828125
416162,68.603515625
416174,47.119140625
416197,41.9921875
416240,43.15185546875
416306,60.72998046875
416319,45.10498046875
416355,50.537109375
416382,48.9501953125
416403,45.10498046875
416529,56.15234375
417612,41.80908203125
417787,41.07666015625
417834,40.71044921875
417949,43.9453125
418094,43.88427734375
418146,49.86572265625
418240,41.3818359375
418327,58.59375
418344,53.52783203125
418514,51.8798828125
418600,41.748046875
418766,42.1142578125
419210,40.8935546875
589022,47.05810546875
589097,51.513671875
589112,48.15673828125
589141,99.79248046875
589163,69.76318359375
589176,134.09423828125
589190,136.29150390625
589219,69.27490234375
589229,59.63134765625
589248,85.8154296875
589262,82.275390625
589279,61.70654296875
589296,40.83251953125
589314,80.38330078125
589327,61.46240234375
589340,56.7626953125
589359,51.33056640625
589389,48.27880859375
589418,42.1142578125
589441,43.5791015625
589503,53.64990234375
589678,44.3115234375
589765,42.29736328125
590897,41.1376953125
591011,41.259765625
591119,48.40087890625
591223,46.32568359375
591456,66.34521484375
591648,41.015625
591707,43.212890625
591936,40.71044921875
592231,43.3349609375
712135,51.26953125
712200,45.47119140625
712226,51.7578125
712247,55.96923828125
712274,64.14794921875
712305,54.26025390625
712317,65.5517578125
712340,183.2275390625
712355,105.46875
712380,55.7861328125
712402,66.22314453125
712427,80.078125
712445,106.62841796875
712462,54.443359375
712491,56.45751953125
712518,81.6650390625
712544,79.65087890625
712555,50.72021484375
712584,41.19873046875
712603,48.2177734375
712647,45.0439453125
712674,68.17626953125
712715,41.93115234375
712794,42.41943359375
712859,43.02978515625
713035,44.5556640625
713046,44.5556640625
714078,45.59326171875
714296,41.50390625
714365,49.74365234375
714479,41.259765625
714679,42.66357421875
714820,47.05810546875
714908,43.9453125
715037,42.724609375
734572,45.41015625
882599,53.77197265625
882642,60.4248046875
882673,44.7998046875
882719,79.28466796875
882735,46.7529296875
882752,73.8525390625
882766,99.365234375
882777,115.6005859375
882801,72.32666015625
882817,112.97607421875
882850,104.6142578125
882868,108.7646484375
882878,43.39599609375
882896,88.8671875
882920,104.1259765625
882939,72.93701171875
882959,66.34521484375
882983,58.349609375
882996,44.43359375
883009,47.30224609375
883035,58.2275390625
883072,43.8232421875
883092,55.17578125
883126,48.03466796875
883233,43.0908203125
883459,44.7998046875
884238,40.71044921875
884273,46.0205078125
884360,42.8466796875
884426,47.36328125
884453,41.80908203125
884553,54.0771484375
884607,46.2646484375
884644,65.91796875
884787,41.44287109375
884890,43.3349609375
884933,47.91259765625
885098,46.69189453125
885365,51.1474609375
885408,44.3115234375
885646,41.9921875
1029889,43.0908203125
1031900,46.2646484375
1032008,43.8232421875
1032028,60.4248046875
1032053,90.63720703125
1032071,53.03955078125
1032084,86.7919921875
1032125,102.60009765625
1032139,111.14501953125
1032177,68.17626953125
1032209,62.744140625
1032219,58.53271484375
1032240,51.7578125
1032251,143.61572265625
1032272,83.92333984375
1032300,51.26953125
1032326,56.09130859375
1032340,49.25537109375
1032383,45.59326171875
1032415,45.8984375
1032494,41.07666015625
1032730,43.3349609375
1032863,42.66357421875
1033466,43.27392578125
1033644,51.81884765625
1033656,48.2177734375
1033788,58.59375
1033866,50.72021484375
1033886,47.2412109375
1034058,47.30224609375
1034089,40.83251953125
1034131,43.27392578125
1034203,58.04443359375
1034335,41.6259765625
1034410,41.44287109375
1034569,44.3115234375
1034612,41.68701171875
1034643,44.37255859375
1034784,44.00634765625
1034870,41.93115234375
1199402,44.43359375
1199491,45.0439453125
1199527,64.63623046875
1199544,66.7724609375
1199577,78.67431640625
1199594,56.45751953125
1199622,98.6328125
1199650,127.74658203125
1199664,70.86181640625
1199692,72.3876953125
1199711,100.830078125
1199740,110.04638671875
1199784,66.22314453125
1199806,72.021484375
1199826,43.88427734375
1199844,45.654296875
1199866,46.32568359375
1199881,46.630859375
1199931,52.55126953125
1199970,42.29736328125
1200020,45.654296875
1200059,43.8232421875
1200212,42.724609375
1200290,47.4853515625
1200331,56.884765625
1200641,48.40087890625
1201019,53.52783203125
1201196,50.84228515625
1201400,49.74365234375
1201735,41.80908203125
1201764,49.31640625
1201846,45.71533203125
1201940,43.27392578125
1202054,48.40087890625
1202252,53.40576171875
1202285,41.56494140625
1238177,43.15185546875
1338685,46.69189453125
1338879,42.96875
1338907,43.64013671875
1338955,53.16162109375
1338972,73.974609375
1338990,146.78955078125
1339004,79.58984375
1339035,86.73095703125
1339045,77.81982421875
1339077,89.17236328125
1339102,98.20556640625
1339116,62.43896484375
1339126,40.8935546875
1339162,89.53857421875
1339191,62.255859375
1339214,46.20361328125
1339239,74.76806640625
1339253,58.77685546875
1339324,61.4013671875
1339356,41.56494140625
1339546,43.15185546875
1340296,53.03955078125
1340479,48.15673828125
1340574,41.50390625
1340895,44.43359375
1341112,45.47119140625
1341179,44.98291015625
1341303,44.73876953125
1341338,42.6025390625
1341527,54.26025390625
1509254,42.8466796875
1509287,43.51806640625
1509319,59.38720703125
1509352,56.21337890625
1509384,117.7978515625
1509396,132.4462890625
1509423,130.37109375
1509439,58.65478515625
1509451,125.3662109375
1509476,54.38232421875
1509502,113.46435546875
1509532,71.83837890625
1509552,55.0537109375
1509582,104.55322265625
1509605,59.63134765625
1509624,47.91259765625
1509658,74.5849609375
1509680,53.1005859375
1509728,64.8193359375
1509805,59.26513671875
1509897,50.537109375
1509925,46.69189453125
1510022,47.607421875
1510688,40.83251953125
1510971,42.724609375
1511140,50.9033203125
1511191,48.27880859375
1511202,44.73876953125
1511326,55.84716796875
1511566,43.88427734375
1511598,45.2880859375
1511766,41.32080078125
1511793,48.52294921875
1659576,41.015625
1659637,40.71044921875
1659692,43.39599609375
1659720,41.68701171875
1659754,104.67529296875
1659776,95.64208984375
1659797,82.58056640625
1659816,56.396484375
1659840,100.76904296875
1659851,55.419921875
1659876,63.96484375
1659890,109.06982421875
1659903,65.73486328125
1659922,112.24365234375
1659937,77.57568359375
1659955,68.359375
1659969,78.61328125
1660005,74.89013671875
1660062,49.25537109375
1660100,41.6259765625
1660125,53.16162109375
1660146,42.724609375
1660333,42.48046875
1660405,50.6591796875
1661234,46.93603515625
1661310,45.0439453125
1661374,45.10498046875
1661414,40.95458984375
1661476,45.22705078125
1661492,45.41015625
1661558,42.3583984375
1661688,50.4150390625
1661813,41.015625
1661844,56.45751953125
1661866,49.13330078125
1662039,56.82373046875
1662120,49.560546875
1662250,42.96875
1662280,47.36328125
1662649,41.68701171875
1803035,42.17529296875
1803072,45.2880859375
1803087,42.8466796875
1803098,86.36474609375
1803123,64.5751953125
1803151,57.6171875
1803161,44.3115234375
1803195,85.9375
1803223,117.00439453125
1803253,67.56591796875
1803272,92.71240234375
1803283,60.6689453125
1803311,49.49951171875
1803322,92.22412109375
1803345,79.9560546875
1803382,67.68798828125
1803401,60.1806640625
1803413,82.51953125
1803472,53.955078125
1803537,56.2744140625
1803593,43.88427734375
1803690,51.025390625
1803916,42.90771484375
1804533,49.74365234375
1804695,42.54150390625
1804791,41.748046875
1804926,48.76708984375
1805094,48.03466796875
1805180,48.64501953125
1805274,43.76220703125
1805601,51.94091796875
1938726,46.0205078125
1938793,68.359375
1938814,120.361328125
1938826,77.08740234375
1938856,95.76416015625
1938876,75.3173828125
1938894,72.69287109375
1938907,128.662109375
1938921,46.7529296875
1938932,78.0029296875
1938964,56.2744140625
1938974,88.8671875
1939001,65.49072265625
1939020,111.51123046875
1939047,53.1005859375
1939059,72.998046875
1939141,44.73876953125
1939172,44.73876953125
1939199,57.06787109375
1939233,43.0908203125
1939278,42.90771484375
1939294,54.443359375
1939309,43.02978515625
1939448,43.701171875
1939621,42.236328125
1940401,43.39599609375
1940427,41.015625
1940542,43.8232421875
1940561,42.41943359375
1940794,41.07666015625
1941270,41.19873046875
1941326,45.654296875
1941728,43.5791015625
2119446,70.12939453125
2119471,88.134765625
2119493,89.05029296875
2119519,101.4404296875
2119543,93.20068359375
2119566,106.0791015625
2119579,73.3642578125
2119590,41.56494140625
2119600,54.6875
2119621,61.70654296875
2119639,68.78662109375
2119675,56.640625
2119695,53.16162109375
2119714,73.66943359375
2119776,60.60791015625
2119810,44.25048828125
2119830,48.40087890625
2119894,60.72998046875
2119999,42.66357421875
2120096,43.88427734375
2120170,41.07666015625
2120868,45.47119140625
2121000,45.59326171875
2121286,53.52783203125
2121352,45.7763671875
2121511,43.212890625
2121550,41.80908203125
2121661,43.51806640625
2122356,44.12841796875
2321276,52.91748046875
2321306,48.64501953125
2321363,51.513671875
2321381,48.583984375
2321394,71.044921875
2321427,105.65185546875
2321444,101.318359375
2321463,100.40283203125
2321482,59.4482421875
2321510,54.19921875
2321524,58.4716796875
2321540,68.359375
2321571,57.2509765625
2321584,75.62255859375
2321603,70.556640625
2321645,64.39208984375
2321703,50.9033203125
2321756,49.86572265625
2321825,46.38671875
2322104,51.69677734375
2322191,42.54150390625
2322917,42.78564453125
2322940,48.9501953125
2323018,46.81396484375
2323304,41.80908203125
2323520,56.33544921875
2323569,43.64013671875
2323724,42.66357421875
2324096,40.771484375
2451054,42.05322265625
2451075,54.13818359375
2451131,55.908203125
2451149,62.8662109375
2451188,99.365234375
2451208,138.48876953125
2451229,130.43212890625
2451257,81.84814453125
2451279,138.916015625
2451294,100.5859375
2451311,98.93798828125
2451334,46.81396484375
2451344,45.7763671875
2451364,73.42529296875
2451384,83.251953125
2451417,58.04443359375
2451451,53.16162109375
2451516,62.19482421875
2451554,49.74365234375
2451619,63.78173828125
2451673,48.583984375
2451704,44.86083984375
2452647,43.212890625
2452662,42.05322265625
2452824,56.640625
2452848,45.654296875
2452998,44.189453125
2453011,44.189453125
2453093,45.59326171875
2453134,42.6025390625
2453177,42.66357421875
2453387,41.80908203125
2453412,43.212890625
2453474,41.015625
2453530,44.49462890625
2454015,42.78564453125
2636428,42.41943359375
2636538,42.05322265625
2636550,53.64990234375
2636574,69.580078125
2636599,59.6923828125
2636627,73.79150390625
2636659,148.37646484375
2636679,89.78271484375
2636704,81.54296875
2636720,136.04736328125
2636739,74.0966796875
2636758,99.54833984375
2636770,40.71044921875
2636808,46.38671875
2636830,100.40283203125
2636846,51.69677734375
2636871,55.419921875
2636897,64.51416015625
2636950,44.3115234375
2637056,45.95947265625
2637139,44.677734375
2637868,42.41943359375
2638089,42.05322265625
2638296,44.0673828125
2638475,42.6025390625
2638487,53.52783203125
2638613,58.41064453125
2638639,41.07666015625
2638666,42.17529296875
2639002,49.62158203125
2639200,42.8466796875
2639222,48.40087890625
2639548,45.654296875
2662119,44.61669921875
2662169,45.5322265625
2662205,42.66357421875
2662222,55.72509765625
2662247,43.39599609375
2662280,54.62646484375
2662290,76.84326171875
2662318,88.68408203125
2662331,117.3095703125
2662356,69.64111328125
2662371,64.5751953125
2662400,50.29296875
2662426,111.81640625
2662438,67.56591796875
2662474,81.4208984375
2662484,72.32666015625
2662502,67.5048828125
2662527,43.51806640625
2662575,51.45263671875
2662616,53.28369140625
2662650,67.56591796875
2662692,75.25634765625
2662771,44.25048828125
2662801,42.05322265625
2662830,41.32080078125
2662884,41.015625
2663004,41.259765625
2663072,46.875
2663158,42.29736328125
2663195,42.54150390625
2663211,44.49462890625
2663646,40.8935546875
2663669,43.02978515625
2663715,45.22705078125
2663800,55.419921875
2663829,44.677734375
2663874,43.45703125
2664071,41.80908203125
2664192,45.2880859375
2664432,51.20849609375
2664705,45.5322265625
2665055,41.50390625
2816962,43.3349609375
2817079,41.8701171875
2817127,43.0908203125
2817139,42.1142578125
2817169,43.0908203125
2817184,43.88427734375
2817204,44.3115234375
2817217,60.97412109375
2817230,65.97900390625
2817243,58.04443359375
2817267,104.30908203125
2817285,132.62939453125
2817318,104.1259765625
2817345,67.32177734375
2817362,64.5751953125
2817376,60.97412109375
2817399,47.9736328125
2817412,54.87060546875
2817430,45.5322265625
2817446,66.89453125
2817488,73.79150390625
2817506,41.56494140625
2817555,53.22265625
2817572,49.98779296875
2817592,56.21337890625
2817605,49.62158203125
2817814,42.6025390625
2817868,41.6259765625
2818773,51.8798828125
2819135,47.05810546875
2819173,42.1142578125
2819426,46.7529296875
2819883,42.724609375
2855821,43.64013671875
2969292,44.12841796875
2969330,41.748046875
2969347,44.37255859375
2969384,43.701171875
2969399,67.5048828125
2969420,77.1484375
2969447,90.4541015625
2969462,77.57568359375
2969475,47.607421875
2969493,106.3232421875
2969512,50.84228515625
2969529,64.39208984375
2969540,86.73095703125
2969556,68.84765625
2969566,50.4150390625
2969581,75.50048828125
2969607,75.50048828125
2969617,49.25537109375
2969646,51.3916015625
2969669,45.34912109375
2969681,48.52294921875
2969708,69.88525390625
2969727,54.13818359375
2969771,62.1337890625
2969798,80.87158203125
2969823,44.00634765625
2969908,60.546875
2969995,48.52294921875
2970079,42.05322265625
2970947,44.00634765625
2971056,43.51806640625
2971778,61.58447265625
2971807,46.08154296875
2971967,41.93115234375
2984088,41.68701171875
3115230,46.142578125
3115283,54.0771484375
3115353,51.7578125
3115397,51.45263671875
3115419,63.29345703125
3115429,53.77197265625
3115449,94.6044921875
3115464,66.5283203125
3115484,72.44873046875
3115519,155.57861328125
3115544,58.28857421875
3115564,76.2939453125
3115589,67.87109375
3115599,59.4482421875
3115633,69.4580078125
3115649,49.25537109375
3115670,57.6171875
3115727,51.6357421875
3115751,47.36328125
3115811,48.095703125
3115848,46.81396484375
3116020,55.11474609375
3116206,42.41943359375
3116249,45.8984375
3116350,41.1376953125
3117124,43.701171875
3117310,49.13330078125
3117776,51.81884765625
3270087,48.03466796875
3270116,42.29736328125
3270137,48.64501953125
3270148,54.62646484375
3270179,106.50634765625
3270190,132.26318359375
3270206,101.62353515625
3270231,88.2568359375
3270264,82.1533203125
3270293,114.3798828125
3270306,80.13916015625
3270331,82.3974609375
3270348,47.7294921875
3270362,79.28466796875
3270389,73.2421875
3270400,74.76806640625
3270422,70.37353515625
3270448,43.64013671875
3270489,46.630859375
3271489,43.27392578125
3271655,43.51806640625
3272211,44.3115234375
3272597,41.07666015625
3429636,44.921875
3430088,43.45703125
3430098,44.677734375
3430126,63.232421875
3430161,84.16748046875
3430177,111.75537109375
3430195,89.35546875
3430216,91.064453125
3430235,68.29833984375
3430245,55.35888671875
3430265,74.462890625
3430283,73.30322265625
3430298,87.34130859375
3430325,50.59814453125
3430343,54.38232421875
3430353,84.89990234375
3430372,70.37353515625
3430413,53.16162109375
3430471,50.537109375
3430483,49.01123046875
3430547,43.8232421875
3430569,53.955078125
3430862,41.32080078125
3431007,46.20361328125
3431813,44.00634765625
3431866,47.4853515625
3431901,46.32568359375
3431952,41.9921875
3432152,49.1943359375
3432223,47.66845703125
3432554,44.5556640625
3433054,40.8935546875
3595945,42.66357421875
3595972,60.48583984375
3595982,43.02978515625
3596014,50.78125
3596038,113.70849609375
3596051,95.21484375
3596080,91.6748046875
3596091,73.3642578125
3596113,118.22509765625
3596143,67.138671875
3596159,99.853515625
3596192,76.59912109375
3596224,64.94140625
3596235,41.19873046875
3596257,46.32568359375
3596291,50.84228515625
3596309,57.0068359375
3596334,48.7060546875
3596397,44.189453125
3596445,44.677734375
3596480,56.0302734375
3596680,46.20361328125
3597814,45.59326171875
3598037,58.65478515625
3598117,49.98779296875
3598208,45.59326171875
3598555,46.38671875
3598873,42.90771484375
3599049,47.2412109375
3780228,43.51806640625
3780275,42.05322265625
3780307,47.119140625
3780319,66.2841796875
3780350,158.447265625
3780361,70.00732421875
3780389,71.4111328125
3780404,101.01318359375
3780423,65.61279296875
3780447,121.39892578125
3780471,77.08740234375
3780496,108.21533203125
3780506,103.21044921875
3780517,66.71142578125
3780536,84.47265625
3780575,64.0869140625
3780593,50.048828125
3780628,59.02099609375
3780669,55.908203125
3780702,41.259765625
3780782,42.54150390625
3780802,48.76708984375
3780958,41.93115234375
3781298,42.05322265625
3781893,43.9453125
3781921,46.142578125
3782034,40.771484375
3782202,41.259765625
3782317,52.55126953125
3782573,50.35400390625
3782637,45.0439453125
3782656,54.26025390625
3782887,45.5322265625
3783041,45.7763671875
3804823,48.52294921875
3804956,76.84326171875
3804990,68.9697265625
3805007,59.38720703125
3805019,106.8115234375
3805046,107.48291015625
3805056,44.86083984375
3805076,44.921875
3805103,76.84326171875
3805124,85.02197265625
3805161,64.453125
3805190,61.95068359375
3805206,47.8515625
3805237,80.56640625
3805255,41.56494140625
3805269,60.36376953125
3805298,57.43408203125
3805317,65.36865234375
3805349,47.4853515625
3805385,41.259765625
3805416,41.68701171875
3805453,83.984375
3805565,41.56494140625
3805589,41.8701171875
3805687,42.48046875
3805763,42.78564453125
3805775,54.931640625
3805871,40.95458984375
3806021,46.2646484375
3806376,46.875
3806536,64.51416015625
3806746,42.8466796875
3993851,55.6640625
3993862,48.4619140625
3993907,45.654296875
3993925,46.93603515625
3993948,143.5546875
3993959,62.8662109375
3993976,85.205078125
3994007,112.060546875
3994022,64.8193359375
3994042,93.6279296875
3994077,84.65576171875
3994109,73.79150390625
3994126,60.72998046875
3994161,51.7578125
3994181,47.79052734375
3994215,40.95458984375
3994226,60.72998046875
3994281,68.66455078125
3994331,49.4384765625
3994376,42.1142578125
3994471,43.0908203125
3994693,40.83251953125
3995089,41.56494140625
3995750,58.59375
3995805,46.32568359375
3995940,45.22705078125
3996128,41.8701171875
3996281,43.88427734375
3997017,44.37255859375
4158178,41.44287109375
4159221,52.978515625
4159247,51.57470703125
4159267,77.94189453125
4159296,125.67138671875
4159308,134.09423828125
4159326,52.91748046875
4159346,110.77880859375
4159367,101.5625
4159385,127.25830078125
4159407,46.32568359375
4159427,52.734375
4159444,46.69189453125
4159471,96.37451171875
4159492,59.5703125
4159510,60.05859375
4159531,57.12890625
4159564,60.97412109375
4159600,41.015625
4159625,56.5185546875
4159683,48.15673828125
4159793,42.41943359375
4159819,46.0205078125
4160661,40.8935546875
4160743,43.5791015625
4160773,55.23681640625
4160944,42.1142578125
4161113,51.81884765625
4161309,49.9267578125
4161322,44.43359375
4161484,46.08154296875
4161819,41.68701171875
4182552,44.12841796875
4183958,46.93603515625
4184039,49.072265625
4184146,49.6826171875
4184158,54.13818359375
4184182,85.205078125
4184213,153.564453125
4184241,117.61474609375
4184271,45.10498046875
4184299,93.26171875
4184314,71.10595703125
4184349,46.5087890625
4184360,88.8671875
4184425,44.49462890625
4184448,53.1005859375
4184467,44.98291015625
4184497,64.75830078125
4184522,46.20361328125
4184553,53.64990234375
4184602,51.08642578125
4184620,49.13330078125
4184631,48.03466796875
4184649,40.95458984375
4184678,41.1376953125
4184792,55.17578125
4184833,41.93115234375
4184986,54.3212890625
4185003,54.74853515625
4185031,41.32080078125
4185213,43.5791015625
4185231,41.32080078125
4185350,42.78564453125
4185392,43.45703125
4185720,49.74365234375
4185735,41.1376953125
4185773,62.68310546875
4185813,42.724609375
4186114,41.56494140625
4371355,48.4619140625
4371399,46.56982421875
4371416,59.9365234375
4371446,131.16455078125
4371473,100.40283203125
4371490,97.96142578125
4371507,60.6689453125
4371526,114.6240234375
4371553,58.59375
4371569,95.52001953125
4371598,92.7734375
4371628,73.974609375
4371661,71.71630859375
4371688,50.6591796875
4371711,84.47265625
4371766,44.49462890625
4371802,52.24609375
4372656,48.583984375
4372898,42.41943359375
4373216,40.8935546875
4373357,47.36328125
4373746,46.56982421875
4373802,43.45703125
4373816,44.189453125
4374053,52.67333984375
4544890,41.50390625
4544928,50.47607421875
4544990,41.50390625
4545011,43.9453125
4545044,71.83837890625
4545071,104.18701171875
4545094,92.7734375
4545115,76.47705078125
4545147,92.7734375
4545159,47.66845703125
4545177,105.3466796875
4545191,43.5791015625
4545213,88.68408203125
4545245,85.26611328125
4545261,50.10986328125
4545289,49.49951171875
4545306,53.64990234375
4545388,51.94091796875
4545409,64.5751953125
4545469,55.0537109375
4545491,47.8515625
4545503,41.015625
4545540,42.6025390625
4545708,43.51806640625
4546454,42.48046875
4546899,50.29296875
4547019,41.56494140625
4547069,48.64501953125
4547103,50.59814453125
4547134,41.93115234375
4547248,40.8935546875
4547274,49.86572265625
4547489,42.1142578125
4547801,49.13330078125
4547968,42.54150390625
4676789,56.21337890625
4676809,61.6455078125
4676864,46.20361328125
4676887,64.27001953125
4676901,102.11181640625
4676931,128.35693359375
4676953,97.900390625
4676982,102.23388671875
4676995,60.6689453125
4677019,48.583984375
4677062,64.51416015625
4677091,74.3408203125
4677110,56.640625
4677130,55.6640625
4677147,43.8232421875
4677168,44.921875
4677192,44.7998046875
4677213,42.236328125
4677246,48.15673828125
4677283,43.9453125
4677311,41.44287109375
4677376,45.5322265625
4677518,41.6259765625
4677575,46.0205078125
4677750,44.5556640625
4678434,47.42431640625
4678828,41.19873046875
4678941,55.0537109375
4678974,40.95458984375
4679089,42.29736328125
4679178,44.921875
4679188,48.095703125
4679299,40.8935546875
4679668,53.77197265625
4813546,43.8232421875
4813581,53.955078125
4813606,49.62158203125
4813641,52.42919921875
4813665,117.73681640625
4813675,62.31689453125
4813706,164.00146484375
4813720,70.9228515625
4813745,61.4013671875
4813779,65.36865234375
4813794,67.56591796875
4813811,94.6044921875
4813827,44.921875
4813847,61.34033203125
4813883,45.22705078125
4813908,53.8330078125
4813923,56.57958984375
4813971,57.06787109375
4813981,51.57470703125
4814031,55.60302734375
4814060,47.9736328125
4814234,44.5556640625
4814409,44.73876953125
4814910,42.90771484375
4815226,44.00634765625
4815310,47.30224609375
4815467,44.00634765625
4815516,46.69189453125
4815586,42.41943359375
4815675,42.236328125
4815696,46.142578125
4815873,53.16162109375
4816128,43.02978515625
4816644,43.5791015625
4922819,56.15234375
4922873,47.66845703125
4922905,51.69677734375
4922928,117.431640625
4922951,103.3935546875
4922975,59.87548828125
4922989,102.294921875
4923008,64.63623046875
4923020,79.04052734375
4923048,60.6689453125
4923060,95.39794921875
4923088,63.78173828125
4923109,61.46240234375
4923127,55.96923828125
4923142,89.84375
4923195,41.9921875
4923216,71.044921875
4923241,44.61669921875
4923386,51.1474609375
4923432,42.29736328125
4923497,43.5791015625
4923594,41.8701171875
4924671,40.71044921875
4924690,57.06787109375
4924751,41.1376953125
4924978,45.47119140625
4925162,46.0205078125
4925900,42.6025390625
5061143,55.7861328125
5061165,73.1201171875
5061193,56.396484375
5061203,77.63671875
5061230,103.3935546875
5061248,102.96630859375
5061268,132.50732421875
5061295,88.56201171875
5061315,84.28955078125
5061329,48.33984375
5061350,79.04052734375
5061362,84.65576171875
5061393,53.03955078125
5061417,72.998046875
5061439,45.34912109375
5061457,67.5048828125
5061472,54.0771484375
5061562,44.37255859375
5061651,43.45703125
5061804,40.83251953125
5061846,44.98291015625
5061915,41.44287109375
5061966,48.52294921875
5062939,42.48046875
5063000,44.189453125
5063063,41.44287109375
5063077,48.27880859375
5063144,58.04443359375
5063206,42.3583984375
5063465,42.05322265625
5063502,43.8232421875
5152007,49.560546875
5152030,53.16162109375
5152042,80.74951171875
5152075,102.60009765625
5152092,59.2041015625
5152119,103.6376953125
5152149,109.68017578125
5152177,114.990234375
5152208,64.697265625
5152222,83.55712890625
5152246,59.2041015625
5152256,57.373046875
5152279,57.861328125
5152300,44.49462890625
5152317,43.39599609375
5152335,47.607421875
5152371,61.279296875
5152399,40.83251953125
5152501,41.8701171875
5152515,49.560546875
5152553,41.93115234375
5152576,43.39599609375
5152866,43.76220703125
5153493,43.0908203125
5153560,41.80908203125
5153633,46.20361328125
5153648,46.20361328125
5153678,44.921875
5153756,41.015625
5153778,41.8701171875
5153795,50.537109375
5153991,44.61669921875
5154105,41.3818359375
5154129,48.33984375
5154496,50.10986328125
5159723,42.1142578125
5175550,47.8515625
5176264,51.45263671875
5176280,47.30224609375
5176393,42.41943359375
5176410,81.35986328125
5176429,61.70654296875
5176450,102.47802734375
5176464,78.61328125
5176499,119.2626953125
5176517,52.24609375
5176573,54.50439453125
5176604,44.49462890625
5176626,59.50927734375
5176637,46.9970703125
5176693,67.0166015625
5176715,57.18994140625
5176744,54.99267578125
5176760,50.4150390625
5176806,46.44775390625
5176830,65.673828125
5176857,47.119140625
5176880,53.3447265625
5176894,63.96484375
5176938,48.095703125
5177001,42.78564453125
5177046,41.93115234375
5177057,45.5322265625
5177175,43.15185546875
5177440,43.64013671875
5177665,50.29296875
5177703,46.69189453125
5177946,44.61669921875
5178010,45.22705078125
5178403,48.64501953125
5178719,51.57470703125
5283825,40.771484375
5283852,50.35400390625
5283869,77.63671875
5283887,187.92724609375
5283903,69.9462890625
5283920,48.15673828125
5283938,107.0556640625
5283950,56.640625
5283967,46.69189453125
5283993,94.23828125
5284012,60.4248046875
5284022,48.03466796875
5284033,58.53271484375
5284080,40.8935546875
5284095,86.42578125
5284131,53.40576171875
5284163,59.326171875
5284195,59.5703125
5284220,44.25048828125
5284231,52.490234375
5284313,60.9130859375
5284510,48.33984375
5285212,42.17529296875
5285319,41.19873046875
5285594,41.56494140625
5285729,44.921875
5285782,47.18017578125
5286056,46.142578125
5286261,44.25048828125
5396777,63.3544921875
5396803,46.32568359375
5396817,111.81640625
5396854,81.84814453125
5396880,98.08349609375
5396893,75.8056640625
5396918,68.66455078125
5396961,115.29541015625
5396978,79.2236328125
5396991,59.4482421875
5397008,48.828125
5397025,95.52001953125
5397055,67.626953125
5397087,53.40576171875
5397149,44.677734375
5397222,42.41943359375
5398004,44.921875
5398320,44.677734375
5398349,55.48095703125
5398986,47.42431640625
5399028,46.630859375
5543262,42.48046875
5543292,41.748046875
5543324,43.9453125
5543335,54.01611328125
5543367,86.0595703125
5543384,56.7626953125
5543400,55.419921875
5543422,78.369140625
5543444,227.1728515625
5543475,66.34521484375
5543487,89.599609375
5543516,54.26025390625
5543532,59.38720703125
5543549,102.5390625
5543585,48.4619140625
5543604,59.99755859375
5543624,52.42919921875
5543644,50.84228515625
5543662,55.0537109375
5543740,49.86572265625
5543958,44.12841796875
5544056,46.2646484375
5544769,43.88427734375
5544819,43.0908203125
5544973,43.51806640625
5545694,50.35400390625
5545852,41.6259765625
5545963,52.30712890625
5740280,41.44287109375
5740315,49.072265625
5740346,133.6669921875
5740356,85.63232421875
5740382,63.232421875
5740396,91.552734375
5740423,120.4833984375
5740448,93.07861328125
5740468,96.74072265625
5740499,69.2138671875
5740511,75.01220703125
5740541,50.59814453125
5740566,73.18115234375
5740578,70.73974609375
5740625,49.1943359375
5740651,61.4013671875
5740688,50.10986328125
5740734,44.00634765625
5740801,43.9453125
5741107,44.7998046875
5741931,41.32080078125
5742486,43.76220703125
5742523,45.8984375
5742595,42.05322265625
5742646,40.771484375
5742862,49.6826171875
5742881,43.88427734375
5886252,56.82373046875
5886308,43.3349609375
5886331,116.39404296875
5886364,70.80078125
5886392,107.97119140625
5886416,83.49609375
5886427,70.6787109375
5886461,101.13525390625
5886478,77.45361328125
5886492,43.0908203125
5886521,79.58984375
5886557,55.7861328125
5886591,46.20361328125
5886613,47.36328125
5886657,41.19873046875
5886714,49.13330078125
5886742,42.05322265625
5887097,46.875
5887840,41.015625
5887869,41.3818359375
5887991,43.64013671875
5888134,53.03955078125
5888298,40.95458984375
5888582,44.0673828125
5888721,41.44287109375
5889116,56.5185546875
5892104,41.1376953125
5985763,47.607421875
5985856,61.21826171875
5985900,78.9794921875
5985912,56.396484375
5985938,66.71142578125
5985954,108.642578125
5985987,96.37451171875
5986023,75.8056640625
5986046,84.8388671875
5986059,83.3740234375
5986088,44.3115234375
5986106,67.07763671875
5986122,49.1943359375
5986139,46.56982421875
5986203,61.767578125
5986215,41.32080078125
5986242,54.8095703125
5986259,45.0439453125
5986277,48.33984375
5986973,41.9921875
5987691,43.76220703125
5988019,56.2744140625
5988037,49.6826171875
5988538,69.15283203125
6115247,42.90771484375
6115276,44.5556640625
6115293,44.98291015625
6115332,55.0537109375
6115351,46.5087890625
6115377,69.76318359375
6115392,66.5283203125
6115418,148.193359375
6115430,50.29296875
6115457,75.50048828125
6115486,76.23291015625
6115499,94.17724609375
6115522,62.31689453125
6115545,68.17626953125
6115559,59.5703125
6115574,67.44384765625
6115614,48.15673828125
6115653,47.91259765625
6115684,56.2744140625
6115702,56.09130859375
6116025,43.45703125
6116201,45.654296875
6116866,43.76220703125
6116995,42.48046875
6117070,45.47119140625
6117281,52.30712890625
6117459,48.33984375
6117603,59.26513671875
6117642,54.8095703125
6117768,48.27880859375
6118112,42.41943359375
6118140,44.5556640625
6220086,44.43359375
6220112,44.25048828125
6220149,41.1376953125
6220173,42.29736328125
6220190,48.9501953125
6220213,60.11962890625
6220228,92.22412109375
6220249,53.7109375
6220274,100.64697265625
6220307,103.94287109375
6220319,79.9560546875
6220353,71.044921875
6220373,82.1533203125
6220384,79.89501953125
6220409,63.96484375
6220439,80.26123046875
6220454,41.6259765625
6220477,57.06787109375
6220508,47.119140625
6220549,51.20849609375
6220601,44.189453125
6220621,42.78564453125
6220759,42.48046875
6220869,43.0908203125
6221063,48.27880859375
6221344,42.05322265625
6221444,40.771484375
6221587,41.07666015625
6221690,41.56494140625
6221923,44.921875
6222071,46.7529296875
6222097,44.49462890625
6222119,44.0673828125
6222763,42.724609375
6250314,44.37255859375
6250375,72.08251953125
6250395,93.017578125
6250432,66.83349609375
6250448,54.0771484375
6250464,53.22265625
6250484,57.80029296875
6250503,55.908203125
6250517,58.16650390625
6250558,95.64208984375
6250569,50.1708984375
6250582,89.84375
6250603,65.7958984375
6250635,89.17236328125
6250659,58.53271484375
6250682,54.38232421875
6250705,63.53759765625
6250719,61.5234375
6250762,49.8046875
6250793,45.5322265625
6250832,53.7109375
6250847,41.19873046875
6250875,67.56591796875
6250914,43.15185546875
6250942,41.3818359375
6251032,44.12841796875
6251157,41.80908203125
6251185,43.3349609375
6251226,58.59375
6251868,53.40576171875
6251891,47.79052734375
6252008,45.0439453125
6252102,48.7060546875
6252139,44.86083984375
6390467,44.921875
6390497,149.4140625
6390521,86.42578125
6390542,86.3037109375
6390566,81.0546875
6390580,171.9970703125
6390615,77.57568359375
6390626,61.82861328125
6390650,70.73974609375
6390667,78.125
6390688,72.1435546875
6390706,68.84765625
6390728,46.56982421875
6390741,74.52392578125
6390779,56.396484375
6390823,43.212890625
6390860,58.28857421875
6390910,45.83740234375
6390940,43.9453125
6390980,41.259765625
6391247,42.78564453125
6532314,43.212890625
6532410,42.66357421875
6532445,41.015625
6532498,43.02978515625
6532517,59.75341796875
6532535,89.17236328125
6532564,98.5107421875
6532577,118.22509765625
6532601,82.33642578125
6532623,103.271484375
6532640,66.46728515625
6532664,56.5185546875
6532674,58.41064453125
6532690,67.9931640625
6532710,45.83740234375
6532747,94.42138671875
6532782,85.26611328125
6532815,53.955078125
6532847,64.63623046875
6532916,50.048828125
6532926,62.5
6532936,56.33544921875
6532970,43.76220703125
6533221,41.8701171875
6533710,41.748046875
6534024,43.15185546875
6534154,44.86083984375
6534189,41.50390625
6534246,41.6259765625
6534478,41.1376953125
6534557,44.0673828125
6534802,43.15185546875
6534941,44.0673828125
6555418,48.7060546875
6555433,47.66845703125
6555484,70.3125
6555500,71.83837890625
6555518,52.1240234375
6555542,112.48779296875
6555566,50.4150390625
6555596,59.75341796875
6555621,107.84912109375
6555637,92.041015625
6555664,52.55126953125
6555684,41.68701171875
6555713,43.5791015625
6555726,55.11474609375
6555760,61.8896484375
6555787,47.79052734375
6555830,48.095703125
6555840,42.236328125
6555854,66.89453125
6555878,44.86083984375
6555891,52.06298828125
6555914,49.13330078125
6555947,55.5419921875
6555960,77.63671875
6555993,40.8935546875
6556082,53.1005859375
6556102,44.7998046875
6556208,47.8515625
6556410,58.41064453125
6556573,41.259765625
6556708,50.10986328125
6556740,42.8466796875
6556870,49.13330078125
6556913,47.42431640625
6556948,42.66357421875
6557030,41.56494140625
6557157,44.5556640625
6557222,63.53759765625
6756606,41.259765625
6756624,52.3681640625
6756656,57.06787109375
6756697,80.62744140625
6756711,119.07958984375
6756727,45.22705078125
6756756,90.75927734375
6756786,113.83056640625
6756811,89.05029296875
6756821,54.38232421875
6756832,71.22802734375
6756846,66.0400390625
6756881,107.421875
6756898,48.40087890625
6756928,47.18017578125
6756967,51.513671875
6757039,54.13818359375
6757064,45.41015625
6757096,45.83740234375
6757137,41.015625
6757251,41.748046875
6758322,43.39599609375
6758370,42.05322265625
6758453,41.015625
6758802,48.33984375
6758861,43.64013671875
6963238,43.51806640625
6963285,54.74853515625
6963320,41.68701171875
6963343,121.64306640625
6963364,129.0283203125
6963374,113.46435546875
6963403,117.73681640625
6963421,102.4169921875
6963447,117.1875
6963462,75.50048828125
6963478,122.61962890625
6963497,101.318359375
6963519,63.1103515625
6963549,87.7685546875
6963563,69.64111328125
6963600,42.41943359375
6963623,42.90771484375
6963656,42.17529296875
6963721,44.7998046875
6963869,51.94091796875
6963968,42.3583984375
6964050,42.8466796875
6964221,41.015625
6964842,44.37255859375
6965014,47.18017578125
6965130,48.76708984375
6965275,47.18017578125
6965673,42.17529296875
6966000,48.583984375
7238107,42.96875
7238152,42.17529296875
7238184,51.513671875
7238214,80.56640625
7238241,99.79248046875
7238254,155.029296875
7238290,108.33740234375
7238302,55.60302734375
7238312,115.1123046875
7238348,82.03125
7238372,55.60302734375
7238401,54.5654296875
7238437,77.45361328125
7238483,54.3212890625
7238550,48.64501953125
7238678,44.49462890625
7238776,41.68701171875
7238890,42.236328125
7239136,42.90771484375
7239798,46.32568359375
7239880,41.32080078125
7240021,44.61669921875
7240108,42.1142578125
7240339,42.90771484375
7240374,42.66357421875
7240551,44.12841796875
7240700,42.6025390625
7259842,42.17529296875
7433068,42.96875
7433093,51.26953125
7433119,118.95751953125
7433141,226.01318359375
7433169,165.34423828125
7433180,60.11962890625
7433195,54.13818359375
7433213,118.95751953125
7433233,50.96435546875
7433250,88.68408203125
7433287,52.91748046875
7433306,109.55810546875
7433335,47.2412109375
7433364,85.63232421875
7433421,50.84228515625
7433480,41.3818359375
7433574,50.96435546875
7434290,45.0439453125
7434474,43.9453125
7434506,46.38671875
7434741,40.71044921875
7434751,44.49462890625
7434876,53.7109375
7435087,43.39599609375
7435230,47.4853515625
7435541,45.654296875
7436205,42.66357421875
7531803,42.78564453125
7531835,49.86572265625
7531857,49.560546875
7531875,93.6279296875
7531891,98.32763671875
7531927,73.3642578125
7531939,133.23974609375
7531955,100.52490234375
7531998,94.7265625
7532030,52.6123046875
7532045,75.3173828125
7532082,98.32763671875
7532097,61.09619140625
7532107,43.0908203125
7532118,49.8046875
7532153,67.19970703125
7532184,69.091796875
7532211,45.34912109375
7532225,42.48046875
7532283,41.80908203125
7532318,58.59375
7532439,42.724609375
7533400,44.921875
7533540,53.8330078125
7533719,50.537109375
7533734,45.22705078125
7533901,48.7060546875
7534104,44.37255859375
7534368,40.8935546875
7534853,49.9267578125
7587107,45.22705078125
7587130,96.0693359375
7587155,88.31787109375
7587168,98.14453125
7587193,93.07861328125
7587216,83.1298828125
7587243,115.66162109375
7587270,51.6357421875
7587288,47.30224609375
7587313,65.7958984375
7587334,55.17578125
7587352,62.01171875
7587378,55.11474609375
7587389,76.2939453125
7587417,101.62353515625
7587492,47.54638671875
7587517,44.921875
7587551,41.3818359375
7587670,45.7763671875
7587756,43.701171875
7588031,46.08154296875
7588223,47.66845703125
7588432,60.546875
7588553,51.33056640625
7588592,43.8232421875
7588707,44.43359375
7588828,42.48046875
7588887,41.748046875
7588919,41.32080078125
7588936,44.5556640625
7588987,46.32568359375
7589099,47.2412109375
7589227,48.2177734375
7589248,41.07666015625
7589613,41.80908203125
7784768,40.71044921875
7784794,52.67333984375
7784818,55.96923828125
7784829,78.0029296875
7784855,124.51171875
7784874,168.212890625
7784904,101.5625
7784928,106.93359375
7784938,124.08447265625
7784966,48.7060546875
7784980,72.265625
7784998,64.39208984375
7785023,42.6025390625
7785043,52.91748046875
7785067,49.8046875
7785101,74.03564453125
7785149,42.90771484375
7785254,43.51806640625
7785347,42.6025390625
7785439,42.1142578125
7785539,48.15673828125
7786365,45.0439453125
7786746,46.81396484375
7786997,42.1142578125
7787093,42.29736328125
7787219,41.1376953125
7802988,42.17529296875
7803007,56.09130859375
7803017,75.8056640625
7803047,100.28076171875
7803067,84.16748046875
7803086,145.44677734375
7803112,60.1806640625
7803136,62.255859375
7803164,67.32177734375
7803191,61.03515625
7803217,74.03564453125
7803239,45.10498046875
7803275,47.79052734375
7803314,54.8095703125
7803331,47.119140625
7803378,49.25537109375
7803410,41.07666015625
7803430,59.63134765625
7803442,49.62158203125
7803471,52.6123046875
7803490,44.5556640625
7803559,46.20361328125
7803590,40.83251953125
7803634,45.10498046875
7803656,45.71533203125
7803712,50.4150390625
7803804,44.12841796875
7803923,51.33056640625
7803962,41.8701171875
7803985,48.27880859375
7804170,45.34912109375
7804251,52.1240234375
7804378,42.8466796875
7804444,41.93115234375
7804594,44.3115234375
7804604,43.5791015625
7805211,42.54150390625
7915865,42.29736328125
7915919,67.5048828125
7915967,55.11474609375
7915996,98.44970703125
7916015,137.6953125
7916028,90.4541015625
7916049,92.22412109375
7916080,121.337890625
7916095,123.71826171875
7916126,56.15234375
7916150,92.59033203125
7916169,66.650390625
7916196,72.93701171875
7916212,49.37744140625
7916237,59.9365234375
7916268,50.29296875
7916305,59.75341796875
7916326,49.86572265625
7916406,50.84228515625
7916478,46.5087890625
7916496,45.654296875
7916554,41.1376953125
7916732,41.9921875
7916791,45.8984375
7916844,42.05322265625
7917462,53.7109375
7917540,46.20361328125
7917739,46.44775390625
7917784,40.71044921875
7918002,48.76708984375
7918130,41.3818359375
7918228,44.49462890625
7918605,43.45703125
8025366,46.7529296875
8025403,50.47607421875
8025447,42.05322265625
8025477,167.90771484375
8025494,118.896484375
8025534,95.88623046875
8025545,80.99365234375
8025569,119.7509765625
8025586,89.111328125
8025609,63.90380859375
8025642,66.7724609375
8025658,78.125
8025699,43.0908203125
8025723,50.10986328125
8025743,53.22265625
8025806,45.2880859375
8025833,45.2880859375
8025855,51.81884765625
8025891,40.771484375
8025949,45.166015625
8025976,46.142578125
8026139,47.8515625
8026289,43.02978515625
8026393,50.29296875
8026889,47.8515625
8027066,46.20361328125
8027083,47.9736328125
8027104,42.96875
8027270,41.56494140625
8027366,45.95947265625
8027523,45.34912109375
8027820,42.48046875
8027973,47.607421875
8042991,43.02978515625
8043014,48.27880859375
8043041,115.66162109375
8043076,71.83837890625
8043090,82.275390625
8043112,80.2001953125
8043127,54.38232421875
8043139,40.771484375
8043156,55.11474609375
8043172,58.10546875
8043193,65.36865234375
8043218,71.59423828125
8043251,68.603515625
8043275,52.67333984375
8043288,57.06787109375
8043321,78.67431640625
8043335,42.41943359375
8043406,50.96435546875
8043423,64.0869140625
8043450,45.8984375
8043461,50.59814453125
8043490,43.15185546875
8043531,59.2041015625
8043544,51.8798828125
8043569,51.7578125
8043637,41.6259765625
8043651,42.6025390625
8043676,42.3583984375
8043723,50.9033203125
8043763,43.39599609375
8043788,46.44775390625
8043820,41.9921875
8043880,43.39599609375
8043999,46.7529296875
8044269,53.5888671875
8044386,41.9921875
8044403,51.81884765625
8044559,44.25048828125
8044594,46.142578125
8044898,42.54150390625
8045035,45.0439453125
8045118,41.8701171875
8189985,48.4619140625
8190059,63.65966796875
8190080,60.9130859375
8190096,115.234375
8190116,67.93212890625
8190137,161.2548828125
8190157,61.4013671875
8190178,138.48876953125
8190189,106.4453125
8190211,62.1337890625
8190231,64.5751953125
8190242,51.26953125
8190256,64.51416015625
8190276,79.833984375
8190295,62.5
8190324,61.03515625
8190346,54.8095703125
8190376,43.51806640625
8190416,70.80078125
8190431,45.7763671875
8190547,44.12841796875
8190567,43.45703125
8190577,43.02978515625
8190734,43.212890625
8191400,43.3349609375
8191566,41.32080078125
8191708,40.771484375
8191999,41.44287109375
8192294,41.56494140625
8192319,44.49462890625
8192619,41.80908203125
8316246,44.5556640625
8316389,51.94091796875
8316425,45.2880859375
8316453,63.04931640625
8316474,64.88037109375
8316492,111.2060546875
8316512,48.4619140625
8316541,102.4169921875
8316570,83.740234375
8316590,76.5380859375
8316603,89.4775390625
8316620,56.82373046875
8316637,54.62646484375
8316650,43.39599609375
8316675,62.255859375
8316687,74.64599609375
8316725,45.95947265625
8316759,62.744140625
8316776,44.98291015625
8316822,45.5322265625
8316951,46.69189453125
8317249,42.66357421875
8318498,59.75341796875
8318721,41.3818359375
8318742,47.9736328125
8318772,45.5322265625
8335903,44.7998046875
8335949,65.85693359375
8335971,75.0732421875
8336002,86.42578125
8336022,55.0537109375
8336051,131.04248046875
8336076,76.23291015625
8336102,67.68798828125
8336118,65.49072265625
8336152,55.6640625
8336164,49.37744140625
8336211,61.5234375
8336230,63.65966796875
8336255,49.6826171875
8336265,49.37744140625
8336288,43.39599609375
8336342,69.64111328125
8336377,65.12451171875
8336443,44.25048828125
8336490,64.75830078125
8336532,49.01123046875
8336605,55.11474609375
8336639,42.29736328125
8336661,46.81396484375
8336685,46.81396484375
8336767,61.95068359375
8336830,46.7529296875
8337044,41.1376953125
8337101,45.83740234375
8337239,52.42919921875
8337282,41.3818359375
8337377,41.50390625
8337443,48.52294921875
8337623,41.6259765625
8338363,48.828125
8519802,43.02978515625
8519945,41.6259765625
8519958,41.80908203125
8519973,71.83837890625
8520020,136.3525390625
8520032,112.4267578125
8520047,85.26611328125
8520064,62.1337890625
8520082,67.3828125
8520092,66.22314453125
8520106,96.8017578125
8520138,93.93310546875
8520148,62.255859375
8520172,74.03564453125
8520204,46.69189453125
8520229,44.189453125
8520242,67.07763671875
8520262,56.09130859375
8520290,48.27880859375
8520325,63.232421875
8520440,49.072265625
8520614,41.3818359375
8521231,51.3916015625
8521964,60.6689453125
8522113,41.44287109375
8522144,44.49462890625
8592891,46.0205078125
8592936,41.44287109375
8592973,44.5556640625
8592986,53.77197265625
8593023,48.33984375
8593045,45.34912109375
8593060,100.5859375
8593095,87.7685546875
8593107,57.18994140625
8593138,146.91162109375
8593158,59.99755859375
8593183,74.64599609375
8593193,81.84814453125
8593220,59.814453125
8593234,77.57568359375
8593268,57.373046875
8593280,42.90771484375
8593304,70.6787109375
8593317,75.3173828125
8593542,43.3349609375
8593605,45.10498046875
8593711,43.27392578125
8593792,44.86083984375
8595005,42.66357421875
8595834,41.93115234375
8603594,40.8935546875
8712196,54.62646484375
8712206,57.2509765625
8712240,71.59423828125
8712252,134.82666015625
8712279,52.8564453125
8712295,130.615234375
8712327,85.14404296875
8712361,108.3984375
8712378,48.03466796875
8712415,55.84716796875
8712430,71.71630859375
8712446,56.396484375
8712479,87.158203125
8712521,52.06298828125
8712567,58.2275390625
8712591,52.79541015625
8714067,40.95458984375
8714186,40.95458984375
8714224,45.5322265625
8714484,44.189453125
8714844,44.921875
8715225,48.828125
8730187,49.49951171875
8730271,40.771484375
8730293,56.7626953125
8730325,47.9736328125
8730359,148.49853515625
8730373,122.802734375
8730398,58.59375
8730418,51.08642578125
8730441,108.154296875
8730461,72.08251953125
8730493,71.533203125
8730523,63.232421875
8730582,44.49462890625
8730614,43.76220703125
8730631,45.10498046875
8730645,43.45703125
8730669,44.86083984375
8730700,44.00634765625
8730754,41.50390625
8730787,49.74365234375
8730844,48.27880859375
8730876,44.00634765625
8730898,47.66845703125
8730984,50.96435546875
8731091,52.6123046875
8731197,48.27880859375
8731334,42.54150390625
8731699,59.26513671875
8731820,42.724609375
8732296,44.61669921875
8732433,41.44287109375
8732481,41.1376953125
8908165,52.734375
8908207,58.349609375
8908221,59.5703125
8908248,69.03076171875
8908260,63.3544921875
8908279,103.57666015625
8908299,60.791015625
8908315,86.12060546875
8908344,98.2666015625
8908378,76.66015625
8908398,67.93212890625
8908416,85.51025390625
8908435,64.63623046875
8908463,59.5703125
8908500,70.98388671875
8908519,42.66357421875
8908545,64.3310546875
8908593,44.86083984375
8908645,49.74365234375
8908685,45.59326171875
8908736,44.00634765625
8909018,41.9921875
8909905,53.8330078125
8910095,40.8935546875
8910469,50.4150390625
8910605,43.88427734375
9088017,48.828125
9088045,193.42041015625
9088079,71.83837890625
9088089,62.31689453125
9088119,67.87109375
9088133,144.53125
9088150,49.49951171875
9088178,43.212890625
9088203,47.2412109375
9088213,63.17138671875
9088239,84.716796875
9088257,51.513671875
9088343,46.08154296875
9088353,41.80908203125
9088405,41.8701171875
9088903,43.15185546875
9089494,60.11962890625
9090018,41.50390625
9090493,48.095703125
9218438,53.3447265625
9218535,48.52294921875
9218551,42.1142578125
9218581,44.61669921875
9218611,42.6025390625
9218631,81.0546875
9218650,56.45751953125
9218685,67.3828125
9218705,104.248046875
9218718,67.5048828125
9218734,45.0439453125
9218768,64.0869140625
9218797,56.7626953125
9218820,87.2802734375
9218832,54.3212890625
9218874,44.61669921875
9218951,62.43896484375
9218999,52.55126953125
9219013,43.8232421875
9219062,47.2412109375
9219148,41.44287109375
9219429,45.47119140625
9221092,41.56494140625
9484473,42.3583984375
9484587,106.87255859375
9484602,98.876953125
9484614,73.05908203125
9484629,91.552734375
9484652,90.4541015625
9484664,119.32373046875
9484701,94.8486328125
9484724,84.41162109375
9484736,83.31298828125
9484757,85.9375
9484786,46.56982421875
9484798,58.77685546875
9484808,61.21826171875
9484852,44.0673828125
9484885,57.06787109375
9484935,52.91748046875
9484980,41.3818359375
9486122,41.748046875
9486197,43.9453125
9486227,43.0908203125
9486432,43.27392578125
9486605,50.4150390625
9486631,49.560546875
9486775,45.59326171875
9486926,49.62158203125
9487344,43.27392578125
9734663,43.8232421875
9734710,43.88427734375
9734730,65.85693359375
9734744,186.4013671875
9734769,72.44873046875
9734802,103.94287109375
9734836,64.75830078125
9734865,45.95947265625
9734887,51.69677734375
9734900,49.74365234375
9734934,54.6875
9734950,41.1376953125
9734997,49.31640625
9735033,46.5087890625
9735044,40.71044921875
9735069,43.3349609375
9735168,44.921875
9735313,49.8046875
9736635,52.18505859375
9737189,54.74853515625
9852265,41.1376953125
9852396,56.15234375
9852411,47.66845703125
9852438,81.97021484375
9852467,67.44384765625
9852483,48.095703125
9852494,125.3662109375
9852536,108.94775390625
9852557,97.47314453125
9852584,48.2177734375
9852600,77.08740234375
9852620,46.9970703125
9852640,50.6591796875
9852650,56.5185546875
9852693,47.18017578125
9852770,42.48046875
9852815,42.17529296875
9852875,42.05322265625
9853921,41.6259765625
9854355,42.6025390625
9854561,46.32568359375
9854794,44.3115234375
9854820,55.7861328125
9854919,44.61669921875
9855053,47.4853515625
9937137,48.15673828125
9937162,44.7998046875
9937197,45.22705078125
9937232,44.189453125
9937268,144.22607421875
9937287,80.9326171875
9937318,114.2578125
9937338,46.7529296875
9937355,182.06787109375
9937396,111.38916015625
9937407,61.4013671875
9937428,73.1201171875
9937448,58.28857421875
9937471,62.43896484375
9937524,45.10498046875
9937539,47.54638671875
9937551,61.34033203125
9937566,43.45703125
9937588,55.5419921875
9937633,49.74365234375
9937769,48.76708984375
9939408,44.3115234375
9939442,46.630859375
9939673,42.8466796875
9939927,56.45751953125
9940268,49.1943359375
10073118,43.5791015625
10073163,41.015625
10073192,72.6318359375
10073204,176.57470703125
10073232,141.05224609375
10073254,56.2744140625
10073266,103.94287109375
10073292,96.923828125
10073324,91.24755859375
10073353,79.16259765625
10073382,49.86572265625
10073401,48.095703125
10073452,47.05810546875
10073495,51.1474609375
10073579,41.50390625
10073847,42.3583984375
10074505,41.015625
10075226,62.43896484375
10075251,46.20361328125
10075574,42.90771484375
10075709,51.81884765625
10075924,42.8466796875
10164731,42.3583984375
10164741,43.02978515625
10164765,107.97119140625
10164796,83.1298828125
10164826,158.99658203125
10164853,80.74951171875
10164876,115.234375
10164893,85.14404296875
10164916,84.47265625
10164935,53.1005859375
10164954,56.396484375
10164968,44.25048828125
10164997,79.1015625
10165020,49.98779296875
10165049,50.048828125
10165088,71.6552734375
10165125,51.3916015625
10165230,51.69677734375
10165248,42.3583984375
10165601,43.212890625
10166370,42.8466796875
10166516,41.6259765625
10166727,54.8095703125
10166745,41.19873046875
10166950,43.0908203125
10281239,42.1142578125
10281266,65.0634765625
10281284,122.98583984375
10281299,88.5009765625
10281313,76.171875
10281349,51.26953125
10281367,87.890625
10281393,107.48291015625
10281426,56.09130859375
10281439,69.2138671875
10281473,45.166015625
10281484,57.43408203125
10281515,51.7578125
10281531,58.65478515625
10281550,47.91259765625
10281570,43.0908203125
10281603,43.02978515625
10281623,42.48046875
10281652,49.8046875
10281695,51.26953125
10281715,45.95947265625
10281926,54.5654296875
10282026,40.71044921875
10282296,43.15185546875
10282590,49.4384765625
10282937,41.8701171875
10282991,44.189453125
10283406,41.93115234375
10283433,44.43359375
10403117,46.142578125
10403139,45.10498046875
10403157,50.35400390625
10403187,124.6337890625
10403199,71.59423828125
10403229,54.50439453125
10403241,63.41552734375
10403260,101.4404296875
10403302,68.90869140625
10403320,83.80126953125
10403338,53.64990234375
10403358,53.89404296875
10403374,53.03955078125
10403390,61.767578125
10403407,45.0439453125
10403426,41.68701171875
10403460,43.3349609375
10403495,46.9970703125
10403529,40.8935546875
10403628,45.83740234375
10403699,44.00634765625
10403901,41.259765625
10404987,43.5791015625
10405127,40.8935546875
10405148,43.212890625
10405344,41.32080078125
10405480,42.17529296875
10422767,41.80908203125
10422807,42.6025390625
10422819,143.310546875
10422835,82.03125
10422867,96.86279296875
10422880,57.92236328125
10422893,75.74462890625
10422940,91.49169921875
10422964,44.49462890625
10422981,92.8955078125
10422996,41.68701171875
10423007,51.6357421875
10423019,85.26611328125
10423040,45.5322265625
10423056,64.3310546875
10423086,49.86572265625
10423102,52.978515625
10423128,42.29736328125
10423171,44.37255859375
10423191,67.3828125
10423213,70.12939453125
10423234,45.166015625
10423263,42.3583984375
10423320,41.68701171875
10423362,43.701171875
10423445,41.259765625
10423637,42.29736328125
10423860,40.71044921875
10424168,59.87548828125
10424362,42.1142578125
10424393,40.8935546875
10637115,51.08642578125
10637153,41.259765625
10637180,53.89404296875
10637194,123.59619140625
10637215,125.06103515625
10637240,101.6845703125
10637267,60.791015625
10637285,74.0966796875
10637305,141.78466796875
10637321,49.9267578125
10637340,107.36083984375
10637372,76.96533203125
10637389,85.87646484375
10637427,45.22705078125
10637468,80.322265625
10637490,48.40087890625
10637504,80.13916015625
10637565,49.31640625
10638973,46.875
10639342,53.3447265625
10770038,42.1142578125
10770062,50.78125
10770109,78.91845703125
10770143,113.6474609375
10770165,108.642578125
10770196,58.4716796875
10770208,71.59423828125
10770236,106.0791015625
10770257,61.5234375
10770283,61.82861328125
10770309,40.95458984375
10770322,61.46240234375
10770336,62.1337890625
10770362,70.4345703125
10770376,71.044921875
10770417,49.62158203125
10770438,43.27392578125
10770484,61.4013671875
10770520,41.9921875
10770680,40.71044921875
10770732,49.8046875
10771382,40.71044921875
10771791,40.771484375
10771985,47.607421875
10772037,42.41943359375
10772984,46.93603515625
10828375,44.677734375
10914327,44.86083984375
10914366,68.29833984375
10914397,69.7021484375
10914408,188.41552734375
10914422,91.36962890625
10914450,76.416015625
10914479,74.76806640625
10914495,63.04931640625
10914555,41.68701171875
10914566,64.208984375
10914591,51.3916015625
10914603,107.60498046875
10914636,68.54248046875
10914649,59.38720703125
10914668,46.69189453125
10914701,43.15185546875
10914774,42.6025390625
10914862,48.583984375
10914996,41.19873046875
10915967,46.0205078125
10916068,53.89404296875
10916574,47.18017578125
10916635,43.5791015625
10916842,44.98291015625
11101137,103.82080078125
11101168,93.68896484375
11101186,105.04150390625
11101197,84.41162109375
11101219,109.4970703125
11101236,83.67919921875
11101259,57.6171875
11101290,123.779296875
11101305,62.744140625
11101334,61.6455078125
11101366,54.5654296875
11101381,49.86572265625
11101411,47.119140625
11101469,51.08642578125
11101619,43.02978515625
11101695,51.94091796875
11101765,43.76220703125
11102765,42.17529296875
11102953,52.001953125
11103076,46.875
11103205,44.25048828125
11103292,41.80908203125
11103542,43.0908203125
11103869,44.5556640625
11261242,46.630859375
11261302,41.50390625
11261336,188.232421875
11261357,171.7529296875
11261374,87.40234375
11261389,60.36376953125
11261404,67.44384765625
11261432,105.28564453125
11261443,59.4482421875
11261463,55.35888671875
11261478,57.7392578125
11261493,47.18017578125
11261504,45.34912109375
11261520,53.89404296875
11261539,46.7529296875
11261549,67.87109375
11261576,68.78662109375
11261597,41.19873046875
11261632,48.64501953125
11261758,40.8935546875
11263369,46.0205078125
11263414,46.38671875
11263474,49.74365234375
11263592,41.07666015625
11263986,41.56494140625
11349160,41.80908203125
11349288,41.50390625
11349303,120.7275390625
11349336,85.63232421875
11349363,123.96240234375
11349373,78.79638671875
11349386,89.2333984375
11349404,59.63134765625
11349448,93.68896484375
11349470,69.76318359375
11349480,77.20947265625
11349510,79.04052734375
11349524,50.59814453125
11349579,72.1435546875
11349591,45.7763671875
11349642,50.59814453125
11349652,46.69189453125
11349695,44.25048828125
11349766,43.701171875
11349876,41.259765625
11349975,46.20361328125
11350641,43.45703125
11351121,43.0908203125
11351248,59.2041015625
11351384,51.025390625
11351574,45.71533203125
11352177,44.677734375
11491761,47.79052734375
11491794,58.7158203125
11491809,82.45849609375
11491835,58.28857421875
11491847,99.853515625
11491888,175.96435546875
11491904,105.1025390625
11491929,97.0458984375
11491941,70.25146484375
11491967,52.42919921875
11491986,53.28369140625
11492002,54.931640625
11492032,62.8662109375
11492073,50.537109375
11492114,60.546875
11492144,49.86572265625
11492204,42.6025390625
11492257,43.45703125
11492580,44.43359375
11492988,41.68701171875
11493203,43.64013671875
11493345,47.05810546875
11493757,41.50390625
11493900,43.8232421875
11494099,43.39599609375
11494136,54.74853515625
11494410,41.32080078125
11582597,41.50390625
11582684,47.36328125
11582700,51.7578125
11582734,43.3349609375
11582765,67.2607421875
11582790,91.73583984375
11582815,87.58544921875
11582825,44.37255859375
11582847,63.5986328125
11582858,72.509765625
11582882,95.27587890625
11582896,115.29541015625
11582919,55.23681640625
11582932,118.71337890625
11582944,96.435546875
11582966,68.05419921875
11582977,79.4677734375
11583013,78.369140625
11583122,48.583984375
11583396,49.31640625
11584135,43.39599609375
11584190,41.015625
11584705,44.98291015625
11584809,42.96875
11585083,42.48046875
11585416,50.6591796875
11729050,42.78564453125
11729118,52.55126953125
11729137,52.30712890625
11729149,106.26220703125
11729159,53.22265625
11729172,103.33251953125
11729207,60.60791015625
11729232,50.23193359375
11729242,92.6513671875
11729276,77.392578125
11729290,67.2607421875
11729326,57.31201171875
11729359,50.72021484375
11729372,72.57080078125
11729420,44.5556640625
11729471,42.3583984375
11729492,43.51806640625
11729885,41.19873046875
11730792,42.17529296875
11730965,45.41015625
11731217,43.0908203125
11731320,44.61669921875
11731397,43.02978515625
11731520,44.677734375
11731552,43.76220703125
11731764,48.15673828125
11937922,48.4619140625
11937951,42.05322265625
11938009,91.4306640625
11938036,74.3408203125
11938047,119.140625
11938077,119.32373046875
11938100,70.49560546875
11938130,85.51025390625
11938160,50.78125
11938189,49.13330078125
11938203,68.54248046875
11938232,71.10595703125
11938257,52.3681640625
11938273,48.15673828125
11938301,48.7060546875
11938338,42.6025390625
11938468,41.80908203125
11938538,63.8427734375
11938678,43.64013671875
11939577,43.51806640625
11939866,46.5087890625
11940500,41.8701171875
11940543,42.54150390625
