11999000,0
48018,17.02880859375
49317,17.7001953125
64738,15.7470703125
119174,15.380859375
145666,15.44189453125
145907,17.2119140625
331703,17.02880859375
460993,15.5029296875
558232,15.7470703125
558388,17.02880859375
649888,19.59228515625
649994,15.56396484375
651498,15.380859375
751552,15.93017578125
751629,17.27294921875
780625,15.31982421875
831098,18.85986328125
831218,15.5029296875
926202,16.11328125
947655,17.2119140625
1071652,15.625
1146820,15.31982421875
1146970,17.27294921875
1147136,17.76123046875
1224236,16.11328125
1249159,15.80810546875
1355021,16.05224609375
1355142,16.6015625
1428749,15.380859375
1513715,15.380859375
1513981,16.4794921875
1574435,15.380859375
1687578,15.56396484375
1781568,15.380859375
1840444,16.41845703125
1840644,16.357421875
1983502,16.17431640625
2311413,18.12744140625
2311584,16.4794921875
2311666,17.9443359375
2312740,16.90673828125
2490022,17.02880859375
2504335,16.6015625
2504365,17.76123046875
2504393,15.9912109375
2504465,15.93017578125
2661989,16.11328125
2662081,15.7470703125
2950618,15.56396484375
2950679,19.83642578125
3106141,16.66259765625
3122818,15.56396484375
3122961,15.44189453125
3243477,16.90673828125
3267422,15.93017578125
3378872,16.17431640625
3378941,15.380859375
3448126,15.869140625
3544994,16.54052734375
3545110,16.29638671875
3545366,16.05224609375
3700646,17.76123046875
3792563,16.90673828125
4162713,17.63916015625
4640935,19.1650390625
4640988,15.625
4834033,15.380859375
4835106,15.625
5206070,22.76611328125
5206135,17.27294921875
5207503,15.625
5222005,15.80810546875
5222066,18.5546875
5222146,17.7001953125
5222257,15.68603515625
5223545,15.7470703125
5385161,18.73779296875
5385228,17.822265625
5400685,15.44189453125
5400781,19.22607421875
5400884,20.56884765625
5401010,17.88330078125
5536037,16.845703125
5744014,15.380859375
5955706,19.04296875
5971635,15.5029296875
6106792,19.1650390625
6106820,20.99609375
6124854,17.578125
6124940,16.4794921875
6236327,19.10400390625
6236383,15.5029296875
6258404,16.9677734375
6259561,17.2119140625
6407628,18.9208984375
6407665,15.31982421875
6625441,17.88330078125
6640849,17.27294921875
6641004,16.357421875
6836124,18.24951171875
6952321,19.95849609375
7088153,18.73779296875
7088279,16.2353515625
7088291,16.11328125
7110125,16.7236328125
7533957,15.7470703125
7535229,20.1416015625
7657560,15.31982421875
7657612,16.4794921875
7675009,16.2353515625
7675114,16.90673828125
7675169,16.11328125
7768428,17.76123046875
7787553,17.02880859375
7885399,15.80810546875
7885456,18.49365234375
8082447,16.17431640625
8099287,16.66259765625
8341614,15.9912109375
8341761,18.5546875
8706792,16.357421875
8708252,17.02880859375
8720883,15.56396484375
8721033,16.357421875
9026815,15.625
9040929,17.2119140625
9040991,15.31982421875
9041039,16.78466796875
9363537,15.93017578125
9373654,15.44189453125
9373793,17.39501953125
9373999,18.37158203125
9609003,15.44189453125
9619904,17.88330078125
9717919,15.7470703125
9878831,16.9677734375
9879888,16.845703125
9880078,16.29638671875
10109525,16.17431640625
10295820,16.7236328125
10295970,16.845703125
10311585,16.9677734375
10311774,15.9912109375
10312430,15.380859375
10594415,15.44189453125
10594608,17.7001953125
10594698,15.625
10607669,16.357421875
10607897,17.4560546875
10831993,17.02880859375
10833132,15.625
10844630,18.9208984375
10844655,15.68603515625
11135397,16.11328125
11152170,17.27294921875
11339749,15.625
11353018,15.93017578125
11565636,15.31982421875
11579370,16.7236328125
11579636,16.11328125
11795838,16.357421875
11795917,15.44189453125
11795945,15.380859375
11811544,17.333984375
