11999000,0
146205,14.95361328125
781592,14.404296875
1576952,14.5263671875
1688997,14.34326171875
2312825,15.93017578125
2516894,14.34326171875
2951757,14.404296875
3361684,14.46533203125
3527283,14.95361328125
3527901,14.58740234375
3818617,16.2353515625
4162808,14.58740234375
4640900,18.85986328125
4850564,14.58740234375
5222713,14.58740234375
5385276,14.46533203125
5385337,14.6484375
5759394,15.68603515625
6108112,14.46533203125
6124866,15.5029296875
6642049,14.34326171875
7658949,14.83154296875
7885377,15.19775390625
7886190,16.7236328125
8706737,14.46533203125
8720986,15.44189453125
8722646,14.34326171875
9878939,14.46533203125
10109650,14.404296875
10608050,14.892578125
10831974,15.5029296875
10844958,14.58740234375
11340952,15.380859375
11795691,15.0146484375
