11999000,0
47848,20.3857421875
47904,19.53125
47988,17.88330078125
48009,17.88330078125
48058,23.13232421875
48105,18.37158203125
48148,19.95849609375
48219,17.2119140625
48385,17.15087890625
48501,19.8974609375
49643,18.37158203125
64290,21.30126953125
64574,23.193359375
64667,19.83642578125
65003,18.310546875
65072,16.9677734375
65145,17.7001953125
65333,18.5546875
118718,18.1884765625
118850,17.7001953125
118902,19.775390625
118952,18.49365234375
119059,18.5546875
119110,17.15087890625
119159,17.333984375
119215,19.22607421875
119415,20.263671875
119497,18.61572265625
120843,18.73779296875
145515,17.27294921875
145679,17.51708984375
145721,21.97265625
145770,17.2119140625
145865,17.822265625
145919,18.98193359375
145977,23.25439453125
146050,18.61572265625
146090,18.12744140625
146137,18.12744140625
146220,18.12744140625
170254,21.17919921875
170460,22.8271484375
170583,17.27294921875
170698,20.1416015625
170827,17.76123046875
197161,23.13232421875
197384,24.47509765625
197545,22.3388671875
197834,18.5546875
198109,18.798828125
198379,17.333984375
222153,20.44677734375
222302,21.66748046875
222481,17.51708984375
222714,17.333984375
250841,17.88330078125
250980,16.9677734375
251054,20.99609375
251117,20.1416015625
251179,17.15087890625
251252,17.4560546875
251632,23.681640625
298566,19.34814453125
330937,19.34814453125
331133,19.83642578125
331323,17.08984375
331462,20.56884765625
331645,18.24951171875
331822,17.7001953125
368952,20.20263671875
369132,20.81298828125
369422,17.578125
369803,17.27294921875
369895,18.06640625
393227,20.56884765625
393377,23.0712890625
460599,18.49365234375
460662,24.71923828125
460894,17.39501953125
460993,17.76123046875
461092,18.06640625
461202,19.59228515625
461340,18.98193359375
461409,19.6533203125
557995,18.06640625
558097,20.08056640625
558148,19.71435546875
558200,17.08984375
558352,18.85986328125
558443,20.81298828125
558654,18.4326171875
649720,17.27294921875
649834,19.22607421875
649863,17.63916015625
649936,21.17919921875
649981,17.76123046875
650027,17.51708984375
650125,19.53125
650421,20.1416015625
652327,17.63916015625
751280,17.4560546875
751392,19.8974609375
751439,18.24951171875
751498,23.74267578125
751547,17.2119140625
751644,18.61572265625
752032,18.12744140625
752107,17.4560546875
780172,18.9208984375
780278,18.73779296875
780434,19.47021484375
780499,19.8974609375
780565,21.240234375
780619,20.44677734375
780863,23.01025390625
780959,19.4091796875
831010,18.06640625
831098,17.76123046875
831165,19.22607421875
831225,17.822265625
831328,21.1181640625
831381,17.88330078125
831433,20.263671875
831550,19.8974609375
831604,17.822265625
831653,19.287109375
831736,18.1884765625
831811,18.24951171875
925989,17.08984375
926156,20.8740234375
926308,18.1884765625
926781,17.333984375
946946,17.4560546875
947320,18.12744140625
947445,18.5546875
947506,17.63916015625
947568,19.775390625
947630,17.822265625
947692,17.08984375
947816,17.02880859375
947993,20.3857421875
949038,17.51708984375
1071488,17.08984375
1071609,19.34814453125
1071666,17.4560546875
1071709,17.08984375
1071806,18.310546875
1072004,17.27294921875
1072114,22.94921875
1072174,19.71435546875
1146634,23.25439453125
1146717,16.9677734375
1146832,18.73779296875
1146919,17.15087890625
1146939,18.73779296875
1146985,20.93505859375
1147125,17.7001953125
1147172,17.27294921875
1147320,18.310546875
1147364,17.27294921875
1147596,17.333984375
1223495,17.4560546875
1224149,18.5546875
1224223,21.3623046875
1224274,18.00537109375
1224437,20.08056640625
1224555,16.9677734375
1224854,20.3857421875
1248708,16.9677734375
1249003,18.49365234375
1249148,19.04296875
1249214,18.85986328125
1249450,19.1650390625
1249504,18.798828125
1249748,18.798828125
1354712,22.3388671875
1354811,17.02880859375
1354871,22.88818359375
1355028,18.4326171875
1355122,17.578125
1355166,17.88330078125
1355198,18.5546875
1355239,17.4560546875
1428544,18.12744140625
1428628,21.54541015625
1428687,17.578125
1428744,19.83642578125
1428781,20.751953125
1428825,17.333984375
1428917,17.15087890625
1429029,18.24951171875
1429043,17.08984375
1429113,18.00537109375
1429350,17.51708984375
1512847,17.76123046875
1513660,21.91162109375
1513785,19.775390625
1513840,19.83642578125
1575123,17.333984375
1575193,20.44677734375
1575252,27.28271484375
1575308,17.4560546875
1575356,18.85986328125
1575408,17.39501953125
1575455,17.578125
1575658,18.06640625
1575707,20.81298828125
1575828,19.04296875
1575902,17.333984375
1576101,17.51708984375
1687419,29.052734375
1687566,30.09033203125
1687623,18.9208984375
1687849,16.90673828125
1687899,21.30126953125
1688355,17.63916015625
1710187,16.90673828125
1710252,20.44677734375
1710314,17.39501953125
1710413,17.39501953125
1710577,19.10400390625
1781263,25.81787109375
1781365,18.61572265625
1781530,20.08056640625
1781633,17.333984375
1781684,21.05712890625
1781876,17.7001953125
1781929,18.5546875
1782046,18.12744140625
1784421,17.63916015625
1840093,18.85986328125
1840213,19.71435546875
1840314,18.798828125
1840356,17.27294921875
1840501,16.90673828125
1840555,21.42333984375
1840600,17.7001953125
1840648,24.4140625
1840959,21.66748046875
1841027,20.1416015625
1966659,18.24951171875
1966772,18.73779296875
1966825,19.10400390625
1966885,18.6767578125
1966987,25.146484375
1967032,18.9208984375
1967126,17.63916015625
1967169,19.6533203125
1967212,17.88330078125
1967290,17.2119140625
1983522,19.8974609375
1983584,22.15576171875
1983597,16.90673828125
1983655,18.5546875
1983842,16.9677734375
1984027,17.578125
1984086,20.08056640625
1984146,19.95849609375
2311302,20.3857421875
2311322,17.822265625
2311473,20.20263671875
2311552,19.83642578125
2311685,20.751953125
2330792,22.3388671875
2330839,17.4560546875
2330942,17.7001953125
2330999,19.53125
2331107,17.51708984375
2331164,19.287109375
2331222,22.8271484375
2331288,19.22607421875
2333053,16.90673828125
2416765,17.88330078125
2422446,17.822265625
2433318,19.71435546875
2448083,17.2119140625
2489847,18.9208984375
2489911,21.54541015625
2489960,26.2451171875
2490044,17.27294921875
2490090,18.24951171875
2490130,22.88818359375
2490163,17.08984375
2490535,19.8974609375
2490597,17.2119140625
2490700,20.01953125
2493533,17.76123046875
2504013,27.587890625
2504161,17.333984375
2504252,22.705078125
2504316,20.01953125
2504373,17.63916015625
2504429,25.146484375
2504542,17.88330078125
2504651,18.06640625
2504706,22.27783203125
2504771,18.06640625
2586814,17.333984375
2602806,17.2119140625
2635822,17.333984375
2635956,21.484375
2636034,17.2119140625
2636134,22.52197265625
2636306,18.98193359375
2636354,20.44677734375
2661709,17.27294921875
2661758,18.4326171875
2661832,18.73779296875
2661879,18.798828125
2661990,19.71435546875
2662150,18.5546875
2662206,17.08984375
2662263,20.08056640625
2662318,17.578125
2662372,22.88818359375
2664288,18.6767578125
2809370,18.5546875
2930353,19.4091796875
2930461,17.822265625
2930567,26.30615234375
2930647,23.49853515625
2930689,22.15576171875
2931101,16.9677734375
2950403,20.08056640625
2950584,17.578125
2950650,17.9443359375
2950670,19.4091796875
2950822,17.578125
2950874,18.310546875
2950926,17.02880859375
2951031,19.1650390625
2951150,21.30126953125
2951347,18.12744140625
2993986,17.88330078125
2997371,19.4091796875
3014289,21.8505859375
3016293,17.333984375
3028020,19.47021484375
3037972,19.34814453125
3064927,18.24951171875
3084626,17.578125
3105788,19.6533203125
3106016,19.775390625
3106062,19.95849609375
3106187,20.263671875
3106577,21.42333984375
3122749,23.681640625
3122809,17.39501953125
3122819,17.15087890625
3123086,17.4560546875
3123184,19.1650390625
3123244,17.27294921875
3123304,17.822265625
3123370,20.5078125
3123457,19.34814453125
3149453,17.9443359375
3185693,21.78955078125
3212814,17.08984375
3215905,20.6298828125
3243258,18.6767578125
3243399,17.51708984375
3243495,17.51708984375
3243521,17.63916015625
3243622,20.44677734375
3243664,21.78955078125
3243915,19.95849609375
3243973,23.49853515625
3244037,17.76123046875
3246246,19.775390625
3267153,17.76123046875
3267213,19.287109375
3267240,17.15087890625
3267285,17.578125
3267342,20.751953125
3267452,18.61572265625
3267512,16.90673828125
3267569,18.98193359375
3267684,17.51708984375
3267739,18.12744140625
3269830,17.88330078125
3288207,17.51708984375
3313189,18.98193359375
3333933,17.02880859375
3346407,16.90673828125
3347403,17.333984375
3361002,17.333984375
3361358,17.15087890625
3361437,19.22607421875
3361495,23.681640625
3361785,20.08056640625
3361834,16.9677734375
3361943,19.287109375
3362001,17.08984375
3364148,16.90673828125
3378441,16.90673828125
3378578,18.6767578125
3378669,17.88330078125
3378770,20.3857421875
3378929,18.310546875
3378981,17.822265625
3379038,21.1181640625
3380873,19.04296875
3381264,17.08984375
3441298,20.81298828125
3481426,18.06640625
3525554,19.287109375
3525625,18.00537109375
3525698,17.76123046875
3525751,23.25439453125
3525801,20.263671875
3525892,18.37158203125
3525937,18.310546875
3525979,17.63916015625
3526019,17.7001953125
3526414,20.01953125
3544694,18.49365234375
3544915,17.7001953125
3544998,17.578125
3545128,21.05712890625
3545200,18.4326171875
3545273,19.59228515625
3545448,19.22607421875
3545513,20.93505859375
3545574,20.32470703125
3545640,17.51708984375
3546934,18.85986328125
3547370,19.53125
3573671,20.01953125
3584817,19.6533203125
3620859,18.9208984375
3682778,17.88330078125
3700308,19.287109375
3700597,18.37158203125
3792349,19.53125
3792507,18.73779296875
3792571,18.9208984375
3792625,21.3623046875
3792950,17.27294921875
3793058,19.22607421875
3793107,20.20263671875
3793168,18.85986328125
3795096,18.4326171875
3818158,17.27294921875
3818402,22.64404296875
3818461,17.333984375
3818549,17.39501953125
3818569,17.9443359375
3818629,17.08984375
3819128,17.4560546875
3974738,16.90673828125
3974804,18.73779296875
3974968,23.681640625
3975067,17.08984375
3975114,17.4560546875
3975160,19.34814453125
3975441,19.287109375
3975490,17.7001953125
3975593,18.00537109375
3975657,23.92578125
4162433,18.12744140625
4162565,19.775390625
4162639,19.1650390625
4162699,20.32470703125
4162751,17.02880859375
4162776,19.59228515625
4162804,18.06640625
4162852,18.85986328125
4162897,18.4326171875
4162938,17.4560546875
4162980,20.20263671875
4163345,18.37158203125
4166032,17.27294921875
4186141,18.9208984375
4187065,19.53125
4187234,16.9677734375
4187292,17.9443359375
4187348,18.37158203125
4187398,17.39501953125
4187534,20.93505859375
4187593,17.63916015625
4187690,17.63916015625
4189158,19.22607421875
4231042,18.98193359375
4640722,19.22607421875
4640754,17.51708984375
4640821,18.310546875
4640992,17.15087890625
4641479,18.9208984375
4642266,16.9677734375
4643881,18.310546875
4657223,16.90673828125
4657447,20.263671875
4657515,19.287109375
4657610,18.9208984375
4657674,17.822265625
4657727,18.6767578125
4657827,17.4560546875
4658042,19.83642578125
4658100,18.24951171875
4658164,17.51708984375
4660233,17.15087890625
4684690,17.7001953125
4688049,18.4326171875
4695579,19.1650390625
4709005,21.97265625
4710221,16.9677734375
4711588,17.39501953125
4713377,18.4326171875
4713781,17.76123046875
4714908,18.98193359375
4722799,16.90673828125
4728300,17.63916015625
4730714,18.798828125
4732296,19.287109375
4734055,20.99609375
4736177,20.08056640625
4738254,18.310546875
4740481,19.34814453125
4742292,18.6767578125
4744453,21.1181640625
4745751,17.02880859375
4747136,18.1884765625
4749794,19.775390625
4750531,20.263671875
4753162,20.20263671875
4754843,21.240234375
4757275,17.822265625
4758306,20.01953125
4759284,18.98193359375
4761198,19.04296875
4768485,18.12744140625
4769541,18.06640625
4785837,19.47021484375
4787028,21.728515625
4788376,16.90673828125
4806740,19.4091796875
4808535,21.728515625
4817645,17.02880859375
4819035,17.333984375
4823634,17.02880859375
4825280,21.240234375
4830335,23.62060546875
4833835,17.08984375
4833849,16.90673828125
4833894,19.22607421875
4834017,17.27294921875
4834061,17.63916015625
4847104,21.97265625
4848389,21.484375
4850388,17.08984375
4850459,30.33447265625
4850523,21.484375
4850649,16.90673828125
4850705,19.6533203125
4850813,24.658203125
4851059,21.54541015625
4872839,18.12744140625
4889122,22.5830078125
4900776,19.22607421875
4903681,21.8505859375
4904546,17.333984375
4905308,18.85986328125
4918280,18.1884765625
4924675,18.1884765625
4925546,18.798828125
4926506,22.52197265625
4929257,17.27294921875
4955498,18.49365234375
4958011,18.61572265625
4959754,17.63916015625
4990782,17.15087890625
5003570,18.00537109375
5012433,19.10400390625
5045507,20.44677734375
5049768,20.32470703125
5095083,18.61572265625
5125863,21.30126953125
5127718,21.240234375
5137343,19.1650390625
5159431,17.76123046875
5205835,20.08056640625
5205896,28.13720703125
5205962,18.00537109375
5205987,17.822265625
5206028,16.90673828125
5206071,21.54541015625
5206111,18.310546875
5206148,18.61572265625
5221916,16.9677734375
5222013,19.71435546875
5222122,20.1416015625
5222178,18.61572265625
5222233,23.62060546875
5222288,18.37158203125
5222342,20.263671875
5222410,18.00537109375
5222468,18.37158203125
5222524,17.2119140625
5297050,19.95849609375
5297598,20.263671875
5308653,17.4560546875
5358915,18.85986328125
5370375,19.53125
5384771,18.61572265625
5385013,19.71435546875
5385067,20.32470703125
5385188,19.34814453125
5385224,17.7001953125
5385267,18.310546875
5385307,18.6767578125
5400676,19.53125
5400806,20.20263671875
5400858,17.9443359375
5401009,19.775390625
5401117,16.90673828125
5401230,17.333984375
5401292,18.798828125
5401472,18.85986328125
5456473,18.73779296875
5470146,20.08056640625
5473658,18.37158203125
5476468,19.47021484375
5518653,21.1181640625
5535736,17.578125
5535977,21.78955078125
5536181,18.85986328125
5536455,17.51708984375
5579626,17.27294921875
5592215,22.52197265625
5601161,17.333984375
5652360,18.49365234375
5743646,18.24951171875
5743721,19.775390625
5743786,18.37158203125
5743838,25.87890625
5743992,17.7001953125
5744077,20.8740234375
5747024,17.63916015625
5759017,20.44677734375
5759083,19.34814453125
5759104,17.578125
5759139,17.4560546875
5759357,17.76123046875
5759532,16.90673828125
5759594,17.76123046875
5759730,18.61572265625
5797496,21.30126953125
5843587,21.30126953125
5894217,18.00537109375
5913241,17.39501953125
5955010,19.95849609375
5955488,17.76123046875
5955613,17.08984375
5955671,17.822265625
5955718,17.578125
5955813,19.8974609375
5955854,18.310546875
5956282,18.61572265625
5971474,23.74267578125
5971607,19.04296875
5971658,17.51708984375
5971772,19.775390625
5971946,16.90673828125
6010366,22.76611328125
6017582,22.0947265625
6020428,17.88330078125
6027094,18.06640625
6031532,17.2119140625
6035161,19.4091796875
6041146,21.54541015625
6046888,20.5078125
6068246,19.287109375
6074917,17.4560546875
6096455,18.9208984375
6099669,20.5078125
6101066,21.17919921875
6106650,25.7568359375
6106771,24.169921875
6106820,17.7001953125
6106930,21.05712890625
6124693,19.1650390625
6124778,23.25439453125
6124802,19.47021484375
6124850,17.2119140625
6124875,17.51708984375
6124905,18.12744140625
6125011,18.12744140625
6125071,16.90673828125
6125187,16.9677734375
6125251,18.24951171875
6125323,19.34814453125
6125513,21.8505859375
6127116,17.02880859375
6127332,17.9443359375
6160184,25.0244140625
6161845,19.83642578125
6163082,20.81298828125
6167877,17.2119140625
6192426,24.59716796875
6219583,19.6533203125
6228982,17.9443359375
6235798,18.6767578125
6236008,18.06640625
6236144,17.39501953125
6236175,19.10400390625
6236211,20.44677734375
6236276,27.099609375
6236334,18.00537109375
6236376,16.90673828125
6236422,20.81298828125
6257965,20.1416015625
6258195,19.8974609375
6258216,18.37158203125
6258289,19.83642578125
6258361,17.2119140625
6258421,19.8974609375
6258540,18.00537109375
6258718,18.06640625
6258779,18.12744140625
6260526,18.00537109375
6260799,20.99609375
6314474,18.61572265625
6325736,16.90673828125
6407276,24.169921875
6407367,17.15087890625
6407445,19.47021484375
6407509,17.333984375
6407528,17.822265625
6407579,18.37158203125
6407683,21.42333984375
6407977,19.04296875
6408127,18.5546875
6453527,20.20263671875
6625160,22.216796875
6625178,17.39501953125
6625241,22.88818359375
6625299,17.39501953125
6625350,20.263671875
6625361,16.9677734375
6625449,22.03369140625
6625891,18.5546875
6627830,17.27294921875
6628093,16.9677734375
6628403,17.39501953125
6640413,18.00537109375
6640612,18.49365234375
6640699,19.22607421875
6640723,17.9443359375
6640930,19.59228515625
6641102,19.775390625
6641167,20.93505859375
6641247,19.34814453125
6643145,18.61572265625
6672512,20.20263671875
6685573,18.5546875
6710034,18.49365234375
6727269,17.39501953125
6735755,17.2119140625
6764591,18.49365234375
6769830,18.61572265625
6774824,19.53125
6821553,22.4609375
6821631,22.0947265625
6821745,18.85986328125
6821870,19.34814453125
6821906,17.9443359375
6821952,17.822265625
6822167,17.27294921875
6835934,19.10400390625
6836004,18.5546875
6836062,21.240234375
6836131,20.69091796875
6836303,21.484375
6836485,21.484375
6836559,18.12744140625
6836636,19.83642578125
6836776,21.728515625
6859966,21.78955078125
6864100,17.51708984375
6876798,17.02880859375
6877716,20.263671875
6895603,18.310546875
6922372,18.4326171875
6931076,18.24951171875
6945259,18.310546875
6949012,18.1884765625
6951875,19.04296875
6951976,19.95849609375
6952046,19.34814453125
6952123,17.333984375
6952184,17.15087890625
6952227,17.39501953125
6952282,23.98681640625
6952329,19.1650390625
6952474,19.6533203125
6952524,18.85986328125
6952718,18.24951171875
6991230,20.20263671875
7010962,17.9443359375
7021995,17.39501953125
7055127,20.44677734375
7077858,18.06640625
7087506,31.18896484375
7087800,20.6298828125
7087935,18.9208984375
7088153,17.39501953125
7088204,17.76123046875
7088354,18.73779296875
7088451,16.9677734375
7088504,19.47021484375
7088541,17.578125
7088761,17.333984375
7091100,18.1884765625
7109504,18.310546875
7109676,25.20751953125
7109862,19.8974609375
7109971,17.27294921875
7110027,18.1884765625
7110136,17.08984375
7110250,19.4091796875
7110336,16.90673828125
7177571,17.88330078125
7188646,16.90673828125
7533850,17.4560546875
7534024,16.90673828125
7534073,22.0947265625
7534091,17.76123046875
7534118,23.86474609375
7534159,18.12744140625
7537298,18.85986328125
7546173,20.5078125
7546396,22.5830078125
7546453,18.9208984375
7546516,18.24951171875
7546824,17.15087890625
7546917,18.61572265625
7549385,18.310546875
7593879,21.30126953125
7595619,21.91162109375
7597025,20.20263671875
7598765,20.3857421875
7605239,21.05712890625
7606486,19.6533203125
7609133,20.44677734375
7615858,17.27294921875
7617916,18.798828125
7619819,24.5361328125
7622299,17.4560546875
7623797,17.9443359375
7625186,18.61572265625
7627226,20.69091796875
7628554,18.4326171875
7631349,17.27294921875
7633519,19.10400390625
7635296,18.798828125
7637083,18.1884765625
7639036,17.2119140625
7640235,17.7001953125
7644609,23.25439453125
7653642,19.95849609375
7654689,20.5078125
7656206,17.02880859375
7657290,16.9677734375
7657501,22.4609375
7657529,17.2119140625
7657661,22.4609375
7657709,20.1416015625
7657757,19.6533203125
7657892,18.00537109375
7657950,19.775390625
7658062,20.20263671875
7658170,17.822265625
7660764,17.76123046875
7674904,17.4560546875
7675003,26.06201171875
7675074,20.44677734375
7675105,18.6767578125
7675133,25.87890625
7675241,18.9208984375
7675396,17.7001953125
7675506,17.88330078125
7675567,17.578125
7675669,17.51708984375
7689324,19.34814453125
7691561,19.71435546875
7692819,17.63916015625
7696713,17.27294921875
7699965,19.287109375
7700615,18.00537109375
7706283,17.4560546875
7708360,17.7001953125
7713729,20.751953125
7722620,19.287109375
7725011,20.1416015625
7727412,20.20263671875
7728399,21.91162109375
7732400,19.95849609375
7734519,17.63916015625
7735947,19.10400390625
7739140,22.15576171875
7740194,20.3857421875
7746794,23.37646484375
7748020,20.263671875
7756714,19.53125
7760160,20.751953125
7762753,22.8271484375
7763566,19.22607421875
7767083,17.2119140625
7767160,19.8974609375
7767323,18.798828125
7767493,18.4326171875
7767542,18.1884765625
7767586,18.5546875
7767634,17.9443359375
7767661,17.63916015625
7767728,16.90673828125
7767778,18.61572265625
7767837,18.6767578125
7787066,20.01953125
7787427,18.5546875
7787498,16.9677734375
7787563,17.02880859375
7787621,23.98681640625
7787695,18.85986328125
7787817,17.578125
7816521,21.1181640625
7837426,18.310546875
7837716,17.15087890625
7840381,20.1416015625
7848036,19.34814453125
7851898,21.66748046875
7856974,18.12744140625
7863674,17.63916015625
7867971,19.4091796875
7877120,22.3388671875
7884989,18.00537109375
7885122,32.470703125
7885203,18.49365234375
7885325,18.73779296875
7885378,17.7001953125
7885854,18.37158203125
7939690,18.73779296875
7980540,19.22607421875
8081025,17.9443359375
8081035,20.01953125
8081103,18.73779296875
8081165,19.95849609375
8081216,17.578125
8081270,17.578125
8081319,17.08984375
8081413,18.49365234375
8081730,17.15087890625
8081854,17.4560546875
8098789,19.10400390625
8099010,24.59716796875
8099030,18.00537109375
8099084,19.53125
8099152,18.06640625
8099213,17.88330078125
8099280,18.4326171875
8099336,18.24951171875
8099397,18.310546875
8099520,18.06640625
8099601,16.90673828125
8134580,21.42333984375
8184182,18.12744140625
8202402,17.7001953125
8341303,18.310546875
8341441,17.51708984375
8341466,22.5830078125
8341554,18.310546875
8341637,18.49365234375
8341676,21.8505859375
8341725,17.333984375
8341769,21.6064453125
8341813,19.04296875
8341855,17.63916015625
8341901,18.98193359375
8355237,18.5546875
8355331,17.2119140625
8355362,24.96337890625
8355428,17.02880859375
8355485,18.4326171875
8355609,17.822265625
8355672,24.59716796875
8355731,17.88330078125
8355979,19.287109375
8399797,17.4560546875
8415511,18.49365234375
8437376,19.34814453125
8706486,18.310546875
8706552,17.63916015625
8706566,18.24951171875
8706622,16.90673828125
8706676,24.0478515625
8706725,17.333984375
8706767,19.6533203125
8706851,17.9443359375
8707167,16.9677734375
8707229,17.4560546875
8707302,24.2919921875
8709566,18.00537109375
8720726,22.76611328125
8720745,18.24951171875
8720789,24.0478515625
8720818,20.69091796875
8720848,19.71435546875
8720951,18.4326171875
8721055,16.90673828125
8721105,19.4091796875
8721166,17.4560546875
8721225,18.37158203125
8723673,18.00537109375
8755896,20.69091796875
8801607,19.95849609375
8809794,17.76123046875
8819752,16.90673828125
8827000,20.44677734375
8830884,19.59228515625
8832724,17.39501953125
8836865,20.5078125
8842269,19.775390625
8844380,21.97265625
8850517,17.4560546875
8852384,17.578125
8855174,20.3857421875
8867374,19.775390625
8885752,18.798828125
8900507,17.51708984375
8900786,18.00537109375
8901288,21.6064453125
8922599,17.7001953125
8927709,18.00537109375
9026609,21.8505859375
9026725,18.1884765625
9026740,17.2119140625
9026782,18.98193359375
9026837,19.6533203125
9026880,20.20263671875
9040575,18.06640625
9040778,18.37158203125
9040854,18.00537109375
9040916,17.88330078125
9041022,22.52197265625
9041198,18.49365234375
9041255,19.287109375
9041319,17.63916015625
9041485,17.88330078125
9074358,18.37158203125
9093736,23.193359375
9103982,22.64404296875
9363246,18.37158203125
9363318,18.00537109375
9363375,19.04296875
9363388,17.822265625
9363423,18.85986328125
9363466,19.6533203125
9363510,18.9208984375
9363551,19.47021484375
9373307,17.88330078125
9373745,19.47021484375
9373822,23.01025390625
9373886,20.3857421875
9373999,18.37158203125
9374060,20.751953125
9374136,19.53125
9456791,17.51708984375
9457199,23.62060546875
9607178,23.25439453125
9607266,17.822265625
9607318,20.8740234375
9607473,17.15087890625
9607515,17.51708984375
9619663,21.66748046875
9619723,19.8974609375
9619831,17.02880859375
9619891,20.20263671875
9619946,20.56884765625
9650778,17.63916015625
9662523,18.798828125
9680575,19.775390625
9717403,21.17919921875
9717639,16.90673828125
9717679,20.3857421875
9717700,17.76123046875
9717791,17.15087890625
9717841,22.216796875
9717887,23.8037109375
9717935,17.9443359375
9717980,17.63916015625
9718224,17.333984375
9718292,17.15087890625
9734881,19.47021484375
9735048,22.76611328125
9735117,16.90673828125
9735145,18.98193359375
9735176,18.4326171875
9735256,17.51708984375
9735292,18.49365234375
9735348,16.90673828125
9735403,20.81298828125
9735516,18.798828125
9735580,19.1650390625
9735665,21.91162109375
9735861,21.8505859375
9760649,18.73779296875
9761922,17.27294921875
9767020,17.333984375
9773840,18.5546875
9780223,21.05712890625
9782004,17.88330078125
9786019,17.4560546875
9788118,21.240234375
9790471,17.7001953125
9792416,19.287109375
9800328,20.01953125
9802460,19.8974609375
9808639,20.56884765625
9819565,19.10400390625
9830810,19.6533203125
9878771,17.27294921875
9878798,17.9443359375
9878820,21.484375
9878877,27.77099609375
9878928,17.51708984375
9878973,21.42333984375
9879060,18.85986328125
9879239,17.2119140625
9888767,19.04296875
9889653,26.91650390625
9889733,18.24951171875
9889802,20.08056640625
9889873,17.88330078125
9889924,17.63916015625
9890120,17.15087890625
9918376,18.6767578125
9919510,20.751953125
10109211,17.08984375
10109271,18.798828125
10109350,27.28271484375
10109413,27.7099609375
10109464,18.24951171875
10109511,19.22607421875
10109553,17.39501953125
10109596,19.775390625
10109642,16.9677734375
10110106,19.775390625
10125667,17.578125
10125844,17.333984375
10125857,17.08984375
10125940,18.9208984375
10126028,18.310546875
10126096,17.08984375
10126158,17.88330078125
10126213,23.8037109375
10126387,23.681640625
10126461,17.578125
10128658,18.4326171875
10148267,22.3388671875
10171512,19.95849609375
10173454,21.97265625
10227573,19.59228515625
10295534,20.44677734375
10295658,19.83642578125
10295725,22.216796875
10295759,17.51708984375
10295840,18.1884765625
10295891,20.3857421875
10295934,17.822265625
10296019,17.4560546875
10296060,18.73779296875
10296246,20.8740234375
10296375,17.39501953125
10298988,17.02880859375
10311385,17.2119140625
10311469,19.775390625
10311536,17.88330078125
10311613,19.775390625
10311787,19.22607421875
10311844,20.1416015625
10311973,18.12744140625
10312181,20.3857421875
10349675,18.4326171875
10594279,18.310546875
10594292,18.61572265625
10594362,18.85986328125
10594388,17.39501953125
10594468,17.15087890625
10594516,20.263671875
10594604,17.822265625
10594712,18.4326171875
10595041,21.97265625
10607458,17.15087890625
10607595,22.27783203125
10607658,20.01953125
10607680,19.95849609375
10607712,19.47021484375
10607759,21.54541015625
10607867,19.775390625
10607920,20.6298828125
10608045,17.02880859375
10608116,18.85986328125
10831602,19.47021484375
10831663,20.20263671875
10831687,17.08984375
10831725,17.51708984375
10831785,21.91162109375
10831845,19.10400390625
10831898,21.8505859375
10831941,19.1650390625
10831951,20.69091796875
10832040,21.97265625
10832081,18.24951171875
10832124,17.51708984375
10832354,18.00537109375
10844342,17.76123046875
10844598,17.15087890625
10844641,17.333984375
10844695,17.08984375
10844751,18.798828125
10844803,17.822265625
10844856,19.775390625
10844915,18.73779296875
10845031,21.30126953125
10845093,21.91162109375
10874287,20.32470703125
11134752,19.4091796875
11135090,19.59228515625
11135302,16.9677734375
11135351,17.4560546875
11135449,19.4091796875
11135540,17.76123046875
11135574,17.27294921875
11135688,19.53125
11135741,20.5078125
11135801,16.90673828125
11152035,19.04296875
11152063,22.216796875
11152195,19.8974609375
11152258,21.3623046875
11152380,19.1650390625
11152445,22.3388671875
11339277,19.1650390625
11339379,17.578125
11339392,17.333984375
11339457,21.30126953125
11339479,18.310546875
11339518,20.751953125
11339575,17.08984375
11339631,20.32470703125
11339678,17.08984375
11339723,19.95849609375
11339765,18.12744140625
11339810,20.263671875
11339854,20.32470703125
11352686,24.23095703125
11352849,19.71435546875
11352870,17.15087890625
11352962,19.83642578125
11353139,18.1884765625
11353206,18.00537109375
11353268,17.02880859375
11353440,19.34814453125
11353616,18.310546875
11565421,19.59228515625
11565431,19.83642578125
11565495,19.1650390625
11565553,22.216796875
11565608,18.9208984375
11565665,17.63916015625
11565763,19.04296875
11565854,18.5546875
11579153,18.24951171875
11579291,24.169921875
11579354,21.1181640625
11579426,26.0009765625
11579483,18.61572265625
11579539,20.01953125
11579595,22.15576171875
11579646,18.06640625
11579701,19.8974609375
11579757,17.15087890625
11579821,17.7001953125
11795640,18.61572265625
11795704,20.263671875
11795812,16.9677734375
11795861,18.85986328125
11795907,19.10400390625
11795950,17.333984375
11796033,18.12744140625
11796078,22.03369140625
11796215,19.83642578125
11811105,17.27294921875
11811220,28.3203125
11811324,19.04296875
11811353,18.4326171875
11811388,17.822265625
11811560,22.88818359375
11811673,22.94921875
11811788,25.87890625
11811851,18.73779296875
11811912,17.51708984375
