11999000,0
26498,20.1416015625
47753,129.5166015625
47796,21.97265625
47881,17.76123046875
47934,129.150390625
47967,18.798828125
48036,17.822265625
48159,130.126953125
48309,17.51708984375
48542,19.6533203125
49717,17.76123046875
49903,17.7001953125
50032,20.20263671875
64139,17.63916015625
64168,121.76513671875
64321,17.7001953125
64412,133.9111328125
64559,133.1787109375
64618,26.42822265625
64692,125.48828125
65313,18.6767578125
65511,17.88330078125
65636,18.85986328125
66057,21.66748046875
118461,17.7001953125
118647,131.89697265625
118664,18.49365234375
118852,130.7373046875
118992,140.68603515625
119120,134.8876953125
119223,18.06640625
119495,18.310546875
120222,20.8740234375
120541,125.8544921875
145225,127.13623046875
145428,22.52197265625
145503,131.8359375
145676,21.97265625
145699,117.73681640625
145750,18.1884765625
145848,130.37109375
145884,21.66748046875
146002,131.8359375
146649,18.98193359375
147365,17.63916015625
148158,18.00537109375
169824,118.34716796875
169870,18.6767578125
170053,17.7001953125
170157,133.544921875
170347,21.3623046875
170377,132.9345703125
170585,123.046875
170719,18.1884765625
170735,130.55419921875
170893,133.48388671875
170903,18.00537109375
171214,18.61572265625
171444,17.88330078125
171547,17.88330078125
196927,19.1650390625
197045,132.8125
197277,17.578125
197424,138.3056640625
197529,20.93505859375
197609,20.44677734375
197643,134.46044921875
197689,21.05712890625
197810,138.5498046875
197888,19.1650390625
197957,148.74267578125
198134,129.638671875
198278,18.49365234375
198687,17.76123046875
221552,133.056640625
221906,127.38037109375
222154,135.3759765625
222311,17.88330078125
222339,133.9111328125
222528,127.13623046875
222551,24.23095703125
222663,17.578125
222697,120.66650390625
222754,17.88330078125
222894,131.103515625
250635,131.40869140625
250783,21.6064453125
250895,124.45068359375
251019,17.51708984375
251116,132.8125
251160,18.6767578125
251275,136.3525390625
251333,20.69091796875
251385,17.9443359375
251429,129.94384765625
251751,19.83642578125
251910,17.51708984375
270531,115.05126953125
270855,18.06640625
270872,132.080078125
271113,135.6201171875
271317,125.91552734375
271524,130.4931640625
271729,120.91064453125
271956,139.2822265625
272090,19.287109375
272196,132.99560546875
272471,134.033203125
298143,23.25439453125
298207,131.16455078125
298536,123.96240234375
298722,18.9208984375
298761,135.3759765625
298978,117.85888671875
299031,18.37158203125
299163,133.11767578125
299300,18.06640625
299429,18.61572265625
330912,120.54443359375
331172,19.287109375
331207,129.7607421875
331380,19.287109375
331403,117.1875
331537,19.47021484375
331579,137.02392578125
331600,21.97265625
331744,129.2724609375
331893,17.578125
332162,17.578125
347186,19.53125
347204,121.9482421875
347512,137.0849609375
347526,17.76123046875
347723,21.66748046875
347740,118.1640625
347914,122.13134765625
348056,18.1884765625
348132,119.0185546875
348338,124.69482421875
348566,122.802734375
348862,34.912109375
368745,130.859375
368967,17.578125
369062,136.8408203125
369165,19.53125
369256,24.35302734375
369457,139.95361328125
369570,19.4091796875
369611,120.361328125
369638,18.73779296875
369790,123.96240234375
369979,18.73779296875
392816,122.86376953125
392893,18.1884765625
392975,17.51708984375
393080,123.9013671875
393309,125.54931640625
393485,131.28662109375
393585,18.798828125
393648,130.55419921875
393816,117.61474609375
394006,132.50732421875
394200,125.79345703125
394431,117.0654296875
433908,130.31005859375
460386,131.04248046875
460455,18.00537109375
460627,128.7841796875
460796,136.04736328125
460905,125.18310546875
461606,19.1650390625
461977,18.12744140625
462320,17.9443359375
462561,17.7001953125
557890,128.23486328125
558004,17.578125
558114,129.7607421875
558239,117.12646484375
558350,20.3857421875
558438,21.3623046875
558819,18.49365234375
558982,17.88330078125
559442,17.9443359375
560567,20.3857421875
560749,17.88330078125
560971,18.1884765625
649537,19.6533203125
649640,133.72802734375
649806,18.73779296875
649929,133.23974609375
649965,19.6533203125
650051,131.8359375
650123,19.775390625
650198,19.10400390625
650745,17.7001953125
651409,17.63916015625
652685,19.1650390625
751354,131.8359375
751432,18.9208984375
751487,17.822265625
751531,134.09423828125
751623,126.52587890625
751752,18.6767578125
751805,17.51708984375
752373,17.51708984375
753215,113.1591796875
779661,130.18798828125
779966,21.30126953125
780130,134.94873046875
780261,18.98193359375
780347,127.99072265625
780385,18.9208984375
780453,18.73779296875
780486,127.50244140625
780574,17.88330078125
780611,120.60546875
780786,17.7001953125
780889,19.53125
780955,18.73779296875
781092,19.10400390625
782115,18.85986328125
830702,18.310546875
830744,130.0048828125
830968,18.12744140625
831043,126.64794921875
831216,20.44677734375
831230,127.86865234375
831344,150.93994140625
831548,21.6064453125
925182,18.4326171875
925913,123.53515625
925994,21.17919921875
926072,20.3857421875
926106,133.36181640625
926128,19.4091796875
926186,20.1416015625
926224,125.67138671875
926256,18.798828125
926290,19.6533203125
926336,127.685546875
926388,21.3623046875
926499,20.01953125
926591,18.9208984375
927705,18.12744140625
927981,17.9443359375
928551,17.51708984375
929184,18.37158203125
947162,18.06640625
947187,134.21630859375
947380,128.173828125
947464,17.578125
947523,134.33837890625
947535,20.01953125
947644,134.82666015625
947798,19.04296875
948413,22.15576171875
1071488,19.1650390625
1071623,17.578125
1071663,133.9111328125
1071769,132.2021484375
1071884,20.69091796875
1072059,19.287109375
1072171,18.798828125
1073387,112.9150390625
1073713,120.4833984375
1074044,17.88330078125
1146517,17.76123046875
1146747,126.28173828125
1146822,18.1884765625
1146890,17.63916015625
1146940,130.859375
1147008,20.99609375
1147050,70.86181640625
1147073,18.1884765625
1147183,132.2021484375
1147210,17.76123046875
1147609,18.1884765625
1147863,18.00537109375
1150039,20.01953125
1210934,17.578125
1224019,18.1884765625
1224055,138.12255859375
1224107,19.04296875
1224195,18.00537109375
1224223,136.71875
1224362,117.37060546875
1224409,18.24951171875
1224470,135.986328125
1224506,18.798828125
1224635,18.798828125
1224707,17.63916015625
1225193,18.5546875
1225663,21.30126953125
1248626,18.798828125
1248683,123.59619140625
1248973,128.41796875
1248986,17.76123046875
1249056,18.12744140625
1249118,18.24951171875
1249155,132.62939453125
1249291,122.98583984375
1249377,18.12744140625
1249422,133.36181640625
1249508,17.578125
1249565,17.822265625
1249772,17.51708984375
1249861,17.51708984375
1250287,18.9208984375
1253175,18.1884765625
1354790,127.50244140625
1354944,139.404296875
1354981,18.00537109375
1355011,18.6767578125
1355050,24.5361328125
1355069,134.033203125
1355128,18.24951171875
1355198,128.0517578125
1355476,17.9443359375
1355558,18.1884765625
1355743,17.822265625
1355916,18.00537109375
1357636,18.4326171875
1357834,17.7001953125
1428435,150.32958984375
1428540,19.95849609375
1428630,17.822265625
1428660,122.49755859375
1428694,19.95849609375
1428780,143.6767578125
1428843,18.5546875
1428898,134.521484375
1428915,21.728515625
1428967,17.7001953125
1429120,17.822265625
1429197,17.9443359375
1429839,22.27783203125
1430084,21.8505859375
1430271,123.22998046875
1431381,18.310546875
1488348,17.578125
1513636,129.21142578125
1513763,19.287109375
1513815,22.216796875
1513830,128.2958984375
1513912,21.97265625
1513944,132.62939453125
1513970,18.85986328125
1514047,18.98193359375
1514064,129.94384765625
1514885,18.6767578125
1515197,20.01953125
1515438,17.88330078125
1574980,131.40869140625
1574992,18.6767578125
1575237,137.451171875
1575290,20.69091796875
1575358,135.43701171875
1575403,19.71435546875
1575471,124.69482421875
1575512,18.61572265625
1576367,18.61572265625
1576462,21.6064453125
1686786,17.822265625
1687416,131.89697265625
1687482,19.1650390625
1687564,20.56884765625
1687603,132.568359375
1687719,129.39453125
1687750,18.1884765625
1687812,18.98193359375
1687889,22.64404296875
1688598,18.49365234375
1689093,17.51708984375
1691220,17.9443359375
1709621,18.06640625
1709896,134.1552734375
1710064,20.69091796875
1710110,135.25390625
1710239,131.7138671875
1710272,19.8974609375
1710352,131.9580078125
1710384,20.20263671875
1710422,17.88330078125
1710490,17.7001953125
1710756,18.1884765625
1710845,20.32470703125
1712121,109.4970703125
1781264,132.75146484375
1781391,18.4326171875
1781465,18.00537109375
1781488,127.99072265625
1781510,19.34814453125
1781571,18.310546875
1781626,103.08837890625
1781743,131.34765625
1781801,18.37158203125
1781820,19.10400390625
1783162,130.31005859375
1783206,17.578125
1783334,22.52197265625
1784740,19.59228515625
1839928,128.173828125
1840211,19.22607421875
1840222,134.521484375
1840283,18.6767578125
1840359,20.32470703125
1840412,134.6435546875
1840542,124.20654296875
1840642,20.08056640625
1840694,125.30517578125
1840791,22.8271484375
1840957,18.06640625
1842122,123.84033203125
1842716,18.1884765625
1966648,130.43212890625
1966849,17.822265625
1966876,126.220703125
1966905,19.59228515625
1966967,17.9443359375
1966992,130.92041015625
1967023,20.99609375
1968535,19.775390625
1968891,18.61572265625
1969901,18.310546875
1983306,130.9814453125
1983389,17.7001953125
1983460,17.51708984375
1983501,132.6904296875
1983521,20.69091796875
1983595,18.73779296875
1983642,134.94873046875
1983720,19.10400390625
1983763,129.0283203125
1983780,19.775390625
1983845,20.263671875
1983913,21.30126953125
1983991,18.12744140625
1985606,18.24951171875
1986318,17.7001953125
2311463,135.80322265625
2311524,20.99609375
2311567,20.44677734375
2311599,115.1123046875
2311652,18.24951171875
2311682,136.41357421875
2311735,17.9443359375
2311777,18.61572265625
2311877,17.51708984375
2312089,18.9208984375
2312268,17.822265625
2312611,18.9208984375
2313075,18.6767578125
2313743,19.10400390625
2330479,117.85888671875
2330564,18.24951171875
2330651,134.33837890625
2330707,20.6298828125
2330748,19.775390625
2330764,126.8310546875
2330893,123.291015625
2331473,19.287109375
2332186,18.73779296875
2333130,18.1884765625
2489847,127.62451171875
2489906,20.81298828125
2490008,121.15478515625
2490099,136.41357421875
2490126,19.53125
2490216,18.37158203125
2490741,19.6533203125
2490937,17.63916015625
2491103,18.49365234375
2491715,119.7509765625
2491915,19.775390625
2492082,19.10400390625
2503989,19.04296875
2504279,127.8076171875
2504322,18.1884765625
2504384,18.61572265625
2504425,128.173828125
2504536,127.685546875
2504627,18.12744140625
2505427,18.00537109375
2505629,18.98193359375
2505729,18.06640625
2506357,19.1650390625
2506497,19.775390625
2636061,118.46923828125
2636095,19.10400390625
2636129,18.24951171875
2636224,130.31005859375
2636268,19.53125
2636317,141.78466796875
2636608,17.51708984375
2637971,20.93505859375
2640610,17.7001953125
2661688,128.90625
2661855,133.9111328125
2661957,23.5595703125
2661990,113.95263671875
2662029,18.49365234375
2662107,119.07958984375
2662149,18.85986328125
2662604,19.47021484375
2662875,17.9443359375
2663442,17.822265625
2664015,17.822265625
2664146,18.37158203125
2897879,19.71435546875
2930358,129.82177734375
2930526,18.9208984375
2930546,128.96728515625
2930568,18.61572265625
2930629,115.53955078125
2930664,19.8974609375
2930710,21.66748046875
2931696,17.63916015625
2931801,21.66748046875
2933648,17.9443359375
2934477,17.7001953125
2950298,22.94921875
2950521,119.81201171875
2950625,18.37158203125
2950714,141.66259765625
2950822,138.7939453125
2950864,18.6767578125
2950996,18.4326171875
2951233,18.9208984375
2952088,17.578125
2952697,18.5546875
3105892,136.90185546875
3105989,17.9443359375
3106026,125.54931640625
3106086,18.310546875
3106130,139.892578125
3106248,18.00537109375
3106358,20.08056640625
3107341,17.7001953125
3107444,17.76123046875
3107574,18.4326171875
3107857,17.51708984375
3108145,18.310546875
3108914,19.1650390625
3110153,17.76123046875
3110574,18.4326171875
3110802,18.1884765625
3122630,117.919921875
3122650,19.22607421875
3122800,134.27734375
3122913,127.44140625
3123045,128.96728515625
3123192,19.775390625
3124203,17.7001953125
3124345,20.20263671875
3124802,18.49365234375
3124956,18.85986328125
3126457,17.9443359375
3243361,131.89697265625
3243424,18.310546875
3243484,133.056640625
3243520,19.47021484375
3243577,133.36181640625
3244334,17.578125
3244729,19.8974609375
3245007,120.361328125
3245816,17.822265625
3247562,18.00537109375
3266849,129.94384765625
3267067,131.04248046875
3267159,18.1884765625
3267246,127.0751953125
3267370,130.92041015625
3267395,18.61572265625
3267738,17.88330078125
3268999,17.7001953125
3361356,19.4091796875
3361447,21.1181640625
3361531,133.85009765625
3361644,38.26904296875
3362104,18.98193359375
3362415,17.76123046875
3363319,17.51708984375
3363732,20.20263671875
3364113,18.12744140625
3378412,19.53125
3378488,17.51708984375
3378510,130.92041015625
3378646,21.42333984375
3378721,128.60107421875
3378839,127.44140625
3378888,18.24951171875
3378988,127.9296875
3379147,18.61572265625
3379613,17.7001953125
3380949,19.6533203125
3525588,134.33837890625
3525706,18.310546875
3525760,128.41796875
3525777,17.578125
3525891,132.26318359375
3526215,19.287109375
3526399,18.73779296875
3527617,17.76123046875
3528428,18.4326171875
3544851,19.22607421875
3544983,132.8125
3545059,23.13232421875
3545133,134.33837890625
3545185,19.22607421875
3545254,135.68115234375
3545317,19.04296875
3545390,117.85888671875
3545405,20.01953125
3545450,19.83642578125
3546066,17.51708984375
3546856,19.34814453125
3700302,20.01953125
3700450,132.080078125
3700549,21.54541015625
3700584,119.9951171875
3700645,18.06640625
3700675,132.99560546875
3701698,120.05615234375
3701822,17.51708984375
3702372,19.95849609375
3702634,17.51708984375
3702760,17.88330078125
3702968,17.7001953125
3792268,21.484375
3792571,137.3291015625
3792669,19.22607421875
3792702,138.12255859375
3792726,22.216796875
3792776,17.578125
3792801,127.01416015625
3793021,18.5546875
3793109,19.04296875
3793227,19.22607421875
3794569,122.86376953125
3818079,126.5869140625
3818265,29.78515625
3818330,123.35205078125
3818348,19.287109375
3818397,18.4326171875
3818484,121.64306640625
3818602,132.99560546875
3818705,18.49365234375
3818989,19.04296875
3819068,17.7001953125
3819599,19.04296875
3820315,18.4326171875
3974917,19.83642578125
3974933,130.92041015625
3975062,20.32470703125
3975172,131.9580078125
3975288,18.4326171875
3975352,18.98193359375
3975564,18.4326171875
3975859,18.24951171875
3978005,18.85986328125
4162702,126.64794921875
4162790,19.287109375
4162832,131.34765625
4162917,19.8974609375
4162960,20.3857421875
4163164,18.4326171875
4164077,17.7001953125
4164427,19.71435546875
4164522,18.49365234375
4164835,19.53125
4165658,18.6767578125
4165963,20.69091796875
4186390,89.78271484375
4186552,20.8740234375
4186744,126.708984375
4186872,18.1884765625
4186917,128.7841796875
4187048,139.58740234375
4187060,19.287109375
4187122,19.53125
4187180,19.95849609375
4187203,132.080078125
4187476,18.98193359375
4187615,21.78955078125
4187691,18.37158203125
4189334,17.51708984375
4640768,17.822265625
4640780,118.83544921875
4640824,19.6533203125
4640892,135.31494140625
4640952,20.56884765625
4640991,132.14111328125
4641046,18.98193359375
4641103,17.822265625
4641177,19.71435546875
4641859,18.6767578125
4642229,18.1884765625
4642354,17.51708984375
4648928,18.06640625
4657371,20.1416015625
4657456,21.97265625
4657499,132.4462890625
4657522,22.52197265625
4657583,18.98193359375
4657632,132.8125
4657730,137.02392578125
4658154,18.798828125
4659679,18.5546875
4659867,18.61572265625
4833899,20.81298828125
4833996,130.06591796875
4834042,18.12744140625
4834090,135.55908203125
4834181,120.1171875
4835139,17.7001953125
4835567,17.7001953125
4838202,18.06640625
4850134,22.3388671875
4850272,17.76123046875
4850365,23.193359375
4850402,137.87841796875
4850497,19.6533203125
4850552,140.68603515625
4850606,17.51708984375
4850658,138.24462890625
4850789,18.06640625
4850859,17.822265625
4850998,17.9443359375
4851563,17.63916015625
4851796,18.310546875
4852233,18.9208984375
4852542,19.22607421875
4853222,19.34814453125
5205913,117.00439453125
5206017,20.5078125
5206034,134.3994140625
5206058,20.20263671875
5206097,18.5546875
5206124,134.46044921875
5206184,18.6767578125
5206840,18.85986328125
5207242,18.12744140625
5207564,18.4326171875
5207802,19.04296875
5207948,17.578125
5221894,21.78955078125
5221944,119.81201171875
5221956,21.1181640625
5222022,19.775390625
5222081,135.92529296875
5222183,135.986328125
5222234,19.47021484375
5222776,18.5546875
5223119,17.7001953125
5223227,18.37158203125
5224319,17.822265625
5224656,17.63916015625
5225570,17.9443359375
5385110,18.00537109375
5385142,113.83056640625
5385164,17.7001953125
5385238,131.28662109375
5385253,25.146484375
5385324,127.62451171875
5385443,17.51708984375
5385502,21.05712890625
5386184,18.1884765625
5400673,121.39892578125
5400690,21.240234375
5400757,20.69091796875
5400821,137.75634765625
5400931,126.8310546875
5401074,18.24951171875
5401146,19.47021484375
5401425,19.4091796875
5401519,17.51708984375
5401659,19.47021484375
5403036,18.798828125
5403288,18.00537109375
5535895,23.193359375
5535988,117.0654296875
5535998,20.1416015625
5536079,153.6865234375
5536141,18.00537109375
5536182,122.25341796875
5536193,21.91162109375
5536688,18.1884765625
5536835,18.12744140625
5537207,18.310546875
5743854,21.42333984375
5743932,18.06640625
5743947,122.55859375
5743980,18.73779296875
5744006,18.798828125
5744042,125
5744068,17.63916015625
5744126,17.63916015625
5745208,18.310546875
5745318,22.216796875
5745958,18.12744140625
5746086,18.61572265625
5747611,19.71435546875
5748157,18.73779296875
5758924,17.76123046875
5759030,134.94873046875
5759131,20.3857421875
5759148,134.58251953125
5759262,135.43701171875
5759309,17.63916015625
5759383,19.22607421875
5759909,20.01953125
5760264,18.37158203125
5761647,17.822265625
5955690,134.70458984375
5955713,17.76123046875
5955787,128.96728515625
5955806,18.6767578125
5955861,19.22607421875
5955882,122.74169921875
5955918,18.49365234375
5957607,113.34228515625
5957825,19.287109375
5971286,23.86474609375
5971378,139.83154296875
5971472,18.12744140625
5971520,18.73779296875
5971535,121.27685546875
5971618,18.00537109375
5971645,132.14111328125
5972350,19.34814453125
5972490,18.310546875
5973418,18.798828125
5973625,131.65283203125
5974089,17.7001953125
6106773,18.61572265625
6106829,18.61572265625
6106890,124.755859375
6106946,21.240234375
6106980,17.578125
6107082,122.1923828125
6108761,18.24951171875
6109001,126.40380859375
6109028,22.27783203125
6109427,18.5546875
6110690,18.24951171875
6124634,131.77490234375
6124792,18.06640625
6124815,131.8359375
6124877,17.76123046875
6124929,124.6337890625
6125036,19.1650390625
6125058,118.2861328125
6125154,18.5546875
6125792,17.76123046875
6126040,18.798828125
6128033,18.37158203125
6236149,17.822265625
6236230,20.6298828125
6236255,128.96728515625
6236356,137.14599609375
6236393,20.6298828125
6236451,127.62451171875
6236643,19.1650390625
6236715,19.10400390625
6237250,18.85986328125
6237629,18.5546875
6238004,119.56787109375
6239054,17.76123046875
6239847,17.63916015625
6258192,21.8505859375
6258205,134.46044921875
6258375,139.70947265625
6258442,18.6767578125
6258489,123.35205078125
6258607,134.94873046875
6258993,19.71435546875
6259098,19.95849609375
6259507,21.17919921875
6260052,18.12744140625
6407460,18.310546875
6407535,25.57373046875
6407554,128.662109375
6407636,20.08056640625
6407658,132.6904296875
6407681,19.83642578125
6407734,18.6767578125
6407750,138.12255859375
6407791,18.798828125
6407843,18.9208984375
6407922,18.00537109375
6408216,17.578125
6615238,21.78955078125
6625223,21.30126953125
6625293,137.0849609375
6625403,143.12744140625
6625432,19.95849609375
6625490,120.05615234375
6625591,20.8740234375
6625838,20.93505859375
6626857,19.59228515625
6640543,139.0380859375
6640678,20.32470703125
6640703,133.85009765625
6640822,130.9814453125
6641018,19.4091796875
6641624,18.5546875
6641849,17.88330078125
6642123,18.98193359375
6642974,17.51708984375
6821831,131.77490234375
6821910,22.39990234375
6821934,140.7470703125
6821954,18.6767578125
6822022,142.27294921875
6822950,17.76123046875
6823242,19.1650390625
6823699,18.49365234375
6823849,17.63916015625
6823968,20.6298828125
6835938,18.798828125
6836100,133.544921875
6836173,22.0947265625
6836219,124.81689453125
6836238,17.88330078125
6836351,123.53515625
6836380,18.798828125
6836463,18.00537109375
6836511,19.10400390625
6837188,18.49365234375
6952170,18.12744140625
6952214,133.544921875
6952229,17.76123046875
6952320,140.869140625
6952412,110.90087890625
6952462,18.798828125
6952501,19.775390625
6952638,19.4091796875
6953172,17.63916015625
6953660,17.822265625
6954165,130.615234375
6954231,19.287109375
6954886,17.88330078125
7088056,19.04296875
7088167,123.1689453125
7088195,21.05712890625
7088276,140.7470703125
7088323,22.705078125
7088365,143.85986328125
7089493,19.10400390625
7089882,20.5078125
7090459,18.37158203125
7091234,17.51708984375
7092577,20.81298828125
7109556,20.44677734375
7109623,19.59228515625
7109714,18.61572265625
7109778,38.14697265625
7109789,19.71435546875
7109841,20.263671875
7109894,135.25390625
7109933,18.6767578125
7110133,18.61572265625
7110372,19.10400390625
7110610,18.4326171875
7313275,18.5546875
7533991,128.90625
7534090,19.71435546875
7534117,136.962890625
7534205,127.74658203125
7534263,17.51708984375
7535152,22.216796875
7535442,18.12744140625
7535737,18.24951171875
7536221,19.10400390625
7536599,18.61572265625
7546341,139.83154296875
7546362,18.310546875
7546481,138.916015625
7546579,117.67578125
7548012,17.822265625
7548240,20.08056640625
7548839,18.73779296875
7657443,20.1416015625
7657536,133.85009765625
7657621,22.64404296875
7657654,147.4609375
7657744,127.74658203125
7657762,19.775390625
7659078,19.53125
7659573,128.90625
7661619,21.54541015625
7675030,123.779296875
7675185,137.0849609375
7675285,139.7705078125
7675313,18.00537109375
7675379,18.06640625
7675441,17.578125
7675790,18.6767578125
7676735,17.822265625
7676853,19.10400390625
7677020,17.578125
7677229,17.51708984375
7767319,18.24951171875
7767361,19.775390625
7767426,19.1650390625
7767450,120.66650390625
7767474,22.03369140625
7767521,19.95849609375
7767550,124.8779296875
7767644,137.20703125
7768055,19.04296875
7768833,18.5546875
7769095,18.12744140625
7769518,123.1689453125
7770643,18.5546875
7787383,18.85986328125
7787427,125.8544921875
7787578,138.916015625
7787680,139.0380859375
7787793,18.24951171875
7788142,17.7001953125
7788285,17.578125
7789484,19.59228515625
7885296,22.3388671875
7885343,19.34814453125
7885368,125.48828125
7885434,19.47021484375
7885467,131.40869140625
7885562,136.16943359375
7885709,20.263671875
7886437,18.98193359375
7887027,17.9443359375
7887299,17.51708984375
7887527,21.728515625
8081286,20.263671875
8081320,143.4326171875
8081373,17.63916015625
8081418,130.9814453125
8081458,18.6767578125
8081511,128.0517578125
8081539,18.00537109375
8081738,17.51708984375
8082125,18.85986328125
8082759,19.83642578125
8084630,18.06640625
8098908,18.00537109375
8098953,140.625
8099049,22.4609375
8099111,138.36669921875
8099170,21.3623046875
8099226,133.36181640625
8099292,17.51708984375
8099356,17.578125
8099431,21.240234375
8099712,19.6533203125
8099856,21.97265625
8100704,18.5546875
8101290,17.51708984375
8341655,120.849609375
8341769,126.46484375
8341857,141.17431640625
8342678,19.6533203125
8342864,18.4326171875
8343143,18.06640625
8343801,20.08056640625
8344591,17.578125
8355191,21.30126953125
8355287,145.1416015625
8355382,23.01025390625
8355438,125.18310546875
8355541,124.1455078125
8355604,18.00537109375
8355836,18.24951171875
8355973,19.10400390625
8356062,20.81298828125
8356555,17.822265625
8706651,128.35693359375
8706739,23.4375
8706768,124.755859375
8706851,132.9345703125
8706996,21.8505859375
8707054,19.47021484375
8708156,18.49365234375
8708525,17.578125
8708687,18.12744140625
8708822,20.3857421875
8709019,115.53955078125
8709152,18.98193359375
8720688,126.46484375
8720747,19.4091796875
8720853,148.681640625
8720953,130.55419921875
8721061,18.37158203125
8721213,19.04296875
8721771,19.775390625
8721987,18.9208984375
8723709,18.37158203125
9026693,20.01953125
9026706,134.1552734375
9026763,21.1181640625
9026814,20.81298828125
9026849,144.34814453125
9026935,139.7705078125
9028052,21.91162109375
9028274,17.7001953125
9028367,19.10400390625
9028696,128.35693359375
9029642,18.06640625
9040672,18.85986328125
9040774,137.14599609375
9040786,17.63916015625
9040858,18.49365234375
9040922,136.8408203125
9040963,21.54541015625
9041020,138.73291015625
9041802,20.751953125
9041906,18.24951171875
9042266,18.12744140625
9042430,17.822265625
9042651,19.47021484375
9043793,17.76123046875
9363383,141.41845703125
9363495,146.91162109375
9363551,17.822265625
9363593,139.16015625
9363753,17.7001953125
9364353,18.1884765625
9364813,17.51708984375
9365043,18.798828125
9365607,17.76123046875
9367063,18.61572265625
9373507,18.1884765625
9373587,18.310546875
9373671,19.53125
9373725,127.197265625
9373748,17.51708984375
9373869,134.1552734375
9373970,137.939453125
9373995,18.24951171875
9374378,17.822265625
9374628,19.22607421875
9374890,18.4326171875
9375400,17.578125
9375663,18.5546875
9607337,17.578125
9607399,19.287109375
9607441,135.19287109375
9607480,23.681640625
9607529,129.150390625
9608403,18.73779296875
9608925,17.9443359375
9609272,20.20263671875
9619646,130.4931640625
9619761,18.9208984375
9619782,126.28173828125
9619887,145.8740234375
9620024,19.95849609375
9620064,21.66748046875
9620691,19.53125
9620916,18.12744140625
9621202,19.53125
9622028,17.88330078125
9717666,20.5078125
9717798,121.52099609375
9717853,18.310546875
9717896,130.92041015625
9717909,20.32470703125
9717993,136.3525390625
9718033,18.12744140625
9720221,18.310546875
9735019,17.9443359375
9735093,132.6904296875
9735180,18.4326171875
9735237,145.32470703125
9735277,17.51708984375
9735354,124.755859375
9735484,132.4462890625
9736018,19.53125
9736156,17.578125
9737125,18.24951171875
9737496,17.7001953125
9737976,19.04296875
9738463,19.10400390625
9878901,124.0234375
9879001,140.07568359375
9879091,121.39892578125
9879229,18.4326171875
9879402,17.63916015625
9880381,17.822265625
9881819,18.12744140625
9889528,21.1181640625
9889609,18.24951171875
9889698,19.34814453125
9889731,134.521484375
9889741,21.17919921875
9889865,129.150390625
9889971,128.2958984375
9890859,18.12744140625
10109427,21.6064453125
10109526,134.033203125
10109586,18.49365234375
10109623,144.10400390625
10109635,22.88818359375
10109724,140.13671875
10110069,19.53125
10110599,17.51708984375
10110944,17.9443359375
10111064,17.822265625
10125820,19.1650390625
10125877,129.5166015625
10126040,136.71875
10126086,18.73779296875
10126122,21.42333984375
10126148,140.07568359375
10126568,17.63916015625
10127046,17.63916015625
10127406,19.47021484375
10127551,19.1650390625
10128717,17.76123046875
10295781,17.822265625
10295848,144.10400390625
10295860,21.17919921875
10295899,22.5830078125
10295940,20.32470703125
10295958,118.1640625
10296000,17.88330078125
10296046,130.31005859375
10296087,17.7001953125
10296912,18.37158203125
10297723,123.6572265625
10311451,135.92529296875
10311597,151.79443359375
10311651,20.56884765625
10311693,128.35693359375
10311809,18.24951171875
10311950,19.1650390625
10312005,18.6767578125
10314102,19.1650390625
10314433,17.822265625
10594338,17.51708984375
10594417,115.6005859375
10594528,17.578125
10594539,121.9482421875
10594592,20.81298828125
10594630,141.29638671875
10594813,19.34814453125
10595206,19.83642578125
10595819,17.63916015625
10596600,18.61572265625
10596749,17.76123046875
10596950,18.37158203125
10607402,18.4326171875
10607473,125.79345703125
10607533,18.310546875
10607607,23.98681640625
10607654,138.24462890625
10607726,23.8037109375
10607761,137.51220703125
10607932,18.9208984375
10608065,17.76123046875
10608217,18.1884765625
10608314,18.12744140625
10608864,19.22607421875
10608983,19.71435546875
10609091,18.73779296875
10609481,17.7001953125
10831753,21.1181640625
10831901,138.48876953125
10831998,135.25390625
10832041,18.61572265625
10832115,125.3662109375
10832161,17.88330078125
10832215,18.12744140625
10832678,19.22607421875
10832948,18.61572265625
10834202,17.51708984375
10834321,18.49365234375
10844360,18.00537109375
10844498,130.55419921875
10844541,21.17919921875
10844657,133.97216796875
10844772,117.7978515625
10844887,19.10400390625
10845769,18.5546875
11135206,17.578125
11135256,139.83154296875
11135378,141.9677734375
11135463,133.056640625
11135809,18.6767578125
11136651,18.310546875
11136911,18.06640625
11137397,17.76123046875
11138556,17.578125
11151813,129.150390625
11151937,18.310546875
11152016,134.27734375
11152034,18.00537109375
11152157,145.56884765625
11152274,130.615234375
11152288,17.76123046875
11152339,19.83642578125
11153435,19.04296875
11153856,17.822265625
11154397,17.578125
11339488,20.8740234375
11339560,18.37158203125
11339614,134.58251953125
11339632,21.3623046875
11339714,131.103515625
11339806,138.671875
11339884,18.49365234375
11340020,18.85986328125
11341287,18.6767578125
11341830,18.61572265625
11352675,19.34814453125
11352766,131.34765625
11352917,128.96728515625
11353021,137.26806640625
11353912,17.88330078125
11355877,18.1884765625
11565586,17.9443359375
11565691,24.96337890625
11565737,130.55419921875
11565800,19.34814453125
11565834,136.16943359375
11565931,136.04736328125
11566029,18.6767578125
11567708,18.06640625
11568353,18.798828125
11579162,17.76123046875
11579284,128.60107421875
11579330,17.9443359375
11579407,18.4326171875
11579442,135.7421875
11579471,18.61572265625
11579519,20.32470703125
11579550,125.06103515625
11579841,20.44677734375
11580093,21.3623046875
11580694,17.7001953125
11795784,19.83642578125
11795842,18.4326171875
11795870,145.6298828125
11795934,17.9443359375
11795963,141.66259765625
11796495,17.63916015625
11796974,18.9208984375
11797204,18.49365234375
11797998,18.12744140625
11798358,17.63916015625
11811216,18.37158203125
11811319,35.400390625
11811384,18.4326171875
11811438,19.53125
11811476,136.65771484375
11811490,18.798828125
11811557,19.83642578125
11811573,137.3291015625
11811598,20.1416015625
11811738,20.08056640625
