11999000,0
2530,17.02880859375
8479,19.287109375
10842,17.15087890625
18300,17.822265625
22368,18.1884765625
23046,18.6767578125
28775,17.333984375
39536,17.7001953125
47856,17.2119140625
47924,19.8974609375
47978,21.78955078125
47998,21.66748046875
48048,20.20263671875
48177,22.216796875
48199,23.62060546875
48387,20.5078125
48427,18.00537109375
48700,17.2119140625
49085,17.15087890625
49168,18.00537109375
49392,17.333984375
49677,17.02880859375
49897,17.9443359375
61826,16.845703125
63730,18.310546875
64261,17.76123046875
64307,20.20263671875
64422,19.59228515625
64445,17.2119140625
64483,18.24951171875
64504,22.27783203125
64617,23.25439453125
64731,17.578125
64825,17.88330078125
64969,18.98193359375
65170,19.83642578125
65785,17.39501953125
65879,19.47021484375
66039,16.9677734375
66195,19.4091796875
75818,17.63916015625
79516,20.263671875
88101,17.63916015625
92421,19.71435546875
109022,19.53125
112757,20.6298828125
118728,18.310546875
118764,17.822265625
118824,20.99609375
118875,27.52685546875
118937,21.05712890625
119018,23.193359375
119102,17.2119140625
119244,17.2119140625
119466,17.578125
119822,17.27294921875
119920,18.1884765625
120056,18.798828125
130758,21.05712890625
132381,19.34814453125
136096,17.76123046875
137016,17.08984375
139946,19.4091796875
143798,21.240234375
145446,16.845703125
145538,21.240234375
145698,17.7001953125
145711,23.25439453125
145753,18.00537109375
145865,18.5546875
145944,20.5078125
145986,17.15087890625
146033,21.42333984375
146113,18.1884765625
146248,21.97265625
146379,17.27294921875
146566,17.39501953125
146712,20.6298828125
161000,17.2119140625
162374,17.02880859375
165612,17.822265625
169681,20.8740234375
170139,18.61572265625
170656,18.73779296875
170939,17.08984375
171201,18.00537109375
171552,17.88330078125
179705,19.83642578125
182519,20.32470703125
185062,17.7001953125
197151,17.76123046875
197269,18.5546875
197431,19.04296875
197612,17.578125
197654,17.51708984375
197835,19.34814453125
197866,18.1884765625
214039,17.578125
215228,20.81298828125
219637,17.39501953125
221601,18.73779296875
221937,19.1650390625
222073,19.1650390625
222185,20.01953125
222303,17.4560546875
222456,17.88330078125
222577,19.287109375
222660,21.54541015625
222961,17.578125
232803,17.08984375
250882,16.90673828125
251153,17.15087890625
251229,20.81298828125
251271,20.56884765625
251408,19.59228515625
251673,18.5546875
251787,16.90673828125
251959,17.2119140625
252107,17.39501953125
252317,19.1650390625
259201,16.90673828125
271190,20.1416015625
271498,18.06640625
271687,22.8271484375
286764,18.37158203125
292891,18.37158203125
298085,18.5546875
298591,18.85986328125
298653,19.287109375
298723,18.49365234375
298839,17.822265625
299130,25.390625
299219,18.00537109375
299324,21.42333984375
318018,17.4560546875
320683,16.9677734375
327996,17.4560546875
331193,23.25439453125
331279,17.822265625
331305,17.9443359375
331443,17.51708984375
331458,17.2119140625
331563,17.822265625
331628,25.7568359375
331647,22.3388671875
331739,18.1884765625
331940,20.81298828125
332089,16.90673828125
338988,22.64404296875
347250,18.06640625
347432,18.37158203125
347462,19.53125
347662,18.9208984375
348424,18.06640625
352388,17.88330078125
359386,17.822265625
363627,16.845703125
364808,17.2119140625
365642,18.798828125
369215,22.0947265625
369324,17.08984375
369502,17.333984375
369722,17.08984375
369782,21.97265625
369866,18.61572265625
370063,17.08984375
370502,17.333984375
378864,17.88330078125
381758,19.10400390625
386678,18.73779296875
393243,18.798828125
393289,18.310546875
393344,20.69091796875
393564,22.39990234375
393807,18.6767578125
393950,18.12744140625
394236,17.02880859375
403142,16.845703125
406790,20.32470703125
415550,17.333984375
417311,17.27294921875
420476,18.06640625
421674,18.310546875
428240,17.76123046875
433024,23.8037109375
443044,20.32470703125
444968,18.06640625
451986,18.00537109375
456352,17.333984375
460585,18.6767578125
460601,19.34814453125
460634,18.1884765625
460728,18.310546875
460831,17.02880859375
460846,17.4560546875
460901,17.08984375
460991,20.6298828125
461110,19.53125
461308,16.845703125
461566,18.06640625
474317,17.9443359375
483413,17.63916015625
486790,16.90673828125
492492,16.90673828125
493413,17.4560546875
495122,18.1884765625
495861,24.10888671875
505163,18.85986328125
507877,17.15087890625
508464,17.39501953125
513885,18.12744140625
526208,18.73779296875
537426,19.4091796875
543515,16.90673828125
548452,20.1416015625
549649,17.4560546875
557597,17.27294921875
558121,23.3154296875
558179,22.0947265625
558212,24.4140625
558247,21.728515625
558414,19.22607421875
558927,18.1884765625
559060,23.3154296875
559232,17.39501953125
559726,18.6767578125
570768,17.15087890625
576711,17.27294921875
585110,18.49365234375
585990,17.9443359375
593913,18.5546875
596855,18.310546875
598281,18.98193359375
605609,17.15087890625
613913,16.90673828125
614924,19.47021484375
623456,17.88330078125
625653,16.9677734375
630902,17.27294921875
631831,18.1884765625
637969,18.06640625
641213,17.51708984375
645456,17.51708984375
646417,17.63916015625
649608,18.98193359375
649636,19.10400390625
649686,17.51708984375
649716,19.71435546875
649772,21.3623046875
649791,16.90673828125
649889,21.484375
649907,18.85986328125
649921,23.13232421875
649970,20.01953125
650020,17.2119140625
650087,18.61572265625
650118,17.822265625
650211,20.6298828125
650335,19.83642578125
650481,19.83642578125
650604,17.7001953125
650883,20.6298828125
651097,21.3623046875
651309,20.8740234375
651345,17.02880859375
651973,17.578125
661677,17.51708984375
677282,17.63916015625
679952,19.47021484375
681824,17.76123046875
690866,18.4326171875
693679,22.0947265625
699364,18.98193359375
703071,17.9443359375
706896,17.08984375
709304,17.27294921875
714738,18.310546875
721671,17.08984375
723873,18.85986328125
736331,17.27294921875
737058,17.4560546875
741279,17.7001953125
750169,18.310546875
751395,18.9208984375
751443,17.7001953125
751494,20.263671875
751517,22.15576171875
751562,19.4091796875
751641,16.90673828125
751716,17.88330078125
752199,18.73779296875
752715,24.5361328125
752936,17.7001953125
752995,17.9443359375
753520,17.333984375
760545,19.10400390625
760584,16.845703125
765864,17.578125
766166,17.7001953125
768413,17.578125
773526,17.15087890625
777818,17.822265625
778135,23.86474609375
780089,20.81298828125
780177,26.06201171875
780229,18.12744140625
780319,18.798828125
780374,21.30126953125
780450,20.93505859375
780474,17.4560546875
780591,17.88330078125
780683,16.845703125
780715,17.02880859375
780786,17.88330078125
780904,18.37158203125
780916,19.6533203125
781012,17.08984375
781142,19.8974609375
781575,17.88330078125
787905,19.95849609375
788541,18.4326171875
790305,18.98193359375
792492,17.9443359375
794908,17.822265625
796485,17.88330078125
798681,19.22607421875
804895,16.9677734375
807852,18.6767578125
810909,19.53125
819011,17.08984375
825146,16.845703125
825845,17.02880859375
830234,18.98193359375
830863,18.24951171875
831021,19.83642578125
831071,22.39990234375
831136,23.4375
831279,21.30126953125
831346,16.90673828125
831367,21.30126953125
831448,19.53125
831504,17.578125
831593,17.9443359375
831922,19.10400390625
831981,17.578125
832237,18.9208984375
832383,18.798828125
832423,19.95849609375
840013,16.9677734375
846594,17.08984375
850302,18.5546875
857262,16.9677734375
861984,16.9677734375
863789,18.73779296875
870501,17.4560546875
872709,18.37158203125
878677,17.27294921875
879614,18.310546875
881616,16.9677734375
884753,19.53125
887423,19.287109375
894407,17.4560546875
902096,16.845703125
906408,17.333984375
909689,17.9443359375
914318,18.49365234375
914589,17.7001953125
918977,17.333984375
926023,16.90673828125
926057,23.0712890625
926137,17.88330078125
926174,17.578125
926202,17.15087890625
926266,17.822265625
926291,18.4326171875
926375,23.8037109375
926447,18.9208984375
926659,20.69091796875
926687,16.9677734375
927017,17.02880859375
927197,18.798828125
927328,19.10400390625
927425,17.51708984375
927635,19.95849609375
927816,20.08056640625
927913,17.9443359375
928037,17.02880859375
938739,17.63916015625
940919,19.1650390625
947257,18.00537109375
947372,16.90673828125
947471,26.3671875
947568,22.64404296875
947645,17.27294921875
947740,19.59228515625
947793,17.4560546875
947852,19.775390625
948077,17.08984375
948445,18.1884765625
964491,19.1650390625
967299,18.06640625
968936,16.9677734375
971710,17.27294921875
972745,19.71435546875
974981,17.2119140625
980720,17.08984375
981285,16.90673828125
984892,16.90673828125
995394,17.9443359375
1004816,17.578125
1009569,19.10400390625
1011033,18.49365234375
1012891,19.287109375
1015758,22.8271484375
1019354,18.12744140625
1025826,16.90673828125
1026378,17.02880859375
1028974,21.484375
1035901,20.08056640625
1039233,19.04296875
1056931,20.81298828125
1059160,16.845703125
1060971,16.9677734375
1064977,17.15087890625
1068344,17.08984375
1071512,16.845703125
1071595,17.2119140625
1071608,16.90673828125
1071645,19.71435546875
1071664,29.72412109375
1071725,19.4091796875
1071821,17.08984375
1071862,17.7001953125
1072294,18.1884765625
1073080,18.9208984375
1073177,19.04296875
1073489,18.798828125
1092072,20.08056640625
1099029,18.00537109375
1103241,18.06640625
1108692,20.01953125
1111199,16.9677734375
1129159,17.2119140625
1132049,18.12744140625
1138907,16.845703125
1143377,17.15087890625
1146437,17.76123046875
1146702,18.06640625
1146811,19.53125
1146879,22.27783203125
1146915,19.83642578125
1146951,17.08984375
1147005,25.390625
1147104,23.5595703125
1147197,17.9443359375
1147276,19.95849609375
1147415,17.578125
1147538,17.88330078125
1147828,17.7001953125
1148024,18.1884765625
1148528,17.9443359375
1148715,18.37158203125
1157620,18.1884765625
1168068,17.08984375
1172750,16.845703125
1174337,18.798828125
1177471,17.2119140625
1187775,17.02880859375
1190681,18.73779296875
1196268,16.90673828125
1197125,17.76123046875
1200130,18.24951171875
1202580,17.2119140625
1202796,17.578125
1210197,16.90673828125
1215235,18.310546875
1223005,18.4326171875
1224077,17.39501953125
1224125,16.90673828125
1224139,17.578125
1224218,19.4091796875
1224242,21.17919921875
1224259,22.4609375
1224366,19.83642578125
1224404,19.10400390625
1224423,17.27294921875
1224512,17.02880859375
1224531,17.08984375
1224585,20.32470703125
1224906,19.53125
1225222,18.73779296875
1225412,16.845703125
1225761,19.47021484375
1225922,17.822265625
1226195,18.12744140625
1226264,19.287109375
1235106,17.822265625
1238551,19.10400390625
1240001,17.2119140625
1244077,18.798828125
1248969,18.85986328125
1249066,18.5546875
1249109,27.34375
1249148,17.02880859375
1249299,18.85986328125
1249441,18.798828125
1249460,18.06640625
1249665,21.1181640625
1249758,17.2119140625
1250131,17.76123046875
1250363,17.88330078125
1250396,18.6767578125
1266121,19.04296875
1270143,18.4326171875
1272665,16.9677734375
1276477,17.15087890625
1279060,17.76123046875
1279473,17.88330078125
1283928,17.333984375
1291093,18.4326171875
1292470,17.15087890625
1296963,19.22607421875
1300097,17.333984375
1301341,18.61572265625
1302693,18.12744140625
1304509,18.61572265625
1305139,17.4560546875
1307271,18.12744140625
1311965,17.7001953125
1314519,17.333984375
1319503,19.22607421875
1320511,17.39501953125
1327862,19.10400390625
1338746,16.9677734375
1341046,17.88330078125
1342838,17.76123046875
1348330,18.4326171875
1354688,23.0712890625
1354880,17.333984375
1354904,17.02880859375
1354961,18.310546875
1354989,24.4140625
1355036,20.99609375
1355147,17.51708984375
1355162,20.751953125
1355240,19.10400390625
1355382,17.9443359375
1355499,21.78955078125
1355835,19.1650390625
1355987,17.2119140625
1356148,16.90673828125
1356296,18.1884765625
1356504,18.06640625
1356699,17.51708984375
1357122,16.9677734375
1370409,20.8740234375
1370429,19.1650390625
1377552,19.83642578125
1382565,17.9443359375
1384540,18.1884765625
1388107,18.24951171875
1389933,16.90673828125
1392002,17.39501953125
1393924,18.73779296875
1397401,18.5546875
1399824,17.39501953125
1401290,22.15576171875
1405290,20.6298828125
1408047,18.9208984375
1410539,17.88330078125
1411608,17.4560546875
1421411,17.08984375
1427636,22.4609375
1428433,17.333984375
1428548,17.15087890625
1428645,26.611328125
1428667,19.10400390625
1428700,23.681640625
1428739,26.123046875
1428807,18.98193359375
1428833,27.03857421875
1428865,19.775390625
1428932,18.6767578125
1428999,19.83642578125
1429210,20.20263671875
1429450,16.90673828125
1429575,19.04296875
1429756,17.27294921875
1429939,17.76123046875
1430113,18.5546875
1430357,18.73779296875
1430664,18.49365234375
1444797,17.51708984375
1445867,18.98193359375
1448520,18.85986328125
1456605,19.1650390625
1458394,16.9677734375
1462370,17.7001953125
1464170,19.71435546875
1465176,17.578125
1471186,16.9677734375
1474091,17.333984375
1476811,16.9677734375
1480305,18.1884765625
1491075,17.15087890625
1495672,17.02880859375
1501471,17.15087890625
1513785,19.34814453125
1513833,19.83642578125
1513859,19.47021484375
1513894,19.8974609375
1513961,21.42333984375
1513975,19.287109375
1514054,20.1416015625
1514413,19.34814453125
1514652,18.6767578125
1514887,20.44677734375
1515140,17.02880859375
1515284,18.49365234375
1515295,20.751953125
1515647,19.59228515625
1515878,17.2119140625
1525141,18.12744140625
1527894,17.76123046875
1535713,16.9677734375
1542121,18.06640625
1549212,16.9677734375
1550227,17.2119140625
1555950,18.98193359375
1562698,17.76123046875
1568461,17.15087890625
1575155,16.90673828125
1575212,23.49853515625
1575293,18.61572265625
1575330,20.99609375
1575405,26.0009765625
1575496,18.310546875
1575583,17.333984375
1575658,18.9208984375
1575884,19.53125
1576219,18.6767578125
1576409,24.0478515625
1576857,17.08984375
1584633,18.310546875
1587270,17.51708984375
1592075,16.90673828125
1593895,17.39501953125
1601684,16.845703125
1612575,17.39501953125
1615810,17.51708984375
1619107,16.9677734375
1625934,18.37158203125
1628206,17.02880859375
1637358,17.2119140625
1638121,18.06640625
1646382,17.39501953125
1651783,21.05712890625
1652447,18.4326171875
1655617,17.4560546875
1657691,17.39501953125
1674408,17.02880859375
1687553,25.20751953125
1687602,18.9208984375
1687630,17.02880859375
1687657,17.822265625
1687688,19.83642578125
1687891,17.51708984375
1688596,17.76123046875
1689140,17.08984375
1689592,19.10400390625
1701779,17.08984375
1704928,20.08056640625
1709927,20.99609375
1710049,20.5078125
1710173,21.66748046875
1710307,17.76123046875
1710361,21.728515625
1710443,17.51708984375
1710557,21.1181640625
1710637,17.02880859375
1710792,17.08984375
1711940,17.39501953125
1718438,20.3857421875
1723994,19.10400390625
1731385,17.39501953125
1733453,17.9443359375
1734014,17.63916015625
1737290,18.5546875
1738169,21.484375
1739729,17.39501953125
1740380,18.4326171875
1743393,18.37158203125
1746785,17.822265625
1748969,17.15087890625
1753601,19.22607421875
1755355,17.2119140625
1757088,19.287109375
1760034,17.08984375
1770755,18.61572265625
1776255,17.27294921875
1780283,17.39501953125
1781418,21.8505859375
1781438,17.15087890625
1781462,21.6064453125
1781508,20.263671875
1781534,17.9443359375
1781671,17.822265625
1781704,17.15087890625
1781730,26.7333984375
1781954,19.95849609375
1782050,17.15087890625
1782298,17.02880859375
1782503,17.08984375
1782597,17.02880859375
1793391,18.61572265625
1794991,19.47021484375
1803625,18.5546875
1806415,17.333984375
1808233,17.7001953125
1809355,17.88330078125
1810828,16.90673828125
1811731,17.27294921875
1814104,18.06640625
1819841,16.845703125
1820703,19.04296875
1824550,18.98193359375
1830100,18.00537109375
1831526,17.76123046875
1840205,23.01025390625
1840258,26.06201171875
1840293,20.5078125
1840394,17.39501953125
1840489,17.4560546875
1840502,17.63916015625
1840586,17.2119140625
1840628,18.24951171875
1840656,18.73779296875
1840701,17.7001953125
1840791,19.04296875
1840890,17.822265625
1841089,18.00537109375
1841227,17.39501953125
1841545,17.51708984375
1841902,21.3623046875
1842237,16.845703125
1865570,17.39501953125
1868901,17.76123046875
1872497,20.69091796875
1879708,18.12744140625
1889392,17.7001953125
1890558,17.9443359375
1892252,18.310546875
1894895,18.37158203125
1895904,18.24951171875
1900443,19.04296875
1907418,18.6767578125
1908139,17.9443359375
1910310,17.2119140625
1912419,18.12744140625
1914104,18.12744140625
1914842,16.845703125
1916785,17.88330078125
1918883,17.63916015625
1923866,18.73779296875
1930507,19.04296875
1934254,17.578125
1955902,18.98193359375
1960883,16.90673828125
1964967,17.76123046875
1966744,18.24951171875
1966837,22.0947265625
1966856,24.0478515625
1966910,18.12744140625
1966928,21.240234375
1966963,24.71923828125
1967001,24.84130859375
1967442,17.333984375
1967601,21.8505859375
1968085,17.02880859375
1968170,19.59228515625
1968820,19.4091796875
1969634,21.3623046875
1976508,17.39501953125
1983412,17.02880859375
1983482,19.34814453125
1983512,18.798828125
1983567,19.95849609375
1983577,19.34814453125
1983674,24.169921875
1983750,17.02880859375
1983854,23.74267578125
1983990,19.04296875
1984143,18.85986328125
1984722,18.4326171875
1997124,19.287109375
2001421,16.9677734375
2010197,18.1884765625
2011109,16.845703125
2016743,17.39501953125
2017829,16.845703125
2025964,21.91162109375
2032959,17.63916015625
2034159,20.99609375
2037061,20.263671875
2041595,17.88330078125
2050026,17.2119140625
2050987,17.7001953125
2054495,18.310546875
2055112,18.85986328125
2056283,19.83642578125
2057708,17.88330078125
2060882,18.85986328125
2061947,16.9677734375
2064632,16.90673828125
2074589,18.37158203125
2079404,16.90673828125
2081527,16.90673828125
2082974,18.5546875
2084672,19.04296875
2095533,19.10400390625
2099471,17.02880859375
2101511,17.2119140625
2103161,17.76123046875
2110141,19.287109375
2115735,16.9677734375
2124626,19.04296875
2125683,17.27294921875
2127152,17.27294921875
2145033,17.76123046875
2174599,17.578125
2181866,19.71435546875
2195085,17.08984375
2197989,18.1884765625
2206634,17.51708984375
2211580,16.845703125
2213302,17.822265625
2215903,16.845703125
2218457,18.61572265625
2229566,16.9677734375
2245322,17.39501953125
2247622,17.08984375
2258067,19.53125
2263935,17.08984375
2264938,17.63916015625
2288916,20.99609375
2290813,17.88330078125
2292215,18.85986328125
2298208,18.798828125
2309930,18.61572265625
2311485,20.32470703125
2311616,25.87890625
2311700,26.42822265625
2311773,23.0712890625
2311827,18.310546875
2312038,18.85986328125
2312244,18.12744140625
2312815,21.17919921875
2312897,17.08984375
2313051,17.27294921875
2313132,17.822265625
2313151,17.27294921875
2313327,17.08984375
2313438,20.99609375
2313462,17.51708984375
2313776,17.08984375
2314066,20.32470703125
2322863,20.56884765625
2327749,17.333984375
2330051,18.798828125
2330441,16.9677734375
2330612,22.64404296875
2330622,17.333984375
2330760,19.287109375
2330776,18.37158203125
2330832,20.263671875
2330906,17.4560546875
2330939,18.1884765625
2331083,17.02880859375
2331170,19.34814453125
2331331,20.44677734375
2331880,20.20263671875
2332856,18.310546875
2339597,16.845703125
2341422,18.1884765625
2346339,17.02880859375
2348782,17.578125
2353122,21.8505859375
2357984,17.9443359375
2361889,18.1884765625
2365679,17.9443359375
2370002,17.4560546875
2372700,17.578125
2374905,17.08984375
2376190,17.7001953125
2377142,17.51708984375
2383598,17.39501953125
2384241,17.02880859375
2386371,17.02880859375
2387150,17.88330078125
2388653,18.73779296875
2388995,17.08984375
2391319,18.4326171875
2393108,17.76123046875
2396206,18.9208984375
2396477,18.73779296875
2397526,17.39501953125
2400833,19.8974609375
2411272,17.08984375
2413259,17.63916015625
2413641,17.27294921875
2420951,16.845703125
2421689,18.5546875
2422216,17.63916015625
2424779,20.44677734375
2425833,17.76123046875
2427700,19.22607421875
2431545,17.7001953125
2437095,19.04296875
2438473,19.83642578125
2443927,18.5546875
2450508,17.63916015625
2452015,18.49365234375
2456185,22.3388671875
2460813,17.02880859375
2473119,17.02880859375
2481638,16.9677734375
2489697,20.69091796875
2489917,17.02880859375
2489954,20.56884765625
2489985,19.775390625
2490001,17.76123046875
2490049,20.01953125
2490163,18.5546875
2490230,17.02880859375
2490712,18.798828125
2490778,17.08984375
2490890,17.2119140625
2490999,20.81298828125
2491185,17.08984375
2491520,18.12744140625
2491538,17.4560546875
2491755,17.333984375
2491919,17.51708984375
2500586,17.15087890625
2504184,19.6533203125
2504229,24.7802734375
2504389,17.15087890625
2504399,18.24951171875
2504481,20.751953125
2504539,16.90673828125
2504659,19.04296875
2504807,19.47021484375
2504940,21.91162109375
2505371,18.61572265625
2505628,17.578125
2532483,17.02880859375
2534160,19.4091796875
2544302,18.61572265625
2548643,17.578125
2549887,17.88330078125
2555470,18.00537109375
2558858,17.578125
2559509,21.17919921875
2562176,17.27294921875
2567660,18.310546875
2569451,16.90673828125
2569921,17.88330078125
2572270,17.08984375
2579918,20.32470703125
2581135,18.00537109375
2587048,17.88330078125
2589747,17.9443359375
2590715,19.4091796875
2592453,22.216796875
2593135,17.822265625
2595983,18.1884765625
2599559,17.88330078125
2602081,18.12744140625
2607943,20.5078125
2612719,17.822265625
2614756,18.310546875
2621658,18.5546875
2623371,19.53125
2624822,16.9677734375
2628524,18.12744140625
2629648,17.63916015625
2636173,18.37158203125
2636196,18.49365234375
2636225,21.05712890625
2636266,18.06640625
2636318,19.04296875
2636448,18.4326171875
2636666,18.24951171875
2636863,18.61572265625
2636990,18.00537109375
2637895,17.08984375
2638594,17.08984375
2647178,18.06640625
2648631,18.6767578125
2649733,16.9677734375
2652872,16.845703125
2660865,17.27294921875
2661700,19.04296875
2661872,18.85986328125
2662019,20.263671875
2662134,16.845703125
2662531,18.12744140625
2662682,17.88330078125
2662918,16.9677734375
2663120,20.1416015625
2676671,17.822265625
2678404,19.59228515625
2681070,18.61572265625
2685671,16.90673828125
2686614,17.333984375
2692173,17.2119140625
2693636,17.27294921875
2698058,17.4560546875
2699819,19.53125
2701722,18.49365234375
2706437,17.39501953125
2708774,17.578125
2709518,19.1650390625
2716781,16.90673828125
2719474,17.4560546875
2726757,17.2119140625
2729922,17.4560546875
2732084,19.6533203125
2736179,17.333984375
2738468,17.2119140625
2739441,16.9677734375
2744084,19.6533203125
2745215,18.24951171875
2753266,17.333984375
2758969,17.9443359375
2764890,17.578125
2771399,17.578125
2778280,19.775390625
2780657,19.53125
2784084,20.263671875
2785080,17.39501953125
2786907,18.5546875
2788647,19.22607421875
2797437,18.24951171875
2799602,21.78955078125
2800216,17.76123046875
2803257,20.3857421875
2813332,20.44677734375
2816925,18.00537109375
2828901,18.61572265625
2832344,17.333984375
2834572,18.4326171875
2850515,17.63916015625
2853253,16.90673828125
2876250,19.83642578125
2890681,19.71435546875
2891923,24.10888671875
2896017,16.90673828125
2909129,18.1884765625
2910461,17.333984375
2916178,18.85986328125
2921571,17.27294921875
2930315,22.39990234375
2930394,20.56884765625
2930457,18.85986328125
2930482,17.7001953125
2930501,18.49365234375
2930549,21.240234375
2930603,18.12744140625
2930659,18.37158203125
2930676,20.93505859375
2930762,22.8271484375
2930824,20.20263671875
2930907,19.04296875
2931012,21.17919921875
2931261,18.4326171875
2931395,18.4326171875
2931816,19.71435546875
2932121,18.61572265625
2942284,18.98193359375
2942899,18.85986328125
2947505,17.08984375
2947563,22.94921875
2948556,17.39501953125
2950164,19.59228515625
2950615,18.310546875
2950643,22.27783203125
2950767,20.44677734375
2950860,21.66748046875
2950951,20.20263671875
2951041,16.90673828125
2951450,17.9443359375
2951682,18.4326171875
2952291,17.51708984375
2952675,18.24951171875
2964969,21.30126953125
2967074,18.98193359375
2967455,17.2119140625
2968638,17.88330078125
2982430,17.4560546875
2986104,17.88330078125
2992144,18.24951171875
2996088,16.9677734375
2999323,17.333984375
2999828,17.08984375
3004688,17.08984375
3008829,17.08984375
3009782,20.20263671875
3011318,17.63916015625
3013422,17.08984375
3015150,17.51708984375
3031159,17.7001953125
3032024,17.2119140625
3033591,17.333984375
3037242,17.333984375
3040030,18.73779296875
3041362,18.5546875
3042119,18.06640625
3045352,18.06640625
3050277,19.287109375
3053373,17.63916015625
3060757,17.15087890625
3062477,17.02880859375
3063633,17.4560546875
3070108,17.88330078125
3074115,17.2119140625
3084241,16.90673828125
3087239,17.578125
3088162,17.39501953125
3093272,17.02880859375
3098531,16.90673828125
3101870,17.39501953125
3105933,17.76123046875
3106011,17.08984375
3106029,19.10400390625
3106051,17.2119140625
3106077,19.34814453125
3106159,19.8974609375
3106260,22.216796875
3106292,17.63916015625
3106346,17.9443359375
3106568,20.99609375
3107091,23.8037109375
3107484,16.845703125
3120165,20.01953125
3122580,19.8974609375
3122802,26.123046875
3122834,18.310546875
3122925,18.61572265625
3123014,21.6064453125
3123108,16.9677734375
3123174,19.47021484375
3123331,17.51708984375
3124348,18.98193359375
3124375,18.12744140625
3137545,17.02880859375
3139979,18.4326171875
3145086,17.2119140625
3149264,19.04296875
3151423,17.15087890625
3159410,17.76123046875
3162904,18.73779296875
3164341,19.53125
3168540,16.90673828125
3169819,17.578125
3174164,18.1884765625
3176320,18.37158203125
3176907,17.15087890625
3179539,17.08984375
3180261,19.1650390625
3184485,17.578125
3185864,17.9443359375
3188054,16.845703125
3194982,17.7001953125
3200362,18.12744140625
3204957,18.49365234375
3206057,20.263671875
3211296,17.02880859375
3212342,17.39501953125
3219336,17.15087890625
3231773,19.6533203125
3233145,16.845703125
3237949,18.49365234375
3238848,16.9677734375
3241739,17.08984375
3242888,18.37158203125
3243323,17.333984375
3243381,22.03369140625
3243412,25.93994140625
3243440,18.98193359375
3243488,20.5078125
3243503,18.5546875
3243557,19.10400390625
3243598,17.578125
3243802,17.39501953125
3243959,17.822265625
3244746,18.310546875
3263522,18.12744140625
3266605,17.88330078125
3266844,16.845703125
3267006,17.51708984375
3267186,18.06640625
3267251,18.49365234375
3267343,17.02880859375
3267422,22.03369140625
3267478,17.822265625
3267596,17.27294921875
3267668,16.845703125
3267761,17.51708984375
3268679,25.0244140625
3269300,16.845703125
3280748,19.04296875
3287589,20.56884765625
3288011,17.2119140625
3292500,18.98193359375
3294594,17.4560546875
3298570,19.6533203125
3299737,16.90673828125
3303222,18.73779296875
3304514,17.7001953125
3309601,17.2119140625
3313996,16.845703125
3319162,17.4560546875
3324208,19.8974609375
3327710,17.02880859375
3331346,20.01953125
3341204,18.49365234375
3345473,16.845703125
3348127,18.4326171875
3348945,19.22607421875
3350116,20.01953125
3359965,19.83642578125
3361384,17.51708984375
3361435,17.63916015625
3361460,17.02880859375
3361512,23.25439453125
3361607,21.484375
3361654,20.5078125
3361729,22.88818359375
3362012,17.4560546875
3362554,17.76123046875
3363106,17.63916015625
3364294,19.71435546875
3378073,18.73779296875
3378764,17.9443359375
3378786,19.287109375
3378856,19.83642578125
3379026,16.9677734375
3379041,21.66748046875
3379160,17.51708984375
3379244,18.9208984375
3379594,17.76123046875
3397693,17.4560546875
3401691,18.49365234375
3404618,17.4560546875
3411735,16.845703125
3419472,21.66748046875
3421616,17.08984375
3423196,18.98193359375
3424953,18.4326171875
3427221,19.04296875
3434209,19.775390625
3441179,21.54541015625
3442163,21.17919921875
3450180,17.39501953125
3457826,18.37158203125
3464150,18.9208984375
3466149,20.32470703125
3468422,18.98193359375
3469979,17.27294921875
3471451,17.7001953125
3473205,17.15087890625
3486907,18.5546875
3495399,20.56884765625
3501439,18.5546875
3503362,17.08984375
3509277,17.51708984375
3510796,19.47021484375
3512679,20.69091796875
3524349,20.5078125
3525767,17.578125
3525803,20.6298828125
3525848,18.85986328125
3525888,20.69091796875
3525902,18.5546875
3525961,19.6533203125
3526206,19.34814453125
3526284,17.88330078125
3526508,17.63916015625
3526553,17.333984375
3526637,17.63916015625
3526833,20.263671875
3526992,21.17919921875
3527107,19.47021484375
3527348,21.66748046875
3527377,20.08056640625
3528735,17.7001953125
3535755,17.578125
3538776,18.310546875
3539968,21.05712890625
3545056,26.7333984375
3545074,19.04296875
3545128,24.5361328125
3545214,20.56884765625
3545236,19.83642578125
3545254,16.845703125
3545280,21.42333984375
3545468,16.9677734375
3545489,17.822265625
3545606,20.81298828125
3545715,19.83642578125
3545888,16.9677734375
3546000,18.6767578125
3546530,17.15087890625
3554125,16.845703125
3562737,16.845703125
3571082,19.04296875
3575250,18.73779296875
3577954,17.822265625
3581805,18.37158203125
3582299,19.22607421875
3585315,19.04296875
3588366,17.88330078125
3591193,17.08984375
3596057,17.27294921875
3597785,18.1884765625
3598495,18.1884765625
3604231,17.578125
3605328,17.39501953125
3607238,16.9677734375
3611334,18.310546875
3624904,19.22607421875
3630985,16.9677734375
3634904,16.90673828125
3639370,17.63916015625
3640801,18.85986328125
3643091,17.2119140625
3646015,16.90673828125
3662609,17.88330078125
3666372,19.287109375
3676953,17.822265625
3697620,16.90673828125
3700448,21.42333984375
3700531,17.15087890625
3700574,18.12744140625
3700624,20.08056640625
3700722,18.310546875
3701565,17.4560546875
3701909,17.76123046875
3702078,17.9443359375
3702117,17.63916015625
3702630,17.08984375
3712177,18.310546875
3717831,18.1884765625
3723258,16.90673828125
3726288,19.6533203125
3727661,17.7001953125
3728722,22.705078125
3734444,16.845703125
3737531,17.08984375
3746992,17.7001953125
3752765,17.333984375
3760485,17.578125
3761136,16.845703125
3768409,17.7001953125
3773826,18.73779296875
3781724,17.2119140625
3782842,17.27294921875
3783436,17.27294921875
3788767,19.04296875
3792003,16.9677734375
3792355,21.3623046875
3792394,16.90673828125
3792490,17.333984375
3792566,19.95849609375
3792593,18.73779296875
3792603,17.15087890625
3792654,20.93505859375
3792692,16.9677734375
3792756,18.49365234375
3792805,19.53125
3792885,17.88330078125
3792915,17.39501953125
3793010,17.39501953125
3793145,19.59228515625
3793575,17.7001953125
3793723,20.3857421875
3793953,18.310546875
3794036,18.00537109375
3794215,17.7001953125
3794685,20.44677734375
3800493,17.02880859375
3805099,20.99609375
3809974,18.06640625
3812704,20.3857421875
3813470,19.775390625
3816684,17.2119140625
3818391,19.287109375
3818413,18.1884765625
3818513,17.578125
3818689,22.52197265625
3818793,18.00537109375
3818949,16.845703125
3819385,19.6533203125
3819552,18.49365234375
3830649,17.88330078125
3842233,16.9677734375
3844154,16.90673828125
3846388,21.54541015625
3848835,17.578125
3850112,18.85986328125
3854857,17.9443359375
3855221,17.15087890625
3860506,19.1650390625
3860984,16.9677734375
3862276,16.845703125
3865820,18.37158203125
3872661,21.30126953125
3875047,18.4326171875
3877064,18.06640625
3878441,16.9677734375
3885760,16.845703125
3889295,21.30126953125
3891326,17.88330078125
3896218,17.08984375
3905402,18.37158203125
3907199,17.88330078125
3908456,17.15087890625
3922027,17.76123046875
3926104,18.61572265625
3932362,17.578125
3949066,17.333984375
3964636,17.08984375
3964817,17.02880859375
3974945,17.08984375
3974969,23.4375
3975046,18.12744140625
3975090,25.87890625
3975110,16.845703125
3975150,19.287109375
3975186,17.27294921875
3975258,18.9208984375
3975535,20.20263671875
3975546,17.39501953125
3975816,18.6767578125
3975967,17.333984375
3976082,19.59228515625
3976108,17.76123046875
3976245,17.08984375
3976446,20.56884765625
3976573,22.4609375
3985964,19.59228515625
3987800,18.12744140625
3995094,17.76123046875
4012476,17.4560546875
4013189,20.81298828125
4014550,18.310546875
4018523,20.20263671875
4019512,17.578125
4029332,20.69091796875
4030491,16.845703125
4032688,17.27294921875
4035664,19.8974609375
4041839,17.02880859375
4043000,17.7001953125
4051596,19.83642578125
4052516,18.06640625
4053114,17.2119140625
4059752,17.39501953125
4074049,18.12744140625
4075026,16.845703125
4076760,18.49365234375
4097062,17.63916015625
4104268,17.333984375
4115050,17.9443359375
4129940,21.91162109375
4137274,19.1650390625
4145262,19.95849609375
4154044,20.5078125
4162726,19.34814453125
4162757,23.5595703125
4162768,18.61572265625
4162835,22.03369140625
4162871,20.69091796875
4162921,21.728515625
4163833,20.8740234375
4163956,17.578125
4164195,18.310546875
4164296,19.83642578125
4164558,16.845703125
4171704,17.4560546875
4175202,18.73779296875
4176850,17.2119140625
4183142,17.76123046875
4184280,19.59228515625
4186595,16.90673828125
4186828,17.51708984375
4186851,19.1650390625
4186930,19.04296875
4186995,21.54541015625
4187016,17.27294921875
4187042,19.04296875
4187072,18.310546875
4187124,18.24951171875
4187155,20.99609375
4187217,17.39501953125
4187302,17.2119140625
4187482,17.7001953125
4187516,22.216796875
4187603,17.578125
4187689,17.822265625
4187789,16.9677734375
4188423,18.6767578125
4188440,16.845703125
4207213,18.310546875
4209193,17.15087890625
4217098,16.90673828125
4225302,17.63916015625
4229108,17.822265625
4229707,17.39501953125
4233498,17.7001953125
4242936,17.578125
4244297,20.263671875
4252081,18.6767578125
4254414,17.15087890625
4264269,18.24951171875
4270346,17.15087890625
4272395,16.9677734375
4285544,17.63916015625
4286718,17.15087890625
4290515,21.3623046875
4295039,16.845703125
4303323,20.81298828125
4304035,19.47021484375
4312233,17.2119140625
4359650,18.4326171875
4366283,17.4560546875
4375981,18.12744140625
4376756,17.7001953125
4387481,17.51708984375
4394282,17.2119140625
4402554,17.88330078125
4406666,17.333984375
4409096,19.59228515625
4414452,17.15087890625
4422820,21.78955078125
4429458,16.9677734375
4448006,17.39501953125
4456286,17.39501953125
4458928,19.1650390625
4467416,17.578125
4474714,18.310546875
4490931,17.63916015625
4495195,17.76123046875
4500520,17.08984375
4502414,16.9677734375
4504313,17.08984375
4513927,18.49365234375
4530356,17.15087890625
4546680,19.8974609375
4550899,16.90673828125
4556000,18.1884765625
4562034,19.287109375
4562691,21.66748046875
4566641,18.73779296875
4570412,18.4326171875
4571901,20.01953125
4573428,17.578125
4580106,17.578125
4581489,17.51708984375
4583124,19.04296875
4586452,17.88330078125
4624151,17.2119140625
4627728,20.3857421875
4632700,16.90673828125
4639823,22.39990234375
4640797,18.98193359375
4640837,18.4326171875
4640878,17.822265625
4640900,17.63916015625
4640942,17.27294921875
4641050,20.56884765625
4641089,17.822265625
4641259,17.51708984375
4641379,17.02880859375
4641615,17.27294921875
4641908,19.47021484375
4642055,17.88330078125
4642099,19.10400390625
4642221,17.02880859375
4642280,17.27294921875
4642316,17.27294921875
4642467,18.24951171875
4642541,17.63916015625
4642961,18.4326171875
4643643,18.98193359375
4643983,18.98193359375
4653020,18.85986328125
4657215,18.06640625
4657360,17.2119140625
4657470,17.9443359375
4657508,18.1884765625
4657556,24.7802734375
4657606,17.2119140625
4657617,21.05712890625
4657646,18.00537109375
4657724,16.9677734375
4657810,20.56884765625
4657943,18.6767578125
4658089,16.845703125
4659042,17.76123046875
4667213,17.51708984375
4668708,17.51708984375
4672340,18.73779296875
4679090,18.24951171875
4681074,17.7001953125
4685195,17.4560546875
4687668,18.6767578125
4689123,18.85986328125
4694071,18.1884765625
4696940,17.7001953125
4699635,18.06640625
4701676,18.310546875
4704674,17.333984375
4705343,18.06640625
4707870,16.845703125
4708406,18.310546875
4709470,17.822265625
4714993,17.02880859375
4715901,18.5546875
4716852,17.15087890625
4718097,18.98193359375
4719578,19.287109375
4725122,17.822265625
4727550,19.47021484375
4728233,17.88330078125
4733025,16.9677734375
4736606,16.845703125
4739114,17.4560546875
4745962,20.3857421875
4750732,18.5546875
4753452,17.4560546875
4754035,16.845703125
4760672,18.310546875
4763592,17.08984375
4768351,16.845703125
4769727,18.61572265625
4773391,17.578125
4776647,17.15087890625
4786559,18.37158203125
4787995,16.9677734375
4788705,18.1884765625
4800605,16.90673828125
4801194,18.00537109375
4802435,18.9208984375
4809419,18.5546875
4813237,17.4560546875
4827944,16.90673828125
4833923,17.333984375
4833937,16.845703125
4833978,17.15087890625
4834018,25.81787109375
4834051,18.4326171875
4834128,21.240234375
4834160,18.06640625
4834240,17.51708984375
4834312,18.06640625
4834595,16.9677734375
4834707,17.2119140625
4834828,21.05712890625
4835010,17.4560546875
4835190,18.00537109375
4835338,18.24951171875
4835600,18.310546875
4836047,18.61572265625
4836148,20.56884765625
4845692,17.08984375
4849522,16.845703125
4850437,19.1650390625
4850512,23.13232421875
4850554,20.751953125
4850570,19.34814453125
4850722,16.845703125
4850837,18.49365234375
4851000,18.73779296875
4851204,17.2119140625
4851389,18.5546875
4851534,17.51708984375
4851854,18.9208984375
4852426,18.00537109375
4866107,16.9677734375
4869076,18.85986328125
4872530,20.56884765625
4874182,16.9677734375
4883630,19.287109375
4884809,18.9208984375
4885293,19.34814453125
4886282,18.6767578125
4889417,17.333984375
4890350,18.37158203125
4892083,19.47021484375
4899724,18.37158203125
4902340,18.37158203125
4905518,19.10400390625
4906302,19.53125
4909167,22.52197265625
4911140,16.845703125
4926650,16.845703125
4932584,18.85986328125
4934107,18.4326171875
4935458,19.1650390625
4936027,17.88330078125
4938822,17.02880859375
4943874,18.5546875
4954439,18.798828125
4958113,18.37158203125
4958460,24.90234375
4961050,18.24951171875
4966834,17.578125
4968070,18.98193359375
4978952,18.06640625
4994383,17.88330078125
4996805,18.49365234375
5001228,18.24951171875
5001626,19.4091796875
5034262,17.15087890625
5035382,17.578125
5046845,17.51708984375
5050508,17.578125
5055883,17.9443359375
5065565,17.08984375
5088154,17.7001953125
5095591,17.9443359375
5102398,16.90673828125
5103578,17.63916015625
5105223,20.81298828125
5107594,17.2119140625
5110607,16.845703125
5115606,17.51708984375
5131192,18.4326171875
5143865,17.2119140625
5151113,16.845703125
5155729,17.2119140625
5167814,17.39501953125
5181460,19.775390625
5182936,17.63916015625
5197797,18.798828125
5205820,17.333984375
5205963,17.9443359375
5206000,19.775390625
5206026,19.287109375
5206063,16.9677734375
5206128,18.73779296875
5206215,18.00537109375
5206311,19.47021484375
5206491,17.4560546875
5206622,18.73779296875
5206849,17.51708984375
5206997,17.76123046875
5207036,20.81298828125
5207433,17.27294921875
5207544,20.01953125
5207673,16.90673828125
5217161,19.04296875
5219917,18.49365234375
5221274,17.27294921875
5221907,19.59228515625
5221948,21.3623046875
5221988,18.310546875
5222001,17.02880859375
5222078,22.0947265625
5222150,17.822265625
5222193,17.15087890625
5222217,17.578125
5222259,19.1650390625
5222327,17.578125
5222444,18.61572265625
5222587,18.1884765625
5222859,18.5546875
5223016,17.76123046875
5223211,17.333984375
5235887,17.63916015625
5236465,18.798828125
5237807,18.24951171875
5239614,18.37158203125
5239873,17.15087890625
5241899,18.00537109375
5244831,17.15087890625
5247098,16.9677734375
5248667,17.27294921875
5252316,20.32470703125
5255019,18.24951171875
5256143,20.1416015625
5258231,18.12744140625
5263654,19.287109375
5265216,17.7001953125
5267213,17.08984375
5270776,20.56884765625
5273299,18.49365234375
5274664,18.00537109375
5276923,18.85986328125
5278789,17.63916015625
5282381,17.2119140625
5283688,17.39501953125
5288759,17.15087890625
5292556,16.9677734375
5294009,17.63916015625
5299033,20.32470703125
5299744,17.15087890625
5303647,18.310546875
5304726,17.08984375
5308802,17.63916015625
5312946,20.08056640625
5313480,17.39501953125
5320772,18.49365234375
5325808,18.9208984375
5328513,19.4091796875
5329101,16.9677734375
5331060,19.10400390625
5335991,17.63916015625
5348010,17.4560546875
5350428,19.4091796875
5351184,17.02880859375
5357059,18.85986328125
5357735,17.822265625
5358898,16.90673828125
5367031,17.333984375
5369479,22.52197265625
5373774,17.333984375
5375182,19.775390625
5375954,17.02880859375
5378329,17.63916015625
5385126,16.90673828125
5385178,19.59228515625
5385192,18.6767578125
5385219,27.03857421875
5385234,21.05712890625
5385309,21.1181640625
5385386,18.85986328125
5385483,20.81298828125
5385788,17.51708984375
5385950,20.751953125
5386443,21.240234375
5387109,18.73779296875
5387761,17.51708984375
5398377,21.05712890625
5399096,20.1416015625
5400599,17.88330078125
5400660,16.845703125
5400682,23.0712890625
5400745,18.37158203125
5400766,17.9443359375
5400844,17.7001953125
5400936,21.54541015625
5400974,17.27294921875
5401021,19.04296875
5401182,20.44677734375
5401311,17.76123046875
5401712,17.2119140625
5402423,18.24951171875
5402664,19.04296875
5410250,21.54541015625
5413972,18.85986328125
5422318,18.61572265625
5425111,20.01953125
5427890,19.59228515625
5429618,17.2119140625
5432051,20.263671875
5432432,19.22607421875
5433326,18.5546875
5435321,17.02880859375
5436021,17.822265625
5436664,17.63916015625
5441850,16.90673828125
5443280,17.822265625
5446464,17.4560546875
5449286,18.1884765625
5453958,18.5546875
5455908,24.2919921875
5463392,17.15087890625
5464903,17.08984375
5467664,16.845703125
5470639,17.08984375
5478125,19.34814453125
5481947,18.06640625
5483034,17.578125
5483491,19.04296875
5491131,18.00537109375
5494209,19.4091796875
5499184,17.27294921875
5501033,20.6298828125
5503734,19.47021484375
5510152,18.12744140625
5511615,18.49365234375
5522794,18.37158203125
5533478,17.578125
5535931,20.69091796875
5535957,17.4560546875
5536000,21.30126953125
5536045,16.9677734375
5536064,17.15087890625
5536124,19.1650390625
5536162,21.1181640625
5536380,17.02880859375
5536615,17.02880859375
5536703,18.49365234375
5537198,18.06640625
5537420,17.76123046875
5537680,16.9677734375
5553367,17.2119140625
5556889,18.49365234375
5562904,21.05712890625
5564264,17.2119140625
5589871,17.63916015625
5592872,16.845703125
5604031,18.06640625
5607127,20.263671875
5614109,18.49365234375
5617203,18.310546875
5622756,18.49365234375
5626005,17.578125
5629462,17.15087890625
5634789,17.39501953125
5636733,16.845703125
5642487,17.333984375
5644798,16.845703125
5650050,20.3857421875
5658700,17.39501953125
5660966,17.15087890625
5662288,17.39501953125
5681139,17.27294921875
5691111,17.2119140625
5700329,18.37158203125
5703902,18.49365234375
5713021,17.2119140625
5720380,18.24951171875
5728188,17.333984375
5740909,17.2119140625
5743889,17.4560546875
5743903,21.78955078125
5743956,30.21240234375
5743979,17.822265625
5744004,20.20263671875
5744029,21.728515625
5744106,19.34814453125
5744173,20.08056640625
5744278,17.333984375
5744429,16.845703125
5744743,17.02880859375
5745074,19.1650390625
5745089,17.15087890625
5757231,17.578125
5758964,17.27294921875
5759045,20.99609375
5759126,18.06640625
5759205,18.12744140625
5759275,18.4326171875
5759357,23.37646484375
5759747,17.02880859375
5759986,16.9677734375
5760412,18.6767578125
5761128,19.8974609375
5776999,17.7001953125
5781652,19.04296875
5783604,17.51708984375
5786806,16.9677734375
5787960,16.845703125
5789648,18.37158203125
5790340,17.27294921875
5793768,23.681640625
5795419,17.76123046875
5798455,17.7001953125
5802811,16.845703125
5805878,17.333984375
5812287,17.27294921875
5816820,20.3857421875
5819897,17.15087890625
5821840,18.85986328125
5823048,16.9677734375
5824179,19.6533203125
5825142,19.6533203125
5826851,17.15087890625
5831614,17.15087890625
5832171,17.4560546875
5836766,17.88330078125
5837932,17.63916015625
5840832,20.8740234375
5843002,22.705078125
5843581,17.578125
5851273,18.85986328125
5852156,17.02880859375
5852998,17.822265625
5854686,17.76123046875
5868598,16.9677734375
5870340,17.333984375
5871194,19.53125
5875404,16.90673828125
5880452,17.4560546875
5881129,17.2119140625
5882867,18.12744140625
5885058,19.47021484375
5889014,17.578125
5892520,20.81298828125
5902014,18.310546875
5920677,18.12744140625
5924289,17.39501953125
5934492,18.24951171875
5939487,18.49365234375
5943288,17.02880859375
5946177,16.845703125
5955596,16.90673828125
5955649,23.98681640625
5955717,25.146484375
5955761,18.00537109375
5955832,21.1181640625
5955877,24.96337890625
5955959,19.34814453125
5957740,17.88330078125
5958275,17.822265625
5966939,19.8974609375
5971100,17.9443359375
5971385,17.578125
5971469,20.751953125
5971502,17.15087890625
5971538,17.578125
5971555,25.93994140625
5971593,18.61572265625
5971659,18.49365234375
5971791,18.4326171875
5971916,16.845703125
5972413,20.20263671875
5972729,18.61572265625
5986070,17.4560546875
5987919,17.4560546875
5991365,17.02880859375
5995502,18.24951171875
5996280,18.37158203125
5999437,17.4560546875
6001977,22.8271484375
6004932,19.83642578125
6007086,18.1884765625
6011389,17.76123046875
6012703,17.76123046875
6016763,19.34814453125
6018352,19.775390625
6023393,18.00537109375
6024602,17.578125
6029450,18.06640625
6034629,17.76123046875
6036763,17.39501953125
6038603,20.01953125
6040968,20.08056640625
6049054,16.90673828125
6052153,19.95849609375
6056877,20.3857421875
6058643,17.4560546875
6062579,17.2119140625
6064027,17.88330078125
6066931,17.88330078125
6068154,18.37158203125
6070347,16.845703125
6075153,16.9677734375
6076386,17.02880859375
6098758,18.5546875
6106742,18.6767578125
6106829,22.52197265625
6106894,18.1884765625
6106929,20.6298828125
6107018,18.49365234375
6107039,17.822265625
6107069,21.97265625
6107492,18.00537109375
6108249,21.728515625
6108396,20.01953125
6108727,21.240234375
6116495,23.37646484375
6117779,18.00537109375
6118502,17.88330078125
6120788,23.681640625
6124480,17.08984375
6124722,17.333984375
6124779,18.37158203125
6124821,23.13232421875
6124914,23.01025390625
6124954,17.88330078125
6124972,17.88330078125
6125045,23.62060546875
6125067,25.146484375
6125199,19.34814453125
6125355,18.310546875
6125703,17.333984375
6126413,16.9677734375
6131999,19.287109375
6146708,19.22607421875
6158109,17.333984375
6160769,20.1416015625
6161490,20.6298828125
6162309,16.845703125
6166743,17.578125
6167764,18.37158203125
6172243,19.83642578125
6174340,18.4326171875
6174989,19.04296875
6180251,17.2119140625
6180818,17.08984375
6185604,19.4091796875
6186794,19.6533203125
6189088,17.7001953125
6189887,18.06640625
6194792,18.73779296875
6200759,17.08984375
6215903,18.6767578125
6217552,17.63916015625
6223581,17.9443359375
6227011,17.08984375
6231060,18.798828125
6236137,18.310546875
6236210,20.69091796875
6236231,26.55029296875
6236282,19.34814453125
6236326,23.8037109375
6236348,17.2119140625
6236393,26.67236328125
6236440,24.71923828125
6236730,17.822265625
6237286,18.310546875
6246167,19.47021484375
6250884,21.6064453125
6258250,20.32470703125
6258336,17.27294921875
6258352,19.6533203125
6258426,26.30615234375
6258436,19.04296875
6258479,17.9443359375
6258548,17.7001953125
6258595,17.88330078125
6258709,17.9443359375
6258795,16.9677734375
6259385,19.34814453125
6259606,19.47021484375
6259945,18.310546875
6260537,17.2119140625
6265150,16.90673828125
6270566,17.7001953125
6278107,20.56884765625
6280875,19.22607421875
6293798,18.61572265625
6295549,20.08056640625
6296254,18.1884765625
6304152,23.01025390625
6305695,16.845703125
6308094,17.02880859375
6309574,17.76123046875
6312751,17.2119140625
6319530,18.06640625
6321830,18.98193359375
6325547,16.9677734375
6330914,18.06640625
6336575,21.05712890625
6337404,18.00537109375
6348648,16.90673828125
6350204,18.24951171875
6354131,18.5546875
6356023,17.27294921875
6358472,18.4326171875
6361135,17.63916015625
6369602,18.4326171875
6375379,17.76123046875
6381617,16.90673828125
6386776,16.9677734375
6392862,18.61572265625
6393478,17.27294921875
6397834,18.85986328125
6401649,17.51708984375
6407528,20.01953125
6407596,24.35302734375
6407610,17.2119140625
6407688,20.56884765625
6407769,21.30126953125
6407966,18.37158203125
6408147,17.63916015625
6408383,20.01953125
6408607,19.287109375
6409386,16.845703125
6419366,19.6533203125
6425783,19.59228515625
6426739,18.73779296875
6433530,17.02880859375
6435027,17.4560546875
6446467,17.578125
6449437,18.4326171875
6450906,17.08984375
6460678,19.53125
6461910,18.61572265625
6463006,18.98193359375
6465388,19.1650390625
6466001,17.76123046875
6468245,17.15087890625
6472535,18.24951171875
6473338,22.4609375
6477266,17.7001953125
6478222,18.4326171875
6481679,16.9677734375
6482261,17.15087890625
6483726,16.90673828125
6484526,18.4326171875
6489741,17.578125
6493811,20.751953125
6494585,17.4560546875
6496571,20.93505859375
6504991,18.1884765625
6519845,17.822265625
6525106,16.9677734375
6549920,18.798828125
6553104,17.15087890625
6561916,18.73779296875
6567773,17.2119140625
6571422,18.12744140625
6585853,17.333984375
6588503,17.63916015625
6597218,19.53125
6599274,17.63916015625
6606378,16.845703125
6615037,17.822265625
6624303,18.61572265625
6625281,19.04296875
6625324,30.3955078125
6625373,21.8505859375
6625396,22.15576171875
6625486,22.216796875
6625557,20.69091796875
6625628,17.27294921875
6625818,17.7001953125
6626509,18.06640625
6626568,17.2119140625
6626719,16.90673828125
6626943,19.4091796875
6627544,17.578125
6634788,18.06640625
6639062,17.15087890625
6640434,17.39501953125
6640665,21.66748046875
6640692,19.10400390625
6640838,18.98193359375
6641213,20.263671875
6641344,18.85986328125
6641459,18.12744140625
6642227,18.61572265625
6642382,18.37158203125
6651355,19.8974609375
6655749,17.88330078125
6659932,19.59228515625
6667149,18.4326171875
6671000,16.845703125
6687514,18.06640625
6689840,18.06640625
6693110,22.64404296875
6695820,20.08056640625
6701161,17.02880859375
6702194,18.4326171875
6710506,17.76123046875
6712570,16.9677734375
6719625,17.27294921875
6720216,18.310546875
6723549,18.1884765625
6725991,17.39501953125
6741206,17.822265625
6745242,18.37158203125
6750921,17.333984375
6753552,17.51708984375
6757617,17.2119140625
6762633,17.08984375
6764229,17.27294921875
6769758,18.9208984375
6779676,17.39501953125
6782963,18.24951171875
6784970,18.9208984375
6787290,18.9208984375
6803703,18.798828125
6813474,16.845703125
6818075,19.4091796875
6821608,17.822265625
6821768,20.01953125
6821779,17.2119140625
6821814,18.24951171875
6821872,32.5927734375
6821913,20.3857421875
6821927,20.08056640625
6821987,17.333984375
6822001,19.8974609375
6822029,18.12744140625
6822051,19.10400390625
6822118,20.81298828125
6822468,18.24951171875
6822631,18.37158203125
6822889,16.845703125
6823084,21.66748046875
6823586,19.10400390625
6823836,16.9677734375
6835848,17.7001953125
6836154,23.86474609375
6836265,17.7001953125
6836342,22.39990234375
6836443,22.52197265625
6836515,17.822265625
6836690,17.39501953125
6837239,18.6767578125
6843967,17.51708984375
6853001,18.6767578125
6859030,19.775390625
6862677,19.1650390625
6865522,17.578125
6867375,17.578125
6868624,18.49365234375
6872082,17.08984375
6876409,19.71435546875
6878587,17.39501953125
6879461,18.06640625
6880801,18.24951171875
6883928,16.90673828125
6885467,16.90673828125
6888830,17.27294921875
6889821,18.4326171875
6896926,18.00537109375
6898469,20.69091796875
6899616,18.49365234375
6901104,18.49365234375
6905115,16.90673828125
6907434,21.97265625
6911974,17.822265625
6915966,17.08984375
6924634,17.39501953125
6926951,17.08984375
6932321,18.24951171875
6937184,18.98193359375
6938751,19.10400390625
6941133,18.9208984375
6948741,17.7001953125
6952018,18.5546875
6952118,18.73779296875
6952149,17.02880859375
6952166,24.23095703125
6952222,18.00537109375
6952245,21.78955078125
6952300,24.10888671875
6952385,18.00537109375
6952488,17.27294921875
6952824,16.9677734375
6953235,17.27294921875
6953375,17.7001953125
6953739,19.83642578125
6968493,16.90673828125
6983385,16.845703125
6986157,17.2119140625
6987362,20.01953125
6997319,18.4326171875
7000382,16.845703125
7004020,17.02880859375
7004690,17.15087890625
7009689,17.7001953125
7019157,16.845703125
7021337,17.7001953125
7023939,20.69091796875
7024580,17.39501953125
7029570,17.51708984375
7032095,16.845703125
7036833,17.2119140625
7049488,22.27783203125
7050148,17.02880859375
7052955,17.822265625
7053734,18.310546875
7056273,18.61572265625
7056727,19.1650390625
7058544,17.2119140625
7064256,17.2119140625
7066243,16.90673828125
7075314,17.15087890625
7078770,17.333984375
7083769,18.98193359375
7088082,21.91162109375
7088129,17.39501953125
7088151,17.15087890625
7088170,19.22607421875
7088330,17.76123046875
7088380,18.61572265625
7088396,18.798828125
7088479,16.9677734375
7088931,18.310546875
7089088,17.51708984375
7089140,21.30126953125
7089250,16.9677734375
7089474,28.9306640625
7089759,17.578125
7090131,19.83642578125
7108865,16.845703125
7109327,21.05712890625
7109648,20.01953125
7109752,17.2119140625
7109815,17.51708984375
7109903,24.0478515625
7109964,17.822265625
7110151,21.3623046875
7110349,18.12744140625
7110501,19.4091796875
7110663,17.333984375
7111286,16.90673828125
7111682,17.39501953125
7119132,17.63916015625
7120535,18.49365234375
7124556,19.287109375
7143686,16.845703125
7146780,17.39501953125
7157186,17.7001953125
7160021,17.27294921875
7161453,17.578125
7169125,17.15087890625
7171143,18.00537109375
7172415,17.333984375
7174598,17.02880859375
7175522,17.822265625
7176682,17.88330078125
7184420,18.798828125
7185478,18.37158203125
7186925,19.53125
7187975,18.5546875
7188837,17.51708984375
7191806,19.83642578125
7195405,22.3388671875
7199067,17.822265625
7201949,20.1416015625
7205150,18.85986328125
7213319,17.9443359375
7216688,18.4326171875
7223089,19.10400390625
7229648,17.578125
7248387,17.51708984375
7254304,23.13232421875
7264144,17.63916015625
7268584,17.2119140625
7281696,17.15087890625
7283583,16.9677734375
7292188,18.49365234375
7293565,16.9677734375
7307729,17.02880859375
7312847,20.5078125
7314850,18.310546875
7315331,20.32470703125
7323262,17.08984375
7328426,19.04296875
7331171,17.333984375
7349224,17.76123046875
7355710,17.27294921875
7359808,18.61572265625
7361029,16.9677734375
7364547,17.333984375
7367435,17.822265625
7370263,17.2119140625
7373973,17.15087890625
7395199,17.76123046875
7404847,17.27294921875
7407865,17.15087890625
7414615,17.4560546875
7420039,16.845703125
7427856,19.1650390625
7430528,17.333984375
7445868,17.51708984375
7447674,17.27294921875
7460041,17.7001953125
7472540,21.05712890625
7486707,17.08984375
7488730,17.02880859375
7495043,18.9208984375
7495806,18.00537109375
7499432,19.1650390625
7505706,17.7001953125
7508353,17.4560546875
7522465,21.91162109375
7532488,16.90673828125
7532820,18.73779296875
7533973,21.97265625
7534007,27.9541015625
7534022,25.0244140625
7534110,17.333984375
7534375,21.42333984375
7534401,21.240234375
7534541,17.39501953125
7534636,17.02880859375
7534693,17.7001953125
7535042,20.44677734375
7535306,20.263671875
7535681,18.00537109375
7535843,19.95849609375
7536251,17.88330078125
7546367,17.15087890625
7546399,18.61572265625
7546473,17.27294921875
7546523,17.578125
7546550,19.287109375
7546606,18.9208984375
7546621,19.71435546875
7547136,17.2119140625
7547250,17.76123046875
7547470,20.44677734375
7547831,17.9443359375
7553278,17.578125
7555296,18.12744140625
7556709,16.845703125
7559544,18.1884765625
7565882,17.76123046875
7572987,20.93505859375
7573634,17.822265625
7575181,19.8974609375
7578151,19.4091796875
7586474,19.53125
7587772,17.578125
7589583,18.1884765625
7591411,18.98193359375
7592623,19.83642578125
7594306,16.90673828125
7596945,20.08056640625
7597203,17.51708984375
7599547,18.1884765625
7600394,18.12744140625
7603467,18.12744140625
7607628,16.9677734375
7608294,17.76123046875
7611713,16.90673828125
7615410,18.37158203125
7623794,17.88330078125
7629236,20.08056640625
7629982,18.4326171875
7636244,18.49365234375
7637412,20.81298828125
7640203,18.73779296875
7642797,17.578125
7644452,18.798828125
7647312,18.00537109375
7648992,16.90673828125
7657544,18.85986328125
7657578,17.822265625
7657685,17.7001953125
7657979,17.4560546875
7658079,19.8974609375
7658469,18.6767578125
7658699,19.10400390625
7673157,17.51708984375
7673988,17.39501953125
7674821,17.27294921875
7674971,17.333984375
7674997,19.22607421875
7675100,20.93505859375
7675163,17.76123046875
7675199,22.705078125
7675259,18.37158203125
7675318,21.78955078125
7675430,17.02880859375
7675522,17.88330078125
7675817,18.61572265625
7676195,25.69580078125
7676800,19.10400390625
7677222,20.263671875
7694271,17.822265625
7698616,17.27294921875
7716880,18.310546875
7720490,16.9677734375
7730084,17.63916015625
7735171,17.7001953125
7738267,17.822265625
7739051,17.27294921875
7739922,18.06640625
7741945,19.8974609375
7743143,18.00537109375
7752640,17.02880859375
7759908,17.39501953125
7767345,16.845703125
7767387,18.24951171875
7767411,17.2119140625
7767457,19.10400390625
7767496,18.9208984375
7767546,17.39501953125
7767579,17.9443359375
7767638,25.57373046875
7767720,19.22607421875
7767846,17.88330078125
7767948,17.08984375
7768192,17.822265625
7768319,18.1884765625
7768532,17.578125
7768557,19.22607421875
7768788,18.12744140625
7769078,18.85986328125
7769275,17.88330078125
7769543,17.51708984375
7777212,19.775390625
7781909,18.49365234375
7787398,21.240234375
7787442,20.20263671875
7787495,17.7001953125
7787555,19.10400390625
7787638,23.37646484375
7787713,17.76123046875
7787800,19.04296875
7787956,20.3857421875
7787973,16.90673828125
7797725,17.08984375
7803489,20.8740234375
7809168,20.263671875
7813897,17.76123046875
7816935,19.04296875
7821441,18.1884765625
7828231,16.9677734375
7833722,20.3857421875
7834712,17.4560546875
7837822,19.22607421875
7843056,19.34814453125
7845072,18.6767578125
7845943,18.37158203125
7846622,19.71435546875
7856552,18.9208984375
7861717,17.76123046875
7865423,20.44677734375
7869389,19.34814453125
7871049,19.10400390625
7874289,18.1884765625
7877874,17.2119140625
7882984,17.4560546875
7885281,19.6533203125
7885306,19.95849609375
7885387,18.12744140625
7885444,18.4326171875
7885503,18.98193359375
7885587,20.20263671875
7885781,20.99609375
7886068,24.23095703125
7886316,21.42333984375
7886490,20.20263671875
7886993,18.24951171875
7887358,18.98193359375
7887660,17.333984375
7896922,18.310546875
7910805,16.845703125
7911575,18.73779296875
7912200,18.49365234375
7914462,18.06640625
7919175,17.2119140625
7922390,16.9677734375
7926572,18.49365234375
7930167,19.6533203125
7932404,16.90673828125
7934707,17.39501953125
7936730,17.2119140625
7940429,18.6767578125
7941306,16.845703125
7945225,19.1650390625
7945792,18.85986328125
7952122,16.9677734375
7954138,21.1181640625
7956632,17.4560546875
7958517,20.20263671875
7960366,17.15087890625
7967523,19.95849609375
7969960,18.98193359375
7974661,17.7001953125
7976503,18.00537109375
7979040,21.484375
8000794,17.76123046875
8003183,19.53125
8005164,17.76123046875
8022421,16.90673828125
8035576,17.76123046875
8037062,17.39501953125
8038898,17.2119140625
8043870,19.10400390625
8052837,17.578125
8053837,16.9677734375
8055290,16.90673828125
8068854,17.39501953125
8077914,17.9443359375
8081148,18.24951171875
8081231,20.751953125
8081288,26.0009765625
8081327,17.822265625
8081384,22.4609375
8081453,20.3857421875
8081531,21.91162109375
8081584,20.69091796875
8081853,18.310546875
8082232,17.88330078125
8082413,17.15087890625
8082497,17.822265625
8082744,22.94921875
8083230,19.53125
8091491,17.4560546875
8097284,17.2119140625
8098934,20.6298828125
8098975,17.08984375
8099033,16.9677734375
8099054,17.9443359375
8099093,24.4140625
8099160,21.8505859375
8099214,18.49365234375
8099317,23.86474609375
8099423,17.76123046875
8099568,16.845703125
8099675,19.4091796875
8100275,17.27294921875
8100561,20.5078125
8107142,17.2119140625
8113068,17.02880859375
8114492,20.81298828125
8120114,16.845703125
8122528,18.12744140625
8123275,16.9677734375
8127857,19.22607421875
8130357,17.08984375
8131747,17.4560546875
8133319,18.61572265625
8135552,17.4560546875
8140267,17.2119140625
8143729,18.24951171875
8146101,17.02880859375
8149212,17.27294921875
8151587,17.333984375
8152191,17.4560546875
8156762,17.51708984375
8160441,17.15087890625
8164798,17.333984375
8168167,19.6533203125
8170571,18.37158203125
8172023,19.8974609375
8174243,16.90673828125
8178879,16.9677734375
8180262,19.47021484375
8182479,18.12744140625
8185736,16.845703125
8186941,26.06201171875
8190471,16.9677734375
8195311,16.9677734375
8199826,21.1181640625
8202825,17.2119140625
8204437,18.1884765625
8211526,17.4560546875
8214866,17.08984375
8219103,18.61572265625
8221051,18.06640625
8222443,17.333984375
8224379,17.4560546875
8239801,17.02880859375
8240629,20.20263671875
8241401,16.90673828125
8245041,17.02880859375
8256457,17.08984375
8261564,18.85986328125
8264213,18.00537109375
8284902,17.2119140625
8295219,17.7001953125
8296652,17.02880859375
8311291,17.08984375
8330300,18.06640625
8341584,18.798828125
8341639,18.9208984375
8341662,18.310546875
8341707,21.78955078125
8341763,17.2119140625
8341854,16.845703125
8341955,19.1650390625
8342410,20.6298828125
8343059,20.08056640625
8343867,20.44677734375
8355303,17.9443359375
8355325,18.24951171875
8355360,24.84130859375
8355436,22.216796875
8355493,20.81298828125
8355650,17.39501953125
8355864,18.85986328125
8356166,18.85986328125
8356416,17.88330078125
8365424,20.20263671875
8373102,19.53125
8378076,21.30126953125
8379795,19.1650390625
8380556,19.10400390625
8386886,20.01953125
8388643,17.08984375
8393496,17.39501953125
8400933,17.7001953125
8405367,17.88330078125
8406592,16.9677734375
8412765,17.02880859375
8415956,20.56884765625
8418586,18.798828125
8424115,18.12744140625
8425188,16.9677734375
8426209,21.1181640625
8429372,18.06640625
8434269,20.56884765625
8436629,17.51708984375
8437155,19.6533203125
8444767,18.06640625
8446566,18.00537109375
8449564,19.22607421875
8454689,19.83642578125
8460796,18.85986328125
8462846,16.90673828125
8464958,18.9208984375
8468584,17.51708984375
8469392,18.5546875
8479467,18.1884765625
8480999,17.08984375
8486217,21.54541015625
8492735,19.53125
8495312,18.310546875
8498542,17.9443359375
8501853,18.98193359375
8507397,16.845703125
8508630,17.51708984375
8516127,18.98193359375
8530426,18.4326171875
8543759,18.6767578125
8552893,16.90673828125
8575868,19.53125
8581210,16.845703125
8584233,18.37158203125
8595288,17.88330078125
8613678,16.845703125
8617985,20.99609375
8622908,17.27294921875
8625242,18.37158203125
8628934,17.15087890625
8629787,18.06640625
8642991,17.88330078125
8647781,16.845703125
8654511,17.2119140625
8657069,17.63916015625
8662333,17.63916015625
8668491,16.9677734375
8669589,17.27294921875
8692265,18.00537109375
8695093,19.59228515625
8699540,18.6767578125
8706652,20.44677734375
8706677,22.216796875
8706699,22.52197265625
8706719,24.84130859375
8706761,21.1181640625
8706794,23.5595703125
8706940,16.9677734375
8707022,20.20263671875
8707349,17.822265625
8707647,17.822265625
8707954,21.54541015625
8708157,19.95849609375
8708473,20.8740234375
8708714,20.263671875
8714812,22.4609375
8720067,18.61572265625
8720756,18.61572265625
8720791,23.193359375
8720810,19.775390625
8720849,18.1884765625
8720931,22.705078125
8720975,18.6767578125
8721037,19.71435546875
8721121,18.310546875
8721705,17.578125
8721871,20.56884765625
8722168,18.6767578125
8736292,17.39501953125
8737915,18.49365234375
8738747,17.63916015625
8745746,17.7001953125
8748481,19.287109375
8752453,20.69091796875
8760614,23.3154296875
8762816,17.578125
8766534,17.822265625
8781318,17.15087890625
8782705,19.34814453125
8790122,19.22607421875
8791200,18.37158203125
8794503,17.39501953125
8802233,18.49365234375
8806104,20.1416015625
8807689,18.5546875
8813208,19.95849609375
8819109,18.98193359375
8820468,20.3857421875
8822435,17.9443359375
8828134,17.63916015625
8829324,17.88330078125
8848078,18.6767578125
8849251,17.4560546875
8856871,17.02880859375
8859721,18.24951171875
8860949,17.15087890625
8862748,19.83642578125
8866657,19.47021484375
8873221,17.578125
8876249,17.08984375
8878304,20.08056640625
8897024,17.76123046875
8899981,16.90673828125
8917782,19.1650390625
8919328,19.04296875
8921109,19.775390625
8930585,17.76123046875
8938952,17.39501953125
8943337,19.53125
8947780,17.76123046875
8955773,18.06640625
8984763,19.8974609375
8995994,17.7001953125
9004842,18.06640625
9011751,21.54541015625
9019864,17.27294921875
9026465,19.287109375
9026723,18.37158203125
9026754,20.08056640625
9026793,26.30615234375
9026825,20.8740234375
9026864,25.93994140625
9026905,18.5546875
9027003,17.88330078125
9027065,16.9677734375
9027123,20.81298828125
9027245,20.08056640625
9027418,17.578125
9027646,18.98193359375
9027797,23.4375
9027927,17.2119140625
9028134,18.4326171875
9028911,21.97265625
9039792,16.9677734375
9040800,21.1181640625
9040823,19.6533203125
9040901,17.7001953125
9040933,24.90234375
9040947,19.775390625
9041002,17.333984375
9041026,17.578125
9041762,16.90673828125
9042484,17.63916015625
9042984,18.37158203125
9055287,16.9677734375
9059762,16.845703125
9066321,19.1650390625
9066732,17.578125
9070189,17.51708984375
9070982,19.47021484375
9071530,16.845703125
9076607,16.9677734375
9077556,19.22607421875
9079481,17.27294921875
9083481,18.24951171875
9086781,17.2119140625
9088787,17.02880859375
9091887,19.6533203125
9094485,17.08984375
9097464,16.90673828125
9104320,20.6298828125
9105886,17.822265625
9114270,17.02880859375
9116147,17.02880859375
9129236,17.76123046875
9131922,19.775390625
9136543,19.59228515625
9137071,17.88330078125
9141178,19.6533203125
9143235,18.06640625
9147560,17.27294921875
9149623,17.27294921875
9155436,16.9677734375
9158973,20.99609375
9162121,18.98193359375
9163780,18.98193359375
9182177,20.20263671875
9182683,19.04296875
9206034,18.4326171875
9207867,20.56884765625
9208738,18.06640625
9216036,17.15087890625
9226544,19.83642578125
9233475,18.310546875
9244358,16.9677734375
9249287,17.15087890625
9251200,16.9677734375
9252200,16.90673828125
9267529,20.1416015625
9270164,17.333984375
9294325,18.00537109375
9295464,17.9443359375
9303474,16.90673828125
9310645,17.822265625
9317586,17.4560546875
9333947,16.9677734375
9336290,16.845703125
9363347,17.88330078125
9363429,20.5078125
9363466,23.37646484375
9363492,18.06640625
9363531,18.24951171875
9363584,21.42333984375
9363652,17.08984375
9364107,18.4326171875
9364570,19.95849609375
9364710,17.9443359375
9364883,17.51708984375
9365174,17.08984375
9373629,18.37158203125
9373692,20.5078125
9373792,18.6767578125
9374024,17.333984375
9374167,16.90673828125
9374771,21.1181640625
9374909,17.7001953125
9375025,17.15087890625
9388424,20.263671875
9389373,17.02880859375
9394285,17.9443359375
9397959,18.85986328125
9401706,17.63916015625
9409398,17.822265625
9410565,18.12744140625
9411242,17.4560546875
9412576,17.08984375
9414541,18.310546875
9418136,17.578125
9422072,17.7001953125
9428095,17.333984375
9429332,18.61572265625
9433412,17.333984375
9434890,18.06640625
9435702,17.578125
9438092,18.73779296875
9442230,17.76123046875
9447562,17.76123046875
9450774,18.310546875
9452022,18.06640625
9459011,17.08984375
9465459,19.1650390625
9468715,17.76123046875
9472027,17.88330078125
9475885,17.63916015625
9476643,17.15087890625
9477186,17.15087890625
9479308,17.27294921875
9481138,17.578125
9485652,17.333984375
9492485,17.9443359375
9508617,18.00537109375
9512262,16.90673828125
9514765,18.98193359375
9517220,18.37158203125
9527514,18.49365234375
9540459,17.08984375
9556215,19.04296875
9561097,17.08984375
9561975,18.00537109375
9578801,19.71435546875
9583349,18.06640625
9602091,18.06640625
9607387,17.822265625
9607397,18.12744140625
9607446,29.47998046875
9607500,19.1650390625
9607568,21.30126953125
9607678,18.85986328125
9607947,17.39501953125
9608127,19.47021484375
9608327,17.15087890625
9608627,19.71435546875
9608726,18.73779296875
9609020,18.12744140625
9609160,17.88330078125
9609351,18.12744140625
9617382,17.27294921875
9619549,24.47509765625
9619631,19.53125
9619644,18.61572265625
9619699,19.95849609375
9619776,23.4375
9619896,27.4658203125
9619977,23.98681640625
9620150,17.08984375
9620529,17.4560546875
9620913,17.51708984375
9621203,18.24951171875
9621650,17.2119140625
9631109,17.08984375
9634657,20.01953125
9636135,18.98193359375
9645036,19.4091796875
9649414,18.24951171875
9663317,17.333984375
9667911,18.85986328125
9671420,18.4326171875
9672196,17.578125
9672824,16.90673828125
9673801,16.9677734375
9675468,18.798828125
9676158,18.6767578125
9677847,16.9677734375
9681467,18.1884765625
9686797,17.15087890625
9691719,17.08984375
9697620,19.59228515625
9701828,18.6767578125
9706967,16.90673828125
9710973,16.90673828125
9717622,19.1650390625
9717741,20.01953125
9717796,20.263671875
9717814,24.7802734375
9717832,17.02880859375
9717851,19.8974609375
9717953,18.37158203125
9718284,17.63916015625
9718479,17.27294921875
9718506,17.578125
9718613,20.6298828125
9718700,18.12744140625
9718711,17.822265625
9718757,17.39501953125
9718835,20.263671875
9719320,19.34814453125
9719385,19.71435546875
9726025,16.845703125
9726562,19.59228515625
9729411,18.1884765625
9734296,18.310546875
9735127,19.47021484375
9735193,20.93505859375
9735220,21.30126953125
9735262,17.08984375
9735296,24.23095703125
9735440,18.9208984375
9735908,18.12744140625
9735943,17.51708984375
9736257,23.193359375
9736448,18.49365234375
9736685,17.02880859375
9736987,19.34814453125
9745701,18.24951171875
9758490,16.90673828125
9760283,17.2119140625
9761059,16.845703125
9765560,21.728515625
9767318,20.08056640625
9769357,20.751953125
9770513,23.01025390625
9773467,17.76123046875
9777167,18.5546875
9779998,18.9208984375
9782351,18.5546875
9785385,18.06640625
9786998,17.08984375
9792146,19.95849609375
9794128,17.4560546875
9798130,18.06640625
9800105,17.822265625
9801613,17.578125
9802684,17.08984375
9803734,18.61572265625
9804745,18.5546875
9806191,17.63916015625
9811898,19.71435546875
9816836,17.15087890625
9833096,16.9677734375
9844543,17.27294921875
9846196,17.76123046875
9865289,19.10400390625
9872647,17.88330078125
9878735,17.4560546875
9878830,17.76123046875
9878858,18.00537109375
9878873,27.40478515625
9878933,31.005859375
9878988,22.3388671875
9879048,22.8271484375
9879198,17.27294921875
9879332,16.845703125
9879597,19.04296875
9879841,19.34814453125
9879935,19.10400390625
9879993,17.27294921875
9880425,17.08984375
9880596,18.1884765625
9880787,16.90673828125
9880910,19.10400390625
9889632,18.9208984375
9889642,23.0712890625
9889737,20.1416015625
9889812,16.9677734375
9889869,17.02880859375
9889929,18.12744140625
9890003,16.9677734375
9890116,17.15087890625
9890458,17.9443359375
9890786,16.9677734375
9891669,18.73779296875
9902664,17.27294921875
9903628,17.7001953125
9912747,18.12744140625
9913735,17.51708984375
9914624,18.310546875
9919927,17.7001953125
9920840,18.73779296875
9922302,18.1884765625
9923266,20.3857421875
9927006,18.12744140625
9933100,19.34814453125
9935501,18.00537109375
9940354,17.27294921875
9942768,17.333984375
9944816,19.71435546875
9949430,17.2119140625
9958966,18.6767578125
9960221,19.59228515625
9970176,20.1416015625
9971072,18.49365234375
9975103,17.76123046875
9976741,20.8740234375
9979150,18.85986328125
9981166,17.27294921875
9985374,17.02880859375
9986347,19.53125
9988391,17.27294921875
9990914,17.63916015625
9993887,17.333984375
9998322,17.39501953125
10000148,17.88330078125
10009371,19.4091796875
10010815,18.6767578125
10016138,17.7001953125
10017568,19.775390625
10022734,18.49365234375
10029456,17.27294921875
10031233,17.76123046875
10032296,16.845703125
10033653,16.90673828125
10048177,18.24951171875
10052684,18.06640625
10053443,18.37158203125
10058528,17.9443359375
10065095,17.15087890625
10081657,17.333984375
10084312,17.63916015625
10090805,17.2119140625
10102068,16.845703125
10106291,19.83642578125
10109435,17.02880859375
10109517,20.44677734375
10109546,16.845703125
10109568,18.06640625
10109588,22.0947265625
10109731,17.15087890625
10110183,20.3857421875
10110201,16.845703125
10110435,20.56884765625
10110701,19.775390625
10110888,17.63916015625
10111672,17.578125
10118209,19.287109375
10125790,18.1884765625
10125847,17.08984375
10125923,17.7001953125
10125988,17.08984375
10126051,17.76123046875
10126079,17.15087890625
10126097,19.59228515625
10126134,17.822265625
10126185,18.00537109375
10126340,20.56884765625
10126881,16.90673828125
10127063,17.08984375
10127285,19.8974609375
10127664,17.822265625
10141422,17.08984375
10144397,17.15087890625
10145630,16.845703125
10149305,17.51708984375
10153073,17.4560546875
10155705,19.1650390625
10156932,18.61572265625
10164605,18.310546875
10169339,18.00537109375
10170916,17.15087890625
10176172,16.845703125
10177998,16.9677734375
10179379,20.751953125
10191439,19.22607421875
10196010,17.333984375
10200157,19.83642578125
10206254,17.4560546875
10209438,17.39501953125
10211059,18.24951171875
10211891,17.578125
10213586,18.37158203125
10216096,16.9677734375
10217952,21.78955078125
10222651,20.08056640625
10223698,18.98193359375
10233150,18.06640625
10242017,18.12744140625
10246372,17.4560546875
10247513,18.5546875
10252063,19.10400390625
10285290,17.822265625
10288529,16.9677734375
10295762,22.03369140625
10295857,17.02880859375
10295894,19.95849609375
10295923,18.4326171875
10295939,18.310546875
10295965,20.20263671875
10296035,19.34814453125
10296088,18.37158203125
10296602,19.59228515625
10296852,17.15087890625
10296956,17.88330078125
10297212,20.5078125
10297899,16.90673828125
10304245,18.310546875
10308077,18.98193359375
10309537,18.12744140625
10311453,20.01953125
10311574,18.24951171875
10311586,19.95849609375
10311642,18.98193359375
10311749,16.90673828125
10311799,24.2919921875
10311927,18.5546875
10312016,19.59228515625
10312185,17.08984375
10312998,17.15087890625
10323532,19.83642578125
10329774,17.39501953125
10332823,17.9443359375
10334130,18.9208984375
10338560,18.310546875
10344341,22.0947265625
10350309,19.775390625
10353585,19.47021484375
10354618,18.00537109375
10355596,17.27294921875
10358919,17.63916015625
10365842,19.04296875
10366801,16.90673828125
10376268,22.94921875
10381649,17.578125
10385550,17.27294921875
10387511,17.2119140625
10388652,18.00537109375
10390073,17.4560546875
10393102,17.27294921875
10399774,17.39501953125
10400654,17.2119140625
10407310,17.02880859375
10414664,17.39501953125
10418511,19.287109375
10420311,18.37158203125
10421385,17.76123046875
10428797,17.4560546875
10429408,17.63916015625
10435211,17.88330078125
10443691,17.333984375
10447611,17.7001953125
10456130,17.15087890625
10462878,18.85986328125
10463482,18.310546875
10465824,17.63916015625
10468623,20.01953125
10469682,20.99609375
10471367,20.01953125
10485062,17.822265625
10492751,17.27294921875
10498523,18.00537109375
10499735,17.578125
10505262,17.4560546875
10507091,16.9677734375
10508760,16.845703125
10514212,17.333984375
10520151,17.2119140625
10524862,18.1884765625
10525349,21.91162109375
10529280,19.95849609375
10532426,18.6767578125
10535614,17.2119140625
10542659,18.12744140625
10546044,20.1416015625
10556050,17.51708984375
10561564,17.333984375
10566682,17.15087890625
10572598,17.88330078125
10579231,18.9208984375
10594439,20.3857421875
10594493,19.775390625
10594515,25.08544921875
10594529,20.20263671875
10594607,18.61572265625
10594666,22.03369140625
10594724,17.822265625
10594958,17.7001953125
10595365,16.845703125
10595908,22.216796875
10596039,19.59228515625
10596397,26.30615234375
10603866,21.17919921875
10607388,19.83642578125
10607544,18.6767578125
10607597,20.56884765625
10607637,19.1650390625
10607658,20.56884765625
10607725,17.02880859375
10607740,17.88330078125
10607800,18.85986328125
10607870,19.8974609375
10607903,17.02880859375
10608248,18.06640625
10623065,17.02880859375
10629621,20.3857421875
10633008,18.49365234375
10637103,17.7001953125
10645286,22.94921875
10648679,18.310546875
10657555,19.95849609375
10667190,21.66748046875
10668575,17.333984375
10675511,17.4560546875
10681727,18.49365234375
10685502,18.61572265625
10692324,20.01953125
10694624,19.34814453125
10696958,17.88330078125
10698799,17.88330078125
10700851,17.2119140625
10710295,18.24951171875
10719162,18.12744140625
10720881,17.578125
10723705,20.44677734375
10727347,17.27294921875
10733123,20.20263671875
10737489,16.845703125
10744905,18.85986328125
10748110,18.24951171875
10752942,17.4560546875
10759515,17.08984375
10760286,18.798828125
10761902,17.63916015625
10775360,17.4560546875
10779277,17.822265625
10792483,17.822265625
10815524,17.63916015625
10823704,18.49365234375
10826489,18.06640625
10829382,20.99609375
10831856,17.27294921875
10831876,19.10400390625
10831911,17.88330078125
10831954,18.9208984375
10832005,16.845703125
10832069,17.51708984375
10832211,18.37158203125
10832867,21.66748046875
10833220,19.71435546875
10833318,18.00537109375
10833428,19.1650390625
10844433,19.04296875
10844537,20.5078125
10844569,18.37158203125
10844594,19.04296875
10844636,20.56884765625
10844669,21.78955078125
10844718,18.98193359375
10844812,18.798828125
10844892,21.17919921875
10846164,19.71435546875
10862569,18.12744140625
10866104,22.5830078125
10874166,17.63916015625
10878039,17.9443359375
10879614,17.4560546875
10884212,18.37158203125
10890242,17.333984375
10899076,16.90673828125
10900883,17.333984375
10905443,16.845703125
10906177,17.333984375
10908194,19.83642578125
10912833,18.798828125
10914938,17.39501953125
10916191,17.578125
10916862,17.15087890625
10918298,17.7001953125
10920877,17.02880859375
10922946,18.85986328125
10933950,17.51708984375
10935904,17.4560546875
10937283,19.83642578125
10939319,19.83642578125
10941964,19.22607421875
10945283,20.20263671875
10949943,16.845703125
10952390,17.27294921875
10954187,21.30126953125
10961460,18.24951171875
10962738,17.39501953125
10965716,17.39501953125
10966361,18.73779296875
10971837,18.4326171875
10983377,17.76123046875
10985634,18.49365234375
10998121,16.845703125
11002857,20.263671875
11003540,18.9208984375
11007444,17.08984375
11022700,18.98193359375
11024263,16.90673828125
11024922,19.71435546875
11027995,18.1884765625
11042698,17.2119140625
11045009,18.37158203125
11048146,18.06640625
11052711,23.62060546875
11056980,20.8740234375
11059306,18.98193359375
11061505,17.15087890625
11086927,17.88330078125
11095066,17.333984375
11106065,17.51708984375
11119935,17.822265625
11124769,17.02880859375
11133286,16.9677734375
11135204,21.54541015625
11135232,19.10400390625
11135282,25.08544921875
11135347,21.91162109375
11135376,17.27294921875
11135447,18.12744140625
11135508,20.20263671875
11135695,18.1884765625
11136157,18.6767578125
11136301,18.5546875
11136581,18.798828125
11136939,19.6533203125
11137007,18.06640625
11149782,16.90673828125
11151267,19.34814453125
11151649,20.20263671875
11151815,16.845703125
11152091,19.10400390625
11152135,18.73779296875
11152145,19.1650390625
11152233,19.47021484375
11152515,19.10400390625
11152897,20.751953125
11162717,18.06640625
11165413,20.1416015625
11170214,21.05712890625
11171157,18.12744140625
11171995,17.9443359375
11178398,16.9677734375
11184117,17.822265625
11185134,19.22607421875
11187051,17.578125
11192456,18.798828125
11195136,17.39501953125
11199007,17.9443359375
11199705,20.01953125
11200835,18.61572265625
11209157,16.9677734375
11209986,18.00537109375
11216197,17.15087890625
11219002,18.98193359375
11221866,16.9677734375
11226877,18.06640625
11228809,16.845703125
11231002,21.17919921875
11232920,20.69091796875
11234977,20.99609375
11237405,17.76123046875
11243492,18.85986328125
11244802,17.76123046875
11246025,19.53125
11246917,17.2119140625
11248090,17.578125
11252753,17.578125
11254546,17.9443359375
11264200,18.12744140625
11265045,18.9208984375
11265927,21.1181640625
11270342,19.83642578125
11274542,17.88330078125
11282846,18.00537109375
11285873,17.63916015625
11294064,18.1884765625
11299784,18.310546875
11306739,17.51708984375
11306749,17.2119140625
11309235,17.9443359375
11316469,17.51708984375
11319566,18.49365234375
11328414,18.49365234375
11336874,20.56884765625
11337783,18.12744140625
11339594,20.3857421875
11339689,17.4560546875
11339705,18.98193359375
11339793,17.9443359375
11340385,16.90673828125
11340521,18.6767578125
11340572,21.54541015625
11340606,23.86474609375
11340943,16.845703125
11341145,17.15087890625
11341177,17.4560546875
11341748,17.76123046875
11352747,25.146484375
11352803,17.39501953125
11352866,21.484375
11352891,17.2119140625
11352958,17.333984375
11352979,17.4560546875
11353046,19.34814453125
11353104,18.98193359375
11353125,17.39501953125
11353216,18.49365234375
11353498,16.9677734375
11353911,16.845703125
11353991,18.6767578125
11354409,17.51708984375
11354560,18.85986328125
11361523,17.08984375
11372815,18.5546875
11378198,18.00537109375
11381891,18.798828125
11384223,19.22607421875
11387914,20.08056640625
11390072,20.08056640625
11390987,17.9443359375
11396449,17.15087890625
11401442,18.12744140625
11402934,17.63916015625
11412808,17.39501953125
11413808,17.7001953125
11414745,20.5078125
11416849,17.7001953125
11418821,17.76123046875
11420220,20.32470703125
11423694,18.85986328125
11433238,17.333984375
11434941,19.34814453125
11435986,17.08984375
11443520,18.73779296875
11448333,20.08056640625
11450536,17.08984375
11456660,18.12744140625
11458948,18.49365234375
11460711,17.4560546875
11466598,19.47021484375
11473450,18.37158203125
11474242,16.90673828125
11475218,17.63916015625
11485927,20.20263671875
11492595,17.9443359375
11496893,17.4560546875
11503415,19.04296875
11504686,16.90673828125
11514213,18.9208984375
11518678,18.310546875
11521113,18.5546875
11525511,17.88330078125
11525730,18.06640625
11527441,16.90673828125
11530761,18.73779296875
11535045,19.4091796875
11536770,19.04296875
11544820,17.7001953125
11565685,19.59228515625
11565718,23.193359375
11565740,17.51708984375
11565784,19.95849609375
11565794,21.3623046875
11565807,20.99609375
11565865,26.18408203125
11565954,20.5078125
11566042,17.63916015625
11566148,21.8505859375
11566420,17.63916015625
11567075,20.99609375
11574841,18.1884765625
11578477,17.578125
11579336,17.88330078125
11579357,20.263671875
11579421,17.4560546875
11579460,20.32470703125
11579542,16.845703125
11579573,17.39501953125
11579599,21.728515625
11579834,17.08984375
11580112,17.2119140625
11580248,19.287109375
11596474,20.44677734375
11601621,18.37158203125
11606945,18.73779296875
11609825,23.13232421875
11615504,19.04296875
11617891,17.333984375
11624177,18.61572265625
11626176,20.1416015625
11628221,19.1650390625
11635043,20.6298828125
11635998,18.85986328125
11643385,20.69091796875
11646501,18.61572265625
11654307,19.47021484375
11656238,17.02880859375
11658672,18.00537109375
11659608,18.9208984375
11670013,20.20263671875
11675274,18.49365234375
11680640,17.27294921875
11684125,17.02880859375
11694933,19.10400390625
11723211,17.51708984375
11727341,16.90673828125
11734268,17.63916015625
11743044,17.27294921875
11756551,17.4560546875
11757396,19.34814453125
11762215,19.287109375
11765244,19.22607421875
11776381,18.49365234375
11778845,21.240234375
11787995,18.5546875
11795742,19.1650390625
11795815,19.34814453125
11795851,24.84130859375
11795882,24.90234375
11795926,18.24951171875
11795982,24.59716796875
11796040,19.1650390625
11796136,17.76123046875
11796193,17.02880859375
11796322,20.93505859375
11796491,18.98193359375
11797007,19.287109375
11797086,20.20263671875
11797273,18.61572265625
11797494,17.15087890625
11797701,18.12744140625
11805347,16.90673828125
11808152,18.85986328125
11810215,18.49365234375
11811305,17.9443359375
11811344,17.02880859375
11811374,17.27294921875
11811410,17.9443359375
11811480,19.95849609375
11811505,17.76123046875
11811566,17.822265625
11811635,19.71435546875
11811707,17.27294921875
11811759,16.845703125
11811883,17.51708984375
11813350,16.845703125
11822526,17.4560546875
11824378,18.06640625
11827406,22.216796875
11832307,18.98193359375
11833056,17.2119140625
11836995,16.845703125
11842365,17.08984375
11844765,17.27294921875
11849835,17.15087890625
11851499,17.578125
11856952,16.845703125
11858933,17.51708984375
11862684,17.15087890625
11864514,20.8740234375
11867093,16.90673828125
11867775,20.69091796875
11869671,19.8974609375
11879774,18.4326171875
11881947,17.63916015625
11890060,17.08984375
11895338,20.20263671875
11896877,17.15087890625
11905920,20.1416015625
11907919,18.06640625
11913821,21.91162109375
11920958,17.15087890625
11930433,17.4560546875
11936998,17.4560546875
11950117,19.6533203125
11954364,17.578125
11964300,17.76123046875
11966571,17.88330078125
11971469,17.578125
11984818,18.6767578125
11986402,17.51708984375
11993700,16.845703125
11997326,21.8505859375
