11999000,0
47929,17.578125
47982,18.98193359375
48026,16.17431640625
48064,16.54052734375
48123,16.11328125
48150,17.76123046875
48241,16.9677734375
48281,24.23095703125
48441,16.17431640625
48514,18.73779296875
48781,17.76123046875
49088,16.90673828125
49214,16.4794921875
49376,20.44677734375
49462,18.00537109375
49648,16.11328125
49806,18.1884765625
52467,16.29638671875
64534,16.90673828125
64601,18.1884765625
64612,18.12744140625
64664,17.7001953125
64765,19.775390625
64840,16.845703125
64891,18.24951171875
64969,24.7802734375
65054,16.2353515625
65291,17.51708984375
65327,16.11328125
65553,20.08056640625
65690,18.37158203125
68188,17.88330078125
73008,18.1884765625
118873,16.2353515625
118924,21.54541015625
118982,17.2119140625
119024,21.240234375
119235,17.578125
119263,17.15087890625
119447,16.845703125
119480,16.845703125
119733,16.17431640625
119963,16.78466796875
120033,16.17431640625
120202,16.6015625
120436,18.37158203125
120647,16.4794921875
121057,16.11328125
121578,17.39501953125
124367,18.1884765625
145775,16.17431640625
145837,20.20263671875
145949,27.40478515625
146000,16.11328125
146067,18.61572265625
146155,17.02880859375
146441,22.216796875
146631,16.78466796875
146703,17.08984375
147074,17.822265625
147212,16.17431640625
152379,18.12744140625
170223,17.578125
170791,19.59228515625
171044,18.798828125
171189,16.17431640625
171254,17.4560546875
171453,16.78466796875
171565,17.15087890625
198031,18.12744140625
198179,22.705078125
198259,17.15087890625
198420,17.7001953125
202865,17.08984375
222309,16.7236328125
222406,16.9677734375
222465,17.88330078125
222544,16.66259765625
222809,19.6533203125
223033,16.9677734375
223224,16.4794921875
251055,16.6015625
251155,18.37158203125
251202,18.5546875
251336,16.78466796875
251349,16.357421875
251406,18.06640625
251508,18.98193359375
251625,17.9443359375
251673,16.11328125
252110,16.7236328125
271377,16.66259765625
271639,16.41845703125
272663,16.7236328125
298313,18.61572265625
299244,17.333984375
331119,18.37158203125
331299,16.54052734375
331476,16.54052734375
331498,23.5595703125
331567,18.12744140625
331627,16.845703125
331928,19.1650390625
332364,16.845703125
332667,16.29638671875
348211,16.2353515625
348468,16.78466796875
369246,17.15087890625
369497,18.6767578125
369677,17.39501953125
369766,18.49365234375
369817,16.66259765625
370200,16.357421875
393336,16.11328125
393786,16.2353515625
393897,16.845703125
394147,17.4560546875
460808,19.287109375
460830,16.357421875
460886,18.9208984375
460908,17.15087890625
460949,17.08984375
461049,19.95849609375
461164,16.9677734375
461257,16.6015625
461386,16.41845703125
461402,16.17431640625
461560,16.66259765625
461626,17.2119140625
461714,17.15087890625
462168,16.357421875
462493,17.51708984375
462762,16.29638671875
463294,16.11328125
558142,18.798828125
558183,16.17431640625
558301,17.39501953125
558341,16.11328125
558383,17.578125
558515,16.4794921875
558724,17.63916015625
558910,17.27294921875
559373,18.9208984375
559427,17.02880859375
559964,17.822265625
560546,19.1650390625
560923,16.357421875
649787,16.54052734375
649859,17.822265625
649974,20.3857421875
650029,19.71435546875
650116,18.12744140625
650129,16.9677734375
650285,16.54052734375
650466,19.1650390625
650519,16.9677734375
650586,16.54052734375
650640,17.578125
650838,19.83642578125
650905,17.27294921875
650969,19.22607421875
651098,16.29638671875
651176,16.2353515625
651401,22.27783203125
651411,18.12744140625
651723,17.2119140625
651805,18.6767578125
651896,17.822265625
652333,18.37158203125
652633,16.4794921875
652822,16.4794921875
653592,16.2353515625
659450,16.78466796875
661407,17.2119140625
751507,17.08984375
751528,18.06640625
751573,19.10400390625
751616,16.2353515625
751658,20.08056640625
751704,23.86474609375
751799,18.61572265625
751852,19.04296875
751897,22.8271484375
751949,18.6767578125
751983,16.54052734375
752181,18.1884765625
752414,16.17431640625
752501,17.27294921875
752642,20.08056640625
752703,16.845703125
752771,24.96337890625
752848,18.1884765625
753044,18.49365234375
753298,17.02880859375
753322,18.12744140625
753409,16.54052734375
753594,16.90673828125
753869,18.85986328125
753956,16.9677734375
754137,18.98193359375
755754,17.9443359375
760921,16.845703125
762993,16.11328125
780413,16.54052734375
780455,17.9443359375
780583,22.5830078125
780678,17.822265625
780725,18.73779296875
780757,17.02880859375
780816,16.29638671875
780918,22.27783203125
780977,16.4794921875
781076,17.02880859375
781136,17.2119140625
781349,26.91650390625
781487,16.78466796875
781559,16.357421875
781634,17.578125
781708,16.90673828125
781734,16.11328125
782094,17.76123046875
782768,17.333984375
784016,17.02880859375
794708,18.5546875
831181,21.66748046875
831244,18.4326171875
831288,17.76123046875
831340,17.9443359375
831384,18.1884765625
831427,17.02880859375
831579,16.4794921875
831653,16.9677734375
832088,16.11328125
832158,16.54052734375
832283,18.1884765625
832645,18.00537109375
832729,16.6015625
833130,17.4560546875
834044,16.29638671875
836565,17.88330078125
846538,16.90673828125
925979,19.775390625
926196,16.6015625
926238,16.2353515625
926281,16.90673828125
926339,16.78466796875
926416,17.27294921875
926541,19.04296875
926676,18.5546875
927055,17.9443359375
927177,16.29638671875
927247,16.66259765625
927389,16.11328125
927443,16.41845703125
927501,16.90673828125
927567,16.357421875
927630,17.63916015625
927751,17.27294921875
927979,17.88330078125
928242,16.11328125
928574,16.357421875
928621,17.27294921875
928718,17.08984375
929228,16.7236328125
929590,16.2353515625
930745,17.51708984375
932245,16.9677734375
947502,19.83642578125
947544,17.7001953125
947594,16.9677734375
947643,18.1884765625
947691,16.78466796875
947740,20.5078125
947787,17.27294921875
947836,28.564453125
947941,16.6015625
948113,16.2353515625
948162,18.9208984375
948288,18.12744140625
948512,20.20263671875
949282,17.578125
949596,18.00537109375
950022,18.9208984375
950648,16.2353515625
952336,16.11328125
1071494,25.81787109375
1071710,24.23095703125
1071808,19.4091796875
1071855,16.357421875
1071884,18.06640625
1071960,17.822265625
1072048,16.357421875
1072083,18.798828125
1072492,16.41845703125
1072584,17.76123046875
1072739,17.822265625
1072902,23.681640625
1072963,19.71435546875
1073130,20.93505859375
1073213,18.06640625
1073441,19.1650390625
1073532,17.7001953125
1073751,17.2119140625
1074094,16.29638671875
1074456,16.66259765625
1076218,16.11328125
1146908,20.263671875
1146939,17.08984375
1146997,22.52197265625
1147083,19.59228515625
1147126,16.41845703125
1147285,17.51708984375
1147373,16.29638671875
1147514,16.357421875
1147569,19.53125
1147741,16.41845703125
1147947,16.9677734375
1148028,18.1884765625
1148103,18.73779296875
1148167,18.1884765625
1148311,17.578125
1148560,17.76123046875
1148656,17.2119140625
1149204,17.27294921875
1149636,16.2353515625
1149750,16.41845703125
1149977,16.78466796875
1150451,16.11328125
1152345,16.4794921875
1154184,18.61572265625
1162298,18.61572265625
1175603,17.333984375
1224234,18.00537109375
1224300,29.47998046875
1224350,23.37646484375
1224401,16.845703125
1224438,18.310546875
1224521,19.22607421875
1224564,18.798828125
1224643,16.4794921875
1224700,16.66259765625
1225056,17.15087890625
1225133,17.02880859375
1225190,19.59228515625
1225262,16.90673828125
1225478,28.99169921875
1225869,19.775390625
1225925,17.7001953125
1226116,16.41845703125
1226416,16.845703125
1226647,17.7001953125
1226773,16.357421875
1227011,19.04296875
1227861,18.4326171875
1231216,17.27294921875
1233668,16.78466796875
1249260,17.578125
1249315,16.7236328125
1249365,17.9443359375
1249389,17.63916015625
1249426,18.49365234375
1249469,16.2353515625
1249486,16.41845703125
1249528,21.8505859375
1249572,17.02880859375
1249676,20.56884765625
1249728,16.9677734375
1249821,17.27294921875
1249934,16.2353515625
1249990,17.578125
1250052,16.11328125
1250130,16.66259765625
1250222,16.54052734375
1250400,16.66259765625
1250470,18.798828125
1250719,18.310546875
1257338,18.73779296875
1267129,16.90673828125
1271412,17.88330078125
1272613,16.66259765625
1288521,17.333984375
1354894,16.29638671875
1354988,16.78466796875
1355022,19.287109375
1355042,22.0947265625
1355094,16.66259765625
1355137,16.2353515625
1355191,16.2353515625
1355283,18.00537109375
1355391,21.484375
1355627,20.751953125
1355701,16.17431640625
1355847,17.63916015625
1356001,19.34814453125
1356119,16.9677734375
1356398,17.02880859375
1356710,16.17431640625
1356903,17.02880859375
1356985,16.11328125
1357002,19.10400390625
1357137,17.333984375
1357356,17.39501953125
1361028,18.24951171875
1364237,17.88330078125
1387739,17.08984375
1428674,21.484375
1428746,17.63916015625
1428898,16.66259765625
1428942,18.12744140625
1428999,17.578125
1429041,19.59228515625
1429145,16.41845703125
1429306,17.88330078125
1429377,16.17431640625
1429451,17.88330078125
1429513,19.04296875
1429843,16.845703125
1429979,20.32470703125
1430170,19.53125
1430275,25.87890625
1430356,16.17431640625
1430431,20.8740234375
1430649,16.41845703125
1430860,16.7236328125
1430938,21.78955078125
1431948,16.41845703125
1432464,17.51708984375
1513712,17.7001953125
1513811,18.6767578125
1513881,17.63916015625
1513907,17.63916015625
1513933,17.2119140625
1513976,16.29638671875
1513994,16.845703125
1514024,17.7001953125
1514053,23.92578125
1514135,17.76123046875
1514219,16.41845703125
1514263,16.2353515625
1514315,18.24951171875
1514401,16.2353515625
1514654,20.263671875
1514735,17.76123046875
1514913,20.01953125
1515042,18.12744140625
1515076,19.22607421875
1515163,16.29638671875
1515291,16.4794921875
1515366,18.310546875
1515498,17.08984375
1515776,16.2353515625
1517136,16.29638671875
1518678,17.15087890625
1521600,16.90673828125
1523983,17.4560546875
1532626,16.90673828125
1549456,16.41845703125
1575305,19.47021484375
1575373,17.51708984375
1575419,20.93505859375
1575470,19.8974609375
1575701,18.61572265625
1575751,21.05712890625
1576015,18.61572265625
1576079,16.6015625
1576249,17.39501953125
1576414,18.4326171875
1576490,17.88330078125
1576687,16.4794921875
1576835,16.17431640625
1576953,17.08984375
1577169,16.41845703125
1577359,16.4794921875
1577554,17.76123046875
1577658,16.41845703125
1578345,17.15087890625
1578733,17.15087890625
1579251,17.88330078125
1580962,16.2353515625
1607350,16.11328125
1687612,16.4794921875
1687649,17.02880859375
1687681,19.53125
1687698,19.6533203125
1687769,20.69091796875
1687796,18.4326171875
1687846,17.7001953125
1687893,17.27294921875
1687937,19.47021484375
1688106,17.822265625
1688156,16.9677734375
1688220,19.71435546875
1688416,17.578125
1688738,16.41845703125
1688813,22.0947265625
1689102,21.240234375
1689268,18.00537109375
1689400,18.9208984375
1689467,16.357421875
1689561,16.9677734375
1689772,16.845703125
1690076,17.63916015625
1690419,16.54052734375
1691032,17.51708984375
1692796,17.76123046875
1696214,16.11328125
1705610,16.29638671875
1709217,16.41845703125
1710050,16.90673828125
1710128,18.310546875
1710188,17.08984375
1710200,16.11328125
1710238,18.24951171875
1710343,23.25439453125
1710396,16.6015625
1710443,16.11328125
1710470,16.2353515625
1710552,16.357421875
1710664,18.6767578125
1710777,17.27294921875
1710951,16.90673828125
1711018,16.2353515625
1711665,18.49365234375
1711954,16.54052734375
1712253,18.1884765625
1712484,17.578125
1712725,16.78466796875
1717347,19.47021484375
1722607,17.2119140625
1734167,17.63916015625
1741947,17.2119140625
1781525,16.11328125
1781645,18.73779296875
1781662,18.1884765625
1781779,20.08056640625
1781835,16.90673828125
1781850,20.08056640625
1781982,16.90673828125
1782081,20.99609375
1782202,18.12744140625
1782326,17.9443359375
1782388,16.7236328125
1782585,18.12744140625
1782641,16.4794921875
1783059,17.02880859375
1783452,17.15087890625
1783535,16.4794921875
1783843,16.845703125
1784143,16.4794921875
1784253,17.822265625
1792099,17.76123046875
1826152,16.4794921875
1840360,17.333984375
1840385,22.5830078125
1840415,16.78466796875
1840484,16.29638671875
1840526,16.6015625
1840563,17.7001953125
1840625,16.29638671875
1840700,18.00537109375
1840743,17.02880859375
1840965,16.357421875
1841163,20.32470703125
1841247,17.63916015625
1841312,17.15087890625
1841469,19.10400390625
1841902,18.6767578125
1842017,16.54052734375
1842183,16.41845703125
1842493,16.7236328125
1842850,17.333984375
1844710,18.85986328125
1847001,16.4794921875
1867288,16.41845703125
1966917,23.8037109375
1966936,17.9443359375
1966982,16.845703125
1967054,17.333984375
1967092,17.822265625
1967286,16.66259765625
1967409,18.6767578125
1967519,17.2119140625
1967600,16.11328125
1967693,18.5546875
1967871,16.29638671875
1968030,16.17431640625
1968131,17.15087890625
1968159,20.93505859375
1968228,19.71435546875
1968295,16.41845703125
1968420,19.8974609375
1968546,22.27783203125
1969316,18.06640625
1969399,16.845703125
1970662,17.7001953125
1983446,16.29638671875
1983608,17.27294921875
1983662,16.2353515625
1983696,16.9677734375
1983796,16.4794921875
1983843,23.193359375
1983854,18.49365234375
1983871,18.61572265625
1984000,25.2685546875
1984053,19.04296875
1984210,16.41845703125
1984352,18.37158203125
1984418,16.845703125
1984685,16.54052734375
1984824,16.9677734375
1985080,17.39501953125
1985176,16.2353515625
1985294,18.06640625
1986004,16.6015625
1986533,17.2119140625
1987630,16.11328125
1993463,17.27294921875
2001113,17.15087890625
2004004,17.15087890625
2013574,17.7001953125
2032625,16.66259765625
2091223,17.2119140625
2311558,16.9677734375
2311640,16.357421875
2311685,19.6533203125
2311729,18.310546875
2311772,17.9443359375
2312010,16.2353515625
2312094,16.54052734375
2312158,19.4091796875
2312230,16.11328125
2312298,16.4794921875
2312666,16.29638671875
2312730,16.17431640625
2312869,16.357421875
2312883,19.775390625
2312924,17.76123046875
2312990,18.85986328125
2313036,17.2119140625
2313088,17.76123046875
2313221,22.4609375
2313366,17.39501953125
2313506,20.56884765625
2313585,16.11328125
2313661,20.56884765625
2313954,17.578125
2314138,19.10400390625
2314455,16.78466796875
2314564,20.81298828125
2314794,17.51708984375
2315170,17.02880859375
2316129,16.54052734375
2318008,16.357421875
2319315,17.15087890625
2323321,16.66259765625
2330544,18.24951171875
2330822,21.54541015625
2330943,17.15087890625
2331049,18.06640625
2331059,21.91162109375
2331123,16.17431640625
2331188,21.728515625
2331241,18.6767578125
2331356,16.9677734375
2331411,16.4794921875
2331472,17.822265625
2331648,18.00537109375
2331707,16.29638671875
2331828,17.9443359375
2331894,17.02880859375
2332192,16.6015625
2332863,16.54052734375
2333068,16.4794921875
2333730,17.39501953125
2337245,16.66259765625
2338629,16.66259765625
2342621,17.27294921875
2343767,16.41845703125
2346333,17.578125
2349171,16.4794921875
2354016,16.357421875
2354829,16.66259765625
2381913,16.4794921875
2388100,21.42333984375
2393868,16.2353515625
2489902,19.775390625
2490021,17.76123046875
2490042,21.484375
2490072,19.775390625
2490119,16.845703125
2490161,16.29638671875
2490255,16.9677734375
2490784,16.41845703125
2490913,16.4794921875
2490952,19.04296875
2490980,18.61572265625
2491110,16.4794921875
2491198,16.7236328125
2491253,16.41845703125
2491274,16.66259765625
2491360,19.95849609375
2491380,16.11328125
2491425,21.240234375
2491501,16.66259765625
2491651,19.04296875
2491832,17.822265625
2491922,17.7001953125
2492001,17.333984375
2492086,16.7236328125
2492213,17.578125
2492332,17.9443359375
2492616,16.41845703125
2493504,17.15087890625
2496943,16.6015625
2500818,18.4326171875
2503360,18.310546875
2504234,17.333984375
2504300,21.78955078125
2504355,16.78466796875
2504396,20.6298828125
2504406,20.93505859375
2504508,21.484375
2504607,17.333984375
2504632,16.357421875
2504663,16.17431640625
2504711,18.9208984375
2504764,16.29638671875
2504990,16.6015625
2505071,17.4560546875
2505174,16.11328125
2505436,16.29638671875
2505507,16.29638671875
2505655,16.78466796875
2505735,17.88330078125
2505836,16.41845703125
2506227,16.11328125
2506335,16.66259765625
2506447,16.357421875
2506816,21.97265625
2507047,16.357421875
2508896,17.2119140625
2511107,20.99609375
2512621,16.11328125
2513542,19.71435546875
2515332,18.24951171875
2519019,16.6015625
2520581,17.39501953125
2530968,17.15087890625
2543417,16.2353515625
2609753,17.51708984375
2636016,20.32470703125
2636157,16.9677734375
2636194,23.92578125
2636215,23.13232421875
2636261,18.4326171875
2636307,16.845703125
2636352,19.95849609375
2636452,17.9443359375
2636539,18.24951171875
2636598,16.4794921875
2636829,17.39501953125
2636886,16.29638671875
2637081,16.4794921875
2637168,26.2451171875
2637262,17.578125
2637428,17.08984375
2637565,21.91162109375
2637643,16.90673828125
2637754,16.90673828125
2637894,16.845703125
2637921,19.47021484375
2638011,18.85986328125
2638079,16.7236328125
2638446,16.17431640625
2638738,17.88330078125
2638911,16.2353515625
2639431,16.357421875
2648142,18.00537109375
2652907,18.24951171875
2661765,16.54052734375
2661908,16.2353515625
2661932,16.54052734375
2662040,18.49365234375
2662073,27.2216796875
2662119,17.578125
2662132,16.90673828125
2662167,19.1650390625
2662215,17.15087890625
2662456,18.00537109375
2662540,18.61572265625
2662599,17.08984375
2662651,17.08984375
2662765,16.11328125
2662949,16.6015625
2663013,18.98193359375
2663404,18.98193359375
2663486,16.17431640625
2663561,17.333984375
2663650,16.29638671875
2663874,16.66259765625
2663956,18.1884765625
2664134,20.8740234375
2664943,16.11328125
2665577,17.76123046875
2666434,16.11328125
2668685,16.4794921875
2672044,16.90673828125
2678680,17.02880859375
2692229,17.88330078125
2874993,16.4794921875
2930400,17.02880859375
2930466,29.23583984375
2930541,20.3857421875
2930593,20.01953125
2930634,22.3388671875
2930675,18.24951171875
2930695,17.9443359375
2930725,17.15087890625
2930810,18.00537109375
2930941,16.2353515625
2931029,18.37158203125
2931133,20.6298828125
2931170,18.61572265625
2931249,18.61572265625
2931664,31.982421875
2931839,16.17431640625
2931958,18.12744140625
2932059,16.357421875
2932187,17.7001953125
2932329,16.54052734375
2932551,18.798828125
2932619,19.8974609375
2933003,17.333984375
2933538,16.66259765625
2933836,17.15087890625
2944224,16.66259765625
2950458,17.02880859375
2950703,22.15576171875
2950757,17.27294921875
2950805,19.83642578125
2950854,18.4326171875
2950938,17.15087890625
2951010,17.9443359375
2951058,16.6015625
2951112,16.78466796875
2951209,24.35302734375
2951261,19.6533203125
2951330,16.7236328125
2951391,16.7236328125
2951510,17.88330078125
2951579,16.357421875
2951720,18.4326171875
2951781,18.4326171875
2952645,16.90673828125
2953106,16.2353515625
2953487,16.9677734375
2955729,16.6015625
2969842,18.12744140625
2974382,16.7236328125
2983964,16.41845703125
3106005,23.3154296875
3106065,16.357421875
3106162,17.88330078125
3106207,19.287109375
3106313,16.41845703125
3106354,16.17431640625
3106399,18.12744140625
3106423,19.53125
3106612,16.845703125
3106818,18.37158203125
3106917,16.357421875
3106949,16.845703125
3107072,16.17431640625
3107389,16.6015625
3107452,18.49365234375
3107598,18.4326171875
3107900,18.6767578125
3107994,16.54052734375
3108087,17.76123046875
3108179,21.240234375
3109026,17.27294921875
3109155,17.39501953125
3109298,17.02880859375
3109485,16.9677734375
3119210,16.66259765625
3122762,17.51708984375
3122828,19.775390625
3122867,16.6015625
3123112,24.5361328125
3123199,19.1650390625
3123406,19.95849609375
3123635,16.6015625
3123907,17.63916015625
3124307,16.9677734375
3124385,17.02880859375
3124454,16.845703125
3125664,17.08984375
3126325,16.6015625
3132814,18.310546875
3137685,16.41845703125
3243434,18.00537109375
3243523,16.66259765625
3243575,16.29638671875
3243666,19.6533203125
3243713,17.27294921875
3243734,18.6767578125
3243762,18.5546875
3243786,17.9443359375
3243895,16.4794921875
3243955,17.4560546875
3244166,17.333984375
3244304,16.78466796875
3244365,16.29638671875
3244445,19.8974609375
3244503,18.5546875
3244695,17.63916015625
3244750,17.88330078125
3244817,17.08984375
3245095,17.4560546875
3245174,16.78466796875
3245340,17.63916015625
3245430,21.8505859375
3246173,16.41845703125
3246472,17.51708984375
3247108,17.2119140625
3247529,16.357421875
3248334,17.9443359375
3248965,19.83642578125
3259362,16.17431640625
3267313,17.02880859375
3267384,19.95849609375
3267447,18.00537109375
3267504,16.41845703125
3267597,18.73779296875
3267622,17.9443359375
3267662,16.11328125
3267737,16.54052734375
3267797,16.11328125
3267842,18.6767578125
3267862,17.51708984375
3268044,18.310546875
3268099,20.69091796875
3268167,16.17431640625
3268409,18.4326171875
3268448,17.9443359375
3268934,18.310546875
3269278,16.66259765625
3269544,17.822265625
3279696,17.9443359375
3281142,17.15087890625
3282650,17.63916015625
3297820,18.310546875
3361363,16.66259765625
3361421,22.94921875
3361512,19.04296875
3361567,16.78466796875
3361681,18.37158203125
3361713,18.5546875
3361723,19.6533203125
3361768,16.4794921875
3361816,19.71435546875
3361849,21.1181640625
3361959,18.85986328125
3362203,16.29638671875
3362343,19.10400390625
3362402,19.10400390625
3362586,20.1416015625
3362969,17.15087890625
3363216,19.10400390625
3363678,17.15087890625
3363963,16.29638671875
3364971,17.333984375
3365642,18.310546875
3368978,17.63916015625
3371803,16.7236328125
3378654,16.4794921875
3378717,16.4794921875
3378767,16.54052734375
3378881,20.99609375
3378963,19.10400390625
3378980,22.27783203125
3379036,16.9677734375
3379084,20.6298828125
3379137,17.02880859375
3379182,17.02880859375
3379318,16.90673828125
3379335,16.90673828125
3379395,16.357421875
3379454,18.73779296875
3379636,18.24951171875
3379711,18.49365234375
3380016,19.04296875
3380086,16.9677734375
3380243,16.17431640625
3380345,17.51708984375
3380777,17.39501953125
3381020,16.11328125
3386590,16.7236328125
3395703,16.90673828125
3401071,17.9443359375
3402571,16.2353515625
3492594,16.845703125
3525726,18.06640625
3525775,17.63916015625
3525818,16.845703125
3525954,17.2119140625
3525994,16.29638671875
3526056,17.51708984375
3526116,20.8740234375
3526179,16.4794921875
3526215,16.78466796875
3526400,16.66259765625
3527012,17.02880859375
3527070,24.0478515625
3527168,25.146484375
3527242,16.41845703125
3527304,16.78466796875
3527738,18.06640625
3527822,16.90673828125
3527919,16.17431640625
3528001,19.775390625
3528297,16.357421875
3538596,16.41845703125
3545123,16.11328125
3545178,18.37158203125
3545235,22.3388671875
3545280,16.357421875
3545331,17.88330078125
3545350,17.2119140625
3545452,22.64404296875
3545480,20.751953125
3545581,16.9677734375
3545608,18.1884765625
3545765,17.333984375
3545904,18.37158203125
3545960,17.9443359375
3546472,21.54541015625
3546573,19.4091796875
3546791,18.00537109375
3546945,19.8974609375
3548049,17.7001953125
3700548,17.4560546875
3700625,20.5078125
3700669,19.775390625
3700781,16.845703125
3700837,17.63916015625
3700911,16.357421875
3700925,16.7236328125
3701124,17.15087890625
3701280,17.2119140625
3701396,20.3857421875
3701608,18.310546875
3701644,18.37158203125
3701756,18.98193359375
3701822,16.4794921875
3702035,16.6015625
3702122,20.93505859375
3702401,18.98193359375
3702500,16.11328125
3702828,16.6015625
3706373,16.41845703125
3792792,17.333984375
3792886,22.3388671875
3793099,16.17431640625
3793215,17.7001953125
3793532,16.41845703125
3793562,16.90673828125
3793626,18.06640625
3793767,16.6015625
3793821,16.90673828125
3793885,18.98193359375
3793956,17.7001953125
3794099,17.39501953125
3794355,16.66259765625
3794518,21.6064453125
3796317,17.08984375
3797606,16.357421875
3799586,16.7236328125
3818542,19.59228515625
3818646,17.7001953125
3818778,18.24951171875
3818857,17.88330078125
3818996,20.263671875
3819064,17.15087890625
3819121,16.29638671875
3819252,19.22607421875
3819354,16.66259765625
3819421,16.41845703125
3819723,20.20263671875
3819947,17.63916015625
3820039,19.04296875
3820315,17.51708984375
3820785,19.1650390625
3856140,17.39501953125
3975046,16.90673828125
3975097,19.775390625
3975148,20.20263671875
3975188,18.49365234375
3975275,26.4892578125
3975328,17.822265625
3975382,16.6015625
3975435,17.88330078125
3975488,19.287109375
3975816,17.63916015625
3975988,17.76123046875
3976073,21.6064453125
3976131,16.11328125
3976189,16.17431640625
3976314,17.39501953125
3976373,22.88818359375
3976444,20.1416015625
3976557,17.51708984375
3976768,17.333984375
3976854,17.02880859375
3976929,16.66259765625
3977613,17.2119140625
3977818,17.2119140625
3980254,16.17431640625
3982933,16.4794921875
3993989,17.63916015625
4000308,17.08984375
4127462,17.51708984375
4162747,17.63916015625
4162874,19.8974609375
4162887,16.357421875
4162978,16.78466796875
4163062,17.4560546875
4163171,17.7001953125
4163325,16.29638671875
4163354,18.4326171875
4164475,16.78466796875
4164624,17.88330078125
4164960,17.51708984375
4165143,16.6015625
4167616,17.7001953125
4168811,16.6015625
4171132,16.41845703125
4173584,16.9677734375
4187032,18.12744140625
4187095,16.17431640625
4187130,18.24951171875
4187252,16.29638671875
4187288,16.29638671875
4187303,18.4326171875
4187402,16.357421875
4187510,16.90673828125
4187609,21.1181640625
4187717,16.90673828125
4187929,16.41845703125
4187976,19.71435546875
4188115,16.78466796875
4188294,18.6767578125
4188639,16.357421875
4188724,16.6015625
4188956,17.333984375
4189201,20.32470703125
4189489,16.7236328125
4191247,19.95849609375
4195637,18.73779296875
4202783,16.7236328125
4204494,16.7236328125
4217377,17.02880859375
4640803,28.80859375
4640873,18.00537109375
4640958,17.578125
4641032,18.98193359375
4641100,16.2353515625
4641132,21.3623046875
4641190,16.90673828125
4641233,18.73779296875
4641443,16.11328125
4641776,17.2119140625
4641914,19.22607421875
4641934,17.333984375
4641997,17.822265625
4642074,18.00537109375
4642200,16.78466796875
4642318,19.10400390625
4642351,17.822265625
4642477,20.93505859375
4642545,18.6767578125
4642789,17.822265625
4642853,20.1416015625
4642924,18.98193359375
4643210,17.15087890625
4643502,16.845703125
4643716,16.7236328125
4644148,18.49365234375
4644680,18.5546875
4645876,17.51708984375
4647387,16.6015625
4648049,17.578125
4650075,17.08984375
4651109,17.63916015625
4651859,16.54052734375
4652756,17.08984375
4654711,17.51708984375
4655527,17.08984375
4656314,17.51708984375
4657539,17.63916015625
4657726,22.76611328125
4657778,16.17431640625
4657811,21.3623046875
4657823,18.24951171875
4657875,20.6298828125
4657921,19.775390625
4658022,16.17431640625
4658050,16.90673828125
4658196,17.333984375
4658261,19.4091796875
4658303,17.27294921875
4658384,18.85986328125
4658461,18.49365234375
4658657,18.310546875
4658905,17.39501953125
4658952,17.822265625
4659123,19.1650390625
4659195,16.2353515625
4659272,17.4560546875
4659346,16.4794921875
4659491,16.78466796875
4659942,19.6533203125
4661082,16.845703125
4663051,16.11328125
4665520,16.2353515625
4666434,18.1884765625
4667326,16.9677734375
4674429,16.11328125
4677011,17.08984375
4678159,16.41845703125
4679999,18.24951171875
4680724,17.02880859375
4682015,17.9443359375
4683142,16.17431640625
4685529,19.6533203125
4688140,17.2119140625
4689599,16.845703125
4697841,16.2353515625
4701257,17.4560546875
4703022,17.15087890625
4715253,16.29638671875
4719551,16.54052734375
4833969,20.81298828125
4833989,20.81298828125
4834048,23.8037109375
4834100,16.357421875
4834140,16.29638671875
4834222,20.3857421875
4834288,17.39501953125
4834377,16.29638671875
4834466,16.78466796875
4834546,20.56884765625
4834661,17.02880859375
4835018,19.47021484375
4835028,19.34814453125
4835076,16.78466796875
4835162,20.93505859375
4835273,18.00537109375
4835340,17.08984375
4835445,18.85986328125
4835550,18.49365234375
4835587,19.47021484375
4835783,17.02880859375
4835820,16.11328125
4835910,17.2119140625
4836076,16.11328125
4836155,17.15087890625
4836331,17.822265625
4836397,16.9677734375
4837329,16.41845703125
4839150,18.85986328125
4841764,17.822265625
4842502,17.76123046875
4845961,16.11328125
4850334,16.4794921875
4850518,18.6767578125
4850577,17.2119140625
4850610,19.04296875
4850691,16.7236328125
4850732,18.9208984375
4850775,21.6064453125
4850791,18.73779296875
4850844,16.7236328125
4850886,17.578125
4850945,17.02880859375
4850995,16.11328125
4851089,21.240234375
4851319,19.1650390625
4851529,18.49365234375
4851591,26.42822265625
4851644,16.29638671875
4851702,16.4794921875
4851905,17.9443359375
4851985,20.93505859375
4852482,16.845703125
4853098,16.845703125
4853655,16.90673828125
4868973,16.845703125
4875689,16.4794921875
4884886,17.51708984375
4887394,16.66259765625
4908004,17.08984375
5205938,20.44677734375
5206020,17.7001953125
5206089,16.357421875
5206109,16.41845703125
5206147,17.578125
5206282,16.6015625
5206331,16.90673828125
5206640,19.8974609375
5206789,16.17431640625
5206993,16.11328125
5207077,19.71435546875
5207202,16.6015625
5207341,21.54541015625
5207388,17.333984375
5207462,17.51708984375
5207866,16.6015625
5208086,16.17431640625
5208163,16.78466796875
5208593,16.9677734375
5208786,16.4794921875
5208870,16.2353515625
5208959,22.216796875
5209433,17.7001953125
5209999,16.357421875
5210312,17.9443359375
5211606,18.85986328125
5216146,16.41845703125
5218383,16.66259765625
5219120,16.7236328125
5220576,16.2353515625
5222143,19.4091796875
5222216,23.4375
5222353,16.78466796875
5222435,19.22607421875
5222576,16.11328125
5222635,17.822265625
5222754,20.20263671875
5222806,16.90673828125
5222917,19.53125
5223111,19.47021484375
5223235,17.15087890625
5223310,20.20263671875
5223374,16.357421875
5223519,16.11328125
5223592,17.9443359375
5223719,18.73779296875
5223757,18.12744140625
5223855,17.7001953125
5224139,16.7236328125
5224437,17.9443359375
5225191,16.2353515625
5231199,18.06640625
5232012,16.6015625
5239634,16.11328125
5244355,17.02880859375
5250217,17.578125
5255148,16.66259765625
5266978,16.41845703125
5320215,16.17431640625
5324632,17.63916015625
5363168,16.78466796875
5385131,20.32470703125
5385224,21.3623046875
5385271,18.4326171875
5385390,20.99609375
5385440,16.41845703125
5385512,17.39501953125
5385618,19.1650390625
5385877,18.24951171875
5386014,17.08984375
5386217,17.333984375
5386275,16.845703125
5386335,18.24951171875
5386371,16.17431640625
5386510,17.27294921875
5386641,20.751953125
5386807,16.357421875
5387116,17.02880859375
5387965,16.357421875
5388268,16.357421875
5388451,16.9677734375
5388645,16.29638671875
5394026,18.06640625
5396864,16.17431640625
5400745,22.0947265625
5400869,17.02880859375
5400953,17.27294921875
5401005,22.0947265625
5401044,17.76123046875
5401117,17.822265625
5401195,20.99609375
5401256,17.578125
5401336,19.47021484375
5401566,18.1884765625
5401722,18.06640625
5401794,19.04296875
5401908,17.08984375
5402097,16.90673828125
5402350,19.83642578125
5402385,16.9677734375
5411262,17.578125
5412543,17.51708984375
5414887,17.76123046875
5415714,17.88330078125
5419176,16.357421875
5422787,16.2353515625
5428453,17.4560546875
5535959,22.705078125
5535985,21.240234375
5536022,19.22607421875
5536109,18.49365234375
5536195,16.90673828125
5536292,16.845703125
5536393,18.1884765625
5536453,20.08056640625
5536918,16.11328125
5536985,20.6298828125
5537054,20.08056640625
5537067,20.20263671875
5537283,16.54052734375
5537337,16.41845703125
5537476,20.01953125
5537546,18.4326171875
5537775,16.357421875
5537860,17.08984375
5538040,18.24951171875
5538524,20.263671875
5539013,16.4794921875
5539186,16.2353515625
5539609,16.7236328125
5543948,17.2119140625
5544911,16.6015625
5560821,16.29638671875
5579958,17.15087890625
5603541,16.29638671875
5743852,18.49365234375
5744031,20.56884765625
5744071,16.2353515625
5744155,20.1416015625
5744204,17.15087890625
5744330,18.73779296875
5744633,18.85986328125
5744999,18.24951171875
5745067,18.49365234375
5745214,17.9443359375
5745255,16.78466796875
5745412,16.90673828125
5745579,17.76123046875
5745898,19.1650390625
5746365,18.9208984375
5746783,17.63916015625
5747068,20.1416015625
5747496,17.7001953125
5749600,17.88330078125
5750548,16.4794921875
5752078,16.11328125
5753478,17.4560546875
5759162,16.11328125
5759266,17.7001953125
5759332,21.66748046875
5759360,20.99609375
5759379,22.216796875
5759428,22.15576171875
5759479,17.822265625
5759588,24.7802734375
5759693,16.17431640625
5759833,17.27294921875
5759958,19.04296875
5760060,20.20263671875
5760135,16.11328125
5760190,18.24951171875
5760315,20.56884765625
5760392,19.34814453125
5760454,18.310546875
5760622,17.63916015625
5762305,17.4560546875
5764290,16.7236328125
5771687,16.78466796875
5772448,16.4794921875
5775057,17.39501953125
5777411,18.24951171875
5778349,16.17431640625
5807610,17.39501953125
5955760,21.728515625
5955801,16.66259765625
5955863,17.27294921875
5955891,17.7001953125
5955949,18.98193359375
5956136,16.17431640625
5956252,17.51708984375
5956536,21.728515625
5956611,19.71435546875
5956739,20.32470703125
5956988,17.333984375
5957090,18.85986328125
5957110,18.12744140625
5957147,16.17431640625
5957182,17.27294921875
5957328,19.6533203125
5957506,16.78466796875
5957659,17.08984375
5957884,18.00537109375
5958061,16.29638671875
5958181,17.51708984375
5958330,19.4091796875
5958689,16.357421875
5959793,19.34814453125
5964833,16.78466796875
5968662,16.17431640625
5971337,16.6015625
5971565,26.0009765625
5971664,19.8974609375
5971727,18.00537109375
5971949,18.06640625
5972065,20.20263671875
5972418,19.775390625
5972499,18.85986328125
5972724,19.53125
5972935,16.4794921875
5973067,18.06640625
5973222,16.66259765625
5973493,17.2119140625
5977447,16.845703125
5984670,16.54052734375
5985708,19.10400390625
6106816,16.845703125
6106888,23.3154296875
6106907,20.3857421875
6106948,17.822265625
6106989,16.54052734375
6107093,17.4560546875
6107136,18.73779296875
6107361,16.845703125
6107569,20.263671875
6107661,20.20263671875
6107905,20.01953125
6108191,16.9677734375
6108297,16.4794921875
6108432,28.1982421875
6108468,17.578125
6108760,17.2119140625
6109037,16.29638671875
6109216,16.54052734375
6109810,17.2119140625
6111910,16.78466796875
6112407,18.9208984375
6122541,16.845703125
6124798,17.578125
6124876,17.7001953125
6124976,17.08984375
6125008,20.01953125
6125089,17.333984375
6125162,16.7236328125
6125258,17.4560546875
6125384,18.00537109375
6125401,17.88330078125
6125445,16.41845703125
6125562,16.54052734375
6125612,16.6015625
6125676,19.287109375
6125990,16.6015625
6126082,18.06640625
6126263,17.08984375
6126623,17.76123046875
6126774,17.08984375
6132210,18.12744140625
6134660,18.12744140625
6142221,16.41845703125
6236245,18.798828125
6236304,18.06640625
6236386,19.287109375
6236472,22.39990234375
6236506,16.2353515625
6236614,16.11328125
6236747,16.41845703125
6236921,16.9677734375
6237218,16.9677734375
6237394,16.78466796875
6237584,17.39501953125
6237658,16.357421875
6237785,17.578125
6237871,18.798828125
6238173,17.333984375
6238307,16.4794921875
6238743,16.2353515625
6239393,16.357421875
6239728,17.7001953125
6241575,18.73779296875
6246002,17.2119140625
6258405,23.4375
6258423,16.357421875
6258455,17.02880859375
6258505,16.7236328125
6258559,20.93505859375
6258599,16.2353515625
6258646,16.7236328125
6258692,18.06640625
6258742,17.51708984375
6258785,17.08984375
6258934,16.7236328125
6258980,16.845703125
6259132,16.357421875
6259187,18.24951171875
6259259,17.39501953125
6259458,16.54052734375
6259623,17.76123046875
6259707,16.90673828125
6259812,16.41845703125
6259968,17.7001953125
6260235,17.7001953125
6260882,17.578125
6407554,17.578125
6407607,19.59228515625
6407659,20.8740234375
6407701,17.9443359375
6407747,24.0478515625
6407793,18.5546875
6407844,17.08984375
6407912,18.98193359375
6407957,16.7236328125
6407982,17.39501953125
6408208,18.73779296875
6408709,17.2119140625
6408895,17.7001953125
6409289,16.2353515625
6409626,16.9677734375
6409706,17.7001953125
6410534,20.08056640625
6431293,16.41845703125
6614494,16.4794921875
6625296,19.22607421875
6625339,17.39501953125
6625423,25.634765625
6625468,16.845703125
6625507,18.4326171875
6625545,17.333984375
6626228,17.578125
6626555,17.2119140625
6626614,16.357421875
6626823,18.00537109375
6626916,17.27294921875
6627260,16.845703125
6627386,16.9677734375
6628132,22.216796875
6635345,16.66259765625
6640744,17.4560546875
6640804,16.357421875
6640886,16.9677734375
6640937,18.73779296875
6640987,18.37158203125
6641018,17.578125
6641110,16.29638671875
6641178,18.5546875
6641268,22.8271484375
6641308,16.17431640625
6641472,16.54052734375
6641864,16.4794921875
6642190,16.6015625
6642269,17.9443359375
6642399,16.6015625
6642544,17.822265625
6642724,19.4091796875
6643114,16.845703125
6643954,19.4091796875
6646219,16.11328125
6660725,17.27294921875
6821833,21.1181640625
6821892,22.94921875
6821935,21.78955078125
6821988,18.37158203125
6822189,16.9677734375
6822378,18.06640625
6822537,16.4794921875
6822815,17.822265625
6823016,17.333984375
6823087,16.29638671875
6823218,17.2119140625
6823371,17.9443359375
6823453,18.61572265625
6823589,16.4794921875
6823722,16.9677734375
6824808,16.7236328125
6827425,18.06640625
6834621,18.98193359375
6836054,17.08984375
6836098,16.4794921875
6836134,18.4326171875
6836226,17.822265625
6836347,19.22607421875
6836374,20.5078125
6836478,20.99609375
6836817,21.240234375
6836880,17.02880859375
6837003,16.357421875
6837334,16.845703125
6837477,16.9677734375
6837936,16.2353515625
6838747,16.41845703125
6840563,16.41845703125
6874544,17.333984375
6952153,17.822265625
6952172,18.37158203125
6952259,16.29638671875
6952343,24.35302734375
6952421,18.12744140625
6952526,16.17431640625
6952584,16.4794921875
6952621,16.11328125
6952693,18.98193359375
6952812,16.17431640625
6952946,17.7001953125
6953019,16.6015625
6953154,18.06640625
6953325,17.63916015625
6953369,16.41845703125
6953401,16.2353515625
6953428,19.287109375
6953464,16.845703125
6953543,18.12744140625
6953639,17.333984375
6953726,16.66259765625
6953841,17.63916015625
6953917,16.9677734375
6954030,17.39501953125
6954192,16.2353515625
6954332,16.7236328125
6954638,16.9677734375
6954913,16.90673828125
6956614,16.6015625
6973612,17.333984375
7088122,16.78466796875
7088334,18.798828125
7088379,19.1650390625
7088568,17.4560546875
7088636,19.53125
7089001,19.287109375
7089079,16.17431640625
7089373,18.98193359375
7089512,16.2353515625
7089773,17.27294921875
7090211,17.333984375
7091434,16.7236328125
7092520,17.02880859375
7109567,19.287109375
7109871,16.29638671875
7109964,18.310546875
7109999,17.63916015625
7110012,16.845703125
7110058,18.798828125
7110100,16.54052734375
7110155,18.6767578125
7110248,16.11328125
7110270,17.15087890625
7110319,19.34814453125
7110424,16.54052734375
7110484,16.66259765625
7110533,16.845703125
7110671,16.845703125
7110988,17.88330078125
7111132,17.822265625
7111384,17.333984375
7111463,16.66259765625
7120088,16.2353515625
7533989,18.24951171875
7534026,21.91162109375
7534066,16.2353515625
7534237,22.94921875
7534324,16.17431640625
7534488,16.11328125
7534818,16.4794921875
7534947,16.78466796875
7535115,16.90673828125
7535176,16.9677734375
7535239,17.39501953125
7535296,17.333984375
7535342,21.3623046875
7535440,20.01953125
7535643,16.41845703125
7535767,16.4794921875
7535819,16.54052734375
7536015,17.822265625
7536164,22.39990234375
7536436,16.90673828125
7537092,16.78466796875
7537574,16.845703125
7539483,17.2119140625
7542804,16.17431640625
7543532,16.41845703125
7544300,16.29638671875
7546387,22.39990234375
7546448,20.44677734375
7546533,16.66259765625
7546629,26.0009765625
7546650,20.99609375
7546768,16.7236328125
7546810,16.7236328125
7546891,17.08984375
7547104,16.29638671875
7547173,16.66259765625
7547356,16.29638671875
7547573,17.39501953125
7547652,17.02880859375
7547887,17.88330078125
7548069,16.17431640625
7548199,18.06640625
7548679,18.6767578125
7556741,17.578125
7560744,16.357421875
7564325,18.12744140625
7569308,16.6015625
7657517,18.98193359375
7657540,22.27783203125
7657657,23.49853515625
7657701,18.24951171875
7657787,21.30126953125
7657932,16.6015625
7657972,17.02880859375
7658220,17.7001953125
7658284,17.51708984375
7658352,18.5546875
7658414,16.54052734375
7658640,28.25927734375
7658734,17.02880859375
7658938,16.90673828125
7658959,18.24951171875
7659120,18.6767578125
7659209,18.1884765625
7659414,19.34814453125
7659521,19.71435546875
7659701,17.7001953125
7659775,20.56884765625
7660094,16.78466796875
7674986,16.66259765625
7675215,19.10400390625
7675272,18.798828125
7675312,30.57861328125
7675401,16.357421875
7675563,17.39501953125
7675910,17.88330078125
7675975,19.95849609375
7676397,17.578125
7676576,17.15087890625
7676842,17.51708984375
7676935,17.08984375
7677131,16.357421875
7678672,16.845703125
7681356,16.17431640625
7683066,16.66259765625
7691622,18.00537109375
7767408,16.17431640625
7767435,21.484375
7767452,16.41845703125
7767486,27.28271484375
7767537,17.333984375
7767622,18.1884765625
7767675,21.17919921875
7767795,17.27294921875
7767845,16.2353515625
7767964,17.15087890625
7768001,18.12744140625
7768161,19.71435546875
7768237,18.00537109375
7768460,16.845703125
7768600,16.9677734375
7768710,17.2119140625
7768801,17.9443359375
7768830,16.2353515625
7768963,17.63916015625
7769421,17.578125
7769596,18.00537109375
7769689,17.08984375
7769898,16.2353515625
7769978,18.12744140625
7771525,18.98193359375
7787289,17.333984375
7787440,16.845703125
7787505,18.00537109375
7787562,22.15576171875
7787627,16.41845703125
7787679,22.52197265625
7787724,17.76123046875
7787780,20.5078125
7787810,16.4794921875
7788000,16.78466796875
7788489,18.85986328125
7788589,16.7236328125
7788670,17.15087890625
7788901,19.10400390625
7788962,16.2353515625
7789042,17.15087890625
7789771,16.7236328125
7794953,16.4794921875
7885332,16.357421875
7885398,18.4326171875
7885494,18.310546875
7885539,19.775390625
7885589,16.845703125
7885685,16.17431640625
7885762,16.357421875
7886054,18.6767578125
7886184,16.78466796875
7886346,16.90673828125
7886449,20.32470703125
7886603,16.357421875
7886780,17.02880859375
7886938,17.578125
7887184,17.51708984375
7887267,16.54052734375
7887442,16.4794921875
7887564,17.15087890625
7888010,16.357421875
8081267,18.98193359375
8081374,16.90673828125
8081439,20.8740234375
8081477,17.4560546875
8081533,16.9677734375
8081671,16.357421875
8081919,16.4794921875
8082240,18.4326171875
8082541,16.78466796875
8082721,18.6767578125
8082764,16.845703125
8082799,18.61572265625
8083163,16.17431640625
8083484,16.4794921875
8083889,18.98193359375
8085568,17.822265625
8086091,16.11328125
8089667,16.845703125
8099149,16.6015625
8099299,16.4794921875
8099325,17.578125
8099408,18.00537109375
8099475,18.5546875
8099531,21.78955078125
8099595,23.193359375
8099887,17.822265625
8100223,16.78466796875
8100299,16.11328125
8100338,17.27294921875
8100453,16.357421875
8100587,16.6015625
8100753,18.85986328125
8100856,18.73779296875
8100975,16.4794921875
8101338,16.11328125
8108432,18.37158203125
8109578,16.54052734375
8341662,21.78955078125
8341694,16.90673828125
8341866,18.98193359375
8341929,18.06640625
8341963,22.15576171875
8342434,19.22607421875
8342524,16.41845703125
8342873,17.51708984375
8342954,17.9443359375
8343076,20.3857421875
8343375,16.6015625
8343685,18.24951171875
8343770,16.78466796875
8344167,16.9677734375
8344376,16.845703125
8349564,17.7001953125
8350428,16.7236328125
8355385,20.20263671875
8355509,20.32470703125
8355574,17.08984375
8355615,17.2119140625
8355677,16.7236328125
8355702,16.845703125
8355793,20.20263671875
8356048,18.5546875
8356324,20.20263671875
8356586,16.357421875
8356669,16.6015625
8357158,16.6015625
8357356,16.357421875
8357878,16.11328125
8358206,16.66259765625
8363623,17.76123046875
8706652,21.240234375
8706688,18.85986328125
8706734,20.93505859375
8706783,25.93994140625
8706829,26.4892578125
8706964,22.8271484375
8707035,17.88330078125
8707062,17.822265625
8707213,17.7001953125
8707315,16.2353515625
8707389,16.2353515625
8707640,16.2353515625
8707706,18.85986328125
8707786,16.78466796875
8707823,21.42333984375
8707906,17.63916015625
8708142,16.54052734375
8708262,16.9677734375
8708336,16.2353515625
8708390,21.97265625
8708510,17.02880859375
8708855,18.1884765625
8708934,19.34814453125
8709482,16.357421875
8715191,17.578125
8718297,16.357421875
8720812,19.22607421875
8720905,19.287109375
8720961,16.66259765625
8721009,20.20263671875
8721026,20.263671875
8721055,16.11328125
8721120,16.66259765625
8721150,16.54052734375
8721306,18.24951171875
8721475,16.41845703125
8721687,16.78466796875
8721954,17.02880859375
8722026,17.76123046875
8722195,18.61572265625
8722291,16.29638671875
8722419,18.6767578125
8722560,16.17431640625
8722678,16.7236328125
8722905,16.9677734375
8723003,17.15087890625
8729864,16.41845703125
8732588,16.17431640625
8736225,17.7001953125
9026728,16.54052734375
9026788,24.7802734375
9026908,17.63916015625
9026944,17.15087890625
9027044,19.53125
9027069,18.85986328125
9027113,17.63916015625
9027141,16.78466796875
9027174,16.357421875
9027248,16.54052734375
9027389,16.845703125
9027519,16.2353515625
9027611,22.64404296875
9027869,20.08056640625
9027934,20.20263671875
9028047,16.54052734375
9028108,16.17431640625
9028170,17.822265625
9028209,19.47021484375
9028575,19.22607421875
9028977,17.88330078125
9029059,16.11328125
9029186,18.00537109375
9029274,17.15087890625
9030118,16.17431640625
9031344,16.2353515625
9034655,16.90673828125
9038936,16.29638671875
9040819,16.2353515625
9040983,19.775390625
9041184,18.4326171875
9041387,16.41845703125
9041864,16.9677734375
9042107,27.03857421875
9042285,16.90673828125
9042787,16.357421875
9042924,17.39501953125
9043495,17.08984375
9044703,18.5546875
9046979,18.5546875
9049553,18.61572265625
9050398,16.11328125
9052689,16.17431640625
9054765,17.51708984375
9363393,17.63916015625
9363455,18.6767578125
9363490,18.4326171875
9363579,19.10400390625
9363663,21.240234375
9363709,17.2119140625
9363809,16.66259765625
9363855,18.00537109375
9364002,20.56884765625
9364142,16.54052734375
9364451,16.7236328125
9364509,18.06640625
9364751,17.63916015625
9365043,19.4091796875
9365150,16.4794921875
9365955,17.578125
9366377,16.41845703125
9366900,18.24951171875
9367356,16.54052734375
9369447,16.66259765625
9370837,19.1650390625
9373571,19.83642578125
9373758,18.6767578125
9373834,16.41845703125
9373856,16.357421875
9373884,16.54052734375
9373990,16.29638671875
9374103,17.822265625
9374152,18.37158203125
9374267,17.51708984375
9374375,16.9677734375
9374477,16.78466796875
9374650,16.66259765625
9374683,18.85986328125
9374859,16.29638671875
9374987,18.24951171875
9375469,16.2353515625
9375859,16.2353515625
9376188,17.08984375
9384386,16.17431640625
9385768,16.6015625
9386932,17.2119140625
9388443,16.11328125
9392000,17.63916015625
9395521,16.90673828125
9399590,17.27294921875
9607382,16.7236328125
9607461,20.751953125
9607471,22.216796875
9607516,20.56884765625
9607556,17.15087890625
9607742,16.29638671875
9607805,17.02880859375
9608079,16.845703125
9608162,16.17431640625
9608399,17.08984375
9608478,17.08984375
9608622,16.6015625
9608688,37.17041015625
9608890,18.49365234375
9608941,21.1181640625
9609081,16.9677734375
9609149,17.15087890625
9609197,18.85986328125
9609267,16.357421875
9609689,16.2353515625
9619688,18.4326171875
9619788,33.5693359375
9619832,16.29638671875
9619863,17.15087890625
9619884,21.1181640625
9619986,16.66259765625
9620006,17.08984375
9620048,16.11328125
9620203,16.66259765625
9620249,20.1416015625
9620348,17.15087890625
9620460,17.51708984375
9620485,16.54052734375
9620622,16.11328125
9620749,20.263671875
9620789,22.39990234375
9620931,17.578125
9621064,16.29638671875
9621145,17.27294921875
9621238,17.27294921875
9621414,18.49365234375
9621482,16.6015625
9621546,17.88330078125
9621690,18.37158203125
9621801,16.29638671875
9624780,16.9677734375
9629090,16.11328125
9632916,16.11328125
9634037,18.310546875
9637405,16.11328125
9717767,20.69091796875
9717803,17.63916015625
9717850,19.53125
9717893,20.263671875
9717936,17.39501953125
9717981,17.51708984375
9718076,19.71435546875
9718440,18.4326171875
9718559,17.27294921875
9718763,16.78466796875
9719012,19.10400390625
9719088,16.2353515625
9719160,16.9677734375
9719254,19.34814453125
9719560,16.2353515625
9719770,16.78466796875
9719972,16.66259765625
9720151,17.7001953125
9720284,19.10400390625
9720431,19.4091796875
9720627,16.90673828125
9721328,17.7001953125
9721734,16.54052734375
9722845,17.2119140625
9734165,16.4794921875
9735265,25.32958984375
9735314,22.4609375
9735363,16.78466796875
9735379,17.39501953125
9735469,17.51708984375
9735514,21.6064453125
9735693,16.357421875
9735800,16.11328125
9735812,20.5078125
9736082,17.51708984375
9736610,16.845703125
9736700,17.15087890625
9737068,16.845703125
9737160,16.29638671875
9737418,16.7236328125
9737759,21.1181640625
9760147,16.41845703125
9878867,27.64892578125
9879018,17.822265625
9879065,21.30126953125
9879117,18.9208984375
9879171,18.49365234375
9879201,16.78466796875
9879489,16.7236328125
9879722,22.8271484375
9879963,22.705078125
9880210,16.845703125
9880244,18.5546875
9880302,16.29638671875
9880371,16.845703125
9880428,16.90673828125
9880554,19.287109375
9880734,17.27294921875
9880822,17.333984375
9881368,23.4375
9881538,16.845703125
9881862,16.17431640625
9882595,16.17431640625
9889777,21.1181640625
9889813,18.24951171875
9889971,16.2353515625
9889999,20.20263671875
9890024,16.4794921875
9890284,16.4794921875
9890459,20.32470703125
9890632,16.4794921875
9890932,18.5546875
9891006,17.27294921875
9891158,17.88330078125
9892724,17.15087890625
9904448,16.11328125
10109423,21.484375
10109511,19.8974609375
10109609,16.54052734375
10109643,16.2353515625
10109696,18.49365234375
10109766,17.51708984375
10110225,16.66259765625
10110357,18.310546875
10110700,16.41845703125
10110773,17.4560546875
10110842,17.08984375
10110909,16.90673828125
10110993,17.88330078125
10111068,20.6298828125
10125893,23.37646484375
10126130,16.78466796875
10126209,19.53125
10126356,20.32470703125
10126463,17.333984375
10126549,17.08984375
10126760,17.822265625
10126812,16.4794921875
10126903,16.66259765625
10127153,16.4794921875
10127226,20.5078125
10127375,16.2353515625
10127638,16.357421875
10127887,18.85986328125
10127970,16.29638671875
10128145,16.2353515625
10128379,18.85986328125
10131793,17.2119140625
10295855,19.287109375
10295920,16.78466796875
10295947,18.98193359375
10295964,18.24951171875
10296009,18.06640625
10296047,16.2353515625
10296172,17.51708984375
10296315,16.41845703125
10296636,17.4560546875
10296810,19.04296875
10296990,17.76123046875
10297270,17.822265625
10297569,16.17431640625
10298126,17.39501953125
10298226,18.310546875
10299911,18.310546875
10302787,19.83642578125
10311565,17.333984375
10311615,21.6064453125
10311662,23.25439453125
10311711,20.1416015625
10311747,16.29638671875
10311851,18.310546875
10311895,17.08984375
10312036,17.27294921875
10312367,17.27294921875
10312721,16.7236328125
10312794,16.66259765625
10312861,17.2119140625
10313074,17.39501953125
10313892,18.49365234375
10315682,16.2353515625
10594451,20.93505859375
10594485,16.90673828125
10594562,17.822265625
10594609,17.4560546875
10594697,16.6015625
10594778,16.7236328125
10594934,18.310546875
10595181,17.9443359375
10595241,16.41845703125
10595514,16.845703125
10595663,17.822265625
10595819,18.4326171875
10595909,21.97265625
10595997,23.8037109375
10596220,16.66259765625
10596730,16.78466796875
10596912,16.357421875
10597036,16.9677734375
10603816,16.11328125
10607466,18.98193359375
10607682,18.49365234375
10607707,17.88330078125
10607735,23.62060546875
10607825,24.84130859375
10607923,17.76123046875
10607940,16.41845703125
10608020,24.90234375
10608076,17.27294921875
10608148,16.11328125
10608232,17.9443359375
10608282,16.29638671875
10608342,19.04296875
10608495,16.90673828125
10608579,16.7236328125
10608670,16.41845703125
10608730,17.15087890625
10609154,16.845703125
10610187,16.29638671875
10610827,16.4794921875
10617299,16.2353515625
10623657,19.775390625
10831861,20.263671875
10831933,16.11328125
10831960,16.90673828125
10832063,19.83642578125
10832102,19.04296875
10832148,16.41845703125
10832202,18.49365234375
10832297,20.99609375
10832360,19.83642578125
10832391,18.06640625
10832588,17.51708984375
10833059,18.6767578125
10833187,18.310546875
10833252,19.1650390625
10833365,17.76123046875
10833640,16.2353515625
10833726,16.357421875
10833794,20.3857421875
10833904,17.9443359375
10834006,17.578125
10834663,17.333984375
10836451,16.54052734375
10844610,22.4609375
10844724,27.16064453125
10844775,16.41845703125
10844820,17.578125
10844988,16.7236328125
10845405,16.54052734375
10845637,17.63916015625
10845848,20.32470703125
10845955,16.90673828125
10846032,17.88330078125
10846097,18.9208984375
10846362,16.6015625
10846517,20.751953125
10846623,16.78466796875
10848793,17.51708984375
10853897,16.845703125
10858492,16.4794921875
11135229,16.78466796875
11135248,16.4794921875
11135282,19.95849609375
11135310,16.7236328125
11135417,18.5546875
11135460,20.6298828125
11135497,17.27294921875
11135585,16.6015625
11135625,23.86474609375
11135691,16.11328125
11135717,18.85986328125
11136269,17.822265625
11136376,19.59228515625
11136444,16.7236328125
11136746,20.1416015625
11136813,17.27294921875
11136957,16.17431640625
11137170,16.11328125
11137995,16.4794921875
11138533,16.2353515625
11139170,16.2353515625
11152086,17.08984375
11152186,28.564453125
11152236,17.15087890625
11152292,16.90673828125
11152336,24.2919921875
11152388,19.22607421875
11152438,17.2119140625
11152491,17.2119140625
11152642,17.2119140625
11152763,19.10400390625
11152862,16.357421875
11153034,17.27294921875
11154095,16.4794921875
11154239,19.59228515625
11165208,18.24951171875
11339590,18.5546875
11339655,19.34814453125
11339676,19.71435546875
11339743,18.4326171875
11339793,16.2353515625
11339931,16.90673828125
11339979,17.9443359375
11340059,18.73779296875
11340383,19.10400390625
11340543,17.27294921875
11340635,17.27294921875
11340689,17.15087890625
11340887,23.62060546875
11341351,16.11328125
11341421,19.22607421875
11342388,16.7236328125
11342483,16.845703125
11343401,16.17431640625
11348424,16.2353515625
11349973,16.4794921875
11350758,17.9443359375
11352756,17.76123046875
11352890,16.357421875
11352939,21.1181640625
11353052,20.751953125
11353096,21.3623046875
11353149,18.5546875
11353255,17.822265625
11353401,16.11328125
11353710,19.71435546875
11353951,17.63916015625
11354019,16.54052734375
11354088,16.2353515625
11354577,16.17431640625
11355668,18.98193359375
11371534,17.51708984375
11565673,19.04296875
11565723,20.93505859375
11565777,27.099609375
11565827,16.54052734375
11565908,21.05712890625
11565954,17.02880859375
11566007,17.2119140625
11566020,18.37158203125
11566098,16.90673828125
11566139,16.6015625
11566219,20.81298828125
11566467,17.63916015625
11566527,16.845703125
11566612,17.2119140625
11566703,22.39990234375
11566832,18.5546875
11566904,20.5078125
11567029,18.5546875
11567146,16.4794921875
11567197,17.2119140625
11567239,16.78466796875
11567769,16.17431640625
11568331,17.7001953125
11568508,17.9443359375
11569997,17.822265625
11574881,16.4794921875
11577706,16.4794921875
11579411,17.9443359375
11579444,20.8740234375
11579530,19.95849609375
11579652,19.287109375
11579700,17.2119140625
11580020,19.22607421875
11580053,25.08544921875
11580417,17.9443359375
11580543,18.49365234375
11581548,17.9443359375
11581726,16.54052734375
11584499,18.85986328125
11588678,17.51708984375
11596577,16.54052734375
11795834,17.4560546875
11795863,16.6015625
11795922,17.39501953125
11795968,19.8974609375
11796011,16.9677734375
11796056,17.2119140625
11796098,16.41845703125
11796189,16.7236328125
11796296,16.17431640625
11796508,16.6015625
11796755,17.4560546875
11796877,19.47021484375
11796948,17.39501953125
11797067,16.7236328125
11797661,19.47021484375
11797939,16.54052734375
11798876,17.27294921875
11805764,17.08984375
11811662,16.29638671875
11811706,20.3857421875
11811853,17.39501953125
11811891,17.02880859375
11811958,18.37158203125
11812197,16.66259765625
11812394,16.54052734375
11812465,17.27294921875
11812565,17.578125
11812701,18.24951171875
11812880,17.02880859375
11812964,17.333984375
11813127,17.02880859375
11839500,16.90673828125
