11999000,0
59262,19.10400390625
207128,18.73779296875
273046,19.34814453125
383897,23.92578125
565992,23.4375
566050,20.69091796875
596618,22.88818359375
596715,21.3623046875
826376,19.4091796875
1383842,19.8974609375
1509048,19.10400390625
1509086,20.5078125
1509185,19.34814453125
1591251,26.18408203125
1591293,20.20263671875
1718367,18.73779296875
1718415,18.9208984375
1718862,21.3623046875
1730686,19.6533203125
1758722,19.22607421875
2058083,19.53125
2156037,21.97265625
2357235,20.3857421875
2500118,19.59228515625
2563959,19.83642578125
2648440,21.240234375
2709681,20.01953125
3007004,21.6064453125
3294596,19.6533203125
3294729,19.53125
3605290,18.85986328125
3638431,19.287109375
3671379,19.59228515625
3671546,19.10400390625
3745191,22.27783203125
3816502,20.01953125
4331590,19.47021484375
4443882,24.47509765625
4443979,19.04296875
4513704,20.93505859375
5343834,18.85986328125
5465925,19.71435546875
5466093,24.7802734375
5466207,19.22607421875
5641652,19.8974609375
5641684,21.05712890625
5641855,19.22607421875
5724935,19.8974609375
5861367,18.98193359375
5861687,19.287109375
6125553,23.3154296875
6126000,18.85986328125
6247013,19.287109375
6247188,20.751953125
6908049,24.59716796875
7092588,19.71435546875
7092620,21.6064453125
7092655,21.54541015625
7092700,20.01953125
7199129,24.84130859375
7199170,19.4091796875
7216296,19.4091796875
7426466,18.73779296875
7426502,19.04296875
7426546,23.74267578125
7857557,24.59716796875
7857629,18.6767578125
7857679,22.94921875
8085373,20.751953125
8444763,18.6767578125
8471785,19.34814453125
8471938,21.91162109375
8471989,19.59228515625
8472026,19.6533203125
8472090,18.6767578125
8472572,18.9208984375
8472638,19.10400390625
8523503,19.47021484375
8557642,20.69091796875
8586606,26.3671875
8586894,19.4091796875
8587137,21.3623046875
8616363,19.775390625
8655589,20.5078125
9423704,20.3857421875
9423761,18.73779296875
9585850,20.01953125
9758960,19.10400390625
9759194,19.8974609375
9774307,20.08056640625
9774541,19.8974609375
9906964,19.287109375
10022096,18.6767578125
10022235,19.34814453125
10091932,18.98193359375
10092157,19.83642578125
10431806,23.681640625
10505886,19.47021484375
10541331,19.83642578125
10574018,22.03369140625
10632302,23.74267578125
10659402,18.6767578125
11257194,20.69091796875
11561998,20.20263671875
11678933,19.71435546875
11679115,22.15576171875
11763399,23.681640625
11763449,19.1650390625
11871979,21.97265625
11872165,19.287109375
11951409,20.32470703125
11951479,19.1650390625
11951577,18.73779296875
