11999000,0
59043,62.255859375
59079,64.94140625
59093,16.357421875
59117,57.4951171875
59143,22.705078125
59155,57.2509765625
59193,48.52294921875
59205,16.54052734375
59234,63.65966796875
59256,20.32470703125
59268,23.37646484375
59292,18.00537109375
59317,38.02490234375
59365,16.9677734375
59391,16.78466796875
59413,16.2353515625
59558,16.2353515625
59584,17.08984375
60091,18.06640625
60658,16.2353515625
87704,34.0576171875
87750,16.4794921875
87810,27.587890625
87832,61.70654296875
87860,18.85986328125
87875,61.70654296875
87898,19.287109375
87914,62.255859375
87955,63.232421875
87986,31.1279296875
87998,48.7060546875
88039,18.1884765625
88053,66.22314453125
88134,18.00537109375
88147,26.7333984375
88247,17.08984375
88395,16.78466796875
88421,18.1884765625
88522,15.625
88587,15.68603515625
88725,16.29638671875
89303,15.380859375
206821,64.0869140625
206836,15.93017578125
206852,64.697265625
206886,65.97900390625
206901,22.27783203125
206924,65.24658203125
206941,27.64892578125
206964,15.56396484375
206974,58.7158203125
206999,17.51708984375
207010,22.52197265625
207053,26.18408203125
207122,28.1982421875
207173,16.90673828125
207251,17.76123046875
207281,16.357421875
207311,15.93017578125
207419,15.380859375
207808,16.41845703125
208312,17.15087890625
208938,15.56396484375
233884,18.12744140625
233931,17.08984375
233955,21.6064453125
233996,23.25439453125
234012,18.12744140625
234053,26.91650390625
234089,67.56591796875
234123,18.06640625
234134,31.3720703125
234155,18.12744140625
234171,20.751953125
234213,20.81298828125
234251,24.5361328125
234266,17.4560546875
234316,21.6064453125
234370,26.9775390625
234442,19.95849609375
234458,21.1181640625
234690,17.4560546875
234733,21.240234375
272858,17.39501953125
272926,17.333984375
272936,18.24951171875
272979,33.75244140625
273019,24.10888671875
273029,16.11328125
273048,22.0947265625
273070,15.7470703125
273092,27.64892578125
273125,33.63037109375
273172,25.390625
273188,19.1650390625
273214,21.05712890625
273233,20.20263671875
273258,16.6015625
273276,16.17431640625
273289,18.49365234375
273326,17.4560546875
273348,16.66259765625
273379,15.80810546875
273465,15.68603515625
273488,24.96337890625
273609,15.68603515625
273740,17.02880859375
274223,16.2353515625
274567,18.12744140625
288356,15.93017578125
288577,19.04296875
288605,23.01025390625
288669,18.5546875
288681,22.705078125
288742,18.6767578125
288753,24.5361328125
288805,29.72412109375
288829,18.85986328125
288864,16.11328125
288895,22.4609375
288924,16.05224609375
288959,20.44677734375
288992,19.95849609375
289052,15.9912109375
289152,16.6015625
289337,15.44189453125
289535,16.6015625
289682,16.7236328125
383764,35.46142578125
383802,32.5927734375
383813,16.66259765625
383845,73.73046875
383872,65.91796875
383882,23.681640625
383909,65.185546875
383920,26.06201171875
383952,68.90869140625
383963,26.3671875
384014,30.2734375
384029,17.02880859375
384056,28.80859375
384070,16.66259765625
384111,24.169921875
384137,20.6298828125
384195,29.60205078125
384238,20.6298828125
384332,17.7001953125
384504,15.5029296875
384784,17.76123046875
384928,15.68603515625
385034,17.15087890625
385321,15.5029296875
386538,15.44189453125
565870,68.7255859375
565897,68.2373046875
565917,15.625
565931,62.98828125
565958,74.76806640625
565976,73.42529296875
565988,52.24609375
566014,68.7255859375
566027,26.67236328125
566051,64.51416015625
566074,29.4189453125
566106,26.42822265625
566163,23.25439453125
566193,23.193359375
566273,22.27783203125
566321,17.51708984375
566407,17.333984375
566477,16.357421875
566559,23.3154296875
566583,16.6015625
566917,19.287109375
567366,15.7470703125
567485,16.845703125
567728,15.7470703125
596376,24.169921875
596449,65.0634765625
596464,25.87890625
596492,24.10888671875
596522,58.349609375
596543,20.6298828125
596572,62.01171875
596593,20.99609375
596605,18.310546875
596630,33.02001953125
596674,29.23583984375
596705,17.39501953125
596719,26.0009765625
596754,20.6298828125
596847,17.578125
596952,17.51708984375
597028,17.51708984375
597074,17.76123046875
631933,15.31982421875
656738,62.255859375
656774,19.6533203125
656832,66.2841796875
656865,68.90869140625
656877,20.6298828125
656896,24.2919921875
656915,53.8330078125
656950,18.37158203125
656968,20.6298828125
657026,29.47998046875
657070,22.03369140625
657152,17.02880859375
657267,16.90673828125
657345,16.05224609375
657434,15.625
657460,16.29638671875
657515,18.61572265625
657599,16.66259765625
658151,15.80810546875
675434,16.4794921875
675447,17.51708984375
675617,19.6533203125
675754,17.39501953125
675787,34.5458984375
675882,15.869140625
675909,31.494140625
676093,17.822265625
676135,18.1884765625
676447,19.04296875
676622,18.61572265625
677146,15.31982421875
713553,28.74755859375
713575,64.8193359375
713598,15.80810546875
713616,65.12451171875
713639,22.03369140625
713655,16.41845703125
713674,65.85693359375
713685,17.822265625
713720,67.19970703125
713749,39.4287109375
713772,71.47216796875
713787,62.1337890625
713808,76.2939453125
713825,36.4990234375
713848,44.00634765625
713877,65.73486328125
713900,63.78173828125
713924,29.541015625
713972,20.01953125
713993,35.5224609375
714019,19.1650390625
714058,35.0341796875
714130,16.29638671875
714161,68.2373046875
714259,22.39990234375
714299,15.9912109375
714338,28.9306640625
714443,17.02880859375
714713,17.08984375
802649,15.7470703125
826073,65.36865234375
826099,37.841796875
826133,64.8193359375
826179,65.91796875
826203,18.06640625
826219,58.65478515625
826245,91.796875
826263,85.5712890625
826289,21.484375
826317,67.87109375
826338,23.4375
826351,23.62060546875
826369,15.380859375
826390,27.4658203125
826413,18.4326171875
826477,15.5029296875
826523,20.44677734375
826601,15.80810546875
826621,16.6015625
826799,15.31982421875
827068,16.6015625
827464,18.49365234375
827726,17.39501953125
828287,15.380859375
845937,16.4794921875
845954,59.814453125
846012,18.5546875
846033,64.02587890625
846059,21.05712890625
846107,64.14794921875
846127,17.02880859375
846168,39.1845703125
846231,15.380859375
846263,33.14208984375
846280,20.01953125
846327,19.34814453125
846418,18.1884765625
846461,21.05712890625
846490,58.77685546875
846540,21.484375
846553,17.08984375
846685,15.93017578125
847044,16.845703125
847844,15.93017578125
848093,15.68603515625
848440,17.02880859375
848570,16.41845703125
869897,34.3017578125
869914,16.41845703125
869954,67.3828125
870032,61.1572265625
870093,52.978515625
870148,32.71484375
870158,16.90673828125
870199,33.87451171875
870225,19.1650390625
870239,62.68310546875
870290,66.2841796875
870326,28.25927734375
870351,33.5693359375
870383,31.73828125
870414,35.400390625
870445,37.4755859375
870488,32.04345703125
870512,67.3828125
870538,30.94482421875
870571,32.53173828125
870626,32.53173828125
870646,16.90673828125
870690,27.83203125
870765,33.87451171875
870803,34.7900390625
870929,28.38134765625
870987,30.94482421875
871073,18.98193359375
871115,15.44189453125
872130,16.6015625
919568,16.54052734375
929452,15.9912109375
930542,59.87548828125
930595,18.9208984375
930621,56.70166015625
930669,59.63134765625
930684,17.27294921875
930704,62.5
930731,62.92724609375
930760,68.2373046875
930773,52.8564453125
930795,32.65380859375
930819,68.115234375
930832,42.3583984375
930850,38.2080078125
930870,66.22314453125
930891,44.61669921875
930913,60.97412109375
930940,70.80078125
930963,72.6318359375
930992,36.31591796875
931035,32.28759765625
931074,37.53662109375
931116,36.56005859375
931170,59.50927734375
931229,39.1845703125
931247,15.625
931273,38.0859375
931337,32.53173828125
931420,31.43310546875
931462,16.11328125
931561,32.5927734375
931576,15.7470703125
931587,17.578125
931678,29.84619140625
931730,15.5029296875
931896,17.88330078125
960024,30.517578125
960044,25.146484375
960058,61.21826171875
960079,15.44189453125
960102,60.60791015625
960141,63.8427734375
960186,36.68212890625
960222,57.861328125
960264,29.052734375
960291,30.6396484375
960309,34.48486328125
960331,39.55078125
960354,33.63037109375
960380,64.27001953125
960398,45.59326171875
960422,33.26416015625
960447,32.28759765625
960479,67.32177734375
960503,35.888671875
960524,35.82763671875
960556,39.24560546875
960584,32.2265625
960629,34.5458984375
960664,60.302734375
960723,61.03515625
960740,16.845703125
960790,22.0947265625
960811,57.92236328125
960827,16.4794921875
960852,37.4755859375
960927,66.46728515625
960989,28.80859375
961070,64.14794921875
961132,15.56396484375
961176,33.0810546875
961457,16.78466796875
961678,19.10400390625
962605,15.869140625
1005363,16.41845703125
1060691,61.1572265625
1060733,64.5751953125
1060781,36.56005859375
1060829,72.1435546875
1060868,36.9873046875
1060914,70.80078125
1060944,69.27490234375
1060964,71.533203125
1060978,35.58349609375
1060997,33.38623046875
1061017,54.38232421875
1061042,64.39208984375
1061060,30.33447265625
1061086,60.1806640625
1061104,41.015625
1061132,36.1328125
1061166,33.87451171875
1061189,28.74755859375
1061223,30.21240234375
1061250,35.5224609375
1061283,34.85107421875
1061333,33.0810546875
1061375,38.39111328125
1061443,34.66796875
1061502,36.31591796875
1061573,33.203125
1061683,34.24072265625
1061775,16.29638671875
1061817,15.31982421875
1061914,33.203125
1061924,24.59716796875
1062133,21.1181640625
1062293,17.08984375
1076608,60.60791015625
1076618,16.41845703125
1076662,17.333984375
1076701,30.21240234375
1076733,17.27294921875
1076773,15.93017578125
1076817,58.04443359375
1076845,18.00537109375
1076881,32.8369140625
1076913,15.80810546875
1076974,32.16552734375
1077018,35.64453125
1077067,63.78173828125
1077141,18.06640625
1077211,37.2314453125
1077228,15.68603515625
1077312,36.865234375
1077344,16.2353515625
1077437,16.6015625
1077462,32.53173828125
1077778,18.310546875
1078293,16.11328125
1083483,15.625
1113159,59.814453125
1113200,20.93505859375
1113256,55.5419921875
1113297,22.705078125
1113330,32.1044921875
1113351,20.32470703125
1113391,17.08984375
1113403,58.41064453125
1113416,20.263671875
1113445,63.720703125
1113470,16.11328125
1113498,35.70556640625
1113560,32.65380859375
1113631,32.77587890625
1113748,17.76123046875
1113790,28.3203125
1114277,15.9912109375
1128590,17.51708984375
1128708,15.31982421875
1128808,16.7236328125
1129063,15.68603515625
1129106,16.2353515625
1129356,17.578125
1129630,15.625
1152079,17.2119140625
1152154,15.9912109375
1152218,15.93017578125
1152396,18.1884765625
1152464,16.357421875
1152746,15.380859375
1178248,37.2314453125
1178322,17.27294921875
1178607,18.6767578125
1178812,15.31982421875
1179026,15.380859375
1224152,16.41845703125
1383392,31.06689453125
1383418,64.88037109375
1383461,65.97900390625
1383511,63.720703125
1383555,61.21826171875
1383589,24.59716796875
1383612,20.56884765625
1383626,57.9833984375
1383648,65.4296875
1383679,64.0869140625
1383705,18.85986328125
1383722,25.7568359375
1383746,15.56396484375
1383777,35.0341796875
1383885,26.0009765625
1383968,16.29638671875
1383992,19.22607421875
1384099,15.80810546875
1384248,16.41845703125
1384884,16.9677734375
1508935,18.73779296875
1508951,67.2607421875
1508975,80.26123046875
1508997,24.90234375
1509019,55.48095703125
1509038,30.94482421875
1509087,24.2919921875
1509131,40.771484375
1509162,31.1279296875
1509180,15.93017578125
1509261,17.7001953125
1509278,16.29638671875
1509304,16.9677734375
1509320,17.9443359375
1509363,25.20751953125
1509378,23.8037109375
1509436,17.578125
1510153,19.6533203125
1526424,18.61572265625
1526549,15.869140625
1526619,18.12744140625
1526657,19.71435546875
1526690,22.705078125
1526738,23.4375
1526749,18.73779296875
1526772,21.66748046875
1526784,25.146484375
1526810,18.6767578125
1526829,15.9912109375
1526882,26.7333984375
1526946,20.69091796875
1526986,15.5029296875
1527077,24.84130859375
1527095,19.34814453125
1527132,23.62060546875
1527191,28.38134765625
1527288,27.64892578125
1591141,18.1884765625
1591158,61.34033203125
1591182,17.76123046875
1591207,48.03466796875
1591222,30.45654296875
1591249,56.7626953125
1591270,23.74267578125
1591283,18.00537109375
1591320,29.6630859375
1591359,26.2451171875
1591398,33.203125
1591444,27.52685546875
1591457,15.56396484375
1591503,22.64404296875
1591545,17.333984375
1591647,18.1884765625
1591665,20.8740234375
1677837,15.9912109375
1718119,36.92626953125
1718143,78.30810546875
1718192,20.1416015625
1718203,52.978515625
1718230,43.15185546875
1718250,21.8505859375
1718284,19.04296875
1718294,73.1201171875
1718317,17.08984375
1718365,28.564453125
1718432,36.9873046875
1718515,16.2353515625
1718525,18.1884765625
1718558,15.380859375
1718578,18.6767578125
1719457,18.6767578125
1730223,15.380859375
1730601,18.1884765625
1730667,17.63916015625
1730738,18.00537109375
1730758,17.4560546875
1730800,24.84130859375
1730880,26.06201171875
1730954,27.83203125
1758544,20.6298828125
1758601,21.240234375
1758625,27.77099609375
1758665,18.24951171875
1758710,27.77099609375
1758721,16.357421875
1758760,23.5595703125
1758823,25.45166015625
1758856,24.84130859375
1758915,17.76123046875
1759023,18.310546875
1759170,15.31982421875
1759238,15.68603515625
1759304,19.04296875
1800449,15.80810546875
1809077,15.44189453125
1816652,18.5546875
1816675,69.82421875
1816697,22.0947265625
1816721,27.77099609375
1816742,63.3544921875
1816764,19.1650390625
1816790,62.07275390625
1816809,31.73828125
1816855,33.63037109375
1816878,17.15087890625
1816899,16.357421875
1816920,28.86962890625
1816930,16.2353515625
1816974,18.5546875
1816996,31.06689453125
1817052,18.310546875
1817097,19.22607421875
1817121,24.84130859375
1817263,15.5029296875
1817647,16.845703125
1817791,16.17431640625
1817841,16.29638671875
1981391,21.97265625
2057861,34.36279296875
2057890,40.58837890625
2057929,53.466796875
2057963,36.56005859375
2057974,22.76611328125
2057999,69.2138671875
2058017,67.5048828125
2058033,41.80908203125
2058052,76.11083984375
2058064,34.3017578125
2058078,21.30126953125
2058106,17.7001953125
2058131,16.54052734375
2058141,24.90234375
2058157,28.3203125
2058210,49.74365234375
2058233,15.80810546875
2058269,15.68603515625
2058347,16.9677734375
2058379,17.76123046875
2058432,18.1884765625
2058712,20.20263671875
2058862,16.11328125
2064400,33.26416015625
2095958,15.5029296875
2118154,35.58349609375
2118188,15.625
2118207,15.869140625
2118257,15.9912109375
2118269,68.05419921875
2118314,89.05029296875
2118353,64.5751953125
2118370,39.306640625
2118401,18.12744140625
2118421,16.2353515625
2118437,21.484375
2118484,27.83203125
2118497,18.1884765625
2118527,15.869140625
2118570,16.11328125
2118587,19.53125
2118676,15.44189453125
2118875,16.357421875
2118894,17.63916015625
2119160,15.31982421875
2155704,66.71142578125
2155789,34.97314453125
2155815,18.06640625
2155854,49.560546875
2155895,81.35986328125
2155913,18.12744140625
2155939,59.5703125
2155951,21.484375
2156003,19.47021484375
2156015,25.08544921875
2156057,26.55029296875
2156079,18.310546875
2156122,15.7470703125
2156223,19.775390625
2156339,17.02880859375
2156350,17.7001953125
2156453,17.4560546875
2156750,16.05224609375
2187448,17.4560546875
2357134,35.82763671875
2357162,68.90869140625
2357191,47.66845703125
2357202,29.72412109375
2357226,20.81298828125
2357247,59.26513671875
2357278,20.263671875
2357295,23.3154296875
2357333,25.81787109375
2357372,35.09521484375
2357415,16.05224609375
2357476,19.6533203125
2357486,29.35791015625
2357528,17.88330078125
2357547,16.11328125
2357572,15.9912109375
2357588,15.31982421875
2357662,16.2353515625
2357674,17.02880859375
2357855,17.51708984375
2499754,59.9365234375
2499778,62.56103515625
2499807,70.49560546875
2499825,18.61572265625
2499847,70.37353515625
2499865,27.2216796875
2499877,70.98388671875
2499898,70.4345703125
2499921,88.623046875
2499938,60.546875
2499966,61.46240234375
2499976,18.00537109375
2499998,25.93994140625
2500026,15.56396484375
2500036,35.58349609375
2500080,20.20263671875
2500103,33.8134765625
2500134,18.24951171875
2500158,16.4794921875
2500211,19.59228515625
2500235,16.05224609375
2500283,20.5078125
2500305,16.90673828125
2500353,17.39501953125
2500378,19.4091796875
2500471,16.90673828125
2500512,19.47021484375
2500569,16.78466796875
2563825,36.31591796875
2563854,23.4375
2563867,64.39208984375
2563894,39.73388671875
2563915,59.9365234375
2563936,31.3720703125
2563958,63.41552734375
2563977,30.3955078125
2563995,17.578125
2564019,26.42822265625
2564041,25.08544921875
2564051,22.76611328125
2564102,34.0576171875
2564141,16.4794921875
2564208,19.47021484375
2564236,15.44189453125
2564264,16.41845703125
2564289,19.6533203125
2564382,16.78466796875
2564747,15.68603515625
2565071,15.68603515625
2565462,21.1181640625
2595676,26.0009765625
2595750,63.04931640625
2595773,20.44677734375
2595784,16.90673828125
2595812,61.8896484375
2595843,66.34521484375
2595854,19.775390625
2595882,61.46240234375
2595898,23.193359375
2595933,79.04052734375
2595965,20.81298828125
2595978,19.4091796875
2595990,18.4326171875
2596031,29.9072265625
2596066,16.90673828125
2596106,17.51708984375
2596146,17.63916015625
2596208,16.845703125
2596272,16.6015625
2596314,16.2353515625
2596745,17.2119140625
2648144,16.845703125
2648191,60.9130859375
2648256,19.34814453125
2648267,48.76708984375
2648304,42.05322265625
2648322,15.44189453125
2648341,61.58447265625
2648359,20.8740234375
2648375,15.44189453125
2648391,57.55615234375
2648401,25.69580078125
2648436,37.04833984375
2648465,22.3388671875
2648505,26.06201171875
2648528,17.7001953125
2648623,19.10400390625
2648733,24.47509765625
2649015,15.9912109375
2649107,17.02880859375
2649185,17.333984375
2649331,16.2353515625
2673052,15.93017578125
2709562,31.6162109375
2709584,15.9912109375
2709607,17.578125
2709637,60.48583984375
2709668,66.0400390625
2709695,24.96337890625
2709709,61.70654296875
2709737,18.1884765625
2709754,29.1748046875
2709774,65.00244140625
2709795,20.20263671875
2709819,69.03076171875
2709869,20.3857421875
2709896,16.357421875
2709949,21.728515625
2709979,17.39501953125
2710146,15.80810546875
2710169,19.4091796875
2710458,15.869140625
2710721,17.578125
2725616,15.625
2808835,62.5
2808865,74.15771484375
2808924,68.66455078125
2808962,63.96484375
2809000,68.603515625
2809031,39.0625
2809051,72.6318359375
2809065,42.17529296875
2809083,58.349609375
2809110,69.9462890625
2809132,36.7431640625
2809143,64.75830078125
2809167,76.416015625
2809184,47.607421875
2809202,22.64404296875
2809216,66.34521484375
2809226,28.564453125
2809262,19.04296875
2809292,59.326171875
2809356,19.83642578125
2809380,25.32958984375
2809404,15.56396484375
2809526,32.958984375
2809577,17.39501953125
2809679,15.869140625
2849997,62.92724609375
2850066,33.935546875
2850124,59.50927734375
2850163,57.0068359375
2850205,59.50927734375
2850231,64.27001953125
2850247,48.15673828125
2850265,33.75244140625
2850287,40.58837890625
2850311,70.6787109375
2850334,74.27978515625
2850359,62.68310546875
2850390,64.63623046875
2850414,71.22802734375
2850435,36.31591796875
2850462,36.31591796875
2850494,35.21728515625
2850518,17.51708984375
2850530,66.34521484375
2850557,36.68212890625
2850590,31.92138671875
2850622,33.203125
2850663,42.724609375
2850719,37.9638671875
2850768,34.5458984375
2850820,32.958984375
2850849,16.6015625
2850877,35.15625
2850933,32.5927734375
2850988,17.4560546875
2851005,32.89794921875
2851086,31.8603515625
2851184,32.470703125
2851196,19.1650390625
2851336,37.7197265625
2851348,16.29638671875
2851441,16.845703125
2851820,16.41845703125
3006813,32.3486328125
3006841,70.6787109375
3006877,61.82861328125
3006916,66.71142578125
3006951,63.90380859375
3006961,19.34814453125
3006979,25.5126953125
3006995,61.82861328125
3007028,52.91748046875
3007043,15.68603515625
3007074,57.9833984375
3007091,22.3388671875
3007124,22.15576171875
3007194,22.3388671875
3007267,15.80810546875
3007317,18.24951171875
3007346,16.2353515625
3007394,16.845703125
3007515,16.9677734375
3036639,65.49072265625
3036706,53.3447265625
3036742,60.791015625
3036789,67.32177734375
3036840,69.39697265625
3036877,71.96044921875
3036897,15.5029296875
3036916,38.4521484375
3036930,17.27294921875
3036967,25.634765625
3036986,17.27294921875
3037043,33.50830078125
3037053,19.4091796875
3037075,15.869140625
3037105,36.56005859375
3037120,18.49365234375
3037132,16.66259765625
3037193,36.68212890625
3037239,15.625
3037282,36.1328125
3037407,29.11376953125
3037438,15.5029296875
3037530,34.72900390625
3037611,16.41845703125
3037708,15.380859375
3037810,17.27294921875
3037960,15.7470703125
3038150,18.5546875
3038266,22.27783203125
3142620,35.09521484375
3142651,68.359375
3142662,20.32470703125
3142691,60.791015625
3142706,19.34814453125
3142726,57.31201171875
3142758,63.232421875
3142771,47.05810546875
3142795,37.2314453125
3142815,69.82421875
3142833,66.46728515625
3142854,83.8623046875
3142873,63.1103515625
3142894,65.00244140625
3142916,32.958984375
3142994,29.6630859375
3143034,15.44189453125
3143078,62.5
3143120,15.380859375
3143137,28.076171875
3143154,16.845703125
3143241,17.08984375
3143291,16.66259765625
3246751,15.869140625
3262944,34.11865234375
3262972,64.39208984375
3263003,69.27490234375
3263024,20.69091796875
3263048,69.580078125
3263060,21.66748046875
3263097,64.88037109375
3263132,26.18408203125
3263154,18.37158203125
3263179,23.62060546875
3263226,30.94482421875
3263296,15.31982421875
3263328,16.90673828125
3263339,23.681640625
3263387,16.7236328125
3263582,16.7236328125
3263694,16.2353515625
3263761,18.798828125
3294446,25.32958984375
3294464,17.7001953125
3294496,15.44189453125
3294533,55.0537109375
3294555,22.5830078125
3294573,62.744140625
3294594,33.0810546875
3294624,29.1748046875
3294642,29.052734375
3294693,25.69580078125
3294720,21.91162109375
3294739,27.28271484375
3294790,19.04296875
3294828,35.5224609375
3294843,16.9677734375
3294878,26.18408203125
3345920,50.1708984375
3345951,60.24169921875
3345991,64.208984375
3346024,39.55078125
3346035,18.00537109375
3346056,75.927734375
3346082,60.48583984375
3346101,71.35009765625
3346122,67.138671875
3346148,61.09619140625
3346176,21.1181640625
3346213,24.23095703125
3346256,16.05224609375
3346282,16.29638671875
3346340,17.4560546875
3346358,29.296875
3346381,19.775390625
3346426,17.9443359375
3346506,15.44189453125
3346596,23.49853515625
3346719,15.44189453125
3346834,18.06640625
3401309,57.43408203125
3401354,21.54541015625
3401379,63.4765625
3401429,32.8369140625
3401462,57.861328125
3401502,37.53662109375
3401542,56.5185546875
3401564,73.486328125
3401575,17.51708984375
3401602,68.7255859375
3401625,16.11328125
3401646,22.4609375
3401687,29.78515625
3401698,15.56396484375
3401719,18.06640625
3401784,26.18408203125
3401827,17.9443359375
3401990,16.7236328125
3543561,15.93017578125
3605036,62.01171875
3605061,67.2607421875
3605090,20.01953125
3605126,86.3037109375
3605162,67.87109375
3605174,20.20263671875
3605202,90.39306640625
3605224,20.69091796875
3605234,20.44677734375
3605280,38.02490234375
3605300,22.3388671875
3605340,15.44189453125
3605354,25.7568359375
3605384,15.44189453125
3605416,19.04296875
3605441,21.3623046875
3605470,20.08056640625
3605505,16.29638671875
3605547,16.7236328125
3605645,16.17431640625
3605674,16.11328125
3605857,20.263671875
3605944,16.90673828125
3638229,58.2275390625
3638283,17.88330078125
3638314,40.83251953125
3638330,20.751953125
3638351,28.1982421875
3638384,19.4091796875
3638396,41.56494140625
3638430,38.75732421875
3638451,21.240234375
3638499,16.4794921875
3638535,17.27294921875
3638553,22.705078125
3638655,17.4560546875
3638704,27.64892578125
3638731,23.25439453125
3638748,15.56396484375
3638812,15.44189453125
3671066,65.4296875
3671084,16.05224609375
3671137,18.5546875
3671159,63.04931640625
3671196,76.66015625
3671208,15.5029296875
3671234,75.50048828125
3671244,30.82275390625
3671257,20.263671875
3671276,25.390625
3671299,66.650390625
3671317,16.54052734375
3671348,25.2685546875
3671358,18.49365234375
3671394,27.03857421875
3671444,15.56396484375
3671953,15.93017578125
3744935,61.279296875
3744962,65.3076171875
3744989,17.15087890625
3745030,32.958984375
3745045,15.68603515625
3745070,68.115234375
3745084,24.658203125
3745112,66.0400390625
3745124,21.240234375
3745136,28.50341796875
3745162,61.95068359375
3745178,28.4423828125
3745232,32.65380859375
3745242,22.94921875
3745317,16.41845703125
3745420,16.78466796875
3745593,17.51708984375
3745633,15.93017578125
3745788,18.5546875
3745848,18.73779296875
3816244,63.8427734375
3816271,70.86181640625
3816297,71.47216796875
3816344,37.04833984375
3816364,16.29638671875
3816380,72.8759765625
3816398,18.4326171875
3816424,61.279296875
3816445,25.69580078125
3816458,44.43359375
3816510,98.2666015625
3816547,16.845703125
3816566,20.20263671875
3816621,44.86083984375
3816767,19.4091796875
3816835,15.380859375
3816926,16.05224609375
3817073,16.41845703125
3817277,18.6767578125
3817412,16.11328125
3871372,64.39208984375
3871408,20.93505859375
3871423,66.40625
3871460,89.2333984375
3871498,67.32177734375
3871533,34.72900390625
3871548,23.86474609375
3871579,71.22802734375
3871616,18.73779296875
3871626,18.12744140625
3871662,30.8837890625
3871679,26.18408203125
3871692,20.08056640625
3871749,16.7236328125
3871770,24.4140625
3871795,17.7001953125
3871813,19.04296875
3871829,17.2119140625
3871897,18.00537109375
3871942,16.6015625
3872036,16.357421875
3872082,17.822265625
3872121,16.2353515625
3964885,65.0634765625
3964928,20.8740234375
3964953,57.80029296875
3964975,15.7470703125
3965021,36.43798828125
3965052,64.88037109375
3965086,74.03564453125
3965101,17.15087890625
3965128,56.2744140625
3965138,26.4892578125
3965165,18.49365234375
3965231,22.76611328125
3965246,17.02880859375
3965278,16.4794921875
3965642,17.02880859375
3966054,16.4794921875
3996502,30.8837890625
3996648,22.88818359375
3996686,64.27001953125
3996696,20.81298828125
3996782,37.353515625
3996844,18.4326171875
3996901,67.138671875
3996927,15.56396484375
3996955,55.17578125
3996994,39.61181640625
3997061,40.83251953125
3997087,15.9912109375
3997112,28.25927734375
3997139,63.720703125
3997150,17.9443359375
3997202,35.70556640625
3997241,15.80810546875
3997298,35.58349609375
3997355,15.9912109375
3997399,32.71484375
3997519,18.00537109375
3997630,16.845703125
3997693,18.5546875
3997796,15.93017578125
3997913,18.49365234375
3998025,15.380859375
4033336,66.2841796875
4033370,69.03076171875
4033440,36.4990234375
4033484,65.73486328125
4033533,33.99658203125
4033555,17.7001953125
4033571,67.93212890625
4033614,32.3486328125
4033650,41.32080078125
4033666,56.396484375
4033689,34.5458984375
4033710,57.4951171875
4033729,30.3955078125
4033750,22.39990234375
4033766,33.75244140625
4033800,35.21728515625
4033812,22.94921875
4033835,25.93994140625
4033862,67.87109375
4033885,66.95556640625
4033904,35.5224609375
4033951,62.5
4034006,67.19970703125
4034041,32.04345703125
4034070,64.697265625
4034099,34.60693359375
4034119,15.625
4034152,75.8056640625
4034190,34.11865234375
4034205,18.00537109375
4034328,34.423828125
4034375,17.15087890625
4034438,34.85107421875
4034539,15.869140625
4034784,16.357421875
4034879,15.93017578125
4115181,15.68603515625
4115203,65.3076171875
4115233,38.14697265625
4115250,15.5029296875
4115280,69.7021484375
4115309,64.88037109375
4115348,64.02587890625
4115374,30.3955078125
4115405,20.93505859375
4115415,34.66796875
4115456,33.14208984375
4115472,17.39501953125
4115500,32.77587890625
4115510,20.44677734375
4115556,20.5078125
4115566,46.69189453125
4115591,19.1650390625
4115659,34.24072265625
4115711,15.68603515625
4115955,16.357421875
4116377,17.39501953125
4144754,35.2783203125
4144812,61.5234375
4144870,65.7958984375
4144880,15.7470703125
4144926,18.310546875
4144946,33.50830078125
4144957,16.9677734375
4145014,33.447265625
4145060,36.92626953125
4145102,34.423828125
4145163,33.87451171875
4145187,15.5029296875
4145206,21.728515625
4145258,38.4521484375
4145293,16.4794921875
4145304,15.44189453125
4145329,15.68603515625
4145389,32.958984375
4145422,15.56396484375
4145538,19.4091796875
4145716,19.8974609375
4202938,15.31982421875
4266876,38.87939453125
4266904,61.767578125
4266934,72.8759765625
4266966,50.35400390625
4266982,18.4326171875
4267007,70.6787109375
4267017,38.2080078125
4267038,17.39501953125
4267070,25.0244140625
4267081,52.67333984375
4267115,20.69091796875
4267133,29.11376953125
4267144,16.05224609375
4267198,17.88330078125
4267370,16.54052734375
4267599,15.625
4267678,16.66259765625
4268535,15.56396484375
4331365,66.5283203125
4331402,69.091796875
4331414,16.29638671875
4331435,17.76123046875
4331459,76.84326171875
4331473,19.83642578125
4331504,62.5
4331514,24.2919921875
4331537,50.9033203125
4331583,64.75830078125
4331595,21.6064453125
4331615,16.6015625
4331626,61.95068359375
4331662,34.60693359375
4331769,15.9912109375
4331915,15.56396484375
4331955,16.05224609375
4414835,63.96484375
4414863,67.93212890625
4414890,74.462890625
4414932,23.74267578125
4414948,20.44677734375
4414970,25.45166015625
4414982,54.5654296875
4415022,23.5595703125
4415042,19.8974609375
4415069,26.85546875
4415098,21.17919921875
4415145,21.728515625
4415167,25.81787109375
4415227,17.88330078125
4415240,21.484375
4415364,21.42333984375
4415461,21.66748046875
4415523,16.78466796875
4415602,17.39501953125
4415943,18.12744140625
4416173,21.97265625
4416574,16.41845703125
4443624,16.9677734375
4443708,19.34814453125
4443724,24.10888671875
4443770,35.09521484375
4443818,19.83642578125
4443832,33.0810546875
4443886,23.25439453125
4443905,16.17431640625
4443956,15.7470703125
4443979,18.12744140625
4444183,16.6015625
4444485,17.63916015625
4444608,16.05224609375
4468880,15.80810546875
4513415,17.51708984375
4513482,60.85205078125
4513511,18.00537109375
4513534,32.16552734375
4513552,34.0576171875
4513582,66.5283203125
4513603,24.59716796875
4513630,64.697265625
4513645,30.8837890625
4513681,26.611328125
4513700,18.00537109375
4513730,23.0712890625
4513776,16.845703125
4513855,15.5029296875
4513948,15.9912109375
4514065,15.380859375
4514087,16.2353515625
4514245,16.6015625
4562540,16.11328125
4562632,75.01220703125
4562648,16.9677734375
4562675,63.78173828125
4562701,15.5029296875
4562725,65.97900390625
4562739,29.72412109375
4562763,64.3310546875
4562788,21.30126953125
4562813,19.83642578125
4562827,67.32177734375
4562847,22.216796875
4562898,57.31201171875
4562991,15.5029296875
4563022,16.54052734375
4563057,15.68603515625
4563162,16.7236328125
4598054,32.8369140625
4598066,24.47509765625
4598130,60.9130859375
4598144,24.47509765625
4598201,60.24169921875
4598257,33.3251953125
4598333,28.50341796875
4598352,18.85986328125
4598392,58.28857421875
4598423,27.7099609375
4598464,67.9931640625
4598496,27.40478515625
4598530,33.38623046875
4598613,39.61181640625
4598674,18.61572265625
4598703,40.283203125
4598770,30.94482421875
4598844,48.583984375
4598941,34.66796875
4599038,32.71484375
4599142,17.578125
4599282,18.85986328125
4599416,19.34814453125
4599587,20.751953125
4602444,15.56396484375
4659256,22.52197265625
4659270,70.3125
4659281,17.15087890625
4659337,62.255859375
4659353,17.51708984375
4659405,69.03076171875
4659416,16.845703125
4659442,35.21728515625
4659475,35.2783203125
4659485,17.4560546875
4659509,65.91796875
4659523,15.31982421875
4659557,62.07275390625
4659584,35.2783203125
4659607,28.38134765625
4659633,62.255859375
4659658,37.9638671875
4659683,36.865234375
4659694,15.7470703125
4659731,34.97314453125
4659742,16.90673828125
4659803,39.97802734375
4659917,30.6396484375
4659929,15.7470703125
4659970,19.4091796875
4660129,20.81298828125
4661035,15.625
4718470,15.9912109375
4718519,36.1328125
4718542,16.4794921875
4718596,15.7470703125
4718619,41.50390625
4718687,37.65869140625
4718767,32.71484375
4718784,17.27294921875
4718803,16.845703125
4718817,29.78515625
4718845,17.27294921875
4718898,43.0908203125
4718914,17.578125
4719021,29.60205078125
4719150,16.54052734375
4719314,16.17431640625
4721347,16.54052734375
4721764,15.380859375
4772004,19.4091796875
4772156,15.68603515625
4772247,17.822265625
4772259,15.80810546875
4772417,16.41845703125
4772486,15.380859375
4772645,16.66259765625
4772655,15.56396484375
4772957,15.93017578125
4776055,18.310546875
4818725,15.56396484375
4822790,15.869140625
4823057,15.869140625
4823168,15.68603515625
4823340,17.39501953125
4823372,15.380859375
4875162,18.1884765625
4875203,15.68603515625
4875651,15.68603515625
4875707,17.02880859375
4875956,15.869140625
4877671,15.31982421875
4930740,15.380859375
4930903,15.625
4931165,17.39501953125
4931257,15.56396484375
4931711,16.41845703125
4999174,20.01953125
4999248,20.1416015625
4999343,37.841796875
4999380,16.11328125
4999517,15.380859375
4999549,15.56396484375
4999640,16.4794921875
5001474,17.2119140625
5118091,17.63916015625
5118132,34.3017578125
5118162,69.15283203125
5118191,16.2353515625
5118231,34.97314453125
5118241,22.0947265625
5118286,38.0859375
5118317,37.2314453125
5118337,71.96044921875
5118348,18.73779296875
5118393,33.5693359375
5118420,20.08056640625
5118434,55.96923828125
5118490,69.82421875
5118518,35.82763671875
5118545,61.09619140625
5118571,44.0673828125
5118597,72.93701171875
5118616,34.72900390625
5118658,31.982421875
5118696,18.1884765625
5118709,33.75244140625
5118733,28.99169921875
5118763,59.814453125
5118804,38.0859375
5118866,32.1044921875
5118902,34.60693359375
5118958,33.8134765625
5119025,34.85107421875
5119091,15.56396484375
5119126,16.4794921875
5119139,35.0341796875
5119382,16.41845703125
5119728,19.71435546875
5199562,64.75830078125
5199590,62.1337890625
5199637,63.29345703125
5199652,17.2119140625
5199673,60.85205078125
5199703,68.05419921875
5199720,77.7587890625
5199738,26.3671875
5199750,72.1435546875
5199776,27.64892578125
5199787,63.4765625
5199808,74.03564453125
5199822,20.01953125
5199871,41.1376953125
5199963,17.63916015625
5199999,16.9677734375
5200029,16.17431640625
5200070,22.5830078125
5200150,16.357421875
5200258,23.37646484375
5200379,21.05712890625
5200890,16.17431640625
5343520,20.1416015625
5343543,63.232421875
5343555,23.5595703125
5343607,70.4345703125
5343639,71.10595703125
5343672,78.79638671875
5343702,63.65966796875
5343725,86.12060546875
5343744,74.76806640625
5343768,70.73974609375
5343785,24.658203125
5343820,65.7958984375
5343875,27.34375
5343902,15.31982421875
5343982,18.49365234375
5344089,16.6015625
5344228,17.76123046875
5344439,16.11328125
5363525,21.42333984375
5363757,18.00537109375
5363925,16.11328125
5364173,16.05224609375
5365646,15.31982421875
5366725,15.80810546875
5367570,16.17431640625
5465787,47.119140625
5465809,68.78662109375
5465826,30.8837890625
5465838,59.326171875
5465864,32.470703125
5465878,65.61279296875
5465899,29.23583984375
5465920,16.05224609375
5465947,25.45166015625
5465985,23.4375
5466005,15.56396484375
5466021,35.94970703125
5466070,16.845703125
5466158,27.64892578125
5466256,16.2353515625
5466305,15.625
5466360,16.6015625
5466458,18.06640625
5481413,18.37158203125
5481581,23.01025390625
5481594,18.5546875
5481635,25.5126953125
5481652,21.1181640625
5481669,25.390625
5481718,30.70068359375
5481753,28.62548828125
5481785,21.54541015625
5481850,17.02880859375
5481930,17.822265625
5481959,24.0478515625
5481973,16.11328125
5482006,26.06201171875
5482020,16.4794921875
5482048,17.02880859375
5482069,17.15087890625
5482104,20.263671875
5482203,20.99609375
5482267,17.822265625
5482357,26.4892578125
5482554,26.30615234375
5482854,25.32958984375
5482979,22.15576171875
5483692,15.9912109375
5641590,23.62060546875
5641616,33.50830078125
5641638,65.91796875
5641656,32.77587890625
5641673,69.88525390625
5641701,30.8837890625
5641738,29.541015625
5641764,24.10888671875
5641798,34.5458984375
5641865,18.85986328125
5641909,28.1982421875
5642023,20.1416015625
5642155,17.15087890625
5642179,19.22607421875
5642218,16.54052734375
5642403,17.9443359375
5642738,16.11328125
5724655,19.53125
5724684,23.25439453125
5724697,16.54052734375
5724719,27.587890625
5724756,17.4560546875
5724780,42.54150390625
5724805,21.54541015625
5724848,15.5029296875
5724858,29.541015625
5724885,29.052734375
5724921,22.705078125
5724959,35.21728515625
5724990,19.22607421875
5725031,16.54052734375
5725074,30.517578125
5725159,22.216796875
5725169,17.08984375
5725227,15.380859375
5725242,16.7236328125
5725567,22.15576171875
5743419,16.4794921875
5743513,16.7236328125
5743630,15.80810546875
5743661,17.9443359375
5743671,26.0009765625
5743705,25.2685546875
5743716,20.263671875
5743732,27.7099609375
5743796,21.3623046875
5743874,17.4560546875
5743888,21.17919921875
5743977,16.2353515625
5744003,17.39501953125
5744047,23.49853515625
5744089,25.32958984375
5744144,15.56396484375
5744214,15.31982421875
5744285,15.31982421875
5744336,22.76611328125
5744423,25.08544921875
5744566,16.66259765625
5744664,18.1884765625
5744787,21.05712890625
5745248,22.27783203125
5792256,16.4794921875
5843507,67.32177734375
5843559,69.580078125
5843583,20.751953125
5843594,17.63916015625
5843635,64.0869140625
5843659,32.53173828125
5843669,46.0205078125
5843708,71.22802734375
5843727,15.80810546875
5843755,18.85986328125
5843772,37.29248046875
5843796,26.2451171875
5843831,31.3720703125
5843841,15.31982421875
5843852,19.83642578125
5843878,26.67236328125
5843924,18.73779296875
5843952,16.845703125
5843984,16.2353515625
5844526,15.31982421875
5844764,15.68603515625
5845404,15.869140625
5860945,23.98681640625
5861016,18.310546875
5861125,16.357421875
5861248,15.68603515625
5861310,25.69580078125
5861320,19.22607421875
5861372,25.390625
5861400,20.56884765625
5861430,18.06640625
5861469,16.54052734375
5861483,21.1181640625
5861553,19.775390625
5861598,20.8740234375
5861630,25.69580078125
5862406,17.08984375
6006243,20.01953125
6006313,71.533203125
6006323,19.6533203125
6006365,34.66796875
6006407,63.8427734375
6006446,23.8037109375
6006468,19.04296875
6006486,66.7724609375
6006497,31.005859375
6006521,74.03564453125
6006545,68.05419921875
6006575,70.1904296875
6006601,23.5595703125
6006612,38.6962890625
6006663,18.6767578125
6006677,19.47021484375
6006782,15.80810546875
6020544,15.80810546875
6020702,16.17431640625
6022272,17.9443359375
6104784,25.5126953125
6125439,57.92236328125
6125468,73.2421875
6125507,60.48583984375
6125535,48.52294921875
6125559,55.48095703125
6125592,18.24951171875
6125626,18.5546875
6125641,24.84130859375
6125659,59.4482421875
6125675,24.658203125
6125701,29.35791015625
6125739,16.29638671875
6125753,18.49365234375
6125812,16.4794921875
6125903,16.41845703125
6125928,19.10400390625
6125940,16.41845703125
6126359,17.4560546875
6126818,18.310546875
6140802,18.61572265625
6141106,16.41845703125
6141173,26.91650390625
6141230,16.9677734375
6141284,25.5126953125
6141324,20.20263671875
6141351,17.51708984375
6141416,28.38134765625
6141430,16.845703125
6141476,28.80859375
6141528,15.5029296875
6141578,21.240234375
6141649,17.63916015625
6141821,18.9208984375
6158289,16.6015625
6158429,17.4560546875
6158529,15.31982421875
6158551,16.54052734375
6158879,15.68603515625
6162344,16.66259765625
6246760,16.9677734375
6246889,61.21826171875
6246924,38.330078125
6246969,66.46728515625
6246996,66.71142578125
6247008,21.3623046875
6247032,80.56640625
6247052,85.0830078125
6247072,22.52197265625
6247109,33.203125
6247139,16.845703125
6247200,15.5029296875
6247238,19.04296875
6247304,16.05224609375
6247364,17.333984375
6247427,16.54052734375
6247491,18.73779296875
6247576,17.7001953125
6248049,16.6015625
6298311,15.56396484375
6298360,15.9912109375
6298395,18.49365234375
6298427,59.5703125
6298458,67.56591796875
6298505,60.48583984375
6298527,16.66259765625
6298548,63.720703125
6298595,67.7490234375
6298629,35.15625
6298656,66.0400390625
6298674,35.888671875
6298697,65.5517578125
6298711,44.49462890625
6298739,63.53759765625
6298760,62.744140625
6298779,32.28759765625
6298792,16.17431640625
6298817,34.423828125
6298846,64.27001953125
6298867,33.69140625
6298906,33.935546875
6298945,39.48974609375
6298992,35.33935546875
6299042,34.85107421875
6299097,38.6962890625
6299153,36.31591796875
6299170,15.80810546875
6299216,33.50830078125
6299266,31.67724609375
6299290,16.54052734375
6299329,57.4951171875
6299395,37.29248046875
6299410,17.15087890625
6299475,33.87451171875
6299583,59.63134765625
6299716,15.68603515625
6299815,16.7236328125
6300087,16.41845703125
6300362,16.05224609375
6419441,22.39990234375
6419455,30.2734375
6419484,62.07275390625
6419501,15.380859375
6419522,57.9833984375
6419541,20.81298828125
6419574,17.578125
6419600,59.63134765625
6419613,23.62060546875
6419659,29.72412109375
6419684,17.63916015625
6419710,29.4189453125
6419739,20.69091796875
6419805,15.625
6419836,16.2353515625
6419863,17.88330078125
6419936,21.1181640625
6419947,15.93017578125
6420016,17.4560546875
6420081,15.625
6420268,17.27294921875
6420693,17.333984375
6437054,16.357421875
6437251,16.05224609375
6437434,16.2353515625
6437646,17.15087890625
6437932,16.41845703125
6438798,15.7470703125
6439910,16.7236328125
6536436,15.5029296875
6563071,63.4765625
6563095,62.255859375
6563106,23.74267578125
6563129,70.80078125
6563162,66.650390625
6563175,24.5361328125
6563195,62.744140625
6563207,24.7802734375
6563249,68.115234375
6563288,29.4189453125
6563315,19.83642578125
6563338,19.6533203125
6563464,15.380859375
6563480,19.04296875
6563538,20.44677734375
6563600,15.31982421875
6563622,15.56396484375
6563701,15.5029296875
6563921,17.27294921875
6563971,16.7236328125
6564706,17.88330078125
6575983,16.845703125
6576316,21.30126953125
6626988,16.2353515625
6627087,23.8037109375
6627224,24.84130859375
6627258,70.4345703125
6627270,18.37158203125
6627290,23.86474609375
6627315,69.15283203125
6627342,26.30615234375
6627372,18.5546875
6627386,16.11328125
6627418,15.56396484375
6627445,17.08984375
6627463,16.6015625
6627519,16.54052734375
6627540,18.9208984375
6627579,17.15087890625
6627645,16.54052734375
6627685,18.310546875
6627752,19.1650390625
6627818,15.68603515625
6628036,15.68603515625
6666532,16.2353515625
6666627,20.5078125
6666739,36.1328125
6666749,21.66748046875
6666801,38.818359375
6666856,31.55517578125
6666906,65.0634765625
6666935,38.75732421875
6666968,59.99755859375
6666999,63.41552734375
6667023,62.07275390625
6667043,68.17626953125
6667070,37.29248046875
6667103,32.53173828125
6667143,42.54150390625
6667174,64.02587890625
6667240,41.8701171875
6667275,17.333984375
6667316,32.1044921875
6667385,36.62109375
6667401,16.2353515625
6667486,41.259765625
6667583,27.77099609375
6667618,17.15087890625
6667751,32.77587890625
6667888,15.869140625
6668031,17.2119140625
6760710,62.92724609375
6760769,31.1279296875
6760833,39.4287109375
6760864,59.814453125
6760895,69.64111328125
6760915,61.4013671875
6760940,64.8193359375
6760959,87.7685546875
6760975,43.02978515625
6760992,43.3349609375
6761015,59.2041015625
6761035,77.81982421875
6761055,67.9931640625
6761071,65.185546875
6761113,70.00732421875
6761142,69.76318359375
6761171,36.376953125
6761199,71.22802734375
6761222,36.07177734375
6761249,35.82763671875
6761280,31.18896484375
6761314,37.17041015625
6761356,36.31591796875
6761393,18.00537109375
6761408,63.5986328125
6761466,34.72900390625
6761498,18.1884765625
6761528,59.50927734375
6761586,34.1796875
6761683,33.02001953125
6761759,33.5693359375
6761788,15.31982421875
6761872,49.74365234375
6762042,16.4794921875
6800602,32.89794921875
6800661,62.1337890625
6800703,66.7724609375
6800732,36.43798828125
6800767,61.70654296875
6800798,60.1806640625
6800818,61.1572265625
6800839,36.62109375
6800858,64.14794921875
6800876,37.353515625
6800894,35.58349609375
6800916,60.48583984375
6800937,59.5703125
6800956,41.015625
6800983,73.974609375
6801001,76.11083984375
6801020,46.630859375
6801048,33.935546875
6801074,67.9931640625
6801099,78.857421875
6801121,64.697265625
6801144,39.4287109375
6801164,48.9501953125
6801188,41.3818359375
6801219,33.99658203125
6801247,32.1044921875
6801274,37.41455078125
6801300,37.353515625
6801330,64.51416015625
6801356,18.798828125
6801381,33.50830078125
6801414,41.44287109375
6801474,41.6259765625
6801538,35.7666015625
6801586,17.2119140625
6801596,38.6962890625
6801683,31.6162109375
6801696,20.751953125
6801760,33.75244140625
6801770,16.357421875
6801842,30.09033203125
6801941,28.6865234375
6802013,19.71435546875
6802040,55.7861328125
6907984,35.09521484375
6908010,59.63134765625
6908043,83.55712890625
6908074,74.76806640625
6908084,29.11376953125
6908109,63.17138671875
6908122,29.78515625
6908176,22.76611328125
6908248,35.400390625
6908277,16.05224609375
6908287,18.98193359375
6908316,16.17431640625
6908371,17.7001953125
6908445,17.51708984375
6908596,19.10400390625
6908647,16.9677734375
6909226,16.7236328125
7030135,15.31982421875
7092489,15.44189453125
7092530,24.0478515625
7092560,57.67822265625
7092593,60.48583984375
7092615,29.6630859375
7092631,33.935546875
7092657,22.94921875
7092754,26.4892578125
7092764,31.3720703125
7092790,16.7236328125
7092814,25.20751953125
7092883,15.869140625
7092989,39.00146484375
7093014,18.4326171875
7093112,17.88330078125
7093319,15.56396484375
7093795,15.625
7094668,16.78466796875
7106583,17.578125
7111733,15.5029296875
7111858,26.123046875
7111912,16.357421875
7111963,21.30126953125
7111987,16.357421875
7112008,23.8037109375
7112069,29.9072265625
7112106,18.6767578125
7112155,33.87451171875
7112216,16.6015625
7112254,28.80859375
7112339,17.02880859375
7112378,18.98193359375
7112440,17.15087890625
7112498,24.47509765625
7112602,16.17431640625
7112635,19.04296875
7112687,26.3671875
7112715,18.24951171875
7112887,18.49365234375
7130978,15.44189453125
7198815,18.73779296875
7199008,16.845703125
7199031,58.89892578125
7199071,29.84619140625
7199087,39.4287109375
7199111,22.88818359375
7199131,63.96484375
7199150,34.7900390625
7199165,21.3623046875
7199189,28.1982421875
7199226,17.9443359375
7199249,15.56396484375
7199265,18.24951171875
7199303,25.87890625
7199331,15.869140625
7199410,20.8740234375
7199440,16.9677734375
7199529,28.9306640625
7199545,20.01953125
7199610,15.31982421875
7215786,18.61572265625
7215866,15.31982421875
7216015,21.66748046875
7216036,16.17431640625
7216080,16.05224609375
7216115,19.6533203125
7216136,24.84130859375
7216178,16.6015625
7216195,21.97265625
7216237,16.90673828125
7216271,16.11328125
7216291,19.4091796875
7216345,28.86962890625
7216413,19.59228515625
7216439,15.7470703125
7216497,18.12744140625
7216528,16.7236328125
7289556,21.17919921875
7289586,61.5234375
7289639,43.701171875
7289649,18.06640625
7289670,15.68603515625
7289689,62.6220703125
7289711,16.845703125
7289744,32.958984375
7289759,38.39111328125
7289798,63.720703125
7289836,28.74755859375
7289855,69.76318359375
7289887,16.2353515625
7289923,26.611328125
7289968,33.14208984375
7289992,36.07177734375
7290065,16.05224609375
7290083,15.7470703125
7290157,15.380859375
7290217,19.4091796875
7290256,30.21240234375
7290318,15.9912109375
7308336,18.73779296875
7308754,15.93017578125
7309005,16.845703125
7309075,33.0810546875
7309182,15.68603515625
7309273,20.20263671875
7309850,18.73779296875
7310116,20.3857421875
7311007,16.54052734375
7400869,15.93017578125
7404171,16.11328125
7426335,17.63916015625
7426384,24.84130859375
7426430,24.10888671875
7426442,21.240234375
7426477,42.90771484375
7426496,21.05712890625
7426512,18.24951171875
7426543,26.611328125
7426557,24.84130859375
7426581,29.052734375
7426605,17.15087890625
7426623,33.3251953125
7426651,15.9912109375
7426686,17.39501953125
7426708,27.7099609375
7426718,16.11328125
7426771,19.22607421875
7426832,25.81787109375
7427060,18.49365234375
7427559,15.56396484375
7427655,15.5029296875
7455701,17.88330078125
7455959,23.193359375
7456032,20.20263671875
7456049,21.240234375
7456131,16.7236328125
7456169,19.53125
7456252,18.00537109375
7456347,19.53125
7456387,16.05224609375
7456398,16.17431640625
7456736,23.01025390625
7486502,18.85986328125
7486624,61.21826171875
7486635,20.93505859375
7486688,74.70703125
7486703,16.4794921875
7486768,32.16552734375
7486844,34.0576171875
7486904,32.71484375
7486914,18.61572265625
7486953,17.7001953125
7486984,36.376953125
7487065,33.75244140625
7487164,32.65380859375
7487189,16.845703125
7487224,15.7470703125
7487244,29.4189453125
7487720,15.625
7488029,15.7470703125
7502634,35.46142578125
7502692,60.1806640625
7502758,34.24072265625
7502827,36.80419921875
7502876,61.6455078125
7502910,65.5517578125
7502933,62.8662109375
7502951,18.9208984375
7502969,77.81982421875
7503020,65.0634765625
7503060,66.2841796875
7503075,16.90673828125
7503109,57.373046875
7503153,38.51318359375
7503169,17.08984375
7503190,33.8134765625
7503230,37.109375
7503260,62.98828125
7503280,32.28759765625
7503320,37.109375
7503372,31.1279296875
7503428,39.00146484375
7503503,34.1796875
7503519,23.0712890625
7503543,15.5029296875
7503588,35.5224609375
7503699,36.19384765625
7503791,32.40966796875
7503805,19.47021484375
7503915,64.8193359375
7504024,16.78466796875
7504137,16.4794921875
7504838,15.31982421875
7645877,16.54052734375
7645906,19.83642578125
7645974,69.4580078125
7646031,65.0634765625
7646061,67.5048828125
7646111,15.380859375
7646122,36.4990234375
7646149,33.935546875
7646174,35.09521484375
7646212,17.7001953125
7646251,32.53173828125
7646282,30.21240234375
7646312,74.951171875
7646341,37.353515625
7646371,40.10009765625
7646416,30.8837890625
7646470,32.5927734375
7646502,17.08984375
7646532,32.5927734375
7646595,34.85107421875
7646662,29.72412109375
7646702,15.80810546875
7646713,15.7470703125
7646750,37.90283203125
7646821,30.517578125
7646882,16.17431640625
7646898,30.517578125
7646975,18.73779296875
7647089,18.1884765625
7647250,37.353515625
7700175,66.46728515625
7700200,27.40478515625
7700251,66.83349609375
7700311,38.2080078125
7700333,19.8974609375
7700349,66.83349609375
7700359,17.02880859375
7700387,65.5517578125
7700413,60.60791015625
7700431,67.3828125
7700460,69.2138671875
7700480,72.57080078125
7700503,65.4296875
7700525,69.9462890625
7700548,65.91796875
7700565,33.0810546875
7700588,32.40966796875
7700613,65.49072265625
7700627,39.48974609375
7700650,32.2265625
7700677,61.767578125
7700694,32.77587890625
7700718,36.62109375
7700743,60.4248046875
7700760,31.92138671875
7700784,45.0439453125
7700816,64.51416015625
7700836,38.39111328125
7700873,36.0107421875
7700921,33.447265625
7700948,15.56396484375
7700964,68.42041015625
7701012,33.87451171875
7701059,32.2265625
7701114,36.376953125
7701206,36.56005859375
7701274,33.99658203125
7701362,31.3720703125
7701457,15.44189453125
7701475,28.6865234375
7701570,19.83642578125
7701673,16.6015625
7701795,18.49365234375
7701930,15.380859375
7757090,16.845703125
7757112,62.8662109375
7757166,63.5986328125
7757221,35.46142578125
7757268,58.2275390625
7757306,61.70654296875
7757338,64.8193359375
7757358,62.255859375
7757381,70.3125
7757403,68.603515625
7757429,56.09130859375
7757454,35.82763671875
7757473,51.94091796875
7757499,31.73828125
7757521,38.63525390625
7757546,68.42041015625
7757569,32.77587890625
7757587,46.630859375
7757614,65.97900390625
7757633,34.60693359375
7757664,40.95458984375
7757698,35.2783203125
7757713,15.80810546875
7757741,41.748046875
7757777,73.05908203125
7757805,80.26123046875
7757826,37.29248046875
7757865,32.16552734375
7757892,58.7158203125
7757918,32.28759765625
7757969,40.1611328125
7757982,22.03369140625
7758013,32.16552734375
7758090,34.1796875
7758155,20.08056640625
7758189,58.59375
7758267,29.1748046875
7758984,17.02880859375
7855518,16.7236328125
7857353,23.25439453125
7857385,33.0810546875
7857414,63.4765625
7857445,63.04931640625
7857475,63.53759765625
7857518,73.2421875
7857547,17.4560546875
7857567,29.78515625
7857579,25.20751953125
7857632,18.310546875
7857644,23.5595703125
7857674,16.78466796875
7857707,18.49365234375
7857779,22.4609375
7857847,18.798828125
7857866,17.822265625
7857956,16.54052734375
7858006,17.51708984375
7858083,15.380859375
7858110,15.31982421875
7858134,16.4794921875
7878037,17.9443359375
7978571,34.36279296875
7978600,60.9130859375
7978628,67.626953125
7978655,65.3076171875
7978677,68.4814453125
7978700,66.46728515625
7978717,67.68798828125
7978735,55.908203125
7978762,62.8662109375
7978783,63.3544921875
7978813,17.578125
7978839,44.921875
7978934,30.8837890625
7978985,17.822265625
7978995,15.93017578125
7979026,25.0244140625
7979076,16.845703125
7979110,16.4794921875
7979122,15.56396484375
7979135,18.98193359375
7979157,23.37646484375
7979213,17.08984375
7979251,18.49365234375
7979342,17.822265625
8020678,34.48486328125
8020756,28.80859375
8020772,18.37158203125
8020818,63.3544921875
8020835,16.66259765625
8020861,74.15771484375
8020893,74.3408203125
8020928,57.12890625
8020964,36.0107421875
8020996,59.99755859375
8021022,36.376953125
8021044,67.2607421875
8021066,63.53759765625
8021108,80.13916015625
8021142,64.8193359375
8021179,28.74755859375
8021207,58.10546875
8021230,40.95458984375
8021270,34.912109375
8021310,18.310546875
8021323,56.15234375
8021362,34.912109375
8021391,16.05224609375
8021410,57.9833984375
8021420,16.7236328125
8021465,15.9912109375
8021529,38.39111328125
8021546,21.240234375
8021599,29.4189453125
8021689,64.0869140625
8021699,18.73779296875
8021833,56.94580078125
8021912,16.66259765625
8022038,15.5029296875
8022224,17.02880859375
8085025,19.6533203125
8085066,64.39208984375
8085095,62.8662109375
8085136,64.88037109375
8085168,60.9130859375
8085179,19.22607421875
8085207,58.9599609375
8085236,38.2080078125
8085262,76.72119140625
8085287,65.00244140625
8085333,30.94482421875
8085366,64.208984375
8085391,34.66796875
8085452,32.5927734375
8085535,29.6630859375
8085597,22.5830078125
8085627,35.33935546875
8085682,31.67724609375
8085789,33.99658203125
8085867,30.33447265625
8085946,34.85107421875
8124481,15.31982421875
8177872,59.08203125
8177917,65.185546875
8177955,59.99755859375
8177995,69.15283203125
8178032,38.818359375
8178059,77.392578125
8178082,58.4716796875
8178101,68.66455078125
8178123,70.25146484375
8178145,67.32177734375
8178177,62.5
8178210,65.00244140625
8178231,17.4560546875
8178247,15.380859375
8178272,57.0068359375
8178295,22.705078125
8178365,32.40966796875
8178444,42.54150390625
8178554,35.21728515625
8178587,15.93017578125
8178613,18.00537109375
8178725,30.029296875
8263231,62.43896484375
8263298,15.380859375
8263339,59.99755859375
8263364,31.494140625
8263403,37.90283203125
8263439,68.05419921875
8263463,58.2275390625
8263491,60.11962890625
8263510,74.70703125
8263539,71.35009765625
8263568,37.7197265625
8263592,46.5087890625
8263619,66.7724609375
8263643,34.5458984375
8263673,70.61767578125
8263704,32.8369140625
8263725,15.80810546875
8263787,43.45703125
8263840,33.50830078125
8263878,17.2119140625
8263900,37.109375
8263958,36.07177734375
8263982,16.7236328125
8264034,34.912109375
8264103,29.296875
8264132,17.51708984375
8264203,27.9541015625
8264241,15.93017578125
8264285,31.31103515625
8264424,33.3251953125
8444701,64.0869140625
8444729,56.57958984375
8444764,56.33544921875
8444774,20.5078125
8444800,43.3349609375
8444828,30.57861328125
8444846,16.6015625
8444865,29.78515625
8444875,17.578125
8444898,20.56884765625
8444922,27.099609375
8444980,31.31103515625
8445021,29.96826171875
8445050,24.47509765625
8445094,18.37158203125
8445143,29.541015625
8445181,16.05224609375
8445226,17.02880859375
8445325,16.78466796875
8445338,15.93017578125
8445377,22.8271484375
8445707,15.68603515625
8445861,15.68603515625
8446244,15.7470703125
8471579,16.66259765625
8471671,22.39990234375
8471746,19.1650390625
8471764,21.240234375
8471802,32.958984375
8471846,23.74267578125
8471856,18.5546875
8471885,23.13232421875
8471919,22.216796875
8471943,32.958984375
8471971,18.6767578125
8471990,26.611328125
8472022,31.18896484375
8472076,19.10400390625
8472114,15.625
8472145,27.2216796875
8472165,20.263671875
8472195,27.7099609375
8472267,16.66259765625
8472374,17.2119140625
8472438,20.3857421875
8472487,17.63916015625
8472822,25.20751953125
8473110,17.63916015625
8473464,25.32958984375
8473774,28.25927734375
8523364,16.6015625
8523459,18.00537109375
8523475,58.4716796875
8523487,30.21240234375
8523513,19.22607421875
8523533,36.376953125
8523553,18.12744140625
8523578,18.9208984375
8523610,34.3017578125
8523647,37.353515625
8523677,17.4560546875
8523708,26.91650390625
8523725,16.29638671875
8523755,25.81787109375
8523791,20.01953125
8523803,26.18408203125
8523840,18.4326171875
8523884,18.9208984375
8523917,16.54052734375
8523967,15.44189453125
8524014,20.44677734375
8524047,15.7470703125
8524154,18.37158203125
8524277,15.31982421875
8524299,25.0244140625
8524411,18.98193359375
8524478,16.41845703125
8524565,21.3623046875
8524824,26.06201171875
8557296,15.9912109375
8557358,17.27294921875
8557410,24.2919921875
8557435,20.6298828125
8557447,24.35302734375
8557473,16.9677734375
8557487,36.31591796875
8557531,27.7099609375
8557589,19.8974609375
8557636,24.96337890625
8557663,16.6015625
8557693,17.7001953125
8557712,23.37646484375
8557755,20.20263671875
8557765,24.169921875
8557825,19.287109375
8557838,18.49365234375
8557862,15.7470703125
8557924,18.00537109375
8558109,15.7470703125
8558155,16.41845703125
8558170,21.8505859375
8558258,19.8974609375
8558273,16.6015625
8558362,28.99169921875
8558461,20.32470703125
8558655,15.9912109375
8558816,16.29638671875
8559818,17.15087890625
8559997,15.625
8586462,15.5029296875
8586518,18.00537109375
8586552,22.88818359375
8586575,19.22607421875
8586596,19.1650390625
8586640,32.53173828125
8586680,27.16064453125
8586701,21.54541015625
8586724,34.1796875
8586781,24.23095703125
8586840,29.052734375
8586879,19.10400390625
8586922,22.39990234375
8587006,16.357421875
8587017,20.5078125
8587059,16.78466796875
8587082,22.94921875
8587143,19.6533203125
8587328,32.5927734375
8587535,21.8505859375
8616178,16.9677734375
8616198,16.29638671875
8616224,15.31982421875
8616256,46.44775390625
8616269,17.822265625
8616298,64.453125
8616322,22.705078125
8616345,22.8271484375
8616376,41.80908203125
8616407,16.845703125
8616430,20.81298828125
8616460,17.2119140625
8616477,25.20751953125
8616488,17.08984375
8616524,26.611328125
8616591,15.31982421875
8616605,16.11328125
8616633,15.7470703125
8616654,23.74267578125
8616722,16.4794921875
8616782,22.15576171875
8616874,16.17431640625
8617012,15.380859375
8617065,16.9677734375
8625636,17.2119140625
8625687,18.06640625
8625714,16.845703125
8625738,19.6533203125
8625760,17.08984375
8625785,19.8974609375
8625831,21.3623046875
8625848,15.44189453125
8625901,26.7333984375
8626104,16.78466796875
8641595,16.9677734375
8641636,16.11328125
8641652,28.80859375
8641688,20.8740234375
8641707,16.66259765625
8641750,32.5927734375
8641796,21.240234375
8641811,33.50830078125
8641827,15.380859375
8641895,22.8271484375
8641927,15.68603515625
8641991,16.6015625
8642024,19.47021484375
8642328,17.39501953125
8642809,16.11328125
8643028,16.66259765625
8643768,17.02880859375
8655432,21.484375
8655491,17.63916015625
8655534,23.98681640625
8655560,16.2353515625
8655580,19.287109375
8655623,21.66748046875
8655671,24.47509765625
8655758,15.93017578125
8655818,24.59716796875
8673311,18.73779296875
8673335,15.68603515625
8673361,19.95849609375
8673385,18.1884765625
8673414,18.310546875
8673436,18.85986328125
8673480,19.59228515625
8673528,36.62109375
8673576,15.7470703125
8673596,20.08056640625
8673613,15.68603515625
8673877,20.20263671875
8673961,17.88330078125
8674096,17.08984375
8674296,15.68603515625
8683445,23.37646484375
8683488,21.78955078125
8683546,25.69580078125
8683685,17.51708984375
8684030,15.80810546875
8684072,16.05224609375
8694370,21.6064453125
8694428,19.53125
8694523,27.4658203125
8694881,16.357421875
8702503,16.17431640625
8702551,16.845703125
8702686,20.93505859375
8702751,15.7470703125
8703084,15.93017578125
8711424,19.04296875
8711435,15.380859375
8711489,20.1416015625
8711592,20.81298828125
8711615,16.357421875
8712099,16.05224609375
8720527,18.9208984375
8720605,16.6015625
8720783,17.15087890625
8728976,16.6015625
8729070,16.29638671875
8729352,15.44189453125
8729764,17.2119140625
8738226,16.845703125
8738361,17.578125
8738913,16.7236328125
8746505,17.76123046875
8747004,16.7236328125
8756895,18.310546875
8757034,15.68603515625
8757240,16.17431640625
8768069,15.625
8782088,17.578125
8826152,35.94970703125
8826211,15.9912109375
8826347,17.333984375
8867087,15.7470703125
8867276,15.68603515625
8910056,15.56396484375
8916327,15.93017578125
8945174,16.90673828125
8945208,68.9697265625
8945818,16.11328125
9236677,16.90673828125
9236923,16.11328125
9236956,15.68603515625
9236969,63.5986328125
9237067,32.28759765625
9237127,33.63037109375
9237144,16.357421875
9237173,16.41845703125
9237199,64.14794921875
9237267,54.99267578125
9237336,46.0205078125
9237365,33.14208984375
9237386,69.64111328125
9237424,33.0810546875
9237459,33.38623046875
9237493,67.19970703125
9237519,72.57080078125
9237550,38.6962890625
9237576,34.97314453125
9237636,37.4755859375
9237647,15.44189453125
9237680,37.41455078125
9237718,35.82763671875
9237750,30.09033203125
9237774,31.3720703125
9237801,37.53662109375
9237841,33.0810546875
9237882,30.029296875
9237906,29.6630859375
9237964,39.9169921875
9237988,16.90673828125
9238063,33.75244140625
9238120,29.96826171875
9238229,58.349609375
9238358,15.869140625
9263527,17.08984375
9263555,56.5185546875
9263583,64.208984375
9263646,30.45654296875
9263658,17.9443359375
9263692,26.91650390625
9263754,29.60205078125
9263811,36.43798828125
9263854,37.17041015625
9263904,33.63037109375
9263925,18.1884765625
9263943,29.052734375
9263961,15.380859375
9263984,36.1328125
9264025,37.841796875
9264112,33.87451171875
9264161,29.9072265625
9264279,19.34814453125
9264324,31.18896484375
9355344,15.44189453125
9378428,15.9912109375
9423397,32.04345703125
9423428,70.9228515625
9423462,65.61279296875
9423511,34.3017578125
9423552,65.49072265625
9423586,69.51904296875
9423618,27.2216796875
9423629,37.04833984375
9423660,36.92626953125
9423679,15.68603515625
9423692,23.92578125
9423728,16.05224609375
9423742,22.88818359375
9423762,19.8974609375
9423775,20.99609375
9423829,24.23095703125
9423843,23.13232421875
9423904,24.96337890625
9423953,18.1884765625
9423965,20.8740234375
9424014,15.93017578125
9424091,16.90673828125
9424120,22.705078125
9424197,21.42333984375
9424266,17.2119140625
9424276,19.53125
9585401,37.841796875
9585425,38.02490234375
9585438,16.845703125
9585456,37.90283203125
9585478,18.61572265625
9585491,46.0205078125
9585514,18.73779296875
9585530,61.4013671875
9585572,28.62548828125
9585598,27.77099609375
9585630,23.193359375
9585658,18.5546875
9585685,19.8974609375
9585706,27.52685546875
9585735,18.00537109375
9585758,25.2685546875
9585787,15.7470703125
9585839,27.77099609375
9585870,17.27294921875
9585937,22.52197265625
9585995,15.31982421875
9586061,24.2919921875
9586133,15.31982421875
9586929,16.11328125
9618368,15.31982421875
9758571,45.10498046875
9758609,63.29345703125
9758623,28.50341796875
9758645,83.55712890625
9758675,70.6787109375
9758691,25.634765625
9758718,19.1650390625
9758740,57.18994140625
9758758,24.90234375
9758774,28.6865234375
9758824,33.203125
9758844,17.9443359375
9758861,25.390625
9758911,17.51708984375
9758955,17.08984375
9758971,32.89794921875
9759038,18.9208984375
9759077,16.9677734375
9759294,20.263671875
9759549,15.80810546875
9773008,15.9912109375
9773668,17.51708984375
9774044,18.5546875
9774113,29.84619140625
9774177,40.771484375
9774227,27.03857421875
9774273,17.4560546875
9774309,25.32958984375
9774333,16.11328125
9774345,35.82763671875
9774400,27.83203125
9774451,18.61572265625
9774481,26.3671875
9774519,18.5546875
9774573,17.76123046875
9774604,20.3857421875
9774645,16.9677734375
9774750,17.63916015625
9774790,19.53125
9774822,16.9677734375
9774903,15.44189453125
9817029,15.5029296875
9904062,15.5029296875
9906576,15.9912109375
9906749,16.7236328125
9906766,35.7666015625
9906784,16.845703125
9906808,16.845703125
9906829,61.58447265625
9906867,69.7021484375
9906896,76.84326171875
9906921,32.2265625
9906959,48.7060546875
9906973,37.17041015625
9906996,61.46240234375
9907015,23.98681640625
9907057,21.3623046875
9907108,15.380859375
9907125,25.2685546875
9907142,17.02880859375
9907206,17.2119140625
9907294,19.59228515625
9907643,16.05224609375
9907769,15.44189453125
9908436,16.6015625
10021626,60.97412109375
10021651,33.935546875
10021687,17.822265625
10021705,63.17138671875
10021770,62.01171875
10021800,63.3544921875
10021838,68.29833984375
10021848,23.98681640625
10021872,70.3125
10021895,18.24951171875
10021905,96.37451171875
10021931,61.6455078125
10021953,52.001953125
10021982,18.73779296875
10022009,25.390625
10022020,46.2646484375
10022031,22.27783203125
10022058,18.61572265625
10022085,16.66259765625
10022109,30.1513671875
10022158,19.22607421875
10022202,16.4794921875
10022233,16.78466796875
10022252,32.65380859375
10022293,17.08984375
10022312,17.39501953125
10022327,19.775390625
10022718,16.90673828125
10022890,18.06640625
10023345,16.845703125
10023499,17.27294921875
10091413,61.1572265625
10091440,68.90869140625
10091454,15.869140625
10091494,66.95556640625
10091506,20.81298828125
10091537,67.07763671875
10091565,18.98193359375
10091578,67.93212890625
10091589,29.11376953125
10091614,68.42041015625
10091629,19.83642578125
10091642,18.49365234375
10091655,17.39501953125
10091676,28.99169921875
10091692,16.05224609375
10091726,22.39990234375
10091763,23.25439453125
10091781,15.68603515625
10091830,28.3203125
10091879,16.7236328125
10091891,17.63916015625
10091967,26.06201171875
10092009,22.39990234375
10092029,25.7568359375
10092073,16.357421875
10092121,15.625
10092178,21.240234375
10092234,16.66259765625
10092317,19.8974609375
10092529,15.56396484375
10092806,15.9912109375
10093150,16.11328125
10093614,15.9912109375
10217427,15.5029296875
10217590,18.1884765625
10217618,18.24951171875
10217656,57.373046875
10217691,27.40478515625
10217703,55.35888671875
10217737,76.5380859375
10217757,24.71923828125
10217769,51.94091796875
10217795,55.35888671875
10217815,27.4658203125
10217830,27.4658203125
10217870,59.4482421875
10217903,24.7802734375
10217951,16.05224609375
10217965,15.68603515625
10217998,16.90673828125
10218065,22.3388671875
10218087,20.93505859375
10218105,17.02880859375
10218138,15.93017578125
10218207,17.76123046875
10218261,15.625
10218283,16.357421875
10218464,18.4326171875
10218491,15.7470703125
10218530,15.93017578125
10218566,15.80810546875
10238881,17.2119140625
10239190,15.380859375
10239365,18.798828125
10239406,33.447265625
10239470,16.41845703125
10239509,15.380859375
10239555,39.24560546875
10239615,22.76611328125
10239625,66.95556640625
10239710,18.9208984375
10239737,33.38623046875
10239890,15.7470703125
10239994,16.54052734375
10240124,17.822265625
10240647,15.380859375
10288616,16.54052734375
10292623,15.380859375
10431561,63.1103515625
10431590,37.7197265625
10431636,65.0634765625
10431656,18.798828125
10431669,66.650390625
10431693,16.05224609375
10431712,61.6455078125
10431731,15.68603515625
10431747,72.75390625
10431776,47.05810546875
10431806,59.02099609375
10431847,31.73828125
10431883,27.34375
10431906,17.39501953125
10431956,25.2685546875
10431974,19.8974609375
10432001,18.85986328125
10432031,24.5361328125
10432057,16.357421875
10432091,18.85986328125
10432115,23.5595703125
10432263,16.66259765625
10432346,16.4794921875
10432481,15.869140625
10433143,15.44189453125
10455986,18.37158203125
10456100,16.357421875
10456186,25.20751953125
10456225,20.6298828125
10456240,16.05224609375
10456293,42.1142578125
10456316,21.42333984375
10456351,32.958984375
10456384,19.8974609375
10456427,31.73828125
10456463,28.86962890625
10456498,24.96337890625
10456567,23.62060546875
10456578,17.88330078125
10456701,15.80810546875
10456763,15.80810546875
10456782,19.59228515625
10456843,17.7001953125
10456936,20.01953125
10457111,15.7470703125
10457322,22.27783203125
10457450,18.4326171875
10457544,15.68603515625
10457922,15.56396484375
10505497,15.380859375
10505566,16.41845703125
10505607,31.494140625
10505657,25.45166015625
10505680,19.95849609375
10505725,18.1884765625
10505735,30.09033203125
10505764,21.240234375
10505808,27.89306640625
10505845,31.18896484375
10505880,19.47021484375
10505917,27.83203125
10505961,22.705078125
10505999,18.06640625
10506035,16.29638671875
10506075,15.869140625
10506144,27.34375
10506172,15.56396484375
10506346,21.91162109375
10506393,17.15087890625
10506456,17.88330078125
10506554,21.78955078125
10506941,20.56884765625
10507094,15.380859375
10541046,17.63916015625
10541121,18.06640625
10541182,22.8271484375
10541192,16.54052734375
10541242,17.02880859375
10541253,18.24951171875
10541289,30.029296875
10541304,27.587890625
10541324,29.052734375
10541359,24.35302734375
10541408,30.517578125
10541431,19.8974609375
10541465,19.71435546875
10541497,18.85986328125
10541561,20.32470703125
10541609,16.845703125
10541697,23.13232421875
10541817,27.64892578125
10542011,21.91162109375
10542026,16.41845703125
10542105,19.04296875
10542123,16.66259765625
10542309,15.5029296875
10542604,18.5546875
10542635,21.42333984375
10573701,21.3623046875
10573734,17.333984375
10573746,23.681640625
10573785,24.59716796875
10573797,17.63916015625
10573830,27.34375
10573864,22.39990234375
10573900,25.7568359375
10573927,17.578125
10573983,24.84130859375
10574016,16.9677734375
10574040,18.73779296875
10574072,17.9443359375
10574126,27.4658203125
10574177,18.310546875
10574204,23.681640625
10574307,24.90234375
10574477,19.775390625
10574731,27.64892578125
10575103,15.80810546875
10603657,17.08984375
10603676,16.17431640625
10603717,24.5361328125
10603749,19.53125
10603760,15.68603515625
10603802,27.34375
10603824,20.751953125
10603842,23.3154296875
10603886,30.70068359375
10603902,18.310546875
10603930,22.5830078125
10603951,18.798828125
10603984,21.54541015625
10604025,18.24951171875
10604074,18.49365234375
10604101,16.845703125
10604162,23.01025390625
10604197,22.76611328125
10604207,18.37158203125
10604277,18.1884765625
10604347,17.15087890625
10604359,17.822265625
10604373,17.7001953125
10604448,18.37158203125
10604488,16.357421875
10604607,15.93017578125
10604645,15.380859375
10604690,16.4794921875
10631858,18.06640625
10632074,23.25439453125
10632087,19.59228515625
10632124,21.6064453125
10632181,20.08056640625
10632200,16.90673828125
10632227,28.4423828125
10632280,16.05224609375
10632294,17.15087890625
10632365,16.66259765625
10632406,16.05224609375
10632572,16.2353515625
10659002,19.6533203125
10659068,19.83642578125
10659200,21.240234375
10659251,20.56884765625
10659314,15.9912109375
10659405,22.0947265625
10659440,16.9677734375
10659460,15.56396484375
10659558,18.73779296875
10659587,16.29638671875
10684004,16.357421875
10684107,15.93017578125
10684204,15.5029296875
10684282,16.90673828125
10684372,15.7470703125
10684418,15.625
10684456,17.27294921875
10684628,15.31982421875
10709807,17.27294921875
10709890,16.11328125
10710026,16.11328125
10710054,18.98193359375
10710170,16.845703125
10710366,15.9912109375
10710429,17.4560546875
10735352,19.47021484375
10735586,16.9677734375
10735825,21.3623046875
10736009,16.29638671875
10758531,18.5546875
10758932,20.32470703125
10879635,57.12890625
10879650,17.08984375
10879678,70.73974609375
10879695,18.73779296875
10879723,36.68212890625
10879801,55.35888671875
10879851,68.66455078125
10879904,36.4990234375
10879975,28.25927734375
10880030,15.44189453125
10880063,71.47216796875
10880084,17.9443359375
10880148,35.400390625
10880194,15.31982421875
10880225,43.64013671875
10880321,30.1513671875
10880409,37.65869140625
10880425,19.6533203125
10880536,59.9365234375
10880768,17.15087890625
10881053,16.17431640625
10881078,15.869140625
10911111,16.66259765625
10911170,36.43798828125
10911219,63.04931640625
10911234,20.44677734375
10911265,66.40625
10911319,66.162109375
10911349,18.310546875
10911377,32.28759765625
10911433,54.01611328125
10911473,67.626953125
10911526,37.7197265625
10911572,33.203125
10911630,37.41455078125
10911716,35.888671875
10911855,31.06689453125
10911888,32.5927734375
10912013,15.93017578125
10912073,18.00537109375
11141122,59.75341796875
11141149,68.115234375
11141186,46.20361328125
11141207,17.7001953125
11141227,35.82763671875
11141265,29.35791015625
11141295,65.0634765625
11141312,73.54736328125
11141338,50.78125
11141367,65.49072265625
11141396,94.17724609375
11141426,17.02880859375
11141447,64.697265625
11141504,16.05224609375
11141517,64.208984375
11141532,30.1513671875
11141573,39.36767578125
11141586,19.34814453125
11141628,35.0341796875
11141693,37.78076171875
11141756,43.5791015625
11141772,23.5595703125
11141836,59.87548828125
11141917,30.76171875
11142005,38.0859375
11142072,15.380859375
11142094,31.06689453125
11142225,30.57861328125
11169678,17.2119140625
11169744,33.99658203125
11169774,78.2470703125
11169803,17.63916015625
11169831,31.55517578125
11169864,71.6552734375
11169899,63.720703125
11169936,40.34423828125
11169962,67.7490234375
11169982,68.17626953125
11169995,49.13330078125
11170017,66.58935546875
11170034,35.33935546875
11170053,54.26025390625
11170073,39.24560546875
11170096,39.0625
11170116,64.39208984375
11170137,45.166015625
11170164,69.2138671875
11170183,34.5458984375
11170205,33.75244140625
11170224,46.38671875
11170246,36.31591796875
11170272,65.673828125
11170287,42.3583984375
11170311,36.68212890625
11170341,35.2783203125
11170363,39.306640625
11170387,33.99658203125
11170418,69.15283203125
11170458,31.005859375
11170484,69.82421875
11170523,39.85595703125
11170556,39.55078125
11170585,17.333984375
11170602,62.68310546875
11170633,32.40966796875
11170666,64.63623046875
11170718,62.5
11170763,36.4990234375
11170814,33.26416015625
11170877,34.72900390625
11170952,31.25
11171020,60.36376953125
11171096,34.3017578125
11171120,17.02880859375
11171180,36.62109375
11171203,15.31982421875
11171288,56.396484375
11171390,33.02001953125
11171510,20.81298828125
11181889,16.54052734375
11213848,15.9912109375
11256729,58.28857421875
11256761,66.46728515625
11256791,64.63623046875
11256814,16.66259765625
11256858,60.1806640625
11256893,69.9462890625
11256917,20.81298828125
11256930,57.0068359375
11256940,16.66259765625
11256967,70.25146484375
11256988,90.4541015625
11257008,69.9462890625
11257033,32.470703125
11257061,59.75341796875
11257080,20.01953125
11257121,17.2119140625
11257170,16.29638671875
11257182,33.935546875
11257206,21.240234375
11257235,19.04296875
11257273,17.15087890625
11257321,15.31982421875
11257384,17.333984375
11257394,19.22607421875
11257407,16.845703125
11257509,18.5546875
11398921,71.4111328125
11398953,68.05419921875
11398988,64.51416015625
11399014,15.93017578125
11399025,64.27001953125
11399058,69.580078125
11399075,32.3486328125
11399097,69.3359375
11399114,63.90380859375
11399133,62.80517578125
11399153,52.91748046875
11399184,73.6083984375
11399215,18.06640625
11399226,64.14794921875
11399257,30.82275390625
11399312,32.2265625
11399328,60.4248046875
11399415,17.39501953125
11399425,15.869140625
11399450,46.56982421875
11399494,19.53125
11399512,15.380859375
11399541,31.494140625
11399591,19.53125
11399629,36.9873046875
11399731,39.6728515625
11399754,15.625
11399772,16.17431640625
11399830,16.2353515625
11399904,39.97802734375
11400076,33.38623046875
11400152,15.56396484375
11561851,64.27001953125
11561874,41.19873046875
11561892,25.20751953125
11561908,35.09521484375
11561924,23.01025390625
11561944,72.32666015625
11561964,16.4794921875
11561975,32.89794921875
11562007,59.2041015625
11562017,19.53125
11562063,33.203125
11562087,15.80810546875
11562101,21.78955078125
11562124,22.705078125
11562159,25.146484375
11562211,16.6015625
11562243,23.49853515625
11562288,20.01953125
11562314,15.625
11562393,16.66259765625
11562420,27.64892578125
11562459,17.4560546875
11562472,17.08984375
11562704,18.61572265625
11562826,17.39501953125
11678650,16.05224609375
11678760,64.208984375
11678770,20.263671875
11678783,18.9208984375
11678827,60.546875
11678853,38.02490234375
11678864,34.11865234375
11678886,70.9228515625
11678919,42.05322265625
11678948,40.10009765625
11678977,80.4443359375
11679000,19.83642578125
11679034,16.54052734375
11679060,31.06689453125
11679086,21.91162109375
11679108,32.71484375
11679124,16.7236328125
11679156,20.6298828125
11679238,22.15576171875
11679252,17.822265625
11679309,17.333984375
11679384,17.02880859375
11679405,29.9072265625
11679545,17.7001953125
11679903,18.6767578125
11679952,16.05224609375
11680591,17.02880859375
11763053,16.78466796875
11763211,60.4248046875
11763236,15.625
11763269,38.02490234375
11763280,18.1884765625
11763306,63.232421875
11763340,58.4716796875
11763353,29.052734375
11763378,60.05859375
11763398,23.681640625
11763421,70.61767578125
11763448,24.47509765625
11763493,23.681640625
11763523,22.15576171875
11763533,15.7470703125
11763577,26.18408203125
11763634,29.11376953125
11763701,20.56884765625
11763838,18.61572265625
11763877,15.44189453125
11764000,16.2353515625
11764957,15.31982421875
11866762,15.31982421875
11871693,20.93505859375
11871825,17.15087890625
11871890,46.38671875
11871924,58.2275390625
11871948,31.79931640625
11871969,52.24609375
11871986,30.1513671875
11872009,67.7490234375
11872041,17.27294921875
11872058,54.26025390625
11872073,16.41845703125
11872084,20.08056640625
11872157,30.82275390625
11872179,18.06640625
11872200,15.44189453125
11872225,17.51708984375
11872268,23.74267578125
11872314,18.5546875
11872379,22.03369140625
11872401,26.55029296875
11872428,29.78515625
11872452,25.45166015625
11872762,17.51708984375
11872825,15.9912109375
11872892,16.9677734375
11873248,21.240234375
11873337,16.2353515625
11873712,15.380859375
11951092,16.4794921875
11951223,59.2041015625
11951254,20.263671875
11951286,62.80517578125
11951324,87.2802734375
11951337,17.822265625
11951366,41.32080078125
11951391,17.63916015625
11951421,33.3251953125
11951441,16.17431640625
11951457,23.8037109375
11951472,24.23095703125
11951490,17.7001953125
11951579,22.4609375
11951597,16.54052734375
11951660,25.32958984375
11951698,16.6015625
11951805,17.63916015625
11951816,18.85986328125
11952211,15.7470703125
11952350,15.44189453125
11952602,17.27294921875
