11999000,0
58953,14.34326171875
59003,15.19775390625
59104,14.6484375
59200,15.13671875
59226,15.5029296875
59294,15.19775390625
59343,16.54052734375
59379,17.4560546875
59435,15.93017578125
59689,14.16015625
59840,15.68603515625
60331,14.34326171875
87598,17.08984375
87651,17.333984375
87939,15.80810546875
87954,14.46533203125
88050,17.27294921875
88368,14.5263671875
88680,15.13671875
206954,14.892578125
207005,20.8740234375
207047,17.02880859375
207076,14.83154296875
207149,15.56396484375
207223,16.66259765625
207295,15.07568359375
207501,14.34326171875
207750,15.7470703125
207920,14.22119140625
207941,16.90673828125
208104,15.68603515625
208816,14.16015625
233853,17.7001953125
233912,14.7705078125
234053,19.22607421875
234099,15.9912109375
234163,15.07568359375
234259,18.12744140625
235077,14.2822265625
272814,16.66259765625
272862,14.83154296875
273000,14.7705078125
273011,14.34326171875
273101,14.58740234375
273192,16.90673828125
273263,14.892578125
273378,16.845703125
273642,14.34326171875
273790,14.16015625
274380,14.34326171875
274629,14.46533203125
288350,15.869140625
288602,15.5029296875
288822,15.93017578125
288999,15.19775390625
289387,15.869140625
383864,20.20263671875
383888,14.6484375
383907,17.4560546875
383922,18.73779296875
384006,14.5263671875
384030,18.00537109375
384077,17.578125
384099,15.0146484375
384139,15.07568359375
384229,15.625
384876,16.17431640625
385413,14.6484375
385707,14.16015625
399338,14.7705078125
432525,14.892578125
565783,15.93017578125
565966,16.17431640625
566029,16.54052734375
566075,17.51708984375
566188,18.00537109375
566458,15.625
567179,14.22119140625
596268,15.7470703125
596458,15.0146484375
596544,15.7470703125
596563,17.578125
596577,14.95361328125
596664,15.56396484375
596730,14.7705078125
596755,18.5546875
596874,14.95361328125
597108,15.2587890625
597253,14.22119140625
597421,15.380859375
656794,16.7236328125
656850,15.2587890625
656916,14.22119140625
656937,15.0146484375
657019,17.08984375
657047,15.13671875
657206,14.83154296875
657298,14.892578125
657418,16.357421875
675204,14.5263671875
675305,15.68603515625
675455,15.80810546875
675594,16.357421875
675712,17.02880859375
675842,15.5029296875
675977,15.56396484375
676064,14.22119140625
676092,14.95361328125
676220,14.34326171875
676496,16.9677734375
676820,15.869140625
677396,15.13671875
677639,14.46533203125
713449,16.9677734375
713740,18.73779296875
714008,15.9912109375
714113,14.5263671875
714227,14.70947265625
714361,14.404296875
744687,14.46533203125
826260,14.95361328125
826286,19.8974609375
826361,14.404296875
826410,14.83154296875
826494,15.80810546875
826667,15.68603515625
826754,14.5263671875
827016,14.70947265625
827156,15.625
827346,14.95361328125
827756,16.29638671875
845549,15.380859375
845612,14.46533203125
845757,17.4560546875
846082,15.31982421875
846160,18.4326171875
846383,14.46533203125
847113,14.34326171875
848113,15.07568359375
870027,15.56396484375
870140,14.6484375
870613,16.845703125
871023,14.70947265625
871139,14.404296875
871192,14.7705078125
872021,14.5263671875
872625,14.2822265625
930585,14.5263671875
930692,14.7705078125
930798,14.22119140625
930889,15.2587890625
930909,16.66259765625
931281,16.78466796875
931316,14.34326171875
931532,14.7705078125
932799,15.31982421875
959981,15.869140625
960210,14.46533203125
960306,16.41845703125
960601,14.95361328125
960699,14.70947265625
960842,15.31982421875
960968,14.58740234375
961127,17.27294921875
961418,17.333984375
1060718,14.892578125
1060901,14.70947265625
1060931,15.869140625
1060983,14.95361328125
1061078,22.52197265625
1061191,14.16015625
1061289,16.9677734375
1061470,14.5263671875
1061830,15.380859375
1061973,15.93017578125
1062136,16.78466796875
1076657,15.0146484375
1076785,19.47021484375
1076913,17.15087890625
1077250,14.34326171875
1077373,14.83154296875
1077948,14.404296875
1078654,14.6484375
1079300,15.0146484375
1080228,14.5263671875
1080905,16.357421875
1081142,14.892578125
1081725,14.22119140625
1083037,15.2587890625
1083735,14.2822265625
1083881,14.22119140625
1086772,14.2822265625
1088251,15.31982421875
1113168,16.6015625
1113251,15.380859375
1113342,14.70947265625
1113435,16.7236328125
1113634,15.13671875
1113733,14.46533203125
1114085,14.6484375
1114194,15.625
1116211,15.07568359375
1116563,14.34326171875
1116826,14.34326171875
1128295,17.2119140625
1128358,14.892578125
1128433,16.05224609375
1128644,18.4326171875
1128978,14.58740234375
1130933,16.90673828125
1151955,15.31982421875
1152041,16.78466796875
1152291,14.404296875
1152497,14.34326171875
1153662,14.16015625
1154090,18.1884765625
1178120,16.11328125
1178183,14.22119140625
1178229,14.6484375
1178287,14.34326171875
1178533,15.0146484375
1178646,15.0146484375
1178832,14.34326171875
1178965,14.22119140625
1180105,16.2353515625
1180259,15.13671875
1383643,17.76123046875
1383710,17.02880859375
1383754,15.7470703125
1383845,15.380859375
1383912,15.2587890625
1384004,17.88330078125
1384081,14.83154296875
1384175,14.2822265625
1384700,15.07568359375
1384971,14.22119140625
1400554,14.5263671875
1509042,14.95361328125
1509078,18.49365234375
1509151,20.01953125
1509172,15.93017578125
1509220,15.380859375
1509297,14.2822265625
1509459,15.07568359375
1509640,14.7705078125
1510076,14.22119140625
1526264,15.31982421875
1526483,15.5029296875
1526625,16.66259765625
1526669,16.845703125
1526699,15.19775390625
1526746,14.22119140625
1526792,15.7470703125
1526904,18.12744140625
1527016,15.5029296875
1527146,16.6015625
1527276,14.46533203125
1591139,14.404296875
1591206,22.0947265625
1591278,14.16015625
1591327,17.7001953125
1591342,14.404296875
1591361,14.58740234375
1591456,16.357421875
1591532,15.68603515625
1591642,14.34326171875
1591749,15.44189453125
1591998,14.58740234375
1592147,15.380859375
1592684,14.46533203125
1718129,14.7705078125
1718198,15.5029296875
1718222,14.6484375
1718261,20.69091796875
1718320,21.17919921875
1718397,20.93505859375
1718466,15.0146484375
1718553,15.19775390625
1718644,14.70947265625
1718720,18.85986328125
1718826,15.380859375
1718975,15.44189453125
1719725,14.7705078125
1730469,16.66259765625
1730679,15.44189453125
1730700,15.07568359375
1730786,20.32470703125
1730909,14.95361328125
1758556,18.37158203125
1758648,17.63916015625
1758683,15.13671875
1758702,16.2353515625
1758734,16.4794921875
1758829,15.7470703125
1758923,16.357421875
1759010,14.404296875
1759136,14.7705078125
1759147,18.98193359375
1759761,14.6484375
1816769,14.16015625
1816808,14.22119140625
1816838,20.99609375
1816870,20.1416015625
1816916,15.44189453125
1816965,15.56396484375
1816985,18.6767578125
1817132,16.17431640625
1817235,20.99609375
1817594,16.357421875
2030027,14.34326171875
2058020,18.9208984375
2058067,19.47021484375
2058080,18.00537109375
2058117,15.0146484375
2058150,18.24951171875
2058298,16.357421875
2058339,15.56396484375
2058515,16.66259765625
2058797,14.5263671875
2059182,15.44189453125
2118130,16.6015625
2118187,14.34326171875
2118350,16.357421875
2118402,18.1884765625
2118420,18.37158203125
2118572,14.22119140625
2118642,16.17431640625
2118780,15.68603515625
2118913,15.07568359375
2155840,17.39501953125
2155966,15.56396484375
2156118,15.9912109375
2156208,14.2822265625
2156229,14.46533203125
2156427,16.4794921875
2357244,17.27294921875
2357275,14.95361328125
2357290,16.05224609375
2357309,16.845703125
2357369,18.4326171875
2357441,15.5029296875
2357523,14.7705078125
2357660,18.61572265625
2358289,15.9912109375
2358514,14.892578125
2499977,16.6015625
2500057,18.37158203125
2500127,15.7470703125
2500214,14.6484375
2500553,16.6015625
2500693,16.2353515625
2563718,15.7470703125
2563878,14.892578125
2563929,21.17919921875
2563942,17.51708984375
2564016,15.80810546875
2564107,16.357421875
2564137,14.404296875
2564295,14.16015625
2564410,14.6484375
2564435,18.49365234375
2564911,15.19775390625
2565153,14.16015625
2595683,14.34326171875
2595782,17.7001953125
2595804,14.892578125
2595945,17.39501953125
2595960,14.70947265625
2595989,15.93017578125
2596095,16.17431640625
2596218,17.578125
2596296,14.892578125
2648184,19.287109375
2648284,14.16015625
2648374,14.83154296875
2648416,19.10400390625
2648498,14.404296875
2648515,16.11328125
2648547,15.80810546875
2648586,17.2119140625
2648778,14.2822265625
2648976,14.7705078125
2649126,14.7705078125
2709466,16.29638671875
2709835,19.59228515625
2709925,16.29638671875
2710009,14.34326171875
2710156,17.88330078125
2710283,18.00537109375
2809005,15.5029296875
2809066,14.22119140625
2809119,18.310546875
2809153,18.37158203125
2809196,14.6484375
2809240,17.39501953125
2809295,14.58740234375
2809345,17.51708984375
2837996,14.2822265625
2850191,15.380859375
2850380,16.2353515625
2850465,15.380859375
2850487,17.51708984375
2850975,15.625
2851236,14.22119140625
2851558,14.46533203125
3007102,18.00537109375
3007121,23.37646484375
3007187,15.7470703125
3007255,17.9443359375
3007878,18.12744140625
3008053,14.58740234375
3008276,14.16015625
3036631,16.845703125
3036695,14.46533203125
3036900,17.15087890625
3036952,16.41845703125
3036997,15.380859375
3037306,14.70947265625
3038262,15.68603515625
3142859,21.66748046875
3142882,16.845703125
3142921,14.95361328125
3142958,15.56396484375
3143038,15.56396484375
3143236,17.02880859375
3143634,15.44189453125
3143808,15.93017578125
3262855,14.34326171875
3263011,15.7470703125
3263076,16.845703125
3263100,17.39501953125
3263175,15.31982421875
3263243,15.0146484375
3263323,14.404296875
3263539,14.46533203125
3264469,15.31982421875
3294233,14.46533203125
3294288,16.11328125
3294560,15.380859375
3294583,16.4794921875
3294620,14.6484375
3294641,14.16015625
3294724,15.80810546875
3294763,15.869140625
3294835,15.0146484375
3294846,18.798828125
3294937,14.16015625
3295379,15.625
3295546,17.51708984375
3295748,16.11328125
3345991,16.7236328125
3346088,21.728515625
3346137,15.19775390625
3346161,14.95361328125
3346183,14.5263671875
3346245,14.22119140625
3346338,19.775390625
3346405,14.5263671875
3347111,16.17431640625
3401161,16.7236328125
3401346,16.41845703125
3401401,15.2587890625
3401550,16.66259765625
3401764,15.380859375
3402441,15.2587890625
3402636,15.19775390625
3605149,15.31982421875
3605205,24.47509765625
3605245,17.822265625
3605257,17.39501953125
3605280,18.85986328125
3605350,14.2822265625
3605481,14.22119140625
3605542,17.333984375
3605625,16.17431640625
3605867,14.404296875
3606032,15.0146484375
3638086,15.68603515625
3638149,14.70947265625
3638215,14.16015625
3638307,14.892578125
3638318,15.0146484375
3638357,14.58740234375
3638378,15.2587890625
3638400,17.39501953125
3638440,16.7236328125
3638455,17.02880859375
3638487,19.8974609375
3638589,22.8271484375
3638691,16.9677734375
3638893,15.625
3639443,14.34326171875
3670961,14.7705078125
3671029,15.7470703125
3671238,15.869140625
3671339,17.02880859375
3671354,15.31982421875
3671389,14.5263671875
3671413,14.95361328125
3671448,14.58740234375
3671549,18.49365234375
3671892,15.0146484375
3744969,15.380859375
3745059,14.34326171875
3745124,14.892578125
3745169,17.02880859375
3745182,16.9677734375
3745248,14.34326171875
3745288,16.6015625
3745374,16.78466796875
3745439,14.404296875
3745552,14.22119140625
3746355,15.19775390625
3816450,15.5029296875
3816460,19.34814453125
3816534,14.2822265625
3816551,14.83154296875
3816607,14.46533203125
3816682,14.70947265625
3816705,16.05224609375
3816758,17.39501953125
3816836,14.70947265625
3817217,15.68603515625
3817570,15.0146484375
3871358,16.11328125
3871577,14.2822265625
3871597,18.4326171875
3871639,22.4609375
3871665,14.22119140625
3871675,21.8505859375
3871841,15.9912109375
3871954,16.41845703125
3872075,15.13671875
3964793,14.46533203125
3964933,18.12744140625
3965043,16.7236328125
3965061,17.15087890625
3965136,22.216796875
3965161,15.07568359375
3965207,19.34814453125
3965256,15.13671875
3965293,14.5263671875
3965625,14.46533203125
3965720,14.46533203125
3966252,16.2353515625
3996626,14.58740234375
3996641,14.16015625
3996742,15.80810546875
3996834,14.83154296875
3996927,14.16015625
3997048,18.37158203125
3997265,15.56396484375
3997525,17.4560546875
3997782,17.08984375
3997925,14.70947265625
3998371,14.7705078125
4033292,14.404296875
4033415,16.4794921875
4033439,14.22119140625
4033517,14.7705078125
4033607,14.892578125
4033714,18.6767578125
4033821,14.95361328125
4033917,14.7705078125
4034035,14.58740234375
4034652,15.68603515625
4037478,14.34326171875
4038340,14.70947265625
4039215,14.5263671875
4115081,17.4560546875
4115219,15.31982421875
4115313,14.83154296875
4115399,21.6064453125
4115493,18.37158203125
4116528,14.7705078125
4116808,15.68603515625
4144741,15.625
4145121,17.7001953125
4145317,14.892578125
4145515,14.2822265625
4145758,17.76123046875
4146216,17.27294921875
4146402,14.16015625
4266855,14.16015625
4267021,18.98193359375
4267043,20.56884765625
4267063,21.3623046875
4267077,14.95361328125
4267131,15.380859375
4267198,14.6484375
4267239,18.310546875
4267264,16.845703125
4267520,14.46533203125
4267619,15.380859375
4268019,15.380859375
4331379,14.58740234375
4331520,19.34814453125
4331603,14.58740234375
4331736,16.7236328125
4331822,15.13671875
4331894,14.46533203125
4332370,14.34326171875
4332515,15.380859375
4414952,14.7705078125
4414998,15.68603515625
4415061,16.6015625
4415081,19.47021484375
4415148,16.90673828125
4415198,14.404296875
4415256,16.41845703125
4415394,14.46533203125
4415519,14.83154296875
4415646,14.16015625
4415897,14.892578125
4416212,16.357421875
4443475,17.9443359375
4443538,15.9912109375
4443662,14.22119140625
4443759,24.23095703125
4443891,15.0146484375
4443956,19.6533203125
4443987,15.31982421875
4444168,16.41845703125
4444288,14.22119140625
4444555,15.9912109375
4513374,14.46533203125
4513439,14.34326171875
4513544,15.44189453125
4513621,22.27783203125
4513670,15.80810546875
4513725,15.625
4513854,15.56396484375
4513953,14.5263671875
4514174,15.44189453125
4514584,15.625
4514777,14.5263671875
4562410,14.58740234375
4562627,18.06640625
4562717,17.7001953125
4562880,14.22119140625
4562892,17.51708984375
4597899,15.19775390625
4597952,15.869140625
4598034,15.0146484375
4598144,14.16015625
4598236,17.9443359375
4598324,16.357421875
4598416,15.44189453125
4598614,14.16015625
4598685,14.5263671875
4598740,14.70947265625
4598865,19.6533203125
4598990,14.2822265625
4599242,16.17431640625
4599386,14.16015625
4599972,14.58740234375
4601131,15.2587890625
4601244,15.56396484375
4601436,16.17431640625
4601923,14.83154296875
4602547,14.2822265625
4604363,15.7470703125
4605970,14.22119140625
4606500,14.95361328125
4607302,15.07568359375
4607582,14.46533203125
4608513,14.892578125
4659090,19.8974609375
4659212,14.892578125
4659309,18.4326171875
4659407,14.83154296875
4659499,18.310546875
4659770,14.58740234375
4659871,17.15087890625
4659984,14.34326171875
4660093,14.6484375
4661182,15.625
4666229,15.68603515625
4667621,14.83154296875
4669175,16.845703125
4669718,14.16015625
4672264,14.2822265625
4672621,14.16015625
4718301,17.02880859375
4718383,16.9677734375
4718538,14.83154296875
4718637,14.6484375
4718942,16.11328125
4719153,14.16015625
4719260,16.05224609375
4719656,14.83154296875
4719842,15.68603515625
4720033,14.22119140625
4720882,14.5263671875
4720993,14.70947265625
4721398,14.16015625
4721747,14.83154296875
4722353,15.5029296875
4724090,14.16015625
4726970,15.07568359375
4727404,18.00537109375
4727987,14.5263671875
4771904,16.66259765625
4771969,15.56396484375
4772048,15.625
4772142,16.357421875
4772241,16.54052734375
4772556,15.68603515625
4772798,14.5263671875
4772932,14.70947265625
4774984,14.22119140625
4775290,15.0146484375
4775704,14.95361328125
4775957,14.892578125
4777442,15.93017578125
4779820,16.11328125
4780177,14.7705078125
4822508,18.5546875
4822669,14.404296875
4823063,15.44189453125
4823201,14.70947265625
4823723,14.95361328125
4823869,14.95361328125
4824536,15.0146484375
4824717,14.22119140625
4825025,14.83154296875
4825568,14.34326171875
4827328,15.13671875
4874652,15.869140625
4874815,15.07568359375
4875459,14.5263671875
4875686,14.2822265625
4875950,14.5263671875
4876125,14.58740234375
4876492,15.5029296875
4876871,16.29638671875
4877035,14.7705078125
4877255,17.2119140625
4877683,15.7470703125
4878570,14.34326171875
4878927,15.56396484375
4880768,14.7705078125
4930496,15.9912109375
4930602,15.93017578125
4930798,15.5029296875
4930813,16.29638671875
4930909,19.95849609375
4931257,16.2353515625
4931374,16.11328125
4931778,16.54052734375
4932135,15.625
4933101,14.2822265625
4933745,16.29638671875
4934037,14.22119140625
4936081,14.404296875
4936633,15.9912109375
4938102,17.88330078125
4998442,15.7470703125
4998526,18.12744140625
4998707,18.00537109375
4999146,15.380859375
4999198,17.39501953125
4999259,15.44189453125
4999464,14.46533203125
4999562,15.2587890625
4999658,15.869140625
4999744,16.845703125
4999795,14.58740234375
5000749,14.5263671875
5117929,14.2822265625
5118160,14.95361328125
5118260,14.22119140625
5118361,15.31982421875
5118386,14.892578125
5118452,14.22119140625
5118779,15.13671875
5118932,17.08984375
5119383,14.34326171875
5119561,14.6484375
5199709,19.6533203125
5199784,16.6015625
5199818,16.90673828125
5199856,15.0146484375
5199882,15.380859375
5200025,16.41845703125
5200169,14.6484375
5200309,14.34326171875
5200407,14.46533203125
5201045,15.380859375
5343273,15.19775390625
5343323,14.95361328125
5343517,15.869140625
5343635,16.357421875
5343686,15.7470703125
5343774,15.31982421875
5343796,14.95361328125
5343832,15.9912109375
5343894,15.68603515625
5343963,17.02880859375
5344025,14.404296875
5344051,16.29638671875
5363420,15.9912109375
5363494,15.7470703125
5364148,16.9677734375
5364290,14.5263671875
5364748,14.404296875
5365501,14.34326171875
5365687,17.578125
5365925,18.73779296875
5366085,16.2353515625
5366353,17.76123046875
5366907,16.41845703125
5367155,14.2822265625
5369221,15.44189453125
5371052,14.6484375
5371573,14.95361328125
5371839,16.05224609375
5396992,16.29638671875
5465855,15.7470703125
5465900,15.380859375
5465922,18.310546875
5465963,17.2119140625
5465987,24.59716796875
5466049,22.03369140625
5466101,14.95361328125
5466159,16.11328125
5466361,15.13671875
5466882,14.95361328125
5467659,14.16015625
5480839,15.44189453125
5481518,16.41845703125
5481623,14.7705078125
5481641,15.31982421875
5481690,14.7705078125
5481738,17.02880859375
5481898,14.5263671875
5482002,14.2822265625
5482198,14.70947265625
5482335,15.68603515625
5482562,17.4560546875
5483031,14.70947265625
5484079,15.7470703125
5641638,14.95361328125
5641695,14.58740234375
5641753,17.15087890625
5641831,16.17431640625
5641905,14.892578125
5642016,15.44189453125
5642156,14.46533203125
5642229,14.2822265625
5642441,16.9677734375
5642668,14.892578125
5642940,16.845703125
5643245,14.404296875
5643466,16.357421875
5724723,14.83154296875
5724778,15.0146484375
5724800,15.380859375
5724814,16.54052734375
5724824,15.07568359375
5724852,14.70947265625
5724873,15.93017578125
5724900,17.63916015625
5724937,15.869140625
5724987,17.08984375
5725193,14.83154296875
5725362,17.51708984375
5725608,15.5029296875
5725770,19.71435546875
5726138,14.34326171875
5726684,15.625
5743350,15.2587890625
5743447,15.13671875
5743531,14.58740234375
5743634,15.7470703125
5743740,16.78466796875
5743784,16.11328125
5743802,15.2587890625
5743875,17.822265625
5743957,14.22119140625
5744152,17.578125
5744236,14.22119140625
5744544,15.869140625
5744606,16.41845703125
5843496,16.11328125
5843644,14.404296875
5843710,14.83154296875
5843720,16.54052734375
5843780,16.05224609375
5843983,16.9677734375
5844023,17.578125
5844115,14.2822265625
5844402,14.58740234375
5844511,15.07568359375
5844703,15.19775390625
5860830,14.404296875
5861292,14.7705078125
5861540,15.07568359375
5861637,16.11328125
5862277,16.78466796875
6006040,16.54052734375
6006393,15.2587890625
6006443,18.61572265625
6006485,17.27294921875
6006514,16.17431640625
6006548,14.2822265625
6006565,14.7705078125
6006582,14.83154296875
6006652,16.90673828125
6006731,17.578125
6006919,16.9677734375
6007171,14.70947265625
6007842,15.56396484375
6020380,14.46533203125
6020548,14.83154296875
6020712,15.19775390625
6021078,14.892578125
6021266,15.13671875
6021695,15.19775390625
6022008,15.93017578125
6023301,14.58740234375
6085458,15.0146484375
6125565,15.9912109375
6125593,18.4326171875
6125621,16.845703125
6125636,14.46533203125
6125698,15.31982421875
6125729,15.5029296875
6125781,16.17431640625
6125836,14.2822265625
6125981,18.24951171875
6126112,15.0146484375
6126255,14.70947265625
6126479,14.2822265625
6140761,14.46533203125
6140829,14.22119140625
6141127,17.51708984375
6141273,16.05224609375
6141391,15.0146484375
6141408,14.83154296875
6141524,26.123046875
6142079,16.11328125
6158065,14.2822265625
6158131,20.93505859375
6158200,14.95361328125
6158539,14.892578125
6158801,15.380859375
6161729,15.625
6163338,15.5029296875
6164562,14.46533203125
6165539,14.404296875
6166163,14.46533203125
6166555,14.16015625
6167517,14.892578125
6167990,14.6484375
6246698,14.58740234375
6247017,20.5078125
6247097,15.625
6247114,17.7001953125
6247178,18.4326171875
6247241,16.6015625
6247416,15.19775390625
6247483,16.11328125
6247586,17.9443359375
6248087,17.39501953125
6298108,15.07568359375
6298188,15.56396484375
6298257,19.4091796875
6298466,16.66259765625
6298646,21.484375
6298740,16.357421875
6298837,16.17431640625
6299405,15.5029296875
6299730,14.83154296875
6300022,15.9912109375
6300508,15.19775390625
6419522,15.31982421875
6419591,14.46533203125
6419618,14.95361328125
6419693,18.73779296875
6419817,15.2587890625
6419927,15.31982421875
6420195,14.5263671875
6420534,15.80810546875
6420801,14.70947265625
6434075,14.16015625
6436896,15.80810546875
6437433,16.54052734375
6438142,15.0146484375
6438401,15.19775390625
6438617,15.13671875
6438825,18.06640625
6439095,15.68603515625
6440332,14.892578125
6441219,15.56396484375
6441492,14.2822265625
6442164,15.2587890625
6442935,16.78466796875
6563159,15.19775390625
6563193,17.333984375
6563203,23.3154296875
6563225,14.5263671875
6563335,18.310546875
6563385,15.0146484375
6563457,17.88330078125
6563579,14.7705078125
6563592,14.404296875
6563670,14.70947265625
6563874,16.41845703125
6563978,15.31982421875
6564079,16.41845703125
6564201,15.2587890625
6564648,15.13671875
6576048,15.869140625
6576227,17.9443359375
6576290,14.22119140625
6576964,15.625
6577600,14.58740234375
6577811,14.2822265625
6578456,14.2822265625
6581737,14.34326171875
6581974,14.2822265625
6627015,14.5263671875
6627070,19.4091796875
6627140,14.22119140625
6627270,20.69091796875
6627353,14.46533203125
6627380,17.15087890625
6627426,14.16015625
6627512,16.41845703125
6627677,15.56396484375
6627873,17.822265625
6628417,16.54052734375
6655373,14.34326171875
6666537,15.0146484375
6666606,14.70947265625
6666724,14.83154296875
6666895,16.41845703125
6666906,14.34326171875
6666971,14.34326171875
6667271,15.68603515625
6667609,18.00537109375
6668044,14.22119140625
6760637,14.6484375
6760819,15.93017578125
6760976,16.05224609375
6761219,15.80810546875
6761395,15.80810546875
6761502,16.90673828125
6762340,14.7705078125
6800875,15.68603515625
6800910,15.0146484375
6801037,14.2822265625
6801130,17.2119140625
6801301,15.80810546875
6801597,16.17431640625
6802233,16.90673828125
6908066,17.15087890625
6908076,20.5078125
6908151,14.892578125
6908172,15.0146484375
6908183,14.46533203125
6908212,15.13671875
6908251,18.1884765625
6908267,15.93017578125
6908392,14.46533203125
6908429,14.7705078125
6908585,15.80810546875
6908675,17.15087890625
6910118,15.56396484375
6978326,14.70947265625
7092425,14.95361328125
7092566,15.869140625
7092640,14.70947265625
7092698,14.70947265625
7092764,14.83154296875
7092819,17.08984375
7092926,15.56396484375
7093100,15.31982421875
7093372,14.7705078125
7093739,15.2587890625
7094016,14.95361328125
7106553,15.56396484375
7111672,15.2587890625
7111802,15.13671875
7111924,14.70947265625
7112047,14.34326171875
7112152,16.05224609375
7112253,15.5029296875
7112473,20.263671875
7112578,15.13671875
7112708,14.58740234375
7113782,15.19775390625
7198776,14.34326171875
7199035,15.0146484375
7199062,15.2587890625
7199126,14.58740234375
7199151,19.10400390625
7199203,15.380859375
7199342,16.7236328125
7199797,14.5263671875
7200596,15.56396484375
7200785,15.19775390625
7215736,15.68603515625
7216034,14.34326171875
7216092,14.34326171875
7216187,17.15087890625
7216364,17.88330078125
7216569,14.95361328125
7217601,15.0146484375
7289639,16.357421875
7289699,18.06640625
7289774,14.70947265625
7289788,14.16015625
7289834,16.78466796875
7289853,17.333984375
7289896,15.19775390625
7289938,18.06640625
7290092,20.81298828125
7290179,16.05224609375
7290269,16.17431640625
7291194,14.95361328125
7308358,14.7705078125
7308668,15.0146484375
7309331,14.2822265625
7309463,18.61572265625
7309736,14.46533203125
7310186,15.380859375
7310216,15.31982421875
7310571,17.39501953125
7426475,15.9912109375
7426509,20.3857421875
7426538,15.9912109375
7426565,16.78466796875
7426749,15.13671875
7426952,14.404296875
7427217,15.93017578125
7427716,16.11328125
7428428,15.44189453125
7455571,14.34326171875
7456082,14.6484375
7456279,16.4794921875
7456627,16.2353515625
7456758,14.892578125
7456894,14.404296875
7457187,15.2587890625
7486520,16.4794921875
7486623,18.85986328125
7486804,14.16015625
7487206,18.6767578125
7487833,16.11328125
7488879,15.44189453125
7502726,18.5546875
7502920,17.08984375
7502958,16.845703125
7503004,14.6484375
7503090,14.6484375
7503400,17.88330078125
7503621,15.56396484375
7503745,15.19775390625
7503874,18.85986328125
7504000,14.46533203125
7504187,15.7470703125
7504329,16.9677734375
7504512,17.9443359375
7505232,14.34326171875
7645722,15.0146484375
7645769,14.404296875
7645996,14.16015625
7646107,16.78466796875
7646187,14.34326171875
7646343,15.380859375
7646504,14.892578125
7646602,17.7001953125
7646716,14.2822265625
7700067,14.16015625
7700187,19.775390625
7700384,15.93017578125
7700479,14.404296875
7700652,17.578125
7700756,15.56396484375
7700869,14.58740234375
7701958,15.56396484375
7702389,15.56396484375
7756974,14.16015625
7757251,14.83154296875
7757428,14.83154296875
7757600,15.5029296875
7757701,14.83154296875
7757947,15.13671875
7758015,14.2822265625
7758600,15.869140625
7758749,15.19775390625
7857393,15.5029296875
7857418,14.34326171875
7857436,14.46533203125
7857466,14.34326171875
7857522,16.6015625
7857542,18.73779296875
7857604,22.0947265625
7857659,21.240234375
7857724,19.287109375
7857796,15.0146484375
7857851,17.39501953125
7857887,16.2353515625
7857971,15.380859375
7858113,14.5263671875
7858315,14.2822265625
7978342,14.22119140625
7978536,14.404296875
7978636,14.83154296875
7978681,17.27294921875
7978727,16.4794921875
7978858,14.5263671875
7978883,18.310546875
7978956,15.13671875
7979048,17.08984375
7979417,16.9677734375
8020683,14.2822265625
8020833,16.05224609375
8020883,15.2587890625
8020970,14.58740234375
8021062,16.90673828125
8021160,17.51708984375
8021268,14.5263671875
8021368,15.5029296875
8085029,17.08984375
8085135,18.9208984375
8085176,15.869140625
8085224,15.0146484375
8085302,16.845703125
8085333,14.34326171875
8085372,16.05224609375
8085442,15.68603515625
8085476,20.08056640625
8085522,16.29638671875
8085591,18.1884765625
8085707,15.5029296875
8085828,19.8974609375
8086116,15.0146484375
8086394,16.845703125
8086569,14.58740234375
8086772,16.357421875
8177628,16.66259765625
8177679,15.80810546875
8177839,16.17431640625
8178001,14.70947265625
8178018,15.80810546875
8178096,14.22119140625
8178154,14.7705078125
8178184,17.88330078125
8178258,15.7470703125
8178426,16.11328125
8178640,15.9912109375
8178878,14.58740234375
8179169,15.07568359375
8237328,14.404296875
8263063,15.13671875
8263119,15.2587890625
8263290,18.98193359375
8263389,15.380859375
8263482,14.58740234375
8263619,17.333984375
8263735,15.625
8264142,14.7705078125
8264384,14.2822265625
8264522,15.07568359375
8264884,14.404296875
8444821,14.404296875
8444876,19.8974609375
8444891,17.822265625
8444946,15.56396484375
8445058,17.7001953125
8445180,15.7470703125
8445228,15.07568359375
8445301,14.892578125
8445507,19.59228515625
8445784,20.01953125
8446061,16.29638671875
8446719,14.892578125
8446912,14.46533203125
8448348,14.22119140625
8462312,15.07568359375
8471603,15.31982421875
8471665,14.892578125
8471760,15.31982421875
8471820,16.845703125
8471859,14.83154296875
8471880,18.00537109375
8471942,17.51708984375
8472010,15.5029296875
8472164,16.11328125
8472242,14.46533203125
8472371,14.46533203125
8473007,17.27294921875
8473328,14.95361328125
8473500,15.19775390625
8523320,15.19775390625
8523411,20.20263671875
8523474,14.404296875
8523502,18.00537109375
8523536,14.6484375
8523562,14.95361328125
8523644,20.751953125
8523683,14.2822265625
8523708,14.7705078125
8523811,17.63916015625
8523836,15.625
8523905,17.578125
8524227,14.70947265625
8524335,14.58740234375
8524471,14.7705078125
8524841,18.61572265625
8557404,15.380859375
8557458,15.0146484375
8557519,16.54052734375
8557569,17.822265625
8557633,14.16015625
8557698,16.7236328125
8557913,17.7001953125
8558089,15.625
8558239,14.83154296875
8558263,15.56396484375
8558466,18.310546875
8559544,14.70947265625
8586575,17.15087890625
8586619,17.27294921875
8586673,14.83154296875
8586699,14.95361328125
8586781,15.13671875
8586832,17.76123046875
8587004,15.0146484375
8587236,17.822265625
8587335,14.22119140625
8588061,16.17431640625
8589003,15.19775390625
8616215,16.05224609375
8616303,19.287109375
8616334,14.58740234375
8616375,14.46533203125
8616450,15.625
8616508,14.70947265625
8616606,14.404296875
8616734,15.93017578125
8616940,14.95361328125
8617031,16.9677734375
8617237,14.46533203125
8617500,16.845703125
8617768,14.83154296875
8618255,14.2822265625
8618461,14.58740234375
8625645,16.2353515625
8625751,14.16015625
8625874,17.76123046875
8625950,16.4794921875
8626054,14.404296875
8626154,19.4091796875
8626306,14.58740234375
8641702,16.41845703125
8641771,15.9912109375
8642206,14.6484375
8642564,15.07568359375
8642726,14.16015625
8643075,14.58740234375
8643259,15.0146484375
8655476,16.845703125
8655760,15.380859375
8655834,19.8974609375
8656032,14.2822265625
8656145,14.34326171875
8656241,14.46533203125
8673464,15.93017578125
8673494,15.380859375
8673575,15.13671875
8673731,14.34326171875
8673846,16.2353515625
8674096,15.80810546875
8683393,18.1884765625
8683490,14.404296875
8683583,18.00537109375
8683692,16.7236328125
8684548,14.16015625
8694371,18.6767578125
8694424,14.34326171875
8694502,14.58740234375
8694577,19.1650390625
8695034,14.16015625
8696050,15.44189453125
8702462,15.19775390625
8711531,17.4560546875
8711762,14.95361328125
8712591,16.11328125
8720496,14.2822265625
8720733,16.54052734375
8720843,18.24951171875
8728967,15.19775390625
8729074,16.41845703125
8729920,17.76123046875
8738697,15.19775390625
8739285,15.93017578125
8746489,18.98193359375
8746825,15.31982421875
8757093,15.07568359375
8757223,16.05224609375
8768036,15.80810546875
8781795,17.63916015625
8781884,14.892578125
8782533,16.4794921875
8782719,15.07568359375
8783003,14.2822265625
8825951,14.46533203125
8826062,14.892578125
8826310,15.7470703125
8831407,15.44189453125
8832325,15.07568359375
8866872,14.6484375
8867064,14.16015625
8867295,14.46533203125
8867883,14.6484375
8868106,14.2822265625
8869039,16.54052734375
8869428,16.357421875
8908420,16.7236328125
8908713,15.13671875
8909874,16.845703125
8910338,14.22119140625
8945239,14.404296875
8947156,14.46533203125
8948605,16.7236328125
8996066,15.2587890625
9000093,14.70947265625
9038724,17.7001953125
9038790,14.16015625
9038953,16.29638671875
9039171,14.16015625
9039307,14.46533203125
9040133,15.68603515625
9040432,14.58740234375
9040555,14.5263671875
9042009,14.58740234375
9088199,14.22119140625
9088583,15.380859375
9088769,15.68603515625
9088896,14.5263671875
9089012,14.16015625
9089255,15.19775390625
9089503,14.6484375
9089641,15.0146484375
9089949,15.0146484375
9090465,15.07568359375
9090646,14.70947265625
9091978,14.404296875
9166889,14.22119140625
9236161,14.2822265625
9236274,14.70947265625
9236677,15.19775390625
9236799,14.46533203125
9237025,14.83154296875
9237436,14.58740234375
9263776,14.892578125
9263987,15.625
9264088,15.869140625
9265120,14.46533203125
9265234,16.17431640625
9292830,14.16015625
9423682,14.892578125
9423803,16.6015625
9423920,15.93017578125
9423977,18.24951171875
9424089,16.17431640625
9424168,15.5029296875
9424882,15.869140625
9435020,15.380859375
9585496,15.380859375
9585519,16.11328125
9585604,15.31982421875
9585658,17.578125
9585802,14.6484375
9585920,15.93017578125
9586002,15.13671875
9586088,14.58740234375
9586849,14.46533203125
9586969,15.31982421875
9601864,15.68603515625
9758561,15.9912109375
9758719,15.80810546875
9758852,14.2822265625
9758955,15.93017578125
9759023,17.02880859375
9759119,19.775390625
9759238,15.0146484375
9759561,14.6484375
9759660,15.0146484375
9760029,15.625
9760311,18.24951171875
9773867,15.5029296875
9773997,15.9912109375
9774181,14.22119140625
9774223,14.16015625
9774246,14.6484375
9774332,18.12744140625
9774348,15.5029296875
9774445,15.56396484375
9774540,16.9677734375
9774893,14.16015625
9775163,14.6484375
9775739,14.404296875
9775971,17.15087890625
9816721,14.70947265625
9817151,15.2587890625
9906627,15.93017578125
9906829,14.46533203125
9906862,15.869140625
9906920,16.05224609375
9906964,16.78466796875
9907027,14.46533203125
9907114,18.12744140625
9907125,15.07568359375
9907182,14.22119140625
9907262,16.4794921875
9907321,15.80810546875
9907399,16.845703125
9907604,14.2822265625
9907709,14.404296875
10021789,14.58740234375
10021826,14.404296875
10021861,14.58740234375
10021889,15.13671875
10021926,16.17431640625
10021965,14.7705078125
10022000,16.6015625
10022032,17.333984375
10022065,14.46533203125
10022102,14.404296875
10022116,16.41845703125
10022155,14.7705078125
10022217,14.16015625
10022275,15.13671875
10023296,17.88330078125
10023447,16.6015625
10091416,14.34326171875
10091532,14.70947265625
10091598,15.0146484375
10091618,14.46533203125
10091644,16.78466796875
10091661,18.98193359375
10091672,15.31982421875
10091731,14.95361328125
10091782,19.71435546875
10091962,15.31982421875
10092029,15.380859375
10092106,15.0146484375
10092169,14.6484375
10092365,14.404296875
10092470,14.46533203125
10092563,15.380859375
10092936,14.46533203125
10093567,14.70947265625
10093754,15.2587890625
10217331,15.07568359375
10217508,18.61572265625
10217622,16.17431640625
10217688,15.7470703125
10217757,17.9443359375
10217818,14.95361328125
10217835,21.728515625
10217885,14.34326171875
10217990,14.70947265625
10218059,16.17431640625
10218140,16.11328125
10218229,14.5263671875
10218823,14.83154296875
10218944,15.80810546875
10219091,15.44189453125
10219266,15.2587890625
10238869,14.2822265625
10239128,14.5263671875
10239412,14.6484375
10239531,17.02880859375
10239756,18.00537109375
10240246,15.31982421875
10240417,14.22119140625
10240740,15.07568359375
10241332,14.46533203125
10373087,15.19775390625
10393432,14.404296875
10431746,17.9443359375
10431781,19.6533203125
10431884,17.2119140625
10431899,15.869140625
10431934,16.7236328125
10431948,14.7705078125
10431985,25.390625
10432025,14.2822265625
10432037,17.15087890625
10432102,15.13671875
10432154,15.0146484375
10433026,14.46533203125
10433637,15.19775390625
10434027,14.2822265625
10434308,15.31982421875
10455916,15.80810546875
10455969,17.4560546875
10456040,15.869140625
10456164,16.357421875
10456244,18.73779296875
10456336,15.31982421875
10456353,16.66259765625
10456515,17.27294921875
10456673,14.404296875
10456751,14.22119140625
10456778,15.13671875
10456847,15.13671875
10456935,15.80810546875
10457012,14.404296875
10457283,17.2119140625
10457811,17.578125
10458350,14.6484375
10458556,14.892578125
10505456,15.9912109375
10505576,15.625
10505630,14.95361328125
10505664,15.13671875
10505757,18.24951171875
10505788,14.22119140625
10505883,14.83154296875
10505951,15.44189453125
10505978,17.333984375
10506051,16.29638671875
10506717,14.46533203125
10506828,15.0146484375
10540998,15.19775390625
10541109,15.68603515625
10541186,17.2119140625
10541274,14.83154296875
10541285,19.34814453125
10541331,15.7470703125
10541350,15.380859375
10541427,20.3857421875
10541439,14.70947265625
10541563,15.0146484375
10541696,16.90673828125
10541875,17.08984375
10542191,14.70947265625
10542299,15.5029296875
10542859,14.46533203125
10573604,14.70947265625
10573645,14.83154296875
10573684,17.88330078125
10573781,15.380859375
10573796,16.4794921875
10573849,16.05224609375
10573910,21.30126953125
10573974,15.80810546875
10574586,15.93017578125
10575090,14.95361328125
10603698,18.310546875
10603769,14.22119140625
10603785,14.70947265625
10603906,17.08984375
10603932,16.6015625
10603970,15.80810546875
10604005,17.27294921875
10604089,14.58740234375
10604268,15.380859375
10604607,14.6484375
10604956,15.5029296875
10605269,14.404296875
10631924,17.88330078125
10632142,14.16015625
10632164,14.7705078125
10632216,18.85986328125
10632237,17.333984375
10632294,15.19775390625
10632384,15.93017578125
10632540,15.380859375
10632636,14.34326171875
10658954,15.19775390625
10659045,17.63916015625
10659138,14.34326171875
10659247,17.39501953125
10659340,16.11328125
10659616,15.380859375
10660175,15.380859375
10684077,15.13671875
10684188,16.29638671875
10684365,14.83154296875
10684466,15.93017578125
10684564,16.2353515625
10684672,14.404296875
10685269,14.34326171875
10685448,14.6484375
10709875,15.68603515625
10709979,16.7236328125
10710192,19.22607421875
10710506,16.29638671875
10710625,14.46533203125
10735484,15.68603515625
10735611,16.357421875
10735736,14.46533203125
10735851,16.29638671875
10735965,14.404296875
10736090,14.16015625
10736185,14.7705078125
10758799,15.56396484375
10781729,15.5029296875
10782172,14.34326171875
10782328,16.2353515625
10782629,14.892578125
10816469,16.2353515625
10816532,17.88330078125
10816689,15.19775390625
10816944,15.19775390625
10817650,15.2587890625
10878757,16.54052734375
10879313,15.380859375
10879637,14.95361328125
10879940,16.29638671875
10880019,15.625
10880227,18.1884765625
10880925,14.892578125
10881095,16.9677734375
10881411,15.380859375
10910724,15.80810546875
10911352,15.7470703125
10911449,14.46533203125
10911644,16.29638671875
10911753,15.07568359375
10911855,14.892578125
10912179,17.333984375
10912454,14.404296875
10913213,14.95361328125
11140797,14.2822265625
11140998,15.13671875
11141123,15.68603515625
11141301,15.13671875
11141320,14.2822265625
11141371,15.0146484375
11141462,17.15087890625
11141599,15.31982421875
11141665,14.70947265625
11141826,16.845703125
11142086,15.13671875
11142587,14.404296875
11169198,16.41845703125
11169284,15.07568359375
11169817,18.00537109375
11169906,17.15087890625
11170107,16.2353515625
11170125,14.7705078125
11170202,14.58740234375
11170295,14.2822265625
11170509,14.83154296875
11170765,14.22119140625
11171585,15.0146484375
11209474,14.404296875
11256918,15.93017578125
11256982,20.69091796875
11257005,20.32470703125
11257028,14.892578125
11257039,19.53125
11257073,14.34326171875
11257115,14.6484375
11257145,15.19775390625
11257190,15.13671875
11257252,17.2119140625
11257310,16.17431640625
11257433,17.4560546875
11257473,14.70947265625
11258936,14.7705078125
11398939,16.54052734375
11399040,14.7705078125
11399102,17.2119140625
11399187,16.7236328125
11399235,14.5263671875
11399252,15.625
11399306,14.70947265625
11399520,17.578125
11399783,15.13671875
11399862,14.46533203125
11557526,14.5263671875
11561851,14.83154296875
11561893,14.5263671875
11561919,16.7236328125
11561941,16.845703125
11561995,18.1884765625
11562014,14.83154296875
11562070,15.80810546875
11562132,17.333984375
11562245,20.99609375
11562380,15.5029296875
11562570,16.17431640625
11562643,15.5029296875
11562819,16.29638671875
11563221,15.31982421875
11563633,15.56396484375
11563766,14.95361328125
11564056,15.19775390625
11678842,17.39501953125
11678933,16.05224609375
11679021,15.80810546875
11679045,15.0146484375
11679087,15.19775390625
11679290,15.625
11679333,16.11328125
11679468,15.0146484375
11679508,14.22119140625
11679539,14.892578125
11679602,17.15087890625
11679768,16.05224609375
11763016,15.869140625
11763176,14.95361328125
11763284,14.83154296875
11763353,15.31982421875
11763373,17.333984375
11763393,15.0146484375
11763435,15.869140625
11763471,16.66259765625
11763571,14.2822265625
11763903,14.6484375
11764005,14.7705078125
11764103,15.9912109375
11764398,14.70947265625
11764909,14.83154296875
11765199,15.68603515625
11765955,15.7470703125
11780603,14.16015625
11871539,14.46533203125
11871742,18.1884765625
11871880,14.34326171875
11871964,14.83154296875
11871979,14.46533203125
11872004,14.404296875
11872072,16.41845703125
11872209,16.17431640625
11872257,23.8037109375
11872660,14.70947265625
11872855,15.380859375
11873092,16.2353515625
11873255,14.46533203125
11874691,14.46533203125
11951027,15.0146484375
11951144,14.22119140625
11951337,19.287109375
11951402,18.37158203125
11951413,14.58740234375
11951475,16.845703125
11951533,15.13671875
11951604,18.1884765625
11951842,14.34326171875
11952134,14.5263671875
11952337,15.869140625
11952434,14.5263671875
11953061,16.29638671875
