11999000,0
59124,18.1884765625
59182,23.3154296875
59196,27.099609375
59256,30.57861328125
59269,24.2919921875
59323,32.16552734375
59408,29.72412109375
59498,19.95849609375
59525,20.44677734375
59569,19.04296875
59672,22.0947265625
59988,26.06201171875
60213,26.611328125
60622,26.85546875
60911,27.89306640625
87879,31.6162109375
87948,27.2216796875
88048,27.83203125
88140,29.84619140625
88218,27.587890625
88291,30.94482421875
88447,30.6396484375
206958,30.029296875
206994,20.263671875
207016,29.6630859375
207056,33.14208984375
207073,30.94482421875
207112,26.3671875
207145,26.85546875
207217,42.90771484375
207450,26.0009765625
207664,23.681640625
207983,17.88330078125
208039,30.029296875
208577,29.47998046875
208855,27.2216796875
234077,28.86962890625
234137,23.86474609375
234158,25.0244140625
234229,19.8974609375
234260,22.0947265625
234315,28.01513671875
234386,26.0009765625
234408,29.6630859375
234591,27.2216796875
234633,17.76123046875
234748,29.1748046875
234949,21.30126953125
235661,26.3671875
272907,19.287109375
272928,18.85986328125
273028,27.28271484375
273060,36.376953125
273097,32.77587890625
273143,20.5078125
273161,29.9072265625
273232,26.123046875
273249,25.87890625
273329,29.6630859375
273498,30.1513671875
273597,17.7001953125
274404,23.4375
288704,34.5458984375
288823,31.8603515625
288891,26.611328125
288930,27.83203125
383922,40.283203125
383969,26.9775390625
383984,28.62548828125
384023,31.43310546875
384040,28.86962890625
384111,32.65380859375
384129,22.4609375
384217,34.48486328125
384260,22.705078125
384317,17.822265625
384485,17.88330078125
384497,23.193359375
384615,24.5361328125
385039,26.67236328125
385353,26.55029296875
565980,18.798828125
566025,27.40478515625
566042,30.57861328125
566083,44.49462890625
566104,19.59228515625
566134,22.88818359375
566209,27.52685546875
566392,30.029296875
566537,20.99609375
566547,30.21240234375
566719,26.55029296875
566901,25.390625
567164,27.9541015625
596549,26.2451171875
596572,32.8369140625
596626,31.005859375
596659,20.3857421875
596696,26.0009765625
596765,23.86474609375
596787,24.59716796875
596906,22.5830078125
597045,28.1982421875
597271,26.85546875
597751,28.86962890625
656881,17.63916015625
656900,38.26904296875
656954,30.6396484375
657019,35.0341796875
657029,29.9072265625
657106,30.09033203125
657148,25.5126953125
657170,21.728515625
657209,31.1279296875
657469,22.64404296875
675541,20.6298828125
675623,29.9072265625
675705,22.3388671875
675814,29.84619140625
675941,23.37646484375
676062,21.17919921875
676176,22.216796875
676321,22.94921875
676453,26.123046875
676592,28.076171875
676688,18.310546875
676840,27.40478515625
676931,27.83203125
677072,30.33447265625
677212,19.83642578125
677316,20.08056640625
677596,28.74755859375
677768,20.08056640625
713663,30.94482421875
713717,24.658203125
713774,18.798828125
713831,30.33447265625
713845,27.03857421875
713928,29.296875
713950,24.10888671875
714054,32.53173828125
714115,18.6767578125
714259,19.95849609375
714436,24.10888671875
714622,24.10888671875
826280,36.376953125
826344,29.6630859375
826354,33.38623046875
826401,39.85595703125
826465,23.62060546875
826496,26.42822265625
826542,27.40478515625
826587,19.1650390625
826648,31.55517578125
826877,21.3623046875
826972,26.611328125
827245,31.25
845927,20.263671875
845987,30.2734375
846054,22.52197265625
846170,21.240234375
846277,18.5546875
846382,18.49365234375
846475,18.9208984375
846537,19.95849609375
846629,23.13232421875
846722,17.822265625
846825,28.3203125
847000,28.62548828125
847141,21.17919921875
847276,22.88818359375
847423,18.85986328125
847532,18.4326171875
847900,22.88818359375
848059,18.61572265625
848185,23.193359375
848438,24.169921875
869984,18.6767578125
870059,26.2451171875
870148,22.0947265625
870254,31.73828125
870333,23.4375
870415,24.0478515625
870543,20.99609375
870657,21.42333984375
870783,20.263671875
870951,18.61572265625
871074,26.123046875
871205,23.4375
871341,20.8740234375
871466,27.83203125
871593,20.99609375
871742,23.49853515625
871919,21.3623046875
872067,19.8974609375
872202,20.20263671875
872361,19.22607421875
872535,21.240234375
930632,30.76171875
930682,31.06689453125
930762,21.30126953125
930857,22.64404296875
930930,20.93505859375
930947,26.4892578125
931045,18.98193359375
931160,18.49365234375
931289,21.3623046875
931420,19.95849609375
931564,23.25439453125
931707,27.587890625
931837,20.01953125
931994,20.44677734375
932192,21.05712890625
932407,24.71923828125
932691,20.1416015625
960099,32.5927734375
960165,26.85546875
960230,26.611328125
960321,28.1982421875
960408,24.59716796875
960499,21.1181640625
960601,26.67236328125
960715,18.37158203125
960807,17.822265625
960906,21.8505859375
961064,18.49365234375
961204,18.12744140625
961320,27.16064453125
961452,27.03857421875
961582,21.05712890625
961712,19.10400390625
961856,21.66748046875
962001,21.78955078125
962176,17.63916015625
962401,22.27783203125
962674,21.240234375
1060800,27.83203125
1060847,29.11376953125
1060928,30.33447265625
1061009,31.3720703125
1061098,19.6533203125
1061187,24.90234375
1061220,22.5830078125
1061315,19.83642578125
1061445,23.5595703125
1061596,19.1650390625
1061751,29.72412109375
1061888,21.66748046875
1062080,19.95849609375
1062226,19.53125
1062420,21.66748046875
1062604,26.611328125
1062821,20.1416015625
1076647,19.47021484375
1076708,24.7802734375
1076797,29.78515625
1076892,22.0947265625
1076993,27.77099609375
1077098,20.81298828125
1077181,25.146484375
1077293,19.775390625
1077398,26.3671875
1077552,20.263671875
1077652,18.12744140625
1077765,24.84130859375
1077873,25.390625
1077997,28.38134765625
1078193,23.4375
1078358,19.95849609375
1078515,20.5078125
1078645,27.28271484375
1078840,18.310546875
1078980,18.798828125
1079131,26.2451171875
1079333,22.94921875
1079687,20.6298828125
1083486,21.97265625
1083583,24.59716796875
1083727,17.7001953125
1083866,21.3623046875
1084036,23.681640625
1084232,20.1416015625
1084409,23.5595703125
1084606,22.27783203125
1084849,23.62060546875
1113234,28.62548828125
1113300,24.90234375
1113409,21.3623046875
1113546,23.4375
1113677,18.49365234375
1113812,21.30126953125
1113946,21.484375
1114091,21.54541015625
1114245,21.78955078125
1114447,19.4091796875
1114642,24.23095703125
1114950,25.0244140625
1128440,33.447265625
1128515,24.59716796875
1128627,17.88330078125
1128749,18.85986328125
1128892,19.22607421875
1129033,23.193359375
1129186,27.89306640625
1129373,20.1416015625
1129569,24.84130859375
1151984,20.93505859375
1152048,18.9208984375
1152149,19.6533203125
1152285,23.3154296875
1152442,20.8740234375
1152605,23.3154296875
1152742,22.52197265625
1152910,22.27783203125
1153171,28.3203125
1153511,18.61572265625
1178197,19.287109375
1178243,28.38134765625
1178300,21.42333984375
1178386,20.751953125
1178525,22.3388671875
1178661,20.32470703125
1178826,21.728515625
1179002,18.73779296875
1179199,22.52197265625
1383657,35.15625
1383709,28.80859375
1383749,19.95849609375
1383765,36.1328125
1383820,27.28271484375
1383929,26.06201171875
1384035,18.310546875
1384135,24.47509765625
1384369,25.146484375
1384579,27.2216796875
1384791,29.296875
1385109,27.52685546875
1509007,19.287109375
1509029,28.9306640625
1509084,34.36279296875
1509140,35.70556640625
1509201,27.89306640625
1509237,20.81298828125
1509286,18.98193359375
1509350,19.6533203125
1509399,26.85546875
1509505,31.494140625
1509641,30.21240234375
1509798,23.98681640625
1509981,35.0341796875
1510164,26.611328125
1510363,25.32958984375
1510550,29.72412109375
1510906,25.81787109375
1526431,20.44677734375
1526690,41.68701171875
1526779,41.9921875
1526852,27.099609375
1526888,18.37158203125
1526932,23.3154296875
1526944,19.1650390625
1527029,28.38134765625
1527150,26.4892578125
1527246,28.86962890625
1527367,32.71484375
1527464,28.86962890625
1527579,31.1279296875
1527696,21.91162109375
1527801,26.9775390625
1527914,27.9541015625
1528087,24.2919921875
1528202,30.3955078125
1528330,25.93994140625
1528460,27.03857421875
1528574,29.47998046875
1528745,26.67236328125
1528877,23.8037109375
1529070,24.35302734375
1591241,32.28759765625
1591296,26.3671875
1591321,37.29248046875
1591352,32.71484375
1591413,39.306640625
1591430,21.8505859375
1591484,24.59716796875
1591507,21.97265625
1591529,26.42822265625
1591609,29.23583984375
1591726,26.611328125
1591825,28.62548828125
1591960,22.0947265625
1592146,26.7333984375
1592295,23.5595703125
1592453,27.89306640625
1592619,27.587890625
1592775,26.91650390625
1592932,27.28271484375
1593137,26.611328125
1593326,29.541015625
1593583,24.2919921875
1718216,19.8974609375
1718246,20.44677734375
1718296,30.21240234375
1718364,41.32080078125
1718384,18.6767578125
1718423,27.2216796875
1718478,19.287109375
1718501,32.71484375
1718579,26.30615234375
1718661,18.798828125
1718689,38.6962890625
1718802,28.38134765625
1718859,19.34814453125
1718921,26.91650390625
1719057,27.64892578125
1719184,34.11865234375
1719340,31.6162109375
1719479,31.43310546875
1719655,27.03857421875
1719831,25.7568359375
1720037,22.39990234375
1720244,28.076171875
1720481,26.2451171875
1730544,20.44677734375
1730630,37.841796875
1730703,18.310546875
1730752,27.77099609375
1730866,28.6865234375
1730878,27.2216796875
1730969,25.390625
1731100,24.0478515625
1731258,24.90234375
1731415,29.296875
1731590,31.25
1731758,27.83203125
1731927,27.83203125
1732163,27.9541015625
1758651,23.4375
1758701,24.10888671875
1758724,24.84130859375
1758777,18.12744140625
1758792,30.517578125
1758891,30.21240234375
1758921,29.60205078125
1758974,21.78955078125
1759002,25.32958984375
1759278,28.01513671875
1759428,26.30615234375
1759661,24.59716796875
1759848,28.13720703125
1760100,26.2451171875
1760512,29.1748046875
1816540,18.49365234375
1816753,27.83203125
1816792,21.1181640625
1816820,22.52197265625
1816830,25.7568359375
1816843,19.53125
1816879,30.33447265625
1816900,27.7099609375
1816940,28.50341796875
1817009,28.3203125
1817021,28.25927734375
1817145,40.8935546875
1817350,26.06201171875
1817478,28.4423828125
1817618,28.25927734375
1817755,33.8134765625
1817945,30.09033203125
1818120,26.79443359375
1818314,28.9306640625
1818498,32.16552734375
1818757,25.2685546875
1819112,25.69580078125
2058011,31.494140625
2058067,25.45166015625
2058099,39.1845703125
2058127,28.076171875
2058153,22.94921875
2058189,28.13720703125
2058263,28.25927734375
2058286,22.39990234375
2058357,33.63037109375
2058466,30.45654296875
2058607,28.01513671875
2058773,26.4892578125
2058896,29.052734375
2059078,26.06201171875
2059340,25.0244140625
2059540,22.27783203125
2059751,26.123046875
2060053,27.4658203125
2117802,18.310546875
2118112,22.88818359375
2118300,38.02490234375
2118337,30.1513671875
2118365,27.03857421875
2118408,28.80859375
2118440,20.6298828125
2118471,27.9541015625
2118543,27.7099609375
2118559,29.60205078125
2118642,27.52685546875
2118714,21.1181640625
2118769,29.541015625
2118915,24.47509765625
2119162,25.7568359375
2119366,29.052734375
2119635,24.658203125
2119912,26.91650390625
2155911,21.17919921875
2155934,31.8603515625
2155970,31.8603515625
2156003,24.23095703125
2156042,27.40478515625
2156075,24.5361328125
2156137,27.16064453125
2156168,26.42822265625
2156210,30.45654296875
2156247,18.24951171875
2156338,26.42822265625
2156481,27.16064453125
2156621,26.42822265625
2156788,28.3203125
2156983,28.62548828125
2157261,26.42822265625
2357211,22.52197265625
2357270,24.35302734375
2357326,40.771484375
2357385,30.21240234375
2357408,19.04296875
2357451,23.92578125
2357489,19.71435546875
2357502,20.44677734375
2357537,29.9072265625
2357686,28.99169921875
2357789,30.6396484375
2357926,33.935546875
2358095,30.6396484375
2358268,28.6865234375
2358411,26.55029296875
2358633,30.2734375
2358847,26.3671875
2359244,24.59716796875
2499951,35.7666015625
2500004,34.66796875
2500027,30.76171875
2500059,29.60205078125
2500075,29.72412109375
2500088,18.85986328125
2500119,28.9306640625
2500199,37.9638671875
2500212,20.99609375
2500277,34.7900390625
2500401,28.3203125
2500525,27.03857421875
2500687,24.0478515625
2500863,24.169921875
2501033,27.77099609375
2501256,24.658203125
2501613,24.10888671875
2563927,29.72412109375
2563945,23.86474609375
2563969,25.20751953125
2564004,30.57861328125
2564026,34.1796875
2564064,23.193359375
2564107,22.15576171875
2564130,29.1748046875
2564283,18.49365234375
2564311,31.1279296875
2564472,37.9638671875
2564624,28.25927734375
2564797,26.18408203125
2564999,23.8037109375
2565329,27.28271484375
2565596,26.06201171875
2595799,28.01513671875
2595855,27.34375
2595878,35.400390625
2595949,20.1416015625
2595966,29.84619140625
2596049,26.85546875
2596072,22.216796875
2596108,17.7001953125
2596152,35.70556640625
2596195,19.47021484375
2596365,21.30126953125
2648315,20.6298828125
2648372,35.33935546875
2648440,18.310546875
2648466,23.01025390625
2648511,31.005859375
2648556,25.08544921875
2648604,24.4140625
2648674,21.17919921875
2648797,29.84619140625
2709659,24.658203125
2709711,30.70068359375
2709758,25.20751953125
2709769,23.01025390625
2709839,24.7802734375
2709851,34.912109375
2709928,31.6162109375
2709961,19.04296875
2710071,29.052734375
2710130,19.47021484375
2809101,30.82275390625
2809143,28.076171875
2809174,30.6396484375
2809208,26.123046875
2809244,28.13720703125
2809266,27.34375
2809322,27.2216796875
2809383,19.47021484375
2809397,27.2216796875
2809500,26.4892578125
2809511,20.93505859375
2809630,31.3720703125
2809684,19.775390625
2809853,27.89306640625
2809959,19.775390625
2810090,26.67236328125
2810412,27.587890625
2850195,31.18896484375
2850244,28.9306640625
2850303,30.82275390625
2850381,31.73828125
2850416,23.74267578125
2850508,25.634765625
2850577,22.64404296875
2850623,26.4892578125
2850773,22.88818359375
2850855,23.92578125
2851003,19.287109375
2851102,20.01953125
2851223,21.6064453125
2851377,22.52197265625
2851509,20.3857421875
2851712,31.31103515625
2851994,32.1044921875
3007045,26.4892578125
3007101,32.16552734375
3007161,38.9404296875
3007241,22.94921875
3007253,19.4091796875
3007320,24.84130859375
3007422,31.6162109375
3007555,25.57373046875
3007697,31.73828125
3007876,25.146484375
3008103,23.5595703125
3008354,29.11376953125
3036754,20.81298828125
3036815,33.02001953125
3036888,29.96826171875
3036946,27.34375
3037003,26.4892578125
3037096,20.751953125
3037213,21.3623046875
3037287,22.0947265625
3037298,30.2734375
3037413,22.88818359375
3037601,19.04296875
3037765,24.23095703125
3037933,24.23095703125
3142822,32.1044921875
3142872,38.330078125
3142909,22.52197265625
3142923,29.96826171875
3142976,31.67724609375
3142996,26.85546875
3143025,18.37158203125
3143042,32.77587890625
3143082,22.76611328125
3143110,20.01953125
3143164,31.3720703125
3143229,22.76611328125
3143395,18.9208984375
3143408,27.64892578125
3143690,27.34375
3162775,26.06201171875
3263033,18.85986328125
3263044,25.390625
3263071,18.00537109375
3263101,41.56494140625
3263147,27.77099609375
3263159,27.2216796875
3263207,28.6865234375
3263249,31.31103515625
3263282,29.47998046875
3263343,25.87890625
3263402,17.76123046875
3263471,18.798828125
3263485,30.21240234375
3263614,26.2451171875
3263785,26.55029296875
3264007,26.79443359375
3264201,26.85546875
3264594,27.34375
3294532,31.31103515625
3294575,35.0341796875
3294626,31.31103515625
3294642,23.4375
3294689,17.7001953125
3294701,29.9072265625
3294729,32.16552734375
3294775,28.50341796875
3294811,18.5546875
3294863,27.64892578125
3294878,31.8603515625
3294959,25.2685546875
3295034,24.10888671875
3295182,19.95849609375
3295194,32.3486328125
3295556,33.38623046875
3295866,28.1982421875
3346053,21.91162109375
3346110,19.10400390625
3346164,30.6396484375
3346177,22.39990234375
3346238,34.11865234375
3346254,27.587890625
3346309,27.4658203125
3346400,38.51318359375
3346516,29.11376953125
3346549,20.99609375
3346711,29.9072265625
3347009,25.390625
3347351,25.57373046875
3401407,27.7099609375
3401463,26.06201171875
3401535,30.8837890625
3401577,26.611328125
3401631,33.447265625
3401675,27.7099609375
3401771,23.193359375
3401845,23.193359375
3401879,23.37646484375
3402122,21.3623046875
3605171,26.2451171875
3605226,33.87451171875
3605256,20.08056640625
3605282,31.25
3605306,22.76611328125
3605345,33.203125
3605369,33.935546875
3605447,28.564453125
3605538,27.9541015625
3605585,22.64404296875
3605667,28.86962890625
3605966,27.40478515625
3606195,23.681640625
3606419,28.3203125
3606638,24.59716796875
3606955,30.09033203125
3638321,26.55029296875
3638364,21.78955078125
3638374,21.42333984375
3638430,34.11865234375
3638507,27.2216796875
3638563,25.634765625
3638579,26.2451171875
3638662,36.07177734375
3638716,23.13232421875
3638781,29.78515625
3638995,27.77099609375
3639191,25.81787109375
3639393,22.64404296875
3639614,23.98681640625
3639861,26.2451171875
3671188,21.54541015625
3671245,27.099609375
3671309,26.55029296875
3671383,26.06201171875
3671452,18.798828125
3671551,29.541015625
3671601,21.3623046875
3671665,25.20751953125
3671911,26.85546875
3672146,30.09033203125
3672359,28.01513671875
3672794,30.76171875
3745115,30.33447265625
3745130,31.3720703125
3745160,33.63037109375
3745199,28.076171875
3745222,19.287109375
3745263,32.65380859375
3745291,18.00537109375
3745350,31.1279296875
3745371,19.287109375
3745381,18.00537109375
3745433,18.49365234375
3745470,21.30126953125
3745510,20.6298828125
3745546,18.73779296875
3745602,25.634765625
3816415,17.88330078125
3816463,34.1796875
3816521,23.0712890625
3816563,34.97314453125
3816620,23.49853515625
3816631,29.541015625
3816712,19.95849609375
3816748,31.3720703125
3816855,31.55517578125
3816957,18.310546875
3817012,24.35302734375
3817037,18.310546875
3817181,28.74755859375
3817396,29.11376953125
3817605,24.84130859375
3817815,27.4658203125
3818090,26.2451171875
3871491,24.90234375
3871545,33.5693359375
3871595,41.50390625
3871663,30.2734375
3871709,24.59716796875
3871745,27.34375
3871826,18.06640625
3871850,32.28759765625
3872029,25.81787109375
3964989,24.90234375
3965039,37.65869140625
3965057,28.076171875
3965096,21.91162109375
3965133,31.67724609375
3965185,19.47021484375
3965199,29.47998046875
3965251,21.240234375
3965275,36.56005859375
3965333,28.6865234375
3965388,27.2216796875
3965489,23.98681640625
3965604,26.3671875
3965729,29.72412109375
3965853,21.54541015625
3966195,26.2451171875
3996720,22.0947265625
3996780,29.296875
3996842,23.49853515625
3996944,26.06201171875
3997012,22.4609375
3997102,29.60205078125
3997191,22.39990234375
3997293,21.78955078125
3997412,20.3857421875
3997589,23.92578125
3997690,31.67724609375
3997914,19.95849609375
3998048,19.4091796875
3998144,27.9541015625
3998271,26.18408203125
3998718,26.611328125
3998853,18.9208984375
4033397,34.423828125
4033460,25.146484375
4033519,35.400390625
4033616,26.67236328125
4033713,21.54541015625
4033791,23.193359375
4033895,22.64404296875
4034017,21.3623046875
4034108,22.76611328125
4034252,20.44677734375
4034364,27.099609375
4034453,18.310546875
4034592,20.32470703125
4034691,18.24951171875
4034962,21.54541015625
4035116,26.85546875
4035233,22.64404296875
4035437,29.6630859375
4035640,21.78955078125
4035752,20.8740234375
4036042,22.8271484375
4036311,21.484375
4038187,17.63916015625
4115139,17.7001953125
4115232,32.8369140625
4115288,28.3203125
4115354,22.15576171875
4115392,29.9072265625
4115446,21.54541015625
4115522,46.142578125
4115609,27.34375
4115773,20.751953125
4115945,18.310546875
4116174,20.8740234375
4144851,20.99609375
4144913,30.6396484375
4144989,19.8974609375
4145094,20.1416015625
4145197,20.08056640625
4145313,20.32470703125
4145456,26.18408203125
4145589,18.00537109375
4145767,20.263671875
4145928,21.484375
4146150,23.74267578125
4146332,19.6533203125
4267004,17.822265625
4267037,26.2451171875
4267079,36.2548828125
4267107,30.82275390625
4267124,25.57373046875
4267172,32.28759765625
4267192,26.123046875
4267302,24.10888671875
4267356,25.08544921875
4267509,26.91650390625
4331470,23.74267578125
4331527,19.47021484375
4331601,43.76220703125
4331761,19.22607421875
4331785,18.98193359375
4331959,18.00537109375
4415009,30.70068359375
4415039,18.37158203125
4415064,35.0341796875
4415086,31.494140625
4415119,29.296875
4415142,28.74755859375
4415179,26.67236328125
4415208,22.94921875
4415290,28.74755859375
4415335,26.7333984375
4415516,29.1748046875
4443752,23.193359375
4443824,24.96337890625
4443865,18.6767578125
4443907,35.2783203125
4443986,26.18408203125
4444000,31.18896484375
4444082,27.52685546875
4444208,25.0244140625
4444590,23.8037109375
4513530,18.5546875
4513598,32.89794921875
4513687,34.1796875
4513791,28.50341796875
4513906,28.13720703125
4513917,25.69580078125
4562486,17.822265625
4562609,23.01025390625
4562673,27.28271484375
4562747,18.06640625
4562853,19.22607421875
4562951,19.47021484375
4562985,41.80908203125
4563095,20.08056640625
4563120,23.01025390625
4598126,20.01953125
4598186,22.52197265625
4598260,22.8271484375
4598358,20.99609375
4598461,27.587890625
4598580,18.12744140625
4598664,27.099609375
4598784,30.517578125
4598859,22.3388671875
4598976,20.5078125
4599139,22.94921875
4599227,24.5361328125
4599355,19.34814453125
4599445,24.169921875
4599597,17.9443359375
4599736,24.658203125
4599827,18.6767578125
4600009,19.10400390625
4600275,21.05712890625
4659238,21.3623046875
4659301,32.40966796875
4659388,19.47021484375
4659490,23.92578125
4659630,19.6533203125
4659735,17.9443359375
4659746,23.8037109375
4659877,22.52197265625
4659995,20.263671875
4660154,23.5595703125
4660334,23.86474609375
4660554,20.81298828125
4718504,21.54541015625
4718579,28.076171875
4718716,25.57373046875
4718836,19.83642578125
4718965,20.81298828125
4719092,22.216796875
4719247,20.32470703125
4719433,19.22607421875
4719773,29.6630859375
4721334,17.822265625
4723278,18.6767578125
4727016,18.37158203125
4727419,18.12744140625
4772029,23.13232421875
4772150,20.1416015625
4772255,31.43310546875
4772446,20.81298828125
4772652,25.45166015625
4772954,21.8505859375
4774094,19.04296875
4774387,19.47021484375
4822792,20.44677734375
4822915,33.8134765625
4823143,28.9306640625
4823287,27.28271484375
4823460,20.01953125
4823729,29.84619140625
4874918,30.1513671875
4875028,26.06201171875
4875192,26.55029296875
4875319,22.3388671875
4875455,24.0478515625
4875606,22.4609375
4875686,20.20263671875
4875818,18.12744140625
4876037,21.1181640625
4930941,19.59228515625
4931102,22.4609375
4931210,17.9443359375
4931244,28.50341796875
4931386,28.3203125
4931589,20.44677734375
4932731,19.10400390625
4998601,18.798828125
4998747,20.1416015625
4998876,21.97265625
4999055,20.263671875
4999182,28.13720703125
4999278,27.9541015625
4999382,23.681640625
4999490,29.9072265625
4999605,21.91162109375
4999714,17.822265625
4999827,23.3154296875
5000073,19.47021484375
5000306,23.62060546875
5001526,18.00537109375
5117963,31.25
5118052,23.92578125
5118126,27.28271484375
5118229,25.81787109375
5118291,20.01953125
5118417,19.95849609375
5118480,21.05712890625
5118557,20.8740234375
5118701,20.08056640625
5118795,20.69091796875
5118899,19.4091796875
5119073,19.95849609375
5119162,19.8974609375
5119272,19.95849609375
5119371,24.5361328125
5119476,18.37158203125
5119599,19.83642578125
5119797,29.72412109375
5199763,32.53173828125
5199820,38.6962890625
5199883,26.85546875
5199946,26.85546875
5199958,19.287109375
5200027,29.47998046875
5200132,33.87451171875
5200263,34.11865234375
5200413,26.30615234375
5200644,29.9072265625
5200851,29.052734375
5201052,28.25927734375
5201268,26.85546875
5201539,27.52685546875
5343665,21.54541015625
5343763,28.1982421875
5343833,34.3017578125
5343870,31.005859375
5343904,26.9775390625
5343967,33.38623046875
5344013,18.49365234375
5344045,29.35791015625
5344130,31.18896484375
5344264,32.470703125
5344423,28.3203125
5344623,26.123046875
5344892,29.96826171875
5345323,27.03857421875
5363485,18.12744140625
5365636,18.85986328125
5465877,20.56884765625
5465936,43.02978515625
5465992,33.69140625
5466027,17.88330078125
5466048,29.72412109375
5466065,22.4609375
5466112,18.798828125
5466127,25.45166015625
5466142,28.9306640625
5466256,29.35791015625
5466392,29.72412109375
5466588,27.16064453125
5466726,33.50830078125
5466949,26.06201171875
5467101,26.91650390625
5467317,27.83203125
5467494,24.5361328125
5467679,27.4658203125
5467884,27.40478515625
5468077,27.34375
5468304,28.564453125
5481656,19.95849609375
5481732,34.0576171875
5481801,31.6162109375
5481870,32.28759765625
5481893,24.23095703125
5481958,27.4658203125
5482189,33.14208984375
5482304,31.43310546875
5482417,30.45654296875
5482548,23.37646484375
5482620,19.47021484375
5482712,24.59716796875
5482850,26.9775390625
5482956,28.25927734375
5483237,27.587890625
5483375,28.9306640625
5483496,30.517578125
5483635,24.5361328125
5483800,24.23095703125
5483975,27.16064453125
5484119,29.47998046875
5484298,26.67236328125
5484491,25.69580078125
5641652,22.94921875
5641704,28.86962890625
5641754,29.052734375
5641769,21.728515625
5641796,17.9443359375
5641807,35.46142578125
5641852,23.86474609375
5641870,31.25
5641928,22.27783203125
5642065,23.5595703125
5642215,31.494140625
5642387,27.2216796875
5642542,25.7568359375
5642595,18.310546875
5642948,26.2451171875
5643094,31.55517578125
5643131,17.822265625
5643272,24.4140625
5643437,27.28271484375
5643629,26.0009765625
5643847,28.3203125
5644050,28.076171875
5644271,30.70068359375
5724754,34.7900390625
5724803,28.86962890625
5724857,33.5693359375
5724909,33.14208984375
5724919,17.76123046875
5724949,18.4326171875
5724967,31.3720703125
5724995,32.958984375
5725069,19.6533203125
5725088,23.25439453125
5725221,21.05712890625
5725231,21.17919921875
5725364,24.90234375
5725503,19.775390625
5725535,25.08544921875
5725683,27.03857421875
5725848,21.05712890625
5726348,23.98681640625
5726589,28.80859375
5726806,24.96337890625
5727039,27.52685546875
5727287,23.74267578125
5727511,27.77099609375
5743644,23.5595703125
5743723,20.263671875
5743789,28.50341796875
5743840,22.64404296875
5743859,29.052734375
5743943,35.64453125
5744025,24.10888671875
5744064,20.6298828125
5744524,28.1982421875
5744925,30.70068359375
5745101,26.85546875
5745266,34.36279296875
5745438,28.62548828125
5745628,28.3203125
5745847,25.87890625
5746033,22.64404296875
5746233,27.64892578125
5843651,25.81787109375
5843689,20.6298828125
5843737,29.4189453125
5843764,18.73779296875
5843800,30.2734375
5843857,25.5126953125
5843867,26.67236328125
5843929,31.67724609375
5843988,21.6064453125
5844147,23.62060546875
5844212,30.2734375
5844343,25.5126953125
5844486,25.93994140625
5844604,29.47998046875
5844760,29.6630859375
5844911,26.7333984375
5845069,26.0009765625
5845221,28.9306640625
5845427,28.564453125
5845617,28.38134765625
5845782,28.6865234375
5845960,28.1982421875
5861216,23.13232421875
5861307,18.24951171875
5861336,22.76611328125
5861394,21.78955078125
5861435,32.53173828125
5861533,25.08544921875
5861617,24.84130859375
5861640,17.822265625
5861739,27.52685546875
5862103,26.91650390625
5862286,17.76123046875
5862341,26.7333984375
5862700,23.98681640625
5862710,18.24951171875
6006335,26.67236328125
6006394,29.541015625
6006467,32.77587890625
6006511,27.2216796875
6006531,24.23095703125
6006600,34.1796875
6006647,21.1181640625
6006677,24.96337890625
6006703,23.5595703125
6006727,18.06640625
6006767,26.123046875
6006846,24.5361328125
6006906,24.10888671875
6006957,20.1416015625
6006978,19.34814453125
6007191,18.98193359375
6007407,33.5693359375
6020789,27.40478515625
6021337,29.60205078125
6021831,23.92578125
6022431,17.76123046875
6125553,25.5126953125
6125606,32.89794921875
6125653,31.6162109375
6125669,29.60205078125
6125710,32.40966796875
6125727,33.935546875
6125785,29.72412109375
6125807,22.3388671875
6125906,41.3818359375
6126013,24.96337890625
6126169,29.11376953125
6126408,29.1748046875
6126913,26.91650390625
6127172,23.4375
6127472,27.40478515625
6127727,26.123046875
6128080,26.91650390625
6141072,18.12744140625
6141098,23.49853515625
6141299,24.0478515625
6141401,25.08544921875
6141497,26.06201171875
6141531,22.52197265625
6141590,31.494140625
6141681,29.1748046875
6141898,19.22607421875
6142213,27.64892578125
6142502,23.62060546875
6158371,19.53125
6158396,24.4140625
6158586,26.55029296875
6162148,18.4326171875
6246896,23.193359375
6246978,20.751953125
6247039,29.296875
6247067,28.01513671875
6247136,23.92578125
6247150,29.541015625
6247162,22.5830078125
6247237,19.4091796875
6247255,27.2216796875
6247391,17.76123046875
6247427,28.9306640625
6298172,18.5546875
6298373,31.6162109375
6298443,30.8837890625
6298506,28.86962890625
6298589,19.1650390625
6298704,18.310546875
6298795,18.1884765625
6298895,29.78515625
6298981,18.49365234375
6299095,24.96337890625
6299199,23.86474609375
6299330,25.81787109375
6299472,21.78955078125
6299597,18.310546875
6299771,31.25
6299909,19.59228515625
6300091,18.49365234375
6300302,26.91650390625
6300513,26.67236328125
6419524,29.296875
6419581,32.16552734375
6419637,42.236328125
6419692,30.3955078125
6419778,23.01025390625
6419801,28.50341796875
6419886,21.05712890625
6419899,22.3388671875
6419931,27.4658203125
6420346,25.45166015625
6437616,25.08544921875
6437906,24.0478515625
6438276,25.146484375
6563136,18.6767578125
6563198,27.34375
6563256,41.44287109375
6563317,49.01123046875
6563372,24.23095703125
6563387,29.47998046875
6563451,28.6865234375
6563490,18.12744140625
6563642,28.74755859375
6563928,25.0244140625
6576433,24.7802734375
6576735,28.99169921875
6577128,25.57373046875
6577510,30.2734375
6577943,18.61572265625
6578339,17.9443359375
6627150,29.1748046875
6627243,23.5595703125
6627261,21.6064453125
6627343,32.65380859375
6627441,25.93994140625
6627463,21.728515625
6627591,24.23095703125
6666551,18.310546875
6666679,19.287109375
6666771,23.01025390625
6666863,22.705078125
6666937,18.798828125
6667026,27.587890625
6667139,18.73779296875
6667222,24.84130859375
6667347,19.95849609375
6667466,19.83642578125
6667593,20.69091796875
6667710,18.12744140625
6667867,19.775390625
6668037,25.32958984375
6668227,26.2451171875
6760702,30.45654296875
6760756,29.96826171875
6760835,30.8837890625
6760917,23.01025390625
6760976,24.5361328125
6760992,17.88330078125
6761081,28.25927734375
6761137,24.84130859375
6761206,26.42822265625
6761312,21.240234375
6761419,22.39990234375
6761553,20.32470703125
6761676,29.296875
6761819,21.05712890625
6762058,20.8740234375
6762267,18.9208984375
6800847,20.3857421875
6800902,25.390625
6800980,30.8837890625
6801001,29.47998046875
6801058,20.751953125
6801139,32.65380859375
6801177,17.63916015625
6801281,19.775390625
6801393,21.484375
6801524,20.8740234375
6801677,17.7001953125
6801901,19.04296875
6802068,22.5830078125
6802240,24.7802734375
6802504,25.20751953125
6908076,36.62109375
6908141,28.99169921875
6908169,23.3154296875
6908200,33.63037109375
6908228,22.705078125
6908271,28.564453125
6908292,31.31103515625
6908348,27.2216796875
6908389,28.9306640625
6908533,26.06201171875
6908586,25.0244140625
7092594,28.25927734375
7092651,36.0107421875
7092696,23.37646484375
7092708,29.84619140625
7092759,22.705078125
7092835,17.76123046875
7092912,17.822265625
7092925,19.287109375
7092960,26.4892578125
7093131,23.3154296875
7093202,19.287109375
7093272,27.89306640625
7093293,18.73779296875
7093641,28.076171875
7111870,20.751953125
7111937,30.33447265625
7111965,18.5546875
7112019,27.587890625
7112088,33.75244140625
7112121,26.79443359375
7112181,18.9208984375
7112206,20.81298828125
7112275,28.6865234375
7112301,17.76123046875
7112433,26.3671875
7112608,27.9541015625
7112818,27.099609375
7113103,21.05712890625
7113288,27.9541015625
7113430,22.94921875
7113601,27.03857421875
7113770,26.18408203125
7113953,27.4658203125
7114200,25.69580078125
7114405,26.85546875
7114664,22.0947265625
7198906,17.9443359375
7199023,23.13232421875
7199069,32.71484375
7199138,28.86962890625
7199203,34.1796875
7199219,17.822265625
7199263,27.7099609375
7199304,18.9208984375
7199352,28.6865234375
7199383,23.3154296875
7199405,26.67236328125
7199645,22.4609375
7216038,18.1884765625
7216056,25.87890625
7216101,24.90234375
7216157,36.1328125
7216236,33.69140625
7216263,18.37158203125
7216331,32.28759765625
7216380,24.59716796875
7216451,26.0009765625
7289686,18.24951171875
7289734,28.6865234375
7289801,41.259765625
7289882,26.7333984375
7289902,21.42333984375
7289928,19.53125
7289969,24.7802734375
7289989,21.484375
7290061,25.69580078125
7290094,18.4326171875
7290184,30.029296875
7290236,22.03369140625
7308884,23.13232421875
7308975,22.705078125
7309083,19.1650390625
7309216,21.1181640625
7309354,18.798828125
7309486,18.6767578125
7309628,18.37158203125
7309800,24.5361328125
7309929,24.10888671875
7310028,20.99609375
7310149,29.84619140625
7310231,23.37646484375
7310382,28.38134765625
7310522,21.30126953125
7310685,20.32470703125
7310839,19.47021484375
7310954,21.6064453125
7311209,29.541015625
7426470,23.74267578125
7426539,27.64892578125
7426570,28.01513671875
7426594,30.33447265625
7426609,24.7802734375
7426661,29.11376953125
7426703,22.8271484375
7426748,32.89794921875
7426802,27.03857421875
7426856,26.55029296875
7455879,22.27783203125
7455964,25.7568359375
7456047,22.0947265625
7456148,34.423828125
7456234,26.42822265625
7456263,18.5546875
7456405,19.1650390625
7456523,26.611328125
7456662,28.74755859375
7456786,20.56884765625
7456973,21.1181640625
7457285,23.49853515625
7486605,27.52685546875
7486664,34.423828125
7486741,19.34814453125
7486840,20.69091796875
7486965,19.47021484375
7487052,18.98193359375
7487142,18.1884765625
7487159,27.9541015625
7487235,20.99609375
7487377,22.216796875
7487474,25.93994140625
7487591,23.3154296875
7487669,19.10400390625
7487775,19.287109375
7487967,21.484375
7488079,26.67236328125
7488212,22.5830078125
7488336,25.390625
7488444,20.3857421875
7488587,24.658203125
7488697,26.79443359375
7488855,20.5078125
7489080,25.87890625
7502966,34.423828125
7503034,22.3388671875
7503055,31.3720703125
7503127,22.64404296875
7503250,19.775390625
7503385,18.61572265625
7503506,19.1650390625
7503643,20.5078125
7503791,21.91162109375
7503910,22.76611328125
7504045,21.05712890625
7504178,18.85986328125
7504354,17.7001953125
7504519,25.45166015625
7504700,24.658203125
7504883,23.681640625
7505122,20.44677734375
7645901,28.1982421875
7645957,19.59228515625
7646028,25.57373046875
7646107,27.89306640625
7646167,20.44677734375
7646228,26.2451171875
7646303,20.69091796875
7646452,23.98681640625
7646529,25.0244140625
7646545,18.798828125
7646665,27.83203125
7646816,26.7333984375
7646954,19.71435546875
7647072,19.34814453125
7647203,28.38134765625
7647325,20.751953125
7647490,24.2919921875
7647731,22.15576171875
7700205,19.59228515625
7700266,26.9775390625
7700330,25.69580078125
7700418,22.52197265625
7700511,18.12744140625
7700586,22.76611328125
7700706,22.64404296875
7700795,21.240234375
7700902,25.93994140625
7701022,22.5830078125
7701137,19.287109375
7701247,20.56884765625
7701365,18.61572265625
7701520,26.3671875
7701639,20.8740234375
7701738,24.7802734375
7701854,19.6533203125
7701963,24.169921875
7702138,18.49365234375
7702302,19.22607421875
7702490,21.78955078125
7757116,24.96337890625
7757191,20.1416015625
7757253,26.123046875
7757337,26.67236328125
7757439,22.76611328125
7757530,22.27783203125
7757625,23.25439453125
7757748,20.8740234375
7757870,19.10400390625
7757975,25.2685546875
7758079,18.85986328125
7758231,17.76123046875
7758335,19.6533203125
7758475,21.240234375
7758630,23.3154296875
7758815,21.05712890625
7758940,21.66748046875
7759189,25.146484375
7759417,20.263671875
7857476,30.1513671875
7857536,24.96337890625
7857588,25.634765625
7857653,45.7763671875
7857725,32.65380859375
7857747,26.3671875
7857857,26.06201171875
7857867,23.4375
7857891,19.34814453125
7857959,42.6025390625
7858084,30.029296875
7978463,30.21240234375
7978535,25.0244140625
7978598,22.94921875
7978670,24.2919921875
7978778,20.99609375
7978799,29.6630859375
7978869,19.10400390625
7978885,31.43310546875
7978911,18.06640625
7978963,31.06689453125
7978983,19.04296875
7979051,26.123046875
7979120,19.53125
7979131,17.9443359375
7979159,30.517578125
7979262,21.66748046875
7979441,20.44677734375
8020723,22.39990234375
8020784,18.37158203125
8020853,20.99609375
8020928,27.77099609375
8021047,19.53125
8021088,24.658203125
8021180,26.18408203125
8021209,26.67236328125
8021312,21.30126953125
8021379,27.52685546875
8021421,18.310546875
8021601,19.10400390625
8021822,20.69091796875
8085210,28.74755859375
8085269,30.517578125
8085300,28.62548828125
8085341,31.06689453125
8085382,31.43310546875
8085452,18.00537109375
8085477,26.7333984375
8085579,23.4375
8085589,32.53173828125
8085783,23.193359375
8177832,27.40478515625
8177897,21.91162109375
8177976,29.1748046875
8178061,31.31103515625
8178115,24.169921875
8178198,23.62060546875
8178218,27.83203125
8178312,32.89794921875
8178422,21.240234375
8178452,21.6064453125
8178594,20.263671875
8263292,31.79931640625
8263372,25.08544921875
8263455,24.5361328125
8263559,18.00537109375
8263583,24.35302734375
8263694,29.296875
8263749,28.50341796875
8263815,21.1181640625
8263991,20.08056640625
8264186,20.32470703125
8444791,34.0576171875
8444845,29.052734375
8444890,31.18896484375
8444950,39.00146484375
8445018,30.94482421875
8445031,29.052734375
8445138,22.4609375
8445246,21.17919921875
8445335,25.87890625
8445349,18.1884765625
8445807,30.57861328125
8446359,29.4189453125
8446540,27.52685546875
8446757,26.18408203125
8446969,29.052734375
8447168,23.3154296875
8447413,26.611328125
8447724,30.45654296875
8471507,18.37158203125
8471818,39.12353515625
8471843,30.21240234375
8471891,41.68701171875
8471921,20.56884765625
8471951,34.36279296875
8472020,24.7802734375
8472039,28.74755859375
8472087,28.74755859375
8472110,22.94921875
8472190,31.67724609375
8472259,23.74267578125
8472299,29.47998046875
8472388,24.169921875
8472546,22.52197265625
8472571,29.72412109375
8472708,43.701171875
8472900,24.47509765625
8473344,20.69091796875
8473514,25.32958984375
8473695,35.46142578125
8473899,26.42822265625
8474092,24.47509765625
8474146,18.24951171875
8474295,35.64453125
8474464,26.55029296875
8474686,29.35791015625
8474916,27.40478515625
8523501,29.78515625
8523528,20.3857421875
8523565,33.69140625
8523586,20.44677734375
8523620,31.06689453125
8523683,29.47998046875
8523706,18.4326171875
8523752,25.93994140625
8523802,22.03369140625
8523908,20.99609375
8524020,24.84130859375
8524313,26.18408203125
8524767,19.6533203125
8557423,20.3857421875
8557469,28.6865234375
8557536,45.95947265625
8557594,27.83203125
8557615,27.77099609375
8557654,32.2265625
8557711,19.71435546875
8557737,26.06201171875
8557795,19.53125
8557837,30.82275390625
8557937,27.64892578125
8558270,27.34375
8560874,19.6533203125
8586555,18.798828125
8586604,29.23583984375
8586668,22.3388671875
8586744,47.66845703125
8586814,29.541015625
8586835,18.310546875
8586926,17.9443359375
8587091,26.7333984375
8616277,31.06689453125
8616346,31.92138671875
8616405,30.57861328125
8616420,28.62548828125
8616463,33.50830078125
8616493,21.3623046875
8616532,48.15673828125
8616610,23.4375
8616880,18.9208984375
8625749,30.21240234375
8625829,25.20751953125
8625919,29.96826171875
8625971,20.6298828125
8626128,23.8037109375
8626186,26.4892578125
8641690,27.9541015625
8641773,28.4423828125
8641808,18.98193359375
8641840,18.4326171875
8641856,29.72412109375
8641956,21.3623046875
8642085,18.61572265625
8642194,19.59228515625
8655455,18.37158203125
8655561,27.7099609375
8655575,19.775390625
8655652,25.7568359375
8655756,27.587890625
8655781,18.798828125
8655883,19.95849609375
8656941,17.76123046875
8673258,19.59228515625
8673399,30.94482421875
8673488,28.9306640625
8673542,25.45166015625
8673608,29.052734375
8673761,20.01953125
8673991,18.6767578125
8683428,18.24951171875
8683487,27.77099609375
8683667,25.08544921875
8683850,21.3623046875
8694473,32.16552734375
8695018,19.59228515625
8695294,19.53125
8702406,23.3154296875
8702650,22.88818359375
8703131,18.9208984375
8720698,26.85546875
8730105,17.88330078125
8738371,18.6767578125
8738487,27.52685546875
8738629,17.88330078125
8756813,19.1650390625
8756872,20.5078125
8757049,18.73779296875
8767991,19.8974609375
8769266,17.63916015625
8781758,18.85986328125
8781976,19.287109375
8826055,23.01025390625
8826434,18.1884765625
8946024,18.06640625
9088537,29.052734375
9236617,19.22607421875
9236687,28.50341796875
9236851,18.73779296875
9236916,26.0009765625
9236992,20.5078125
9237064,30.57861328125
9237149,21.240234375
9237228,26.85546875
9237286,21.30126953125
9237370,19.10400390625
9237436,25.69580078125
9237498,26.123046875
9237589,21.97265625
9237700,19.6533203125
9237830,28.99169921875
9237934,19.775390625
9238033,27.28271484375
9238490,23.3154296875
9263352,20.751953125
9263424,29.84619140625
9263526,25.32958984375
9263623,26.7333984375
9263751,18.798828125
9263876,20.20263671875
9264006,18.1884765625
9264109,19.22607421875
9264226,20.3857421875
9264311,26.3671875
9264444,24.0478515625
9264608,22.4609375
9264712,23.01025390625
9264832,21.6064453125
9264955,20.69091796875
9265134,22.8271484375
9265373,21.6064453125
9423675,26.18408203125
9423722,31.79931640625
9423733,32.89794921875
9423778,21.30126953125
9423840,28.3203125
9423861,26.2451171875
9423962,25.5126953125
9423977,21.30126953125
9423995,20.20263671875
9424034,26.91650390625
9424119,26.06201171875
9424218,26.18408203125
9424337,26.7333984375
9424471,26.0009765625
9424625,24.0478515625
9424801,30.3955078125
9425020,28.076171875
9425190,28.86962890625
9425436,28.25927734375
9425721,28.62548828125
9585508,40.46630859375
9585566,34.48486328125
9585603,30.21240234375
9585618,32.28759765625
9585660,27.40478515625
9585672,32.04345703125
9585732,18.49365234375
9585809,19.34814453125
9585821,23.37646484375
9585891,33.87451171875
9585987,42.78564453125
9586116,26.0009765625
9586256,29.4189453125
9586279,17.76123046875
9586385,31.494140625
9586522,26.9775390625
9586743,26.18408203125
9586959,28.50341796875
9587147,27.64892578125
9587445,29.11376953125
9758588,23.0712890625
9758642,34.3017578125
9758693,40.10009765625
9758744,19.83642578125
9758804,31.06689453125
9758858,27.89306640625
9758878,29.541015625
9758903,18.37158203125
9758923,28.38134765625
9758985,19.83642578125
9759012,31.1279296875
9759101,32.1044921875
9759126,30.76171875
9759286,30.94482421875
9759334,25.0244140625
9759411,28.13720703125
9759717,25.2685546875
9759937,22.15576171875
9760332,24.169921875
9760569,22.15576171875
9760800,25.57373046875
9761049,25.0244140625
9761316,25.57373046875
9774119,25.0244140625
9774222,35.5224609375
9774294,31.92138671875
9774357,22.705078125
9774367,30.517578125
9774448,29.296875
9774578,28.74755859375
9774604,20.6298828125
9774729,23.25439453125
9774867,17.822265625
9775060,27.83203125
9775391,30.94482421875
9775541,29.6630859375
9775717,25.390625
9775889,31.18896484375
9776112,23.86474609375
9776376,29.1748046875
9906153,18.06640625
9906707,21.1181640625
9906763,18.24951171875
9906837,26.79443359375
9906933,22.0947265625
9906973,34.85107421875
9907018,19.34814453125
9907040,32.89794921875
9907088,22.0947265625
9907110,30.1513671875
9907131,19.10400390625
9907179,22.88818359375
9907262,21.728515625
9907303,23.0712890625
9907344,21.54541015625
9907365,18.06640625
9907479,21.484375
9907615,25.390625
9907643,27.34375
9907778,22.52197265625
9907816,27.40478515625
9908385,28.3203125
9908696,27.77099609375
9908967,31.67724609375
9909249,31.1279296875
10021861,18.5546875
10021883,23.49853515625
10021932,52.67333984375
10021989,19.22607421875
10022042,29.1748046875
10022055,26.06201171875
10022072,18.06640625
10022110,28.13720703125
10022127,20.01953125
10022162,39.24560546875
10022258,24.90234375
10022359,21.728515625
10022386,40.283203125
10022513,33.69140625
10022528,20.5078125
10022641,32.470703125
10022666,24.84130859375
10022856,29.6630859375
10023036,24.658203125
10023232,29.23583984375
10023445,22.03369140625
10023607,27.89306640625
10024060,26.4892578125
10024308,25.390625
10024604,27.52685546875
10091513,34.423828125
10091541,29.35791015625
10091560,20.44677734375
10091614,22.94921875
10091629,25.87890625
10091691,28.6865234375
10091702,23.25439453125
10091751,27.4658203125
10091781,17.822265625
10091808,25.20751953125
10091874,20.8740234375
10091988,18.06640625
10092101,23.25439453125
10092237,30.09033203125
10092559,23.4375
10092954,28.9306640625
10093161,27.40478515625
10093630,29.23583984375
10093830,24.23095703125
10094083,22.216796875
10094316,25.87890625
10094559,25.5126953125
10217556,20.20263671875
10217616,24.71923828125
10217692,24.59716796875
10217718,28.076171875
10217755,25.32958984375
10217810,30.6396484375
10217875,34.7900390625
10217886,27.099609375
10217945,27.89306640625
10217961,25.32958984375
10218022,28.99169921875
10218049,18.85986328125
10218067,17.63916015625
10218183,26.55029296875
10218286,25.81787109375
10218313,19.10400390625
10218452,21.97265625
10218484,25.634765625
10218585,23.8037109375
10218698,27.9541015625
10239339,19.10400390625
10239434,26.3671875
10239535,25.5126953125
10239658,23.3154296875
10239816,26.06201171875
10239965,23.13232421875
10240120,18.798828125
10240266,27.52685546875
10240375,23.01025390625
10240499,20.93505859375
10240648,27.34375
10240818,20.8740234375
10241001,19.95849609375
10241194,26.4892578125
10431760,30.029296875
10431823,32.1044921875
10431836,27.89306640625
10431869,19.10400390625
10431888,23.86474609375
10431927,31.8603515625
10431947,21.54541015625
10431990,23.86474609375
10432042,19.4091796875
10432155,19.1650390625
10432165,23.681640625
10432285,30.029296875
10432384,28.25927734375
10432441,20.99609375
10432648,24.96337890625
10432821,22.64404296875
10433099,26.123046875
10433304,29.96826171875
10433572,28.99169921875
10433840,27.2216796875
10434114,28.01513671875
10456157,25.20751953125
10456232,26.91650390625
10456255,20.1416015625
10456281,19.1650390625
10456323,31.73828125
10456367,18.61572265625
10456400,26.2451171875
10456432,19.10400390625
10456468,24.35302734375
10456544,35.0341796875
10456626,29.72412109375
10456670,23.62060546875
10456788,20.81298828125
10456906,21.3623046875
10457006,24.71923828125
10457038,19.8974609375
10457064,20.08056640625
10457371,26.55029296875
10457554,25.08544921875
10457933,25.08544921875
10458140,23.25439453125
10458356,24.5361328125
10458557,22.52197265625
10458741,29.96826171875
10458940,30.8837890625
10459192,29.1748046875
10505651,28.25927734375
10505676,19.10400390625
10505724,34.97314453125
10505785,36.0107421875
10505810,28.62548828125
10505828,18.98193359375
10505850,31.31103515625
10505876,19.22607421875
10505915,44.677734375
10505972,19.59228515625
10506080,24.71923828125
10506206,25.634765625
10506234,21.3623046875
10506389,30.33447265625
10506731,24.10888671875
10541236,29.78515625
10541249,26.67236328125
10541315,31.18896484375
10541338,20.3857421875
10541358,18.73779296875
10541383,27.587890625
10541422,20.32470703125
10541447,26.67236328125
10541520,21.1181640625
10541618,19.22607421875
10541636,20.69091796875
10541739,18.24951171875
10541916,20.1416015625
10542011,20.20263671875
10542083,18.06640625
10542317,20.08056640625
10544345,24.23095703125
10573474,21.1181640625
10573763,24.47509765625
10573786,20.32470703125
10573837,25.81787109375
10573860,25.32958984375
10573902,25.634765625
10573939,18.9208984375
10573967,23.681640625
10574018,27.52685546875
10574055,27.9541015625
10574136,21.05712890625
10574288,28.38134765625
10574515,20.08056640625
10603536,19.6533203125
10603731,28.564453125
10603773,17.9443359375
10603820,31.79931640625
10603858,22.3388671875
10603887,29.23583984375
10603957,42.48046875
10604064,26.0009765625
10604192,17.7001953125
10632067,29.1748046875
10632161,26.611328125
10632246,27.587890625
10632260,27.52685546875
10632354,32.28759765625
10659030,19.8974609375
10659201,31.6162109375
10659271,27.099609375
10659324,29.84619140625
10659386,21.484375
10659471,26.91650390625
10659565,19.287109375
10659733,23.86474609375
10684334,19.22607421875
10684437,19.6533203125
10684657,20.3857421875
10710170,30.33447265625
10710329,18.06640625
10710622,25.69580078125
10735310,20.08056640625
10735774,23.5595703125
10735906,23.86474609375
10736146,21.97265625
10736479,19.04296875
10758647,29.11376953125
10758818,25.5126953125
10758974,21.8505859375
10759173,25.08544921875
10759469,17.88330078125
10781253,17.63916015625
10781528,33.8134765625
10781710,24.169921875
10781873,27.34375
10782059,29.052734375
10782227,20.20263671875
10782532,18.4326171875
10816102,22.3388671875
10816194,19.59228515625
10816285,21.54541015625
10816414,18.798828125
10816515,21.17919921875
10816638,30.94482421875
10816758,22.03369140625
10816882,24.2919921875
10816994,17.9443359375
10817065,21.728515625
10817218,18.24951171875
10817334,24.35302734375
10817481,26.4892578125
10817602,26.18408203125
10879334,19.8974609375
10879403,20.3857421875
10879474,26.85546875
10879557,18.73779296875
10879670,18.37158203125
10879761,19.8974609375
10879834,22.27783203125
10879946,21.728515625
10880053,21.66748046875
10880155,23.4375
10880223,22.8271484375
10880325,25.7568359375
10880432,17.88330078125
10880520,21.3623046875
10880687,20.3857421875
10880812,17.7001953125
10880960,24.5361328125
10881063,19.6533203125
10881213,21.97265625
10881378,18.310546875
10881566,18.310546875
10910924,18.1884765625
10911017,21.91162109375
10911097,29.72412109375
10911202,18.1884765625
10911319,27.34375
10911428,22.52197265625
10911525,28.38134765625
10911615,20.01953125
10911716,24.5361328125
10911873,21.484375
10911958,22.27783203125
10912062,23.3154296875
10912348,20.81298828125
10912466,25.146484375
10912568,20.20263671875
10912697,22.03369140625
10912848,19.83642578125
10913177,22.216796875
11141125,27.40478515625
11141171,22.39990234375
11141251,18.00537109375
11141335,21.3623046875
11141383,21.17919921875
11141403,26.42822265625
11141471,30.029296875
11141533,19.53125
11141548,20.6298828125
11141637,29.78515625
11141761,29.96826171875
11141776,17.7001953125
11141961,22.03369140625
11141989,26.67236328125
11169616,23.74267578125
11169722,20.69091796875
11169812,27.16064453125
11169906,23.8037109375
11170012,27.83203125
11170151,27.34375
11170174,24.169921875
11170322,22.88818359375
11170504,28.25927734375
11170764,25.5126953125
11257004,26.42822265625
11257054,31.06689453125
11257114,20.751953125
11257166,29.60205078125
11257180,18.49365234375
11257232,29.9072265625
11257281,22.705078125
11257305,27.52685546875
11257447,20.99609375
11257509,26.9775390625
11257635,18.61572265625
11257794,23.92578125
11258000,25.87890625
11398942,31.06689453125
11398990,24.4140625
11399049,21.484375
11399121,34.423828125
11399174,30.33447265625
11399206,21.3623046875
11399257,30.21240234375
11399304,28.25927734375
11399332,35.21728515625
11399405,26.91650390625
11399423,21.1181640625
11399529,23.5595703125
11399539,31.31103515625
11399657,19.34814453125
11399672,23.8037109375
11399790,21.728515625
11399891,27.77099609375
11399969,29.96826171875
11561971,27.34375
11562015,23.74267578125
11562027,30.8837890625
11562070,28.3203125
11562131,33.87451171875
11562193,28.13720703125
11562214,18.12744140625
11562263,27.52685546875
11562274,29.72412109375
11562318,21.54541015625
11562335,18.98193359375
11562358,37.29248046875
11562463,28.38134765625
11562559,20.6298828125
11562620,27.28271484375
11562712,25.69580078125
11562779,25.81787109375
11562937,23.4375
11563835,30.2734375
11564166,24.10888671875
11678794,27.03857421875
11678855,32.28759765625
11678919,31.67724609375
11678929,19.287109375
11678999,42.6025390625
11679057,31.18896484375
11679067,23.681640625
11679113,26.611328125
11679166,19.47021484375
11679177,31.67724609375
11679245,26.3671875
11679268,25.08544921875
11679355,18.6767578125
11679379,19.95849609375
11679419,24.5361328125
11679483,22.94921875
11679655,24.5361328125
11679713,27.099609375
11679854,25.0244140625
11680664,24.658203125
11681362,25.5126953125
11681647,26.9775390625
11763225,28.86962890625
11763284,26.4892578125
11763346,29.78515625
11763365,24.2919921875
11763414,34.3017578125
11763438,26.30615234375
11763475,29.23583984375
11763504,18.5546875
11763525,31.3720703125
11763587,34.85107421875
11763677,20.01953125
11763709,40.8935546875
11763793,20.56884765625
11763821,18.4326171875
11763956,23.49853515625
11764176,18.85986328125
11871862,23.01025390625
11871918,36.2548828125
11872001,46.93603515625
11872063,17.63916015625
11872076,35.33935546875
11872140,32.8369140625
11872160,22.5830078125
11872183,18.798828125
11872262,30.76171875
11872395,18.1884765625
11872537,20.751953125
11872742,21.05712890625
11951207,26.67236328125
11951288,21.8505859375
11951314,28.99169921875
11951362,18.798828125
11951386,27.9541015625
11951452,30.09033203125
11951515,30.09033203125
11951532,19.4091796875
11951589,18.00537109375
11951631,33.87451171875
11951714,30.94482421875
11951781,21.91162109375
11951932,25.0244140625
11952165,19.1650390625
