11999000,0
37710,37.9638671875
37809,44.0673828125
37824,38.2080078125
37859,37.53662109375
135770,38.4521484375
135853,37.53662109375
135891,38.39111328125
135907,40.8935546875
176189,37.78076171875
176212,50.537109375
234006,37.841796875
359180,38.63525390625
493555,40.34423828125
493750,38.9404296875
603647,38.330078125
603729,47.36328125
603891,51.8798828125
604208,40.95458984375
661224,37.65869140625
721494,41.56494140625
721652,37.65869140625
834475,43.02978515625
834494,37.841796875
1060999,38.39111328125
1101318,40.22216796875
1171012,40.4052734375
1232231,37.78076171875
1311983,40.46630859375
1343246,43.212890625
1343285,37.841796875
1377927,37.841796875
1377963,37.7197265625
1465775,38.57421875
1465841,37.65869140625
1465937,39.24560546875
1551040,39.61181640625
1551082,53.64990234375
1551108,43.8232421875
1615501,40.34423828125
1615634,39.00146484375
1786896,38.87939453125
1786984,40.6494140625
1823570,48.4619140625
1823762,37.65869140625
1919566,46.38671875
1960975,39.12353515625
1961036,42.41943359375
2013331,38.9404296875
2110527,38.51318359375
2124776,38.39111328125
2145134,38.0859375
2171587,38.75732421875
2172312,38.0859375
2227463,38.330078125
2576033,39.4287109375
2576389,38.6962890625
2632655,43.51806640625
2632771,38.6962890625
2658729,37.9638671875
3071890,40.0390625
3116739,40.95458984375
3116979,38.39111328125
3153999,41.6259765625
3185566,37.41455078125
3185816,37.841796875
3185915,37.41455078125
3338945,40.8935546875
3366847,40.83251953125
3366886,38.57421875
3366911,39.9169921875
3366923,38.63525390625
3403108,38.87939453125
3470089,38.6962890625
3532299,38.75732421875
3532993,38.6962890625
3718081,46.875
3734306,37.90283203125
3734996,41.015625
3869342,40.34423828125
3869640,39.306640625
4060977,41.07666015625
4166334,37.841796875
4166346,43.27392578125
4166391,37.7197265625
4166427,47.607421875
4255085,41.3818359375
4255165,45.59326171875
4255201,41.80908203125
4370785,37.59765625
4440841,40.10009765625
4440893,37.841796875
4494864,48.7060546875
4494885,39.12353515625
4494945,39.36767578125
4495371,50.29296875
4601473,38.818359375
4680169,38.39111328125
4680222,43.02978515625
4761200,43.8232421875
4761341,38.0859375
4843135,46.32568359375
4843192,40.8935546875
4843235,43.3349609375
4904935,45.95947265625
4904965,40.95458984375
5023383,54.01611328125
5078275,39.97802734375
5078287,44.7998046875
5078381,38.818359375
5241192,38.87939453125
5241239,46.142578125
5241289,39.73388671875
5293139,38.330078125
5353435,45.34912109375
5353479,37.7197265625
5353644,37.4755859375
5484348,37.65869140625
5484422,38.6962890625
5530313,41.8701171875
5548748,42.54150390625
5622297,41.80908203125
5622388,43.76220703125
5622477,38.26904296875
5746462,40.71044921875
5746521,41.80908203125
5746693,42.66357421875
5836985,41.19873046875
5837009,45.47119140625
5837019,37.841796875
6123126,38.26904296875
6123204,42.90771484375
6123246,38.87939453125
6123282,38.14697265625
6188045,41.80908203125
6250666,42.90771484375
6273472,43.51806640625
6404899,38.330078125
6477164,67.138671875
6477292,40.52734375
6504427,38.9404296875
6504511,38.2080078125
6564163,46.5087890625
6774421,40.71044921875
6774539,39.794921875
6774615,39.73388671875
6864466,42.236328125
7002703,46.32568359375
7002746,39.24560546875
7042071,41.32080078125
7116152,37.59765625
7205582,38.14697265625
7205626,45.95947265625
7268529,39.0625
7268566,44.25048828125
7380832,44.86083984375
7418067,39.61181640625
7597213,40.283203125
7623189,38.14697265625
7764066,38.4521484375
7843585,37.59765625
7843707,43.0908203125
7968516,40.22216796875
8021482,37.4755859375
8021516,40.10009765625
8162233,37.65869140625
8220614,40.0390625
8220711,37.9638671875
8220774,37.78076171875
8220794,40.83251953125
8302493,41.93115234375
8302523,37.65869140625
8302614,41.015625
8343974,39.97802734375
8344020,42.6025390625
8344111,45.166015625
8458819,41.80908203125
8526578,39.00146484375
8757827,38.14697265625
8820275,41.32080078125
8820307,42.66357421875
8820363,38.75732421875
8852955,44.3115234375
8975866,38.26904296875
8975878,51.513671875
9024566,38.57421875
9035918,42.96875
9041712,40.283203125
9060008,46.142578125
9281220,40.71044921875
9281242,39.61181640625
9367143,39.24560546875
9490193,46.69189453125
9490285,37.59765625
9490300,48.64501953125
9628256,38.14697265625
9667177,38.14697265625
9741683,37.53662109375
9826979,48.27880859375
9827009,39.24560546875
9827047,39.24560546875
9862456,37.9638671875
9960684,38.51318359375
10014211,37.841796875
10078077,53.1005859375
10078155,37.41455078125
10106609,39.0625
10269518,37.4755859375
10338380,46.81396484375
10338420,44.7998046875
10504147,44.73876953125
10579515,37.53662109375
10579586,47.4853515625
10696007,39.55078125
10696049,38.0859375
10696094,38.4521484375
10723231,38.39111328125
10781055,46.93603515625
10850360,41.68701171875
10850411,38.26904296875
10850455,37.7197265625
10916324,40.52734375
10916416,40.6494140625
10916452,44.73876953125
10994291,37.53662109375
10994396,44.3115234375
10994439,37.53662109375
10994483,41.8701171875
11054337,37.9638671875
11054445,40.1611328125
11134683,39.48974609375
11134701,37.90283203125
11134757,47.7294921875
11214556,43.212890625
11214581,48.52294921875
11214609,42.724609375
11214651,45.34912109375
11214783,38.51318359375
11232608,38.63525390625
11353265,42.05322265625
11360254,38.4521484375
11419064,38.818359375
11518850,38.63525390625
11914179,39.97802734375
11914784,39.61181640625
