11999000,0
99,46.0205078125
37178,44.7998046875
37606,60.36376953125
37622,40.0390625
37643,41.07666015625
37669,42.3583984375
37688,43.88427734375
37717,46.5087890625
37738,41.748046875
37769,33.75244140625
37781,44.37255859375
37844,39.9169921875
37898,35.400390625
38251,33.75244140625
38608,32.958984375
38630,33.69140625
135622,45.22705078125
135656,53.03955078125
135690,41.07666015625
135705,49.86572265625
135725,33.935546875
135746,84.65576171875
135768,77.392578125
135802,66.162109375
135825,38.26904296875
135851,40.1611328125
135927,46.38671875
135949,40.4052734375
136008,35.0341796875
136329,46.81396484375
136442,45.71533203125
136482,38.818359375
136659,46.32568359375
136723,36.07177734375
136887,41.80908203125
175920,35.888671875
176017,59.50927734375
176046,73.1201171875
176070,73.05908203125
176080,40.1611328125
176113,44.5556640625
176128,50.10986328125
176147,35.33935546875
176170,54.0771484375
176189,48.27880859375
176257,33.5693359375
176271,33.935546875
176313,33.8134765625
176331,33.69140625
176370,37.2314453125
176394,35.888671875
176422,33.02001953125
176507,34.66796875
176779,40.83251953125
176831,37.59765625
176891,33.935546875
176919,41.748046875
177024,39.24560546875
177203,32.89794921875
177430,37.4755859375
213780,36.0107421875
213895,100.52490234375
213921,48.583984375
213938,78.30810546875
213990,45.22705078125
214002,43.76220703125
214024,40.6494140625
214047,34.48486328125
214061,50.35400390625
214084,42.41943359375
214149,33.69140625
214191,43.701171875
214611,33.87451171875
214863,33.69140625
215055,34.24072265625
215192,35.5224609375
233768,44.86083984375
233820,43.88427734375
233852,34.85107421875
233892,73.54736328125
233912,38.75732421875
233930,41.68701171875
233960,33.203125
233994,49.86572265625
234021,56.2744140625
234037,38.0859375
234087,39.48974609375
234106,70.4345703125
234154,43.9453125
234172,34.97314453125
234214,40.6494140625
234228,56.396484375
234280,34.0576171875
234329,51.513671875
234362,74.64599609375
234418,39.97802734375
234462,36.2548828125
234497,37.2314453125
234511,37.109375
234600,46.38671875
250302,33.0810546875
250343,34.60693359375
250426,76.96533203125
250485,35.33935546875
250614,41.1376953125
250655,46.32568359375
250704,46.69189453125
250750,34.3017578125
250942,35.0341796875
251071,43.45703125
251096,38.51318359375
251156,40.52734375
258714,41.015625
258977,35.21728515625
259198,38.39111328125
259390,39.36767578125
266027,41.32080078125
266540,38.2080078125
271707,37.9638671875
273043,34.1796875
278029,35.15625
291415,42.41943359375
293063,37.841796875
299374,33.203125
299397,40.95458984375
299453,35.400390625
306433,34.3017578125
306507,49.01123046875
307170,33.63037109375
314379,35.94970703125
322311,38.26904296875
349084,34.97314453125
358733,37.65869140625
394134,33.447265625
412184,35.21728515625
430818,34.24072265625
454263,72.81494140625
454282,37.78076171875
471088,35.400390625
471581,40.83251953125
471774,46.2646484375
471954,37.841796875
493651,37.59765625
493672,52.734375
493846,34.912109375
603306,39.0625
603391,36.7431640625
603418,40.10009765625
603441,64.14794921875
603472,41.56494140625
603519,43.51806640625
603547,50.9033203125
603570,57.12890625
603587,42.78564453125
603646,38.87939453125
603658,51.513671875
603689,65.73486328125
603704,37.65869140625
603737,39.1845703125
603765,35.15625
603837,35.33935546875
603858,35.64453125
604023,32.77587890625
604132,36.07177734375
604325,36.62109375
604414,38.63525390625
623479,47.7294921875
624116,34.36279296875
625097,32.77587890625
625213,35.64453125
652672,36.43798828125
652797,33.63037109375
653699,38.2080078125
653816,54.5654296875
653849,54.443359375
653870,32.958984375
653910,53.22265625
653968,39.306640625
654049,34.1796875
654269,35.82763671875
660771,33.5693359375
721093,38.2080078125
721269,32.958984375
721287,55.5419921875
721359,44.61669921875
721397,34.72900390625
721434,35.70556640625
721458,34.48486328125
721473,64.27001953125
721519,41.50390625
721544,46.38671875
721554,45.47119140625
721589,33.447265625
721620,37.41455078125
721663,33.8134765625
721686,36.80419921875
721779,50.96435546875
721905,33.99658203125
721964,33.87451171875
722150,33.935546875
722260,32.8369140625
722392,35.7666015625
834069,44.00634765625
834102,36.92626953125
834381,77.880859375
834393,49.6826171875
834417,46.44775390625
834440,46.7529296875
834459,81.54296875
834494,35.400390625
834525,47.8515625
834542,42.66357421875
834587,40.22216796875
834612,36.56005859375
834631,37.17041015625
834665,41.3818359375
834858,32.89794921875
834920,38.2080078125
834940,47.607421875
835026,34.7900390625
835200,38.0859375
835324,34.66796875
835398,40.1611328125
835570,36.376953125
858219,33.0810546875
858597,41.50390625
858900,40.46630859375
858914,38.39111328125
859069,47.91259765625
859095,34.0576171875
859122,43.39599609375
859145,34.66796875
859165,35.82763671875
859210,41.259765625
859256,57.55615234375
859340,57.4951171875
859394,45.5322265625
859428,53.1005859375
859466,39.0625
859504,32.77587890625
859522,39.97802734375
859595,45.0439453125
859652,32.77587890625
859678,45.34912109375
859689,48.828125
859761,43.0908203125
859819,33.02001953125
859917,34.36279296875
981615,46.93603515625
981839,32.89794921875
981861,52.55126953125
981900,49.86572265625
981929,34.72900390625
981941,55.84716796875
981980,42.6025390625
981992,65.3076171875
982015,49.072265625
982034,34.423828125
982060,33.8134765625
982077,39.73388671875
982095,33.5693359375
982128,37.17041015625
982314,64.51416015625
982350,36.4990234375
982445,34.48486328125
982638,33.5693359375
982859,36.7431640625
982997,34.5458984375
998667,45.71533203125
998866,35.15625
998923,39.12353515625
998993,35.15625
999150,37.841796875
999178,42.17529296875
999377,38.4521484375
1053159,47.4853515625
1060957,33.3251953125
1060975,42.96875
1060999,40.10009765625
1061040,72.44873046875
1061087,37.53662109375
1061120,42.3583984375
1061156,47.05810546875
1061174,41.19873046875
1061194,35.0341796875
1061216,43.5791015625
1061247,43.51806640625
1061295,46.875
1061314,40.1611328125
1061495,41.50390625
1061579,33.87451171875
1061725,36.2548828125
1061761,39.0625
1061927,34.85107421875
1061958,35.64453125
1062098,33.0810546875
1071966,42.1142578125
1072282,38.6962890625
1072497,38.0859375
1072518,36.7431640625
1073466,38.26904296875
1074340,36.1328125
1101032,34.7900390625
1101186,61.21826171875
1101227,55.419921875
1101241,46.142578125
1101275,50.4150390625
1101306,60.97412109375
1101343,40.95458984375
1101367,65.4296875
1101406,48.828125
1101420,36.7431640625
1101451,54.26025390625
1101500,39.1845703125
1101540,32.89794921875
1101649,35.15625
1101822,43.5791015625
1101849,52.55126953125
1101987,40.1611328125
1102151,36.376953125
1121563,36.9873046875
1121658,40.83251953125
1121683,37.04833984375
1121799,33.99658203125
1121830,34.60693359375
1121856,44.7998046875
1121925,38.14697265625
1121991,44.921875
1122070,34.97314453125
1122204,36.865234375
1122395,54.50439453125
1136258,34.1796875
1136835,35.33935546875
1148936,71.47216796875
1159546,39.1845703125
1171013,37.841796875
1171120,33.02001953125
1171461,33.99658203125
1184865,34.1796875
1184882,32.77587890625
1185399,43.212890625
1199833,44.37255859375
1199885,45.59326171875
1200055,33.26416015625
1200090,39.24560546875
1200221,35.70556640625
1215138,42.8466796875
1215219,42.48046875
1215500,35.70556640625
1215603,36.19384765625
1215666,36.4990234375
1215731,33.3251953125
1215817,36.92626953125
1215959,41.56494140625
1231637,35.64453125
1231676,34.5458984375
1231965,37.4755859375
1232100,36.4990234375
1232390,33.3251953125
1258970,37.59765625
1259113,35.21728515625
1259171,40.6494140625
1259199,36.80419921875
1259221,41.68701171875
1259250,38.9404296875
1259275,35.70556640625
1259293,109.7412109375
1259315,39.73388671875
1259340,50.84228515625
1259382,40.0390625
1259397,47.54638671875
1259421,43.51806640625
1259443,36.07177734375
1259520,36.92626953125
1259564,36.1328125
1259844,34.3017578125
1311644,61.1572265625
1311655,34.0576171875
1311670,51.3916015625
1311701,37.65869140625
1311723,57.92236328125
1311738,56.21337890625
1311763,57.06787109375
1311775,43.88427734375
1311808,45.59326171875
1311830,40.771484375
1311855,34.60693359375
1311888,44.3115234375
1311916,46.875
1311931,53.5888671875
1311993,33.3251953125
1312212,33.5693359375
1312446,34.7900390625
1312709,33.3251953125
1342902,34.66796875
1342944,46.7529296875
1343053,48.52294921875
1343102,36.92626953125
1343124,95.0927734375
1343140,47.7294921875
1343150,33.26416015625
1343194,38.39111328125
1343211,51.6357421875
1343253,44.73876953125
1343290,43.9453125
1343305,38.14697265625
1343353,43.39599609375
1343453,34.5458984375
1343597,43.45703125
1377629,34.5458984375
1377649,48.27880859375
1377735,61.34033203125
1377762,38.9404296875
1377790,65.00244140625
1377800,36.92626953125
1377847,63.5986328125
1377870,96.25244140625
1377894,34.1796875
1377940,52.734375
1377967,41.748046875
1377977,44.98291015625
1378005,53.52783203125
1378021,34.60693359375
1378077,33.75244140625
1378330,36.80419921875
1411215,51.8798828125
1411298,33.8134765625
1411327,58.4716796875
1411340,35.70556640625
1411403,36.865234375
1411429,110.3515625
1411443,34.24072265625
1411489,41.748046875
1411503,44.921875
1411528,34.60693359375
1411566,50.35400390625
1411591,39.55078125
1411673,47.8515625
1465180,32.958984375
1465478,46.9970703125
1465541,47.2412109375
1465604,34.912109375
1465633,37.17041015625
1465668,34.85107421875
1465716,65.3076171875
1465752,81.23779296875
1465769,34.85107421875
1465813,38.9404296875
1465837,42.90771484375
1465857,35.58349609375
1465888,43.701171875
1465904,37.59765625
1466106,39.55078125
1466309,41.9921875
1550612,46.142578125
1550652,33.26416015625
1550910,68.90869140625
1550929,33.75244140625
1550951,50.537109375
1550978,36.865234375
1551010,47.607421875
1551032,74.40185546875
1551048,36.80419921875
1551076,47.30224609375
1551092,35.94970703125
1551162,49.13330078125
1551213,40.58837890625
1551286,35.888671875
1551327,33.75244140625
1551452,34.0576171875
1551591,36.07177734375
1551824,39.4287109375
1551915,34.66796875
1615036,40.95458984375
1615297,35.2783203125
1615371,60.36376953125
1615418,52.24609375
1615448,46.0205078125
1615470,55.0537109375
1615489,53.8330078125
1615507,44.61669921875
1615522,39.12353515625
1615533,34.0576171875
1615543,38.818359375
1615568,50.78125
1615592,39.48974609375
1615612,36.1328125
1615641,35.5224609375
1615656,34.24072265625
1615698,34.7900390625
1616073,41.6259765625
1616098,38.51318359375
1616226,46.630859375
1616336,34.5458984375
1704960,36.1328125
1705028,40.95458984375
1705072,35.70556640625
1705127,46.38671875
1705143,39.6728515625
1705181,59.14306640625
1705196,33.69140625
1705220,33.99658203125
1705231,38.6962890625
1705269,45.10498046875
1705289,34.3017578125
1705304,41.19873046875
1705319,33.5693359375
1705337,38.14697265625
1705357,49.49951171875
1705406,32.8369140625
1705440,39.12353515625
1705695,61.82861328125
1705794,36.1328125
1705844,34.3017578125
1705926,37.29248046875
1706112,37.53662109375
1786520,52.79541015625
1786769,36.4990234375
1786798,65.0634765625
1786836,37.04833984375
1786866,40.4052734375
1786880,52.6123046875
1786908,52.55126953125
1786948,71.71630859375
1786958,37.53662109375
1786981,36.56005859375
1786998,62.80517578125
1787029,36.9873046875
1787089,35.46142578125
1787144,35.09521484375
1787206,33.69140625
1787383,39.6728515625
1787428,33.447265625
1787546,37.17041015625
1787605,48.095703125
1787841,38.14697265625
1823290,60.791015625
1823375,50.72021484375
1823439,46.7529296875
1823466,58.837890625
1823483,56.5185546875
1823520,39.0625
1823530,49.37744140625
1823553,43.212890625
1823585,76.72119140625
1823619,33.50830078125
1823652,54.74853515625
1823677,38.63525390625
1823711,50.47607421875
1823763,35.09521484375
1823789,38.57421875
1823845,33.5693359375
1823892,35.7666015625
1823936,39.12353515625
1824192,33.75244140625
1824285,38.818359375
1824296,38.87939453125
1824423,35.58349609375
1824622,34.66796875
1824715,36.7431640625
1919280,64.14794921875
1919339,46.875
1919376,63.1103515625
1919436,62.98828125
1919447,56.70166015625
1919470,48.40087890625
1919499,36.19384765625
1919535,36.56005859375
1919554,39.306640625
1919585,64.8193359375
1919618,32.89794921875
1919663,38.75732421875
1919678,41.56494140625
1919808,35.82763671875
1919858,32.89794921875
1920021,39.97802734375
1920071,35.58349609375
1920128,33.63037109375
1920147,34.0576171875
1920186,37.2314453125
1920227,46.9970703125
1920259,45.95947265625
1920386,39.306640625
1920595,35.21728515625
1960343,38.14697265625
1960473,33.447265625
1960729,39.4287109375
1960756,37.65869140625
1960808,62.07275390625
1960843,39.6728515625
1960880,41.07666015625
1960905,41.3818359375
1960953,61.58447265625
1960980,41.56494140625
1961005,37.78076171875
1961018,34.48486328125
1961049,73.3642578125
1961077,42.1142578125
1961135,62.1337890625
1961158,34.3017578125
1961554,34.5458984375
1961625,35.64453125
1961806,39.24560546875
2013185,34.912109375
2013346,33.02001953125
2013473,39.306640625
2013505,34.24072265625
2013536,55.2978515625
2013555,69.580078125
2013575,44.189453125
2013602,33.38623046875
2013630,82.03125
2013649,39.0625
2013662,42.236328125
2013693,36.1328125
2013720,55.2978515625
2013738,48.33984375
2013756,38.75732421875
2013787,38.14697265625
2013803,60.97412109375
2013832,37.59765625
2014058,36.80419921875
2014146,44.3115234375
2014237,40.6494140625
2014386,35.70556640625
2014549,33.8134765625
2032595,41.80908203125
2032657,36.2548828125
2032830,39.00146484375
2032906,33.63037109375
2032957,33.50830078125
2032967,63.8427734375
2033094,34.66796875
2033107,34.97314453125
2033180,35.64453125
2033300,66.0400390625
2033382,33.99658203125
2033392,47.18017578125
2033476,41.6259765625
2033520,48.76708984375
2034009,34.5458984375
2047769,36.1328125
2048021,37.90283203125
2048051,42.29736328125
2048172,46.0205078125
2048183,37.2314453125
2048400,38.2080078125
2048709,36.56005859375
2048942,34.423828125
2059488,33.63037109375
2059604,34.48486328125
2059861,54.5654296875
2060020,42.724609375
2060132,33.99658203125
2060419,44.37255859375
2073606,37.65869140625
2073852,76.171875
2073872,48.4619140625
2074086,38.63525390625
2074218,34.3017578125
2074248,41.9921875
2086740,39.36767578125
2086888,33.5693359375
2086989,67.3828125
2087022,43.45703125
2087059,34.912109375
2087078,34.3017578125
2087308,55.35888671875
2087344,44.677734375
2087530,33.447265625
2096638,44.3115234375
2097061,34.72900390625
2097288,34.60693359375
2110518,36.0107421875
2110668,62.31689453125
2124154,39.48974609375
2124462,35.46142578125
2124501,68.7255859375
2124781,38.0859375
2129930,48.27880859375
2130138,46.32568359375
2145274,57.43408203125
2145335,35.46142578125
2157568,43.27392578125
2157759,67.626953125
2171575,35.7666015625
2171793,71.044921875
2172197,35.21728515625
2172298,37.78076171875
2175480,42.05322265625
2186113,38.75732421875
2186277,48.03466796875
2186875,33.75244140625
2199561,33.0810546875
2199691,37.2314453125
2199893,50.47607421875
2214291,38.330078125
2214698,38.330078125
2214726,34.48486328125
2227710,35.64453125
2228108,37.841796875
2243043,38.818359375
2243191,35.21728515625
2255912,43.5791015625
2274933,36.4990234375
2303340,32.89794921875
2303681,33.3251953125
2303745,52.490234375
2303783,45.166015625
2303815,87.46337890625
2303827,33.447265625
2303866,46.44775390625
2303880,57.80029296875
2303924,60.85205078125
2303934,42.1142578125
2303972,57.80029296875
2303997,41.93115234375
2304011,48.76708984375
2304022,34.1796875
2304053,33.447265625
2304082,38.87939453125
2304266,36.865234375
2304371,38.02490234375
2449968,43.88427734375
2450230,55.908203125
2450265,34.7900390625
2450276,51.7578125
2450294,35.0341796875
2450321,37.90283203125
2450350,44.921875
2450385,34.66796875
2450421,43.5791015625
2450462,39.73388671875
2450489,57.80029296875
2450549,42.54150390625
2450608,34.912109375
2450677,38.87939453125
2450701,34.0576171875
2450869,40.22216796875
2450911,35.7666015625
2451027,36.376953125
2468693,41.32080078125
2468767,64.5751953125
2468791,45.59326171875
2468849,48.64501953125
2468895,60.302734375
2468907,43.5791015625
2468956,34.0576171875
2469016,38.14697265625
2469028,59.2041015625
2469062,40.95458984375
2469091,33.203125
2469130,36.92626953125
2469260,37.78076171875
2469358,38.2080078125
2469431,37.90283203125
2469544,33.02001953125
2556239,58.59375
2556346,46.44775390625
2575683,45.654296875
2575926,56.21337890625
2575986,51.1474609375
2576030,70.73974609375
2576062,55.60302734375
2576079,61.46240234375
2576106,40.83251953125
2576129,41.748046875
2576165,32.8369140625
2576182,38.9404296875
2576268,40.6494140625
2576334,34.85107421875
2576405,38.4521484375
2576458,39.85595703125
2576600,33.99658203125
2576822,39.97802734375
2592984,36.43798828125
2594079,34.24072265625
2594143,45.95947265625
2594178,64.8193359375
2594193,47.54638671875
2594223,40.34423828125
2594271,36.31591796875
2594322,43.3349609375
2594351,57.67822265625
2594372,36.0107421875
2594383,39.55078125
2594416,35.94970703125
2594436,36.376953125
2594475,34.36279296875
2594586,54.19921875
2594699,40.771484375
2631465,36.43798828125
2632440,39.48974609375
2632483,33.69140625
2632514,52.91748046875
2632550,34.66796875
2632585,61.95068359375
2632622,34.11865234375
2632648,47.18017578125
2632674,41.44287109375
2632684,54.87060546875
2632709,36.865234375
2632744,41.748046875
2632776,35.5224609375
2632786,40.52734375
2632831,41.44287109375
2632881,39.55078125
2632941,34.66796875
2633159,34.66796875
2657207,48.15673828125
2657890,36.4990234375
2657900,35.33935546875
2657937,62.8662109375
2657957,39.36767578125
2657992,42.8466796875
2658015,41.44287109375
2658028,44.921875
2658066,32.89794921875
2658086,33.203125
2658104,44.25048828125
2658125,45.8984375
2658145,39.85595703125
2658171,35.46142578125
2658211,34.85107421875
2658248,57.7392578125
2658281,38.2080078125
2658304,36.19384765625
2658424,44.677734375
2658435,36.376953125
2658581,34.24072265625
2698436,34.5458984375
2698606,33.203125
2698726,38.02490234375
2698829,47.607421875
2698852,36.0107421875
2698887,52.1240234375
2698929,41.68701171875
2698940,63.4765625
2698966,37.41455078125
2698992,42.66357421875
2699022,38.57421875
2699061,37.353515625
2699085,49.37744140625
2699122,43.27392578125
2699171,50.72021484375
2699188,33.99658203125
2699272,36.4990234375
2699456,44.12841796875
2736383,33.69140625
2736861,34.48486328125
2736910,52.3681640625
2736962,35.888671875
2737006,47.18017578125
2737042,63.17138671875
2737067,42.96875
2737094,54.6875
2737112,39.1845703125
2737152,35.70556640625
2737184,41.32080078125
2737224,34.0576171875
2737250,37.7197265625
2737283,35.64453125
2737358,40.4052734375
2737592,46.0205078125
2774794,44.00634765625
2774867,33.3251953125
2774903,40.8935546875
2774934,39.85595703125
2774951,33.447265625
2774974,37.7197265625
2774992,61.70654296875
2775023,39.794921875
2775064,42.3583984375
2775077,36.92626953125
2775100,50.96435546875
2775133,43.88427734375
2775148,42.05322265625
2775182,33.447265625
2775262,35.21728515625
2775352,34.7900390625
2775489,50.35400390625
2801080,33.0810546875
2801197,33.38623046875
2801214,50.59814453125
2801288,43.15185546875
2801316,80.01708984375
2801349,34.1796875
2801377,51.1474609375
2801396,52.30712890625
2801421,33.26416015625
2801445,42.3583984375
2801458,35.7666015625
2801472,48.03466796875
2801549,58.837890625
2801580,39.4287109375
2801678,35.0341796875
2801779,38.63525390625
2868889,68.05419921875
2886623,49.4384765625
2886982,58.837890625
2887028,57.4951171875
2887042,53.64990234375
2887061,43.0908203125
2887078,49.560546875
2887090,60.302734375
2887126,59.38720703125
2887138,72.3876953125
2887171,53.03955078125
2887186,40.8935546875
2887219,34.97314453125
2887237,42.17529296875
2887282,33.63037109375
2887331,44.921875
2887372,34.66796875
2887394,37.41455078125
2887431,37.2314453125
2887465,52.3681640625
2887504,36.376953125
2887595,33.75244140625
2887940,35.15625
2924964,43.701171875
2925596,34.36279296875
2925624,43.51806640625
2925636,42.17529296875
2925675,75.13427734375
2925704,34.912109375
2925736,35.33935546875
2925765,40.10009765625
2925781,48.33984375
2925802,36.62109375
2925837,55.84716796875
2925874,38.0859375
2925894,36.62109375
2925904,36.62109375
2926035,32.77587890625
2926082,37.2314453125
2926194,40.34423828125
2926315,38.87939453125
2926482,43.15185546875
3071697,48.9501953125
3071754,35.94970703125
3071790,47.4853515625
3071802,35.15625
3071856,82.58056640625
3071878,33.8134765625
3071925,36.2548828125
3071952,77.94189453125
3071974,34.60693359375
3071997,43.9453125
3072029,60.48583984375
3072050,36.7431640625
3072199,34.7900390625
3072237,42.17529296875
3072372,42.724609375
3072511,38.4521484375
3072671,33.935546875
3116172,49.98779296875
3116230,33.69140625
3116676,57.80029296875
3116689,34.1796875
3116720,33.935546875
3116750,59.6923828125
3116769,41.1376953125
3116792,60.1806640625
3116825,60.11962890625
3116845,68.603515625
3116858,32.8369140625
3116885,41.8701171875
3116912,33.8134765625
3116942,43.76220703125
3116963,34.912109375
3117000,48.27880859375
3117032,39.61181640625
3117250,37.4755859375
3117321,32.89794921875
3153403,47.05810546875
3153447,34.85107421875
3153955,69.39697265625
3154004,34.36279296875
3154039,37.841796875
3154066,65.49072265625
3154115,54.6875
3154131,41.44287109375
3154149,37.2314453125
3154175,37.7197265625
3154185,34.48486328125
3154217,35.70556640625
3154241,48.88916015625
3154272,37.53662109375
3154306,49.9267578125
3154322,43.15185546875
3154368,33.14208984375
3154515,43.0908203125
3154584,35.70556640625
3154726,42.1142578125
3185427,34.423828125
3185444,60.24169921875
3185456,35.09521484375
3185488,33.50830078125
3185550,37.4755859375
3185583,35.46142578125
3185608,40.58837890625
3185663,36.07177734375
3185700,45.2880859375
3185717,35.888671875
3185741,32.89794921875
3185771,44.73876953125
3185798,44.00634765625
3185822,63.232421875
3185857,53.8330078125
3185926,49.01123046875
3185984,36.56005859375
3186047,40.4052734375
3186073,41.9921875
3186159,40.10009765625
3186407,47.42431640625
3338607,56.0302734375
3338875,55.0537109375
3338885,44.43359375
3338910,60.302734375
3338945,39.85595703125
3338969,58.7158203125
3339012,60.302734375
3339034,39.1845703125
3339048,40.83251953125
3339077,35.09521484375
3339115,33.26416015625
3339134,50.4150390625
3339151,37.353515625
3339372,33.8134765625
3339425,36.4990234375
3339514,41.32080078125
3339550,34.60693359375
3339734,35.82763671875
3366195,47.2412109375
3366619,58.349609375
3366632,34.85107421875
3366670,38.26904296875
3366701,58.59375
3366720,35.70556640625
3366762,33.447265625
3366772,33.14208984375
3366799,44.98291015625
3366814,49.8046875
3366839,40.6494140625
3366864,61.279296875
3366930,58.65478515625
3366973,33.447265625
3367016,34.912109375
3367080,33.3251953125
3367105,41.259765625
3367171,34.24072265625
3367311,35.5224609375
3367339,52.18505859375
3367449,32.8369140625
3378940,43.27392578125
3403290,38.63525390625
3403387,58.349609375
3403421,70.25146484375
3403559,47.18017578125
3403572,61.46240234375
3403621,86.5478515625
3403649,36.19384765625
3403680,34.60693359375
3403713,33.935546875
3403746,34.7900390625
3403772,36.1328125
3403793,43.5791015625
3403806,33.50830078125
3403868,40.58837890625
3403892,38.87939453125
3404201,33.203125
3404291,41.3818359375
3469882,34.5458984375
3469892,57.67822265625
3469929,47.91259765625
3469968,35.46142578125
3469999,37.41455078125
3470019,58.59375
3470047,68.78662109375
3470074,39.85595703125
3470104,45.10498046875
3470124,57.80029296875
3470180,37.41455078125
3470198,65.73486328125
3470233,34.1796875
3470257,33.87451171875
3470288,53.40576171875
3470343,33.50830078125
3470365,36.7431640625
3470445,37.353515625
3470478,41.6259765625
3470520,44.98291015625
3470684,34.66796875
3532158,70.98388671875
3532196,35.64453125
3532239,45.7763671875
3532265,34.912109375
3532297,35.400390625
3532310,51.69677734375
3532331,37.109375
3532361,47.79052734375
3532375,37.841796875
3532397,37.78076171875
3532409,75.37841796875
3532447,41.8701171875
3532464,35.58349609375
3532495,39.6728515625
3532525,32.89794921875
3532604,34.60693359375
3532674,35.5224609375
3532700,33.0810546875
3532757,35.888671875
3532794,32.89794921875
3532894,35.400390625
3533091,41.6259765625
3533163,38.63525390625
3533302,34.66796875
3597182,34.3017578125
3597216,35.82763671875
3597337,50.10986328125
3597390,48.27880859375
3597434,32.77587890625
3597465,66.34521484375
3597483,72.69287109375
3597500,56.09130859375
3597531,38.63525390625
3597590,46.08154296875
3597611,45.2880859375
3597647,55.60302734375
3597678,35.82763671875
3597724,49.25537109375
3597745,33.935546875
3597781,46.93603515625
3597800,33.0810546875
3597862,46.2646484375
3598058,38.02490234375
3717649,40.1611328125
3717686,34.60693359375
3717936,62.255859375
3717958,53.40576171875
3718005,58.2275390625
3718016,66.89453125
3718056,51.8798828125
3718079,41.748046875
3718089,53.40576171875
3718115,35.888671875
3718152,34.5458984375
3718288,33.14208984375
3718661,66.650390625
3718799,34.60693359375
3734263,33.69140625
3735065,42.236328125
3820145,59.14306640625
3820213,36.376953125
3820257,53.52783203125
3820287,45.10498046875
3820303,42.66357421875
3820333,35.58349609375
3820353,49.6826171875
3820382,42.8466796875
3820403,34.60693359375
3820415,35.400390625
3820442,43.45703125
3820476,33.02001953125
3820506,42.8466796875
3820545,37.4755859375
3820567,34.36279296875
3820677,40.95458984375
3820711,32.89794921875
3820786,37.04833984375
3820803,39.4287109375
3820883,39.6728515625
3820908,52.490234375
3820980,33.8134765625
3821049,51.20849609375
3821121,34.7900390625
3869226,80.99365234375
3869260,41.015625
3869297,83.984375
3869330,34.3017578125
3869354,41.93115234375
3869374,61.5234375
3869401,35.09521484375
3869421,39.6728515625
3869435,50.4150390625
3869468,38.51318359375
3869498,38.57421875
3869510,39.36767578125
3869533,33.50830078125
3869623,39.12353515625
3869671,32.8369140625
3869739,33.26416015625
3869879,34.24072265625
3869892,40.1611328125
3869956,41.56494140625
3870007,33.935546875
3870087,36.865234375
3870200,33.50830078125
3935094,42.724609375
3935123,59.2041015625
3935163,49.25537109375
3935174,46.7529296875
3935201,67.93212890625
3935224,36.43798828125
3935257,41.50390625
3935284,46.38671875
3935313,37.29248046875
3935333,56.82373046875
3935363,40.6494140625
3935374,39.794921875
3935399,36.4990234375
3935455,43.76220703125
3935465,38.75732421875
3935496,38.51318359375
3935588,35.7666015625
3935636,37.53662109375
3935675,45.71533203125
3935788,37.9638671875
3935840,32.77587890625
3936062,46.5087890625
4049155,49.74365234375
4049439,54.19921875
4049470,37.353515625
4049481,34.7900390625
4049520,34.85107421875
4049551,74.8291015625
4049580,62.31689453125
4049608,53.40576171875
4049627,40.95458984375
4049642,37.353515625
4049668,43.5791015625
4049693,32.8369140625
4049729,36.9873046875
4049880,36.1328125
4049903,36.1328125
4050010,38.6962890625
4050225,48.52294921875
4061544,43.15185546875
4062792,33.8134765625
4062929,55.7861328125
4063068,94.42138671875
4063139,43.45703125
4063190,37.9638671875
4063252,55.60302734375
4063268,33.935546875
4063316,33.203125
4063343,60.97412109375
4063383,40.6494140625
4063556,39.4287109375
4165934,50.048828125
4166254,52.978515625
4166298,47.66845703125
4166328,51.3916015625
4166342,36.80419921875
4166366,54.50439453125
4166404,46.32568359375
4166418,39.6728515625
4166446,34.72900390625
4166472,36.80419921875
4166491,35.58349609375
4166506,34.85107421875
4166546,35.64453125
4166581,42.3583984375
4166604,33.203125
4166640,43.39599609375
4166708,36.68212890625
4166767,47.9736328125
4166873,33.14208984375
4166913,33.203125
4254915,57.31201171875
4254948,49.37744140625
4254978,53.466796875
4255023,37.9638671875
4255057,42.78564453125
4255075,62.744140625
4255088,65.0634765625
4255121,37.841796875
4255151,49.01123046875
4255172,39.24560546875
4255186,44.189453125
4255208,44.49462890625
4255234,40.71044921875
4255249,34.3017578125
4255273,33.02001953125
4255352,45.71533203125
4255393,36.0107421875
4255521,47.8515625
4255556,35.09521484375
4255665,37.90283203125
4255682,34.24072265625
4255750,41.32080078125
4255791,34.3017578125
4255859,36.92626953125
4255946,40.34423828125
4256097,34.36279296875
4370324,47.7294921875
4370561,35.15625
4370599,38.63525390625
4370620,40.6494140625
4370652,36.7431640625
4370672,39.6728515625
4370689,41.1376953125
4370700,37.65869140625
4370725,36.9873046875
4370758,56.70166015625
4370776,34.85107421875
4370798,34.11865234375
4370825,44.921875
4370838,61.1572265625
4370879,33.87451171875
4371004,33.99658203125
4371042,34.72900390625
4371115,33.02001953125
4371178,42.724609375
4371386,38.6962890625
4387139,38.14697265625
4388675,36.68212890625
4388894,32.89794921875
4388938,56.33544921875
4389080,51.26953125
4389095,48.88916015625
4389150,55.60302734375
4389163,42.54150390625
4389217,46.38671875
4389330,49.13330078125
4389369,56.2744140625
4389404,34.423828125
4389433,49.62158203125
4389454,36.68212890625
4389478,42.236328125
4389499,50.47607421875
4389516,33.8134765625
4389556,46.32568359375
4389620,46.32568359375
4389692,33.5693359375
4389725,38.14697265625
4389978,38.57421875
4440335,43.3349609375
4440483,34.36279296875
4440706,62.6220703125
4440727,38.63525390625
4440766,47.607421875
4440793,55.6640625
4440828,46.630859375
4440849,63.41552734375
4440878,64.63623046875
4440896,37.841796875
4440908,52.978515625
4440934,38.02490234375
4440971,44.12841796875
4440994,36.68212890625
4441017,34.72900390625
4441042,44.12841796875
4441080,34.1796875
4441159,36.2548828125
4441187,34.85107421875
4441352,33.14208984375
4441678,36.1328125
4494363,40.58837890625
4494417,33.14208984375
4494759,58.28857421875
4494803,43.45703125
4494835,40.83251953125
4494860,41.44287109375
4494890,41.50390625
4494900,51.3916015625
4494918,43.76220703125
4494944,40.283203125
4494959,41.6259765625
4494982,35.888671875
4495003,34.85107421875
4495038,34.97314453125
4495193,35.46142578125
4495292,48.03466796875
4495374,67.3828125
4495493,39.12353515625
4495650,34.72900390625
4601283,59.14306640625
4601318,55.11474609375
4601374,34.11865234375
4601399,55.419921875
4601416,86.9140625
4601444,51.33056640625
4601468,45.95947265625
4601489,42.8466796875
4601517,40.83251953125
4601548,47.05810546875
4601573,38.63525390625
4601653,39.24560546875
4601783,33.8134765625
4601821,37.90283203125
4601906,48.03466796875
4612454,33.75244140625
4612714,41.50390625
4613546,48.88916015625
4621222,35.21728515625
4621513,65.0634765625
4621665,33.87451171875
4622116,44.12841796875
4622170,75.8056640625
4622194,33.8134765625
4622253,36.9873046875
4679781,38.2080078125
4679971,62.255859375
4680008,46.0205078125
4680032,44.0673828125
4680061,34.7900390625
4680116,33.935546875
4680141,54.99267578125
4680163,72.265625
4680188,35.46142578125
4680205,37.4755859375
4680242,41.015625
4680279,46.81396484375
4680300,34.97314453125
4680312,53.8330078125
4680486,32.77587890625
4680561,35.7666015625
4680597,45.166015625
4680697,40.34423828125
4701427,40.10009765625
4701683,40.0390625
4701880,50.59814453125
4701893,34.0576171875
4701973,44.98291015625
4702016,36.43798828125
4702035,48.583984375
4702081,36.62109375
4702100,33.99658203125
4702124,35.7666015625
4702201,35.94970703125
4702232,35.400390625
4702269,34.36279296875
4702378,38.63525390625
4702475,39.9169921875
4760635,47.66845703125
4761067,58.837890625
4761094,58.4716796875
4761113,33.203125
4761154,55.96923828125
4761179,38.26904296875
4761199,60.4248046875
4761217,44.677734375
4761232,32.77587890625
4761249,52.978515625
4761269,32.89794921875
4761286,33.14208984375
4761322,33.3251953125
4761360,38.330078125
4761408,34.36279296875
4761517,34.11865234375
4761549,32.8369140625
4761611,40.6494140625
4761651,34.423828125
4761762,33.63037109375
4761925,50.23193359375
4842641,49.1943359375
4843006,56.33544921875
4843039,35.400390625
4843051,34.912109375
4843067,35.2783203125
4843092,47.7294921875
4843120,47.66845703125
4843146,51.1474609375
4843162,56.57958984375
4843177,39.306640625
4843207,58.9599609375
4843243,35.64453125
4843268,48.40087890625
4843287,34.24072265625
4843308,37.353515625
4843485,43.9453125
4843531,33.99658203125
4843776,34.72900390625
4855127,41.50390625
4855496,34.48486328125
4855798,33.38623046875
4856261,36.376953125
4875089,64.02587890625
4875162,44.73876953125
4875194,32.89794921875
4875229,53.64990234375
4875254,43.0908203125
4875292,45.71533203125
4875367,49.560546875
4875445,34.97314453125
4904583,52.42919921875
4904636,39.24560546875
4904657,51.45263671875
4904703,63.720703125
4904734,38.87939453125
4904770,43.76220703125
4904793,49.8046875
4904853,41.68701171875
4904901,75.927734375
4904931,33.0810546875
4904963,50.9033203125
4905000,41.56494140625
4905050,34.48486328125
4905079,39.306640625
4905474,32.89794921875
4937682,38.4521484375
4938306,35.46142578125
4938398,34.97314453125
4938416,51.33056640625
4938464,74.462890625
4938512,45.2880859375
4938523,58.2275390625
4938552,56.884765625
4938582,36.4990234375
4938644,35.2783203125
4938810,45.71533203125
4938941,37.17041015625
4939045,34.85107421875
5022793,55.11474609375
5022847,33.50830078125
5023248,55.48095703125
5023298,71.71630859375
5023314,44.189453125
5023356,46.630859375
5023368,40.1611328125
5023413,72.32666015625
5023441,41.3818359375
5023452,34.85107421875
5023482,40.771484375
5023505,36.80419921875
5023542,41.259765625
5023574,35.400390625
5023622,33.75244140625
5023665,33.75244140625
5023676,34.85107421875
5023726,35.5224609375
5077650,46.20361328125
5078188,72.8759765625
5078219,40.6494140625
5078240,37.4755859375
5078253,43.8232421875
5078306,44.0673828125
5078342,74.27978515625
5078362,60.36376953125
5078378,40.283203125
5078390,38.02490234375
5078413,35.33935546875
5078428,64.02587890625
5078458,36.1328125
5078477,34.1796875
5078511,41.50390625
5078522,33.5693359375
5078793,42.90771484375
5240815,46.9970703125
5240851,35.46142578125
5241103,50.23193359375
5241146,38.330078125
5241158,40.6494140625
5241197,37.41455078125
5241209,53.7109375
5241245,38.330078125
5241270,56.640625
5241288,42.90771484375
5241339,38.2080078125
5241382,33.75244140625
5241507,37.78076171875
5241563,33.935546875
5241696,37.109375
5241858,34.48486328125
5292453,53.64990234375
5292498,36.62109375
5292928,66.34521484375
5292975,48.7060546875
5292995,36.31591796875
5293040,44.98291015625
5293075,70.6787109375
5293088,68.359375
5293117,36.62109375
5293133,35.09521484375
5293145,48.7060546875
5293214,36.9873046875
5293304,38.51318359375
5293417,41.8701171875
5293463,40.71044921875
5293713,36.19384765625
5352969,43.27392578125
5353312,70.068359375
5353325,34.72900390625
5353349,38.39111328125
5353387,45.10498046875
5353402,41.68701171875
5353427,55.23681640625
5353438,55.908203125
5353481,35.15625
5353498,38.6962890625
5353575,51.20849609375
5353608,44.73876953125
5353633,39.85595703125
5353679,33.75244140625
5353817,38.02490234375
5353943,42.236328125
5484017,49.37744140625
5484267,66.2841796875
5484305,67.2607421875
5484339,46.875
5484350,68.78662109375
5484370,51.33056640625
5484412,52.734375
5484432,56.09130859375
5484466,38.9404296875
5484518,44.98291015625
5484581,45.8984375
5484596,36.9873046875
5484754,33.5693359375
5484930,37.29248046875
5484942,42.54150390625
5484971,35.15625
5485074,40.52734375
5505346,49.31640625
5529769,43.39599609375
5530172,55.419921875
5530198,48.828125
5530223,48.583984375
5530234,44.3115234375
5530269,49.37744140625
5530287,52.24609375
5530312,92.529296875
5530326,42.96875
5530365,60.302734375
5530375,44.0673828125
5530449,37.41455078125
5530487,36.43798828125
5530561,40.95458984375
5530606,39.00146484375
5530674,35.94970703125
5530733,38.818359375
5530876,36.80419921875
5531031,35.400390625
5547508,38.63525390625
5548495,35.09521484375
5548631,40.52734375
5548725,37.353515625
5548804,64.51416015625
5548833,40.83251953125
5548858,52.734375
5548896,64.88037109375
5548919,37.41455078125
5548961,53.03955078125
5549025,32.8369140625
5549073,42.1142578125
5549268,33.203125
5549361,36.376953125
5621801,44.00634765625
5622169,61.09619140625
5622203,43.9453125
5622219,42.54150390625
5622280,57.43408203125
5622305,88.9892578125
5622319,54.5654296875
5622331,41.748046875
5622370,58.2275390625
5622389,36.19384765625
5622401,33.5693359375
5622425,42.1142578125
5622462,35.70556640625
5622492,40.52734375
5622517,33.5693359375
5622578,33.0810546875
5622614,35.82763671875
5622741,36.56005859375
5622808,57.861328125
5622876,36.31591796875
5622965,34.11865234375
5746026,36.7431640625
5746351,34.66796875
5746372,44.921875
5746398,40.10009765625
5746423,40.283203125
5746449,37.53662109375
5746462,60.302734375
5746517,41.32080078125
5746529,49.37744140625
5746558,34.66796875
5746589,48.88916015625
5746611,38.330078125
5746639,35.888671875
5746653,34.60693359375
5746670,33.447265625
5746704,35.21728515625
5746779,34.5458984375
5746808,38.4521484375
5746827,41.19873046875
5746884,40.83251953125
5836523,48.03466796875
5836591,37.2314453125
5836875,35.15625
5836911,61.8896484375
5836952,56.15234375
5836978,50.4150390625
5837002,68.05419921875
5837025,46.630859375
5837058,47.05810546875
5837091,34.11865234375
5837141,40.58837890625
5837183,44.86083984375
5837215,34.24072265625
5837354,36.4990234375
5837563,35.58349609375
5874203,42.48046875
5874435,37.841796875
5874452,78.9794921875
5874473,40.8935546875
5874497,69.091796875
5874525,55.419921875
5874563,59.6923828125
5874578,41.9921875
5874613,46.56982421875
5874628,40.8935546875
5874645,36.68212890625
5874661,43.64013671875
5874683,33.99658203125
5874703,35.46142578125
5874744,37.7197265625
5874768,34.11865234375
5874808,46.2646484375
5874851,40.283203125
5874896,42.17529296875
5874989,46.32568359375
6001039,33.8134765625
6001117,68.05419921875
6001138,33.203125
6001173,34.48486328125
6001234,32.8369140625
6001262,36.4990234375
6001286,63.5986328125
6001340,37.59765625
6001359,35.2783203125
6001391,70.6787109375
6001424,39.12353515625
6001442,45.8984375
6001470,43.15185546875
6001481,41.1376953125
6001500,43.76220703125
6001516,35.46142578125
6001542,43.27392578125
6001617,39.48974609375
6001705,37.17041015625
6001806,32.8369140625
6001921,39.1845703125
6002034,46.38671875
6002104,33.50830078125
6122740,53.3447265625
6123031,63.3544921875
6123077,46.2646484375
6123127,50.78125
6123154,36.68212890625
6123181,54.13818359375
6123219,36.2548828125
6123229,44.49462890625
6123279,38.87939453125
6123309,32.77587890625
6123353,34.5458984375
6123464,33.14208984375
6123479,36.68212890625
6123571,41.56494140625
6123598,62.68310546875
6123689,35.64453125
6123710,37.353515625
6123807,33.5693359375
6123823,33.75244140625
6187519,49.31640625
6187801,61.46240234375
6187879,50.1708984375
6187918,55.72509765625
6187958,52.79541015625
6187974,59.5703125
6187989,48.828125
6188034,81.11572265625
6188097,38.330078125
6188110,46.5087890625
6188172,37.9638671875
6188222,34.48486328125
6188323,36.0107421875
6188342,37.9638671875
6188364,33.38623046875
6188399,40.95458984375
6188465,35.82763671875
6188553,33.447265625
6188575,42.236328125
6188884,34.912109375
6250121,48.2177734375
6250463,36.56005859375
6250512,45.166015625
6250536,41.3818359375
6250547,44.5556640625
6250575,46.38671875
6250599,69.51904296875
6250619,71.71630859375
6250652,48.095703125
6250666,37.65869140625
6250679,39.48974609375
6250734,36.9873046875
6250769,33.75244140625
6250812,33.69140625
6250909,39.794921875
6251025,32.77587890625
6251035,34.0576171875
6251092,37.109375
6251169,54.931640625
6251265,37.65869140625
6251426,36.376953125
6273219,34.5458984375
6273331,42.17529296875
6273453,43.51806640625
6273464,40.1611328125
6273521,58.837890625
6273537,48.9501953125
6273605,93.75
6273618,41.93115234375
6273658,35.2783203125
6273683,78.67431640625
6273698,37.9638671875
6273718,41.93115234375
6273741,46.56982421875
6273765,50.10986328125
6273853,34.0576171875
6273867,42.29736328125
6274073,34.36279296875
6356067,54.443359375
6356181,70.98388671875
6356321,67.07763671875
6356374,38.2080078125
6356404,47.66845703125
6356442,48.9501953125
6356460,32.958984375
6356497,36.56005859375
6356516,36.1328125
6356545,79.833984375
6356590,40.283203125
6356616,36.4990234375
6356635,35.64453125
6356648,34.3017578125
6356681,43.3349609375
6356698,41.6259765625
6356911,38.330078125
6356987,35.70556640625
6357063,32.89794921875
6357134,34.1796875
6404326,51.69677734375
6404757,50.23193359375
6404788,48.583984375
6404810,35.0341796875
6404838,38.63525390625
6404850,50.9033203125
6404885,70.1904296875
6404905,63.96484375
6404924,48.03466796875
6404937,65.24658203125
6404947,40.1611328125
6404985,47.9736328125
6405016,47.8515625
6405033,34.66796875
6405081,35.09521484375
6405183,51.025390625
6405204,35.21728515625
6405277,43.9453125
6405395,44.5556640625
6405721,36.62109375
6476579,45.41015625
6476652,32.89794921875
6477022,59.50927734375
6477039,45.71533203125
6477055,46.2646484375
6477076,41.748046875
6477102,59.02099609375
6477122,56.33544921875
6477139,60.302734375
6477167,55.5419921875
6477184,41.68701171875
6477209,60.05859375
6477264,34.36279296875
6477283,34.85107421875
6477432,44.5556640625
6477516,43.15185546875
6477563,42.96875
6477776,38.14697265625
6503842,32.89794921875
6503878,35.15625
6503978,75.13427734375
6504041,88.68408203125
6504074,38.63525390625
6504091,34.24072265625
6504108,43.76220703125
6504178,48.2177734375
6504206,42.54150390625
6504246,42.8466796875
6504264,46.93603515625
6504289,45.2880859375
6504312,39.794921875
6504339,33.0810546875
6504356,35.2783203125
6504402,42.8466796875
6504442,45.166015625
6504462,52.734375
6504487,44.73876953125
6504510,45.654296875
6504549,34.72900390625
6504624,38.0859375
6504675,34.912109375
6504893,49.62158203125
6520340,35.2783203125
6520608,37.59765625
6520672,43.51806640625
6520994,32.89794921875
6521023,66.0400390625
6521275,45.0439453125
6521499,39.61181640625
6535625,38.0859375
6536508,42.6025390625
6562764,46.875
6562808,41.68701171875
6562852,56.82373046875
6562946,33.14208984375
6562992,35.70556640625
6563090,33.0810546875
6563129,67.138671875
6563399,39.0625
6626490,67.3828125
6626589,49.6826171875
6626616,56.94580078125
6626638,36.07177734375
6626687,42.78564453125
6626732,34.5458984375
6626749,33.87451171875
6626792,58.837890625
6626816,36.80419921875
6626846,38.0859375
6626874,48.64501953125
6626901,34.24072265625
6626932,38.14697265625
6627003,35.46142578125
6627079,33.0810546875
6627103,36.7431640625
6627177,34.60693359375
6627273,36.80419921875
6627366,37.9638671875
6700007,46.5087890625
6700073,33.203125
6700453,64.27001953125
6700471,34.3017578125
6700498,41.748046875
6700544,63.4765625
6700562,46.81396484375
6700588,65.3076171875
6700606,36.80419921875
6700638,41.3818359375
6700656,44.3115234375
6700669,36.7431640625
6700721,41.93115234375
6700746,41.9921875
6700848,40.10009765625
6700880,38.2080078125
6700924,52.001953125
6701002,51.1474609375
6701104,33.87451171875
6701163,33.99658203125
6701249,33.69140625
6774049,44.3115234375
6774090,34.66796875
6774133,34.11865234375
6774382,67.56591796875
6774410,34.24072265625
6774425,61.8896484375
6774450,70.9228515625
6774485,38.0859375
6774501,46.32568359375
6774515,33.26416015625
6774550,36.19384765625
6774566,45.95947265625
6774589,63.96484375
6774617,51.33056640625
6774672,39.1845703125
6774691,46.08154296875
6774776,35.21728515625
6774811,35.33935546875
6774825,36.19384765625
6774842,46.20361328125
6774945,35.5224609375
6775146,37.841796875
6797981,44.12841796875
6798079,57.6171875
6798121,38.4521484375
6798166,61.21826171875
6863841,50.59814453125
6864288,66.7724609375
6864342,53.5888671875
6864374,34.97314453125
6864384,41.3818359375
6864402,50.35400390625
6864419,67.2607421875
6864433,47.05810546875
6864455,38.57421875
6864484,51.26953125
6864494,42.48046875
6864907,43.45703125
6865206,34.60693359375
6932910,45.5322265625
6933019,55.60302734375
6933049,53.64990234375
6933073,39.48974609375
6933103,37.4755859375
6933168,39.6728515625
6933204,68.66455078125
6933216,47.79052734375
6933242,39.0625
6933256,35.82763671875
6933278,36.80419921875
6933294,34.72900390625
6933330,39.0625
6933345,39.12353515625
6933364,36.9873046875
6933391,40.1611328125
6933405,35.7666015625
6933474,34.423828125
6933617,33.0810546875
6933652,33.87451171875
6933826,43.5791015625
6933981,34.1796875
7002162,44.37255859375
7002199,35.888671875
7002550,56.70166015625
7002598,40.6494140625
7002626,47.30224609375
7002651,39.55078125
7002701,42.96875
7002728,37.78076171875
7002755,38.75732421875
7002766,51.33056640625
7002799,34.423828125
7002829,53.3447265625
7002854,60.36376953125
7002866,33.87451171875
7002950,40.58837890625
7002979,34.24072265625
7003027,37.04833984375
7003314,36.56005859375
7041383,46.0205078125
7041970,32.89794921875
7042000,83.92333984375
7042030,51.20849609375
7042090,39.00146484375
7042120,54.0771484375
7042133,47.607421875
7042174,53.16162109375
7042202,44.00634765625
7042217,37.9638671875
7042259,38.63525390625
7042281,32.958984375
7042339,35.09521484375
7042356,33.50830078125
7042443,43.76220703125
7042569,36.43798828125
7060014,38.75732421875
7060116,37.29248046875
7060163,53.1005859375
7060203,76.35498046875
7060426,39.12353515625
7060688,35.888671875
7115267,38.87939453125
7115795,50.72021484375
7115810,34.24072265625
7115840,63.53759765625
7115850,53.8330078125
7115882,34.60693359375
7115898,39.12353515625
7115916,37.41455078125
7115945,38.02490234375
7115959,37.53662109375
7116017,37.841796875
7116046,33.8134765625
7116084,33.14208984375
7116176,37.41455078125
7116298,36.9873046875
7116411,45.95947265625
7135373,34.912109375
7135476,73.1201171875
7135555,44.43359375
7135636,35.70556640625
7135799,35.58349609375
7205414,34.912109375
7205458,49.072265625
7205498,92.34619140625
7205570,49.01123046875
7205585,49.37744140625
7205620,44.677734375
7205640,64.5751953125
7205685,35.7666015625
7205734,56.09130859375
7205905,41.19873046875
7206072,36.4990234375
7206168,34.72900390625
7206322,32.8369140625
7267885,48.64501953125
7267925,37.65869140625
7268369,71.1669921875
7268382,36.2548828125
7268414,57.6171875
7268435,54.38232421875
7268475,66.58935546875
7268493,35.21728515625
7268507,35.46142578125
7268520,48.40087890625
7268561,57.861328125
7268581,42.17529296875
7268602,38.51318359375
7268639,33.5693359375
7268654,38.4521484375
7268753,40.22216796875
7268769,36.92626953125
7268937,42.8466796875
7269082,34.5458984375
7269177,32.77587890625
7380337,56.5185546875
7380701,72.6318359375
7380738,38.0859375
7380759,46.7529296875
7380779,34.5458984375
7380806,49.62158203125
7380839,59.08203125
7380868,47.4853515625
7380898,34.1796875
7380927,33.0810546875
7380958,49.560546875
7381071,38.14697265625
7381229,60.791015625
7381405,44.37255859375
7417135,54.62646484375
7417869,34.60693359375
7417906,59.6923828125
7417947,39.0625
7417964,40.771484375
7418002,46.32568359375
7418043,35.400390625
7418064,64.453125
7418095,55.84716796875
7418146,34.5458984375
7418170,40.95458984375
7418227,38.26904296875
7418325,46.875
7418407,35.15625
7418559,35.33935546875
7418669,37.90283203125
7457896,46.9970703125
7457930,33.02001953125
7458560,49.74365234375
7458653,36.19384765625
7458683,50.1708984375
7458727,34.423828125
7458744,33.5693359375
7458759,34.97314453125
7458781,59.814453125
7458813,50.4150390625
7458866,37.65869140625
7458944,37.90283203125
7459233,38.9404296875
7500764,49.25537109375
7501413,33.203125
7501504,33.8134765625
7501523,63.232421875
7501557,39.00146484375
7501589,48.88916015625
7501600,49.86572265625
7501655,66.5283203125
7501692,49.25537109375
7501764,37.9638671875
7501839,38.14697265625
7501881,35.46142578125
7501949,38.2080078125
7502078,34.1796875
7560878,64.8193359375
7561242,35.94970703125
7561283,38.0859375
7561294,53.16162109375
7561346,38.9404296875
7561376,62.744140625
7561411,37.53662109375
7561435,47.54638671875
7561450,42.48046875
7561467,39.61181640625
7561490,34.5458984375
7561545,35.2783203125
7561565,36.4990234375
7561579,38.51318359375
7561596,34.36279296875
7561639,34.97314453125
7561675,38.63525390625
7561706,34.912109375
7561755,34.0576171875
7597313,36.19384765625
7597429,37.17041015625
7597478,44.61669921875
7597527,58.53271484375
7597585,55.60302734375
7597601,41.32080078125
7597648,47.30224609375
7597695,56.7626953125
7597713,33.447265625
7597740,36.0107421875
7597754,34.36279296875
7597775,33.50830078125
7597799,33.50830078125
7597950,37.4755859375
7598032,34.912109375
7598085,33.5693359375
7622606,43.39599609375
7622712,50.35400390625
7622778,37.04833984375
7622818,62.6220703125
7641802,36.80419921875
7641976,45.5322265625
7642054,68.42041015625
7642088,51.7578125
7665961,34.97314453125
7666161,55.419921875
7666187,41.68701171875
7674762,37.90283203125
7704947,34.48486328125
7705089,79.9560546875
7705233,55.908203125
7705302,33.447265625
7763727,39.00146484375
7763762,47.4853515625
7763802,36.4990234375
7763823,33.3251953125
7763876,34.36279296875
7763896,57.2509765625
7763914,46.875
7763933,38.51318359375
7763966,69.03076171875
7763999,52.6123046875
7764024,49.560546875
7764040,41.9921875
7764063,43.0908203125
7764088,35.7666015625
7764312,36.376953125
7843462,49.01123046875
7843527,36.4990234375
7843541,41.015625
7843597,33.63037109375
7843623,86.5478515625
7843633,41.93115234375
7843656,41.32080078125
7843687,36.92626953125
7843715,58.349609375
7843734,49.74365234375
7843747,34.72900390625
7843770,41.259765625
7843861,37.9638671875
7843923,36.56005859375
7843936,33.50830078125
7843963,34.5458984375
7844072,34.36279296875
7844182,44.0673828125
7844349,42.05322265625
7968303,67.5048828125
7968342,44.73876953125
7968396,44.677734375
7968457,33.69140625
7968470,42.8466796875
7968496,58.7158203125
7968514,42.78564453125
7968539,38.818359375
7968574,53.03955078125
7968617,51.08642578125
7968681,35.5224609375
7968709,39.55078125
7968746,38.9404296875
7968778,37.17041015625
7968907,36.376953125
7968939,35.400390625
7968993,35.94970703125
7969096,38.14697265625
7969191,41.8701171875
7969345,39.48974609375
8020886,51.94091796875
8021356,64.0869140625
8021432,56.21337890625
8021458,39.9169921875
8021468,36.31591796875
8021489,74.3408203125
8021506,60.24169921875
8021525,40.4052734375
8021553,55.84716796875
8021578,39.0625
8021627,43.45703125
8021693,56.94580078125
8021825,36.62109375
8021916,32.8369140625
8021955,40.6494140625
8022053,33.8134765625
8022166,37.109375
8161904,36.31591796875
8161945,70.4345703125
8161992,46.81396484375
8162046,43.701171875
8162093,45.166015625
8162135,54.62646484375
8162170,47.79052734375
8162206,58.4716796875
8162247,49.072265625
8162283,38.26904296875
8162293,37.353515625
8162338,36.1328125
8162360,39.6728515625
8162377,47.7294921875
8162407,36.4990234375
8162609,38.63525390625
8162690,39.306640625
8162734,35.0341796875
8162769,32.77587890625
8162938,33.02001953125
8163156,35.64453125
8220151,46.20361328125
8220532,62.98828125
8220585,47.2412109375
8220608,44.3115234375
8220633,57.43408203125
8220660,73.18115234375
8220700,54.0771484375
8220718,47.7294921875
8220759,34.7900390625
8220774,48.40087890625
8220873,38.02490234375
8220959,33.02001953125
8220984,41.68701171875
8221110,41.80908203125
8221159,38.63525390625
8221226,44.3115234375
8221341,33.26416015625
8221607,45.166015625
8243754,68.42041015625
8243835,61.58447265625
8243862,37.78076171875
8243971,36.31591796875
8244022,68.7255859375
8244565,33.5693359375
8244576,66.71142578125
8302069,47.2412109375
8302106,35.2783203125
8302403,68.17626953125
8302429,38.02490234375
8302460,44.189453125
8302503,58.2275390625
8302516,45.22705078125
8302536,38.2080078125
8302565,47.9736328125
8302602,55.7861328125
8302620,58.65478515625
8302647,38.57421875
8302668,42.3583984375
8302682,33.447265625
8302835,45.654296875
8302936,47.9736328125
8303018,44.3115234375
8303138,34.1796875
8303312,36.4990234375
8303403,34.3017578125
8303424,39.0625
8343274,44.43359375
8343308,33.8134765625
8343772,58.53271484375
8343853,40.83251953125
8343880,49.37744140625
8343914,43.51806640625
8343929,42.96875
8343945,37.90283203125
8343964,49.8046875
8343994,38.26904296875
8344032,35.58349609375
8344060,40.83251953125
8344127,36.80419921875
8344165,36.62109375
8344203,37.109375
8344468,32.958984375
8344782,33.87451171875
8458448,76.171875
8458473,40.22216796875
8458496,38.87939453125
8458514,57.92236328125
8458559,34.423828125
8458577,84.41162109375
8458588,37.41455078125
8458615,34.912109375
8458650,38.2080078125
8458664,41.259765625
8458687,36.2548828125
8458706,71.2890625
8458719,33.447265625
8458743,32.89794921875
8458762,45.47119140625
8458774,41.07666015625
8458836,33.69140625
8458854,34.85107421875
8458866,39.24560546875
8458903,35.94970703125
8458928,43.51806640625
8459047,37.59765625
8459110,34.36279296875
8459205,34.60693359375
8459412,35.46142578125
8459553,33.0810546875
8526298,54.0771484375
8526383,71.35009765625
8526400,54.74853515625
8526444,51.45263671875
8526476,62.80517578125
8526490,44.37255859375
8526519,37.53662109375
8526547,55.11474609375
8526580,54.99267578125
8526594,37.841796875
8526641,48.583984375
8526658,34.97314453125
8526686,42.29736328125
8526696,36.80419921875
8526719,33.02001953125
8526873,35.70556640625
8526943,41.3818359375
8526976,34.5458984375
8527186,39.0625
8527327,33.447265625
8582445,36.2548828125
8582694,33.69140625
8582714,67.0166015625
8582907,39.73388671875
8583032,48.88916015625
8583232,54.74853515625
8583268,37.78076171875
8583341,46.630859375
8583475,38.02490234375
8613763,35.2783203125
8613892,35.0341796875
8613932,64.94140625
8613974,49.37744140625
8614002,35.15625
8614030,35.400390625
8614269,33.26416015625
8614345,38.39111328125
8614732,41.50390625
8628877,42.41943359375
8672347,54.931640625
8672375,43.15185546875
8672401,58.16650390625
8672462,50.10986328125
8672505,40.34423828125
8672546,37.53662109375
8672680,48.52294921875
8672714,39.4287109375
8672764,47.91259765625
8695533,49.62158203125
8697047,34.97314453125
8757936,60.6689453125
8757991,50.59814453125
8758008,46.81396484375
8758034,37.78076171875
8758071,67.44384765625
8758097,54.62646484375
8758113,51.1474609375
8758142,40.58837890625
8758171,41.015625
8758195,54.38232421875
8758205,70.3125
8758229,47.4853515625
8758258,38.14697265625
8758278,33.99658203125
8758332,39.55078125
8758367,36.1328125
8758706,35.09521484375
8769835,33.14208984375
8769972,36.865234375
8819826,46.44775390625
8820208,69.091796875
8820240,46.5087890625
8820256,33.26416015625
8820276,52.55126953125
8820291,54.19921875
8820324,54.62646484375
8820348,49.1943359375
8820393,43.0908203125
8820411,39.85595703125
8820431,50.59814453125
8820441,38.6962890625
8820495,34.912109375
8820506,42.54150390625
8820561,33.203125
8820610,34.912109375
8820698,36.4990234375
8820722,37.17041015625
8820845,41.015625
8821073,39.0625
8852363,34.85107421875
8852471,55.35888671875
8852483,56.57958984375
8852519,38.818359375
8852547,40.34423828125
8852574,35.0341796875
8852603,67.0166015625
8852636,39.36767578125
8852708,69.580078125
8852763,36.2548828125
8852773,48.27880859375
8852803,35.58349609375
8852823,69.580078125
8852878,43.212890625
8852900,54.0771484375
8852919,45.5322265625
8852987,50.23193359375
8853077,36.1328125
8853129,43.701171875
8853149,33.447265625
8853265,34.7900390625
8853390,39.73388671875
8878645,50.10986328125
8878694,36.865234375
8879246,34.72900390625
8879262,46.142578125
8879325,70.37353515625
8879564,42.90771484375
8879648,37.109375
8913312,47.9736328125
8913345,49.1943359375
8913405,52.3681640625
8918777,43.64013671875
8975343,47.30224609375
8975774,77.57568359375
8975828,40.34423828125
8975850,60.1806640625
8975876,46.142578125
8975893,50.35400390625
8975924,63.3544921875
8975946,49.13330078125
8975959,46.93603515625
8975980,54.8095703125
8975996,33.69140625
8976103,32.77587890625
8976131,34.97314453125
8976205,46.56982421875
8976252,38.87939453125
8976316,40.52734375
8976431,38.9404296875
8984407,35.33935546875
9005884,33.0810546875
9005925,42.236328125
9005969,33.63037109375
9006030,42.8466796875
9006048,67.87109375
9006164,73.2421875
9006227,58.4716796875
9006262,34.72900390625
9006927,32.77587890625
9012129,44.00634765625
9012288,33.69140625
9012326,56.640625
9012337,61.21826171875
9018392,33.14208984375
9024329,34.66796875
9030923,35.7666015625
9036008,43.27392578125
9036208,36.1328125
9036512,35.70556640625
9036544,56.70166015625
9042062,34.24072265625
9042256,41.80908203125
9042271,39.12353515625
9047899,36.62109375
9053016,41.07666015625
9053231,32.8369140625
9059570,41.8701171875
9059999,38.9404296875
9068946,38.02490234375
9069194,43.64013671875
9074854,38.4521484375
9082687,39.12353515625
9083131,35.46142578125
9090907,43.0908203125
9100439,46.142578125
9100552,42.724609375
9100908,43.27392578125
9101039,35.0341796875
9115288,40.52734375
9115345,36.43798828125
9115433,39.36767578125
9130206,49.4384765625
9168803,33.935546875
9168863,33.203125
9169006,41.07666015625
9169052,69.82421875
9169228,35.33935546875
9197828,35.82763671875
9198182,45.47119140625
9280814,44.37255859375
9281153,52.6123046875
9281184,39.97802734375
9281194,40.8935546875
9281214,43.76220703125
9281231,66.95556640625
9281254,58.7158203125
9281279,35.21728515625
9281298,36.62109375
9281312,41.50390625
9281390,37.65869140625
9281404,35.46142578125
9281437,43.3349609375
9281467,38.75732421875
9281490,36.62109375
9281588,46.5087890625
9281687,33.0810546875
9281750,35.64453125
9281785,38.818359375
9281872,35.70556640625
9282143,33.69140625
9296270,35.46142578125
9296313,38.87939453125
9296832,33.8134765625
9366459,44.7998046875
9366825,70.98388671875
9366864,52.3681640625
9366910,46.44775390625
9366924,70.6787109375
9366937,72.509765625
9366948,40.95458984375
9366986,73.30322265625
9367016,61.82861328125
9367050,40.95458984375
9367074,38.4521484375
9367258,54.0771484375
9367293,33.5693359375
9367467,38.63525390625
9489795,47.2412109375
9490076,61.03515625
9490124,35.7666015625
9490152,46.20361328125
9490178,86.3037109375
9490190,37.78076171875
9490224,60.791015625
9490240,39.4287109375
9490281,41.56494140625
9490299,44.25048828125
9490313,32.89794921875
9490470,39.9169921875
9515301,53.28369140625
9515329,36.07177734375
9516172,35.0341796875
9516305,35.400390625
9516423,33.38623046875
9516436,46.38671875
9516495,35.15625
9516537,45.8984375
9516620,49.31640625
9516667,34.85107421875
9627899,45.10498046875
9627942,33.8134765625
9628195,57.18994140625
9628227,39.9169921875
9628272,54.26025390625
9628285,63.04931640625
9628308,39.1845703125
9628327,44.86083984375
9628344,34.11865234375
9628363,34.912109375
9628381,70.37353515625
9628404,33.87451171875
9628432,38.818359375
9628591,35.2783203125
9628674,33.75244140625
9628746,35.33935546875
9628828,36.9873046875
9628863,33.26416015625
9629027,36.31591796875
9629163,34.912109375
9666433,48.88916015625
9666949,68.54248046875
9667011,57.7392578125
9667046,41.56494140625
9667070,52.67333984375
9667090,43.212890625
9667125,40.4052734375
9667146,55.60302734375
9667164,34.0576171875
9667179,34.3017578125
9667204,34.912109375
9667233,36.56005859375
9667381,49.37744140625
9667639,39.61181640625
9667738,43.27392578125
9667821,34.72900390625
9741468,59.9365234375
9741523,55.17578125
9741568,50.10986328125
9741588,46.7529296875
9741607,43.39599609375
9741629,33.0810546875
9741641,53.89404296875
9741663,70.25146484375
9741688,56.7626953125
9741730,36.19384765625
9741801,38.4521484375
9741835,40.0390625
9741943,33.0810546875
9742048,37.353515625
9742099,35.0341796875
9742173,35.7666015625
9742239,37.4755859375
9742269,35.888671875
9742317,42.3583984375
9742346,33.5693359375
9742493,45.95947265625
9742642,43.27392578125
9826619,40.10009765625
9826635,37.53662109375
9826879,62.6220703125
9826912,44.921875
9826945,51.94091796875
9826965,58.837890625
9826981,70.73974609375
9827014,60.9130859375
9827036,60.72998046875
9827057,35.5224609375
9827075,40.22216796875
9827100,34.85107421875
9827112,35.5224609375
9827125,36.31591796875
9827188,43.3349609375
9827222,34.11865234375
9827349,36.68212890625
9827509,33.14208984375
9827690,34.97314453125
9827808,40.0390625
9827996,35.21728515625
9861523,39.97802734375
9861577,34.423828125
9861647,33.02001953125
9861757,38.0859375
9862392,39.0625
9862421,56.82373046875
9862458,40.10009765625
9862473,54.87060546875
9862517,54.26025390625
9862538,50.9033203125
9862550,52.55126953125
9862586,44.00634765625
9862629,50.9033203125
9862641,49.8046875
9862705,35.21728515625
9862737,32.77587890625
9862753,33.75244140625
9862795,38.6962890625
9862839,37.9638671875
9862933,45.654296875
9863079,34.11865234375
9863197,34.48486328125
9863307,34.1796875
9863391,33.99658203125
9863507,41.3818359375
9863599,42.6025390625
9960355,34.7900390625
9960415,33.0810546875
9960492,56.45751953125
9960524,49.01123046875
9960539,49.4384765625
9960551,36.865234375
9960577,61.70654296875
9960593,49.4384765625
9960611,34.48486328125
9960629,64.75830078125
9960661,39.55078125
9960686,42.48046875
9960714,37.90283203125
9960734,33.203125
9960764,36.19384765625
9960799,43.51806640625
9960845,44.677734375
9960856,46.56982421875
9960929,35.15625
9961058,36.56005859375
9961129,35.64453125
9961216,32.8369140625
9961527,36.62109375
9996414,33.69140625
9997251,48.828125
9997761,56.884765625
10012714,38.330078125
10012726,35.5224609375
10012799,59.99755859375
10013664,48.27880859375
10013718,37.78076171875
10013776,39.85595703125
10013876,35.70556640625
10014110,66.83349609375
10014136,33.14208984375
10014172,34.11865234375
10014204,33.447265625
10014372,37.29248046875
10014446,37.53662109375
10014692,35.46142578125
10043325,36.43798828125
10043435,95.52001953125
10043561,33.203125
10043662,71.10595703125
10043683,48.27880859375
10043711,37.53662109375
10043956,33.203125
10044025,40.95458984375
10044163,37.29248046875
10044285,39.55078125
10077256,46.875
10077297,39.97802734375
10077836,33.69140625
10077946,40.771484375
10077972,39.97802734375
10078008,65.4296875
10078027,43.02978515625
10078039,34.66796875
10078065,77.20947265625
10078086,83.6181640625
10078102,34.72900390625
10078119,35.09521484375
10078134,37.4755859375
10078147,33.69140625
10078216,33.02001953125
10078250,42.54150390625
10078274,37.9638671875
10078345,32.89794921875
10078472,35.15625
10078581,38.4521484375
10078679,34.0576171875
10078776,41.748046875
10105437,41.32080078125
10105484,33.69140625
10106428,41.44287109375
10106486,32.8369140625
10106538,38.51318359375
10106585,34.912109375
10106617,42.3583984375
10106676,57.6171875
10106715,41.8701171875
10106745,35.94970703125
10106804,49.6826171875
10106850,34.48486328125
10106884,43.64013671875
10106899,33.26416015625
10107003,42.96875
10107082,44.5556640625
10107158,36.376953125
10107513,36.2548828125
10269131,54.19921875
10269176,36.43798828125
10269441,61.95068359375
10269481,36.92626953125
10269504,56.0302734375
10269525,48.40087890625
10269543,46.5087890625
10269575,51.8798828125
10269608,39.1845703125
10269638,36.19384765625
10269666,32.89794921875
10269698,33.3251953125
10269711,41.19873046875
10269741,42.48046875
10269800,35.46142578125
10269818,37.353515625
10270064,44.25048828125
10270164,35.64453125
10270413,46.20361328125
10270655,34.0576171875
10337898,47.8515625
10338262,65.36865234375
10338316,48.828125
10338343,43.701171875
10338369,43.0908203125
10338397,87.40234375
10338426,58.16650390625
10338454,36.865234375
10338467,43.701171875
10338502,34.7900390625
10338521,32.8369140625
10338539,37.841796875
10338576,37.4755859375
10338646,39.9169921875
10338754,35.15625
10339016,55.48095703125
10339157,38.51318359375
10408619,35.70556640625
10408637,38.39111328125
10408967,63.41552734375
10408979,33.8134765625
10409004,34.85107421875
10409018,35.64453125
10409044,51.81884765625
10409061,52.18505859375
10409074,82.33642578125
10409085,39.12353515625
10409107,37.59765625
10409129,37.353515625
10409145,34.97314453125
10409201,36.80419921875
10409253,41.80908203125
10409307,32.8369140625
10409336,47.36328125
10409351,36.92626953125
10409425,37.78076171875
10409463,37.41455078125
10409561,42.48046875
10409654,33.99658203125
10409834,39.24560546875
10409977,35.46142578125
10503963,59.02099609375
10503994,49.13330078125
10504017,34.72900390625
10504042,38.39111328125
10504066,38.63525390625
10504096,33.3251953125
10504124,34.0576171875
10504153,43.5791015625
10504196,50.1708984375
10504208,50.9033203125
10504223,34.36279296875
10504245,52.42919921875
10504277,39.306640625
10504294,37.41455078125
10504348,39.61181640625
10504389,35.70556640625
10504426,34.3017578125
10504483,34.7900390625
10504533,34.48486328125
10504559,34.60693359375
10504637,46.93603515625
10504732,33.935546875
10504763,47.66845703125
10504832,36.7431640625
10505014,35.7666015625
10579010,44.37255859375
10579060,35.64453125
10579438,61.58447265625
10579478,58.2275390625
10579497,36.9873046875
10579520,49.6826171875
10579537,36.376953125
10579567,52.1240234375
10579587,43.64013671875
10579610,51.45263671875
10579625,37.841796875
10579659,42.66357421875
10579670,62.6220703125
10579788,34.66796875
10579894,39.85595703125
10579945,45.47119140625
10580030,45.5322265625
10580140,37.109375
10580259,41.8701171875
10580445,37.59765625
10695804,60.546875
10695839,46.875
10695855,35.2783203125
10695894,42.29736328125
10695910,46.5087890625
10695946,39.00146484375
10695979,79.52880859375
10695990,33.14208984375
10696014,35.7666015625
10696049,36.7431640625
10696059,45.47119140625
10696101,34.85107421875
10696133,35.2783203125
10696187,32.958984375
10696345,35.5224609375
10696364,36.68212890625
10696432,33.38623046875
10696448,33.02001953125
10696526,32.77587890625
10696677,38.4521484375
10696969,33.50830078125
10723441,35.0341796875
10723463,40.771484375
10723571,59.99755859375
10723733,50.96435546875
10723868,35.70556640625
10724633,33.14208984375
10780681,50.29296875
10780976,68.2373046875
10781006,39.1845703125
10781027,41.68701171875
10781046,66.22314453125
10781067,57.80029296875
10781103,48.15673828125
10781117,62.744140625
10781158,34.85107421875
10781193,46.9970703125
10781231,40.771484375
10781253,34.72900390625
10781477,35.21728515625
10781621,32.89794921875
10850060,41.32080078125
10850129,74.64599609375
10850167,74.52392578125
10850201,44.98291015625
10850241,45.22705078125
10850259,63.65966796875
10850305,65.0634765625
10850329,44.49462890625
10850352,70.068359375
10850363,44.61669921875
10850381,47.79052734375
10850413,40.52734375
10850486,36.31591796875
10850530,37.353515625
10850553,38.818359375
10850676,39.12353515625
10850706,33.203125
10850749,34.24072265625
10850866,33.87451171875
10850935,34.72900390625
10851056,37.841796875
10915958,56.7626953125
10916001,40.46630859375
10916077,52.91748046875
10916147,35.09521484375
10916164,34.912109375
10916205,40.1611328125
10916242,46.81396484375
10916259,45.0439453125
10916290,55.6640625
10916319,47.7294921875
10916379,34.85107421875
10916398,38.63525390625
10916435,33.26416015625
10916535,35.7666015625
10916636,36.376953125
10916688,34.48486328125
10916750,35.94970703125
10916760,33.447265625
10916992,38.0859375
10917419,32.89794921875
10994027,36.31591796875
10994142,62.07275390625
10994157,41.80908203125
10994202,61.8896484375
10994219,39.0625
10994240,88.31787109375
10994284,47.91259765625
10994305,44.73876953125
10994337,45.2880859375
10994367,44.921875
10994392,51.513671875
10994417,39.24560546875
10994435,41.80908203125
10994473,34.11865234375
10994485,43.64013671875
10994623,37.90283203125
10994897,33.87451171875
10994999,36.07177734375
10995162,34.3017578125
10995277,43.51806640625
11054127,61.279296875
11054153,37.109375
11054196,73.1201171875
11054234,50.048828125
11054259,53.8330078125
11054276,35.5224609375
11054313,45.7763671875
11054325,35.2783203125
11054340,38.51318359375
11054350,34.72900390625
11054379,45.83740234375
11054429,35.2783203125
11054497,33.50830078125
11054620,40.771484375
11054741,35.58349609375
11054829,33.5693359375
11054960,39.00146484375
11055042,37.41455078125
11134302,40.0390625
11134644,65.49072265625
11134671,42.3583984375
11134699,76.2939453125
11134723,52.79541015625
11134738,45.95947265625
11134774,39.97802734375
11134804,57.0068359375
11134820,50.537109375
11134858,59.814453125
11134884,43.51806640625
11135046,42.54150390625
11135104,57.7392578125
11135160,32.77587890625
11135566,33.447265625
11135716,32.89794921875
11135877,33.0810546875
11214149,41.259765625
11214482,70.12939453125
11214521,38.330078125
11214540,34.72900390625
11214558,58.4716796875
11214578,57.12890625
11214601,34.3017578125
11214629,42.17529296875
11214652,55.60302734375
11214688,35.82763671875
11214709,41.50390625
11214756,34.5458984375
11214785,34.3017578125
11214975,42.54150390625
11215023,36.2548828125
11215065,36.56005859375
11215206,35.58349609375
11215308,35.58349609375
11215420,36.9873046875
11215658,34.0576171875
11215798,38.330078125
11233583,41.68701171875
11235117,35.400390625
11235482,35.70556640625
11235807,43.15185546875
11236584,41.32080078125
11236841,42.66357421875
11309207,42.05322265625
11309240,78.67431640625
11309283,46.32568359375
11309317,42.724609375
11309338,55.23681640625
11309354,47.7294921875
11309392,45.83740234375
11309418,49.62158203125
11309445,48.9501953125
11309456,40.52734375
11309476,51.81884765625
11309609,33.50830078125
11309797,34.5458984375
11310214,38.14697265625
11329892,34.48486328125
11329906,33.447265625
11335228,38.818359375
11335614,45.0439453125
11336916,35.46142578125
11337190,44.3115234375
11338379,34.66796875
11338617,39.0625
11345553,34.912109375
11345757,43.02978515625
11345790,38.818359375
11353194,42.1142578125
11353393,38.2080078125
11353460,33.38623046875
11354036,41.015625
11360144,45.41015625
11360258,34.60693359375
11360558,35.33935546875
11367324,34.0576171875
11367585,35.09521484375
11367976,36.19384765625
11376105,35.2783203125
11382690,61.03515625
11383145,39.24560546875
11385036,44.43359375
11390124,36.9873046875
11390425,45.41015625
11395040,32.89794921875
11395470,48.095703125
11395953,33.447265625
11401902,41.68701171875
11403057,33.5693359375
11407197,39.48974609375
11407558,44.43359375
11407851,47.18017578125
11409218,38.51318359375
11413650,40.95458984375
11414638,47.119140625
11414689,33.69140625
11419100,36.92626953125
11419354,39.306640625
11428048,41.32080078125
11428237,34.48486328125
11437936,35.15625
11438273,36.43798828125
11438446,36.19384765625
11445656,43.51806640625
11446333,37.04833984375
11454366,33.75244140625
11454475,49.74365234375
11454663,39.306640625
11464853,39.24560546875
11465157,36.07177734375
11475297,55.96923828125
11475457,42.6025390625
11488776,55.5419921875
11488991,35.0341796875
11497969,42.1142578125
11518303,59.63134765625
11518601,48.583984375
11519322,35.70556640625
11537668,35.2783203125
11537679,58.2275390625
11537757,62.80517578125
11537925,34.3017578125
11538511,33.8134765625
11554415,44.37255859375
11554483,51.69677734375
11589083,33.87451171875
11589147,33.447265625
11589299,49.49951171875
11589386,37.29248046875
11589616,34.11865234375
11630925,38.4521484375
11631151,37.4755859375
11631198,63.78173828125
11631372,39.55078125
11631523,35.58349609375
11672692,41.93115234375
11673081,35.70556640625
11673260,41.6259765625
11673416,35.46142578125
11728230,41.68701171875
11728686,38.6962890625
11728796,38.14697265625
11728821,37.59765625
11762210,39.36767578125
11762311,39.0625
11795812,38.14697265625
11795971,47.2412109375
11796026,34.912109375
11796138,52.3681640625
11834190,34.36279296875
11834292,33.26416015625
11834448,50.47607421875
11913742,48.828125
11914083,65.85693359375
11914112,35.09521484375
11914135,35.888671875
11914157,46.7529296875
11914179,48.52294921875
11914196,61.21826171875
11914206,55.84716796875
11914244,45.47119140625
11914277,44.7998046875
11914297,34.7900390625
11914309,35.400390625
11914333,43.88427734375
11914363,48.88916015625
11914439,36.1328125
11914477,36.2548828125
11914540,35.33935546875
11914656,33.5693359375
11914744,39.24560546875
11914921,39.00146484375
11915207,33.99658203125
