11999000,0
76093,18.6767578125
76337,19.10400390625
76351,20.751953125
76405,21.54541015625
76480,20.5078125
76521,20.751953125
164359,23.13232421875
164427,19.71435546875
164543,20.93505859375
164878,18.85986328125
165195,21.05712890625
179657,19.95849609375
180487,18.49365234375
180556,20.20263671875
272875,21.54541015625
272974,21.05712890625
273046,19.10400390625
273097,19.22607421875
273139,19.34814453125
273176,18.4326171875
273198,20.6298828125
273238,18.798828125
273341,19.775390625
273367,20.32470703125
374957,20.20263671875
375021,19.83642578125
375075,18.49365234375
375141,22.3388671875
375168,22.5830078125
375197,19.47021484375
375225,21.484375
375249,21.484375
375273,21.42333984375
375439,23.62060546875
375469,20.6298828125
444268,19.287109375
444454,18.6767578125
444586,21.54541015625
444631,18.85986328125
444654,18.49365234375
444692,18.49365234375
444715,19.22607421875
512582,18.4326171875
512597,23.92578125
512661,20.99609375
512727,21.54541015625
512754,24.59716796875
512936,21.78955078125
585446,20.751953125
585495,18.61572265625
585644,21.91162109375
585771,19.287109375
585817,19.47021484375
585847,19.775390625
585919,20.6298828125
674137,18.61572265625
674212,19.04296875
674234,18.49365234375
674622,25.7568359375
674644,18.98193359375
674759,20.751953125
674873,18.9208984375
749284,19.10400390625
749319,19.4091796875
749497,18.98193359375
749509,21.8505859375
749533,23.4375
749573,20.01953125
749617,27.099609375
749638,19.6533203125
749661,20.20263671875
749767,19.47021484375
750225,18.61572265625
817813,20.08056640625
817838,21.240234375
817893,21.484375
817922,22.216796875
817954,19.53125
817976,21.484375
818000,20.3857421875
818042,24.169921875
818062,19.47021484375
902613,21.54541015625
902874,18.98193359375
902925,21.3623046875
902935,21.78955078125
903018,18.798828125
903090,19.83642578125
926657,19.775390625
926822,19.71435546875
927076,18.9208984375
927094,20.81298828125
927208,19.71435546875
927244,20.263671875
927492,18.85986328125
927773,19.287109375
951530,19.8974609375
951779,20.93505859375
1048044,19.34814453125
1048104,20.263671875
1048330,21.66748046875
1048374,18.6767578125
1048455,23.0712890625
1048613,19.6533203125
1048662,23.681640625
1048704,21.66748046875
1048762,21.30126953125
1140333,18.85986328125
1140365,20.8740234375
1140568,20.20263671875
1140609,18.9208984375
1228932,19.59228515625
1228960,20.751953125
1229017,19.1650390625
1229063,19.10400390625
1229100,18.4326171875
1273844,21.8505859375
1274008,19.1650390625
1274288,19.22607421875
1274403,19.95849609375
1274436,21.97265625
1274555,18.5546875
1274737,18.798828125
1325597,19.34814453125
1325677,22.705078125
1325790,18.73779296875
1325862,18.73779296875
1325907,19.47021484375
1325946,18.49365234375
1325986,18.98193359375
1391370,20.56884765625
1391475,20.08056640625
1391637,19.10400390625
1391715,24.10888671875
1449423,19.59228515625
1449545,23.92578125
1449607,20.751953125
1449683,21.6064453125
1449706,21.8505859375
1449731,25.5126953125
1449805,19.10400390625
1449825,19.04296875
1517654,25.69580078125
1517667,21.78955078125
1517720,18.4326171875
1517752,19.71435546875
1517771,18.73779296875
1517804,19.775390625
1517837,22.52197265625
1517917,28.62548828125
1518366,19.1650390625
1562528,21.30126953125
1584182,23.681640625
1584458,23.5595703125
1584503,21.42333984375
1584552,18.98193359375
1584651,19.10400390625
1632143,19.6533203125
1632201,18.73779296875
1632296,19.47021484375
1632325,23.13232421875
1632419,19.53125
1632484,19.83642578125
1632512,19.83642578125
1682815,21.3623046875
1682839,22.3388671875
1682901,19.4091796875
1683120,21.484375
1683167,20.08056640625
1683210,20.99609375
1683240,19.04296875
1683262,20.56884765625
1683292,26.85546875
1683355,20.8740234375
1683664,18.9208984375
1683813,21.05712890625
1683911,19.04296875
1732448,21.78955078125
1732689,20.81298828125
1732722,20.56884765625
1732756,19.47021484375
1732816,21.17919921875
1732835,22.216796875
1732880,18.4326171875
1732914,24.0478515625
1732946,21.66748046875
1733000,18.85986328125
1733300,19.53125
1736631,19.10400390625
1738911,20.01953125
1821187,19.8974609375
1821271,18.61572265625
1821442,18.798828125
1821506,18.798828125
1821597,29.47998046875
1873813,19.6533203125
1873871,19.04296875
1874038,20.8740234375
1874095,21.17919921875
1874147,24.23095703125
1874359,19.83642578125
1874927,19.47021484375
1940848,23.74267578125
1941030,18.49365234375
1941085,20.93505859375
1941144,18.9208984375
1941176,19.8974609375
1941222,18.61572265625
1941246,18.4326171875
1941420,22.0947265625
1943616,19.4091796875
1987122,18.73779296875
1987155,18.98193359375
1987212,18.85986328125
1987458,19.04296875
1987471,22.3388671875
1989063,20.20263671875
2000839,20.1416015625
2001045,18.5546875
2001085,23.193359375
2001129,20.6298828125
2001242,19.83642578125
2001964,18.6767578125
2003227,23.37646484375
2080573,19.34814453125
2080736,18.73779296875
2080782,19.4091796875
2080843,18.9208984375
2080956,19.287109375
2165611,19.10400390625
2165717,20.20263671875
2165796,23.62060546875
2165995,19.04296875
2166098,18.73779296875
2166318,21.78955078125
2230228,18.798828125
2230444,18.798828125
2230644,18.98193359375
2230654,20.3857421875
2230777,18.798828125
2230868,19.10400390625
2230974,19.22607421875
2312085,18.61572265625
2312283,20.8740234375
2312404,20.751953125
2312422,21.42333984375
2312526,21.78955078125
2312555,23.37646484375
2312615,19.775390625
2390042,19.71435546875
2391052,19.22607421875
2391224,20.751953125
2391373,18.85986328125
2391485,20.99609375
2445899,19.95849609375
2445959,21.728515625
2446178,23.0712890625
2446242,23.92578125
2446272,20.56884765625
2446404,25.0244140625
2446453,19.4091796875
2446514,21.484375
2521313,19.8974609375
2521623,18.98193359375
2521655,20.1416015625
2521699,20.08056640625
2521767,20.8740234375
2521792,23.37646484375
2521820,19.83642578125
2521842,19.8974609375
2521944,19.4091796875
2522105,19.1650390625
2596227,18.98193359375
2596447,18.73779296875
2596557,20.751953125
2596602,20.3857421875
2596638,22.76611328125
2596893,20.08056640625
2597085,18.61572265625
2655600,18.73779296875
2655632,18.5546875
2655688,19.04296875
2655794,19.1650390625
2655898,19.1650390625
2675599,19.47021484375
2676405,20.08056640625
2676595,18.5546875
2795432,19.59228515625
2795474,18.5546875
2795484,19.95849609375
2795525,19.287109375
2795548,18.9208984375
2873541,19.287109375
2874362,19.04296875
2874714,18.9208984375
2874872,19.8974609375
2874979,21.05712890625
2875018,19.47021484375
2964634,21.6064453125
2964683,18.5546875
2964790,18.798828125
2964829,20.44677734375
2964908,18.73779296875
2965043,19.775390625
2965072,18.6767578125
2965156,20.20263671875
2965209,19.04296875
2965251,22.03369140625
3040088,18.49365234375
3040626,22.15576171875
3040679,22.76611328125
3040712,19.83642578125
3040735,22.0947265625
3040857,19.71435546875
3106341,19.95849609375
3106655,18.4326171875
3106681,18.73779296875
3106715,19.775390625
3106744,19.71435546875
3106763,20.08056640625
3106835,19.34814453125
3106856,22.4609375
3106888,26.123046875
3166809,18.85986328125
3167002,19.22607421875
3167227,18.85986328125
3167531,18.9208984375
3167570,18.73779296875
3167583,18.798828125
3240650,19.04296875
3240855,19.59228515625
3312605,18.61572265625
3312711,18.9208984375
3312966,18.85986328125
3313100,22.8271484375
3313162,20.1416015625
3313232,19.04296875
3366519,20.3857421875
3366870,21.91162109375
3366949,19.53125
3366978,19.10400390625
3367014,18.61572265625
3367039,18.6767578125
3367096,21.3623046875
3367194,20.5078125
3420474,18.98193359375
3420649,18.49365234375
3420770,21.728515625
3420809,18.798828125
3420960,25.390625
3465986,20.263671875
3466023,19.53125
3466240,18.6767578125
3466488,20.5078125
3466530,20.93505859375
3466565,24.4140625
3466688,21.8505859375
3466889,18.49365234375
3528436,21.484375
3528451,19.34814453125
3528481,22.94921875
3528519,19.59228515625
3528548,19.53125
3528594,19.53125
3595265,20.32470703125
3595290,20.3857421875
3595382,18.9208984375
3595485,24.47509765625
3595536,22.0947265625
3595610,18.6767578125
3638785,19.71435546875
3639029,19.59228515625
3639063,21.78955078125
3639105,24.0478515625
3639271,20.08056640625
3639323,18.4326171875
3700581,21.484375
3700617,20.08056640625
3700838,18.4326171875
3700861,19.1650390625
3700889,19.47021484375
3700932,20.32470703125
3700984,26.123046875
3701015,18.49365234375
3701074,19.10400390625
3701102,19.83642578125
3701158,21.54541015625
3701275,20.1416015625
3701303,18.9208984375
3756971,20.69091796875
3757034,20.1416015625
3757056,18.98193359375
3757084,21.17919921875
3757147,22.216796875
3757190,24.71923828125
3757226,21.54541015625
3757273,19.71435546875
3757341,18.9208984375
3757653,18.73779296875
3805255,20.751953125
3805402,19.287109375
3805458,18.98193359375
3805610,18.61572265625
3805628,20.81298828125
3805697,20.69091796875
3805891,18.4326171875
3850024,20.263671875
3850089,18.798828125
3850130,21.240234375
3850285,18.49365234375
3850302,23.4375
3850337,25.20751953125
3850553,18.61572265625
3891117,18.6767578125
3891247,20.99609375
3891288,21.78955078125
3891306,18.4326171875
3891344,21.240234375
3891418,19.1650390625
3891508,19.47021484375
3951719,20.81298828125
3951926,18.98193359375
3951950,20.1416015625
3951972,19.6533203125
3952019,20.69091796875
3952072,19.775390625
3952114,23.0712890625
3952200,19.8974609375
3952889,19.47021484375
3955550,18.61572265625
3955985,19.775390625
4022565,19.47021484375
4022636,22.88818359375
4022721,20.3857421875
4022753,23.0712890625
4022789,18.9208984375
4023475,19.4091796875
4025305,18.61572265625
4025868,18.85986328125
4026032,18.61572265625
4026861,20.56884765625
4084761,21.240234375
4084813,20.44677734375
4084919,22.76611328125
4084950,23.25439453125
4085024,21.3623046875
4085100,20.20263671875
4165201,20.93505859375
4165224,19.95849609375
4165259,18.73779296875
4165348,20.08056640625
4165481,20.3857421875
4165510,21.6064453125
4165658,20.751953125
4169041,21.240234375
4169905,19.34814453125
4243186,20.01953125
4243252,19.22607421875
4243284,20.8740234375
4243400,19.22607421875
4243558,21.42333984375
4243776,18.61572265625
4243993,18.85986328125
4244826,18.61572265625
4245098,19.53125
4249349,18.6767578125
4310241,19.53125
4310329,19.8974609375
4310367,25.7568359375
4310402,18.85986328125
4310435,22.88818359375
4310471,18.798828125
4310594,19.8974609375
4311364,18.98193359375
4377168,21.42333984375
4377239,21.05712890625
4377375,19.775390625
4377463,21.6064453125
4377537,18.6767578125
4378268,21.42333984375
4432678,19.04296875
4433044,19.95849609375
4433129,18.798828125
4433240,18.49365234375
4433297,21.91162109375
4433450,18.98193359375
4433946,22.64404296875
4479289,19.53125
4479357,20.44677734375
4479435,20.20263671875
4479533,22.0947265625
4479659,19.22607421875
4479756,21.42333984375
4479779,20.1416015625
4479885,19.1650390625
4480113,18.85986328125
4480274,19.83642578125
4549142,19.34814453125
4549380,19.71435546875
4549460,18.4326171875
4549531,19.1650390625
4549570,19.95849609375
4549606,23.193359375
4549630,19.10400390625
4549652,29.96826171875
4549681,22.0947265625
4549709,19.95849609375
4549869,20.6298828125
4557449,18.6767578125
4592701,20.3857421875
4640942,18.4326171875
4641740,20.5078125
4641875,18.49365234375
4641983,21.1181640625
4642087,20.3857421875
4732691,19.1650390625
4732742,19.47021484375
4732819,21.728515625
4732862,19.1650390625
4733025,20.93505859375
4733521,18.6767578125
4780815,22.39990234375
4781273,21.3623046875
4781340,19.53125
4781449,18.9208984375
4781583,19.775390625
4858559,21.30126953125
4858684,20.263671875
4859044,21.3623046875
4859107,19.8974609375
4859128,22.705078125
4859154,21.3623046875
4859174,22.4609375
4859213,19.287109375
4859247,18.73779296875
4859270,20.8740234375
4859296,20.99609375
4859325,20.44677734375
4859674,21.05712890625
4939255,19.71435546875
4939654,20.01953125
4939866,20.81298828125
5024368,19.53125
5024520,20.44677734375
5024867,18.49365234375
5024925,18.49365234375
5024936,19.775390625
5025252,19.6533203125
5103649,18.73779296875
5103784,18.6767578125
5103809,21.240234375
5103997,19.10400390625
5124994,19.95849609375
5125123,18.73779296875
5125349,18.73779296875
5125416,19.47021484375
5125481,18.5546875
5125773,21.3623046875
5225740,19.4091796875
5225799,19.47021484375
5225851,19.287109375
5225888,19.71435546875
5225935,22.76611328125
5225957,19.59228515625
5226033,18.6767578125
5226046,19.10400390625
5226067,19.71435546875
5283298,21.240234375
5283582,20.01953125
5283612,19.4091796875
5283728,24.96337890625
5283770,18.6767578125
5283857,18.61572265625
5335217,22.216796875
5335399,19.34814453125
5335436,18.49365234375
5335457,18.49365234375
5335556,20.1416015625
5335652,20.99609375
5335692,21.42333984375
5335784,19.4091796875
5383205,19.22607421875
5383274,19.287109375
5383474,22.0947265625
5383545,18.49365234375
5383606,21.3623046875
5383659,24.47509765625
5384367,19.287109375
5384525,20.69091796875
5432624,21.54541015625
5432867,19.83642578125
5432924,18.98193359375
5432941,19.83642578125
5432964,23.25439453125
5433104,19.71435546875
5433123,27.16064453125
5433300,18.9208984375
5433383,20.01953125
5488090,18.798828125
5488149,20.263671875
5488294,20.81298828125
5488310,18.798828125
5488446,19.1650390625
5488512,18.73779296875
5488582,18.9208984375
5488646,19.10400390625
5537592,18.9208984375
5537775,20.32470703125
5537855,20.32470703125
5537927,18.73779296875
5537960,18.73779296875
5537986,22.0947265625
5538018,18.85986328125
5538050,20.5078125
5538062,21.66748046875
5538221,18.73779296875
5538279,19.10400390625
5598019,19.6533203125
5598196,20.20263671875
5598210,19.22607421875
5598223,25.0244140625
5598246,19.04296875
5598279,18.5546875
5598315,19.1650390625
5598338,19.47021484375
5598454,18.9208984375
5598478,20.81298828125
5598580,18.798828125
5648568,19.71435546875
5648631,19.8974609375
5648661,22.27783203125
5648726,19.1650390625
5648875,20.5078125
5648936,19.71435546875
5649109,19.34814453125
5649140,19.47021484375
5649302,18.6767578125
5701666,22.27783203125
5701900,18.98193359375
5702095,18.9208984375
5702121,19.1650390625
5702179,20.32470703125
5702214,20.751953125
5702290,19.1650390625
5702354,22.03369140625
5702698,20.8740234375
5762237,21.97265625
5762264,19.10400390625
5762517,19.4091796875
5762633,20.44677734375
5762675,18.98193359375
5762686,18.4326171875
5762715,19.775390625
5762756,22.8271484375
5762831,23.25439453125
5831998,22.03369140625
5832019,26.18408203125
5832046,18.73779296875
5832059,23.74267578125
5832084,18.798828125
5832107,22.8271484375
5832127,18.4326171875
5832203,21.05712890625
5832227,23.5595703125
5889642,23.13232421875
5889673,21.66748046875
5889689,19.22607421875
5889774,20.08056640625
5889857,20.32470703125
5889898,21.42333984375
5933603,18.73779296875
5933691,19.10400390625
5933894,18.73779296875
5973213,23.62060546875
5973537,18.85986328125
5973656,18.5546875
5973760,20.20263671875
5973794,18.85986328125
5973901,19.22607421875
5979018,22.27783203125
5979428,20.93505859375
5980451,22.3388671875
6045547,20.20263671875
6045746,18.6767578125
6045943,19.287109375
6046165,18.85986328125
6046222,18.4326171875
6046297,19.22607421875
6046347,18.73779296875
6101917,23.25439453125
6101974,19.34814453125
6102041,23.8037109375
6102126,20.751953125
6102171,20.8740234375
6102230,21.484375
6102260,19.10400390625
6102316,18.61572265625
6102332,20.69091796875
6102360,19.6533203125
6102404,20.1416015625
6102440,18.6767578125
6147198,22.15576171875
6147274,23.4375
6147424,20.5078125
6147510,20.93505859375
6147578,19.22607421875
6147717,18.73779296875
6147809,21.3623046875
6189047,18.85986328125
6203461,18.85986328125
6203484,18.85986328125
6203624,18.5546875
6203675,18.61572265625
6203721,19.22607421875
6203763,19.47021484375
6203822,19.8974609375
6203881,18.5546875
6203906,23.5595703125
6204023,21.8505859375
6204211,21.30126953125
6252227,24.96337890625
6252633,20.08056640625
6252737,23.8037109375
6252779,19.34814453125
6252843,18.98193359375
6252886,18.73779296875
6252918,22.52197265625
6313381,18.9208984375
6313520,26.42822265625
6313670,18.4326171875
6313698,21.05712890625
6313761,19.4091796875
6313950,18.4326171875
6314848,18.49365234375
6317182,18.85986328125
6384278,19.71435546875
6384310,19.10400390625
6384391,23.3154296875
6384945,19.47021484375
6385591,19.775390625
6388666,22.76611328125
6438765,23.01025390625
6438797,22.52197265625
6438891,21.91162109375
6439470,19.04296875
6489470,18.73779296875
6489564,18.61572265625
6489737,19.04296875
6552838,18.49365234375
6552888,22.03369140625
6552970,19.4091796875
6553019,20.751953125
6553075,20.751953125
6553091,20.93505859375
6553156,21.05712890625
6553241,19.775390625
6554120,18.6767578125
6625270,20.32470703125
6625297,19.22607421875
6625455,20.3857421875
6625500,22.94921875
6625576,22.0947265625
6625611,25.20751953125
6625708,21.3623046875
6625734,19.1650390625
6625883,21.05712890625
6696932,18.73779296875
6696963,19.95849609375
6697149,20.99609375
6697266,18.4326171875
6697386,18.6767578125
6760132,19.6533203125
6760212,19.34814453125
6760225,18.6767578125
6760294,21.6064453125
6760384,18.5546875
6760428,19.6533203125
6777983,18.5546875
6805995,18.98193359375
6806035,19.775390625
6806131,18.798828125
6806185,19.47021484375
6806234,20.263671875
6806325,19.71435546875
6806375,19.6533203125
6806399,19.47021484375
6856924,20.56884765625
6857022,20.1416015625
6857170,19.22607421875
6857273,23.681640625
6857320,22.3388671875
6857371,19.83642578125
6857392,22.3388671875
6857475,23.5595703125
6878438,18.85986328125
6878461,23.3154296875
6878511,23.98681640625
6878535,20.32470703125
6878634,20.01953125
6945756,19.4091796875
6945780,20.69091796875
6945814,20.751953125
6945833,19.10400390625
6946102,19.775390625
6946238,21.66748046875
6946462,19.71435546875
6999014,27.7099609375
6999101,23.0712890625
6999161,19.1650390625
6999182,19.83642578125
6999199,19.4091796875
6999244,19.47021484375
6999294,19.10400390625
6999325,21.66748046875
6999383,19.71435546875
7039936,18.5546875
7039962,20.1416015625
7040180,20.20263671875
7040363,19.04296875
7040666,24.2919921875
7098399,20.5078125
7098573,18.49365234375
7098675,19.287109375
7098723,20.1416015625
7098764,19.71435546875
7134185,18.5546875
7134251,20.08056640625
7134378,19.8974609375
7171154,20.8740234375
7171689,18.6767578125
7171966,19.53125
7172036,23.193359375
7172214,19.53125
7217747,23.5595703125
7217803,21.97265625
7217976,19.4091796875
7218123,18.85986328125
7218219,18.61572265625
7264416,18.798828125
7264525,19.04296875
7315889,21.728515625
7316410,21.3623046875
7316519,23.8037109375
7316615,20.08056640625
7316635,18.49365234375
7389870,18.6767578125
7389984,19.4091796875
7390224,27.34375
7390240,18.5546875
7390306,19.4091796875
7390416,19.04296875
7390437,21.54541015625
7390488,20.263671875
7390536,22.4609375
7439992,19.83642578125
7440053,21.8505859375
7440074,20.1416015625
7440105,19.47021484375
7440176,20.69091796875
7440460,18.9208984375
7440636,18.798828125
7440706,19.6533203125
7440801,20.32470703125
7504527,19.10400390625
7504645,18.85986328125
7504662,20.99609375
7504815,20.56884765625
7504948,21.3623046875
7570256,20.6298828125
7570351,23.37646484375
7570402,21.1181640625
7570509,19.4091796875
7570633,19.04296875
7570652,19.53125
7571023,19.287109375
7607168,22.88818359375
7607368,19.10400390625
7659063,23.13232421875
7659109,18.6767578125
7659129,18.5546875
7659280,19.34814453125
7659425,20.751953125
7659488,21.42333984375
7659559,20.1416015625
7671960,18.73779296875
7672202,18.73779296875
7672276,19.775390625
7672334,20.08056640625
7672568,18.85986328125
7709040,18.4326171875
7709225,19.775390625
7752209,18.6767578125
7752467,19.1650390625
7752508,20.6298828125
7752549,21.42333984375
7752566,19.34814453125
7752667,20.751953125
7752763,18.798828125
7752962,21.97265625
7753171,18.98193359375
7821156,19.83642578125
7821347,18.49365234375
7821490,19.53125
7821531,22.64404296875
7821554,22.76611328125
7821657,18.73779296875
7821725,19.83642578125
7821743,20.3857421875
7821779,20.32470703125
7821916,21.66748046875
7821955,19.22607421875
7829846,18.4326171875
7882857,18.4326171875
7883303,20.69091796875
7883355,22.216796875
7883397,20.69091796875
7883506,19.95849609375
7883596,19.287109375
7907309,23.01025390625
7954377,18.98193359375
7954491,19.95849609375
7954524,19.53125
7954578,20.32470703125
7954602,19.775390625
7954625,20.5078125
7954649,22.52197265625
7954701,18.85986328125
7954781,21.66748046875
8006216,19.775390625
8006457,19.6533203125
8006490,20.20263671875
8006684,18.5546875
8048414,19.22607421875
8048459,19.10400390625
8048535,19.8974609375
8048853,19.47021484375
8049054,18.98193359375
8090306,18.73779296875
8090599,22.5830078125
8090666,18.9208984375
8091001,18.73779296875
8129250,19.10400390625
8200807,20.20263671875
8200880,18.5546875
8200966,22.4609375
8201258,18.85986328125
8205100,19.71435546875
8206813,18.73779296875
8276574,18.798828125
8276612,19.10400390625
8276630,18.98193359375
8276685,19.83642578125
8276704,19.04296875
8276721,18.4326171875
8276755,20.44677734375
8276782,19.1650390625
8276820,23.25439453125
8276886,18.49365234375
8280085,18.798828125
8282958,21.05712890625
8307420,20.263671875
8307594,21.1181640625
8307702,18.5546875
8472256,18.98193359375
8472444,19.53125
8472547,18.798828125
8511203,23.3154296875
8511213,20.751953125
8511272,18.49365234375
8511367,18.9208984375
8511385,24.47509765625
8511500,24.35302734375
8511553,18.798828125
8511630,21.1181640625
8511645,20.93505859375
8511689,23.74267578125
8590345,20.32470703125
8590371,21.54541015625
8590473,20.69091796875
8590571,19.8974609375
8590610,18.9208984375
8590626,18.85986328125
8590655,19.71435546875
8590868,19.10400390625
8688004,21.78955078125
8688030,26.9775390625
8688087,21.1181640625
8688119,21.6064453125
8688153,24.0478515625
8688202,21.728515625
8688235,22.705078125
8688288,19.6533203125
8688339,23.62060546875
8688561,19.287109375
8778629,22.27783203125
8778680,20.01953125
8778715,20.69091796875
8778794,19.95849609375
8778844,19.10400390625
8778917,20.44677734375
8779131,23.37646484375
8841007,20.263671875
8841117,20.93505859375
8841127,20.20263671875
8841242,20.32470703125
8841274,21.1181640625
8841299,24.23095703125
8841321,19.47021484375
8841356,22.5830078125
8841395,23.86474609375
8936275,19.53125
8936322,18.49365234375
8936361,18.9208984375
8936430,22.52197265625
8936457,20.81298828125
8936506,23.4375
8936743,20.01953125
8936931,19.59228515625
9017420,18.49365234375
9017547,19.34814453125
9017689,19.6533203125
9017725,18.61572265625
9017890,18.49365234375
9017928,21.728515625
9018114,20.93505859375
9018296,19.59228515625
9018487,21.17919921875
9033823,18.4326171875
9035047,18.5546875
9127768,19.10400390625
9128180,20.20263671875
9128353,24.658203125
9128421,20.263671875
9128462,22.94921875
9128676,23.92578125
9180874,19.22607421875
9211097,18.49365234375
9211142,18.5546875
9211328,18.61572265625
9211367,18.5546875
9211525,18.798828125
9211627,18.798828125
9211937,19.6533203125
9306124,18.9208984375
9306150,18.85986328125
9306174,18.9208984375
9306411,19.287109375
9306579,19.4091796875
9306679,18.98193359375
9306692,20.751953125
9306790,18.9208984375
9306873,20.8740234375
9306982,22.8271484375
9307024,18.85986328125
9395630,19.22607421875
9395657,26.42822265625
9395747,19.83642578125
9395833,20.08056640625
9395926,19.4091796875
9395936,19.22607421875
9395995,21.97265625
9396415,18.4326171875
9479745,19.8974609375
9479864,18.98193359375
9480003,22.216796875
9480068,19.6533203125
9480123,19.22607421875
9480162,21.1181640625
9480195,29.9072265625
9480226,21.6064453125
9563081,21.78955078125
9563119,18.6767578125
9563146,25.45166015625
9563269,19.83642578125
9563310,18.6767578125
9563429,20.01953125
9563500,19.95849609375
9563532,18.798828125
9563594,18.798828125
9663843,20.751953125
9663892,21.54541015625
9664105,20.08056640625
9664129,19.47021484375
9664149,20.08056640625
9664279,18.5546875
9664362,19.10400390625
9664487,18.9208984375
9730679,18.61572265625
9730698,18.798828125
9730751,18.798828125
9730762,19.6533203125
9730820,21.91162109375
9730842,18.5546875
9730884,20.6298828125
9730914,24.71923828125
9731027,21.91162109375
9784929,20.99609375
9785457,19.53125
9785561,20.6298828125
9785613,22.64404296875
9785633,20.8740234375
9785662,18.4326171875
9785730,19.34814453125
9785764,23.3154296875
9786048,18.5546875
9845489,21.1181640625
9845602,21.66748046875
9845633,22.39990234375
9845747,21.30126953125
9845837,25.87890625
9845910,19.53125
9845929,21.05712890625
9845952,18.6767578125
9845984,24.84130859375
9846011,24.10888671875
9846140,21.54541015625
9936569,22.705078125
9936609,22.4609375
9936638,19.4091796875
9936661,20.6298828125
9936721,21.97265625
9936741,24.658203125
9936769,19.71435546875
9936886,19.4091796875
9936934,19.53125
9936990,19.71435546875
10023662,19.22607421875
10023743,20.1416015625
10023775,18.9208984375
10023878,22.8271484375
10023981,23.86474609375
10024000,19.71435546875
10024094,20.08056640625
10024151,24.0478515625
10100389,20.69091796875
10100561,21.1181640625
10100581,22.76611328125
10100619,20.08056640625
10100744,18.98193359375
10100785,20.93505859375
10100836,20.99609375
10100866,18.73779296875
10100931,19.95849609375
10160511,23.49853515625
10160724,20.69091796875
10160966,19.10400390625
10160999,23.37646484375
10238800,18.85986328125
10239036,23.01025390625
10239060,19.47021484375
10239163,19.53125
10239353,19.95849609375
10239429,18.6767578125
10314769,19.22607421875
10314822,21.66748046875
10314965,21.42333984375
10315046,18.73779296875
10315058,18.85986328125
10315082,19.287109375
10315134,19.1650390625
10315182,19.287109375
10315243,22.3388671875
10405166,20.751953125
10405326,20.20263671875
10405541,18.49365234375
10405571,20.99609375
10405596,20.6298828125
10405693,18.5546875
10479667,18.6767578125
10479954,23.5595703125
10480030,22.216796875
10480100,20.20263671875
10480140,23.3154296875
10480175,20.44677734375
10480246,20.32470703125
10538366,18.5546875
10538545,20.263671875
10538700,20.6298828125
10538774,19.95849609375
10538861,20.1416015625
10625242,19.6533203125
10625301,25.2685546875
10625318,18.98193359375
10625347,21.240234375
10625393,20.44677734375
10625416,21.66748046875
10625455,18.6767578125
10625511,20.1416015625
10625651,20.01953125
10625971,20.01953125
10712492,19.775390625
10712617,19.83642578125
10712646,19.8974609375
10712707,19.4091796875
10712750,19.22607421875
10712789,18.5546875
10712833,18.98193359375
10712941,18.85986328125
10768461,19.4091796875
10768600,25.45166015625
10768818,19.83642578125
10768909,19.71435546875
10768945,21.17919921875
10768960,18.49365234375
10769029,19.1650390625
10830271,20.81298828125
10830496,18.6767578125
10830567,18.49365234375
10830797,21.97265625
10830860,18.5546875
10885245,23.25439453125
10885484,18.4326171875
10885856,18.98193359375
10935083,19.47021484375
10935093,19.47021484375
10935119,18.73779296875
10935147,18.6767578125
10935172,24.7802734375
10935194,19.1650390625
10935242,18.49365234375
10935450,19.4091796875
10935662,20.6298828125
11010436,20.69091796875
11010476,22.88818359375
11010513,18.4326171875
11010527,20.81298828125
11010579,20.99609375
11010608,22.15576171875
11010625,18.6767578125
11010661,18.61572265625
11010710,19.53125
11010766,20.20263671875
11078212,22.4609375
11078343,18.98193359375
11078361,18.5546875
11078527,21.66748046875
11078552,23.681640625
11078597,20.44677734375
11078633,20.81298828125
11173446,18.798828125
11173557,19.775390625
11173572,21.17919921875
11173736,18.9208984375
11173816,22.52197265625
11173889,21.3623046875
11173950,21.240234375
11232024,20.01953125
11232098,20.1416015625
11232208,23.681640625
11232312,18.73779296875
11232336,23.25439453125
11232417,25.57373046875
11232781,18.5546875
11288108,18.9208984375
11288244,19.1650390625
11337668,21.728515625
11337680,19.04296875
11337710,20.56884765625
11337791,18.5546875
11337816,20.69091796875
11337837,18.61572265625
11338073,19.10400390625
11339203,20.44677734375
11377309,18.5546875
11377386,18.798828125
11377468,19.287109375
11377550,19.04296875
11377698,22.705078125
11377812,18.9208984375
11383286,19.71435546875
11445874,18.73779296875
11445975,19.71435546875
11446006,19.6533203125
11446209,19.6533203125
11506480,21.728515625
11506493,20.01953125
11506540,19.34814453125
11506562,20.69091796875
11506601,19.775390625
11506642,19.775390625
11506676,19.22607421875
11506724,19.4091796875
11506751,18.73779296875
11508202,18.49365234375
11593837,21.05712890625
11670898,20.56884765625
11671010,22.4609375
11671074,22.27783203125
11722489,19.10400390625
11722680,19.287109375
11722731,18.4326171875
11722958,19.10400390625
11723253,18.85986328125
11777579,19.22607421875
11777968,18.5546875
11778400,20.263671875
11778441,24.2919921875
11778481,18.49365234375
11778570,18.798828125
11778606,23.01025390625
11778629,19.287109375
11779062,22.5830078125
11779987,19.04296875
11852905,18.798828125
11853008,19.1650390625
11853062,19.47021484375
11853107,18.61572265625
11853507,20.08056640625
11954142,18.98193359375
11954391,21.54541015625
11954444,23.62060546875
11954521,23.0712890625
11954580,20.32470703125
11954602,20.3857421875
11954690,20.01953125
