11999000,0
75357,21.484375
75596,28.076171875
75747,26.7333984375
76027,23.74267578125
76136,26.3671875
76269,30.8837890625
76334,25.634765625
76357,19.6533203125
76418,21.54541015625
76475,20.6298828125
76506,30.82275390625
76538,20.263671875
164125,27.52685546875
164320,29.35791015625
164351,25.45166015625
164451,25.5126953125
164482,23.92578125
164519,20.1416015625
164542,25.45166015625
164571,23.0712890625
164587,21.6064453125
164656,20.263671875
164860,22.03369140625
165018,20.81298828125
165337,23.4375
165394,22.705078125
165697,20.1416015625
165776,22.64404296875
165829,19.775390625
179613,20.20263671875
179644,21.66748046875
179910,23.86474609375
179961,20.20263671875
180046,23.01025390625
180302,23.92578125
180365,21.3623046875
180452,24.5361328125
180531,24.59716796875
180584,24.47509765625
180870,22.64404296875
272560,24.7802734375
272582,21.05712890625
272946,26.3671875
273111,23.37646484375
273170,24.23095703125
273218,25.93994140625
273257,27.2216796875
273339,23.193359375
273375,25.634765625
273406,19.775390625
273466,20.751953125
273692,27.28271484375
273750,24.5361328125
273884,21.6064453125
274131,20.751953125
274385,21.78955078125
375051,22.76611328125
375093,21.66748046875
375206,20.3857421875
375279,21.78955078125
375289,26.2451171875
375327,22.5830078125
375342,20.08056640625
375408,29.1748046875
375460,21.54541015625
375488,22.39990234375
375526,26.30615234375
375555,21.484375
375620,25.81787109375
375672,22.216796875
375770,24.10888671875
375858,24.59716796875
375938,19.6533203125
376080,26.3671875
376195,26.67236328125
376342,20.1416015625
376474,21.1181640625
444351,29.4189453125
444404,28.99169921875
444564,21.6064453125
444607,22.8271484375
444656,30.09033203125
444679,27.77099609375
444723,25.81787109375
444738,20.32470703125
444779,21.3623046875
444807,24.10888671875
444904,19.6533203125
512431,19.6533203125
512551,24.0478515625
512605,20.08056640625
512636,21.91162109375
512676,26.85546875
512698,19.8974609375
512721,21.30126953125
512767,27.28271484375
512863,21.05712890625
512917,23.98681640625
513050,22.3388671875
513113,19.83642578125
513282,24.71923828125
513505,22.94921875
513579,20.20263671875
585516,23.01025390625
585729,20.1416015625
585751,21.30126953125
585775,20.01953125
585841,20.5078125
585882,26.0009765625
585955,22.3388671875
586102,20.44677734375
586300,21.66748046875
586542,21.66748046875
586592,19.6533203125
586767,20.8740234375
647704,20.32470703125
647774,19.83642578125
674246,23.37646484375
674293,19.95849609375
674429,25.81787109375
674484,20.263671875
674524,22.0947265625
674580,20.8740234375
674640,28.13720703125
674703,26.4892578125
674729,24.23095703125
674792,21.728515625
674826,21.30126953125
674859,20.5078125
675221,21.3623046875
749497,27.03857421875
749533,19.83642578125
749571,27.2216796875
749594,20.263671875
749674,27.52685546875
749690,33.02001953125
749707,19.71435546875
749734,23.3154296875
749759,25.69580078125
749788,22.15576171875
749815,21.6064453125
749844,19.6533203125
749910,20.3857421875
749962,21.05712890625
750146,22.03369140625
750236,20.6298828125
750361,19.6533203125
750495,21.484375
817728,23.98681640625
817878,26.2451171875
817906,20.20263671875
817920,20.1416015625
817935,27.34375
817950,19.775390625
818044,26.67236328125
818133,21.78955078125
818202,19.71435546875
818284,20.44677734375
818321,19.775390625
818446,20.6298828125
818609,22.94921875
818676,24.35302734375
818914,19.83642578125
819036,20.6298828125
833396,25.634765625
902672,19.6533203125
902813,27.40478515625
902837,22.76611328125
902863,24.71923828125
902880,29.9072265625
902912,27.03857421875
902933,22.705078125
902992,22.39990234375
903061,20.69091796875
903121,20.08056640625
903236,21.97265625
903362,20.08056640625
903638,20.32470703125
903677,20.56884765625
903774,22.3388671875
904208,20.751953125
926720,19.6533203125
926920,20.81298828125
927013,26.85546875
927074,22.4609375
927145,27.40478515625
927173,21.3623046875
927191,28.50341796875
927227,26.4892578125
927256,24.96337890625
927270,28.076171875
927315,23.92578125
927329,20.01953125
927528,26.123046875
927598,21.97265625
927637,23.0712890625
928292,20.56884765625
967283,20.56884765625
967311,22.4609375
1048266,24.10888671875
1048388,30.57861328125
1048435,21.6064453125
1048472,20.5078125
1048512,26.06201171875
1048613,21.728515625
1048652,23.4375
1048681,21.6064453125
1048846,20.44677734375
1048922,24.2919921875
1049016,22.216796875
1049106,20.69091796875
1049376,20.1416015625
1049509,22.216796875
1140496,20.1416015625
1140540,19.8974609375
1140574,24.47509765625
1140618,31.6162109375
1140646,21.484375
1140786,22.39990234375
1140830,19.775390625
1140864,21.728515625
1140939,19.775390625
1141218,21.42333984375
1141352,23.8037109375
1141680,21.42333984375
1229033,26.85546875
1229108,27.89306640625
1229137,20.32470703125
1229169,26.7333984375
1229222,23.681640625
1229287,22.4609375
1229399,22.216796875
1229461,20.81298828125
1229501,27.64892578125
1229528,23.5595703125
1229792,19.6533203125
1229987,21.17919921875
1230157,21.05712890625
1274029,22.39990234375
1274239,24.90234375
1274257,21.17919921875
1274345,22.64404296875
1274379,24.2919921875
1274390,20.1416015625
1274406,22.39990234375
1274454,19.95849609375
1274492,21.05712890625
1274538,21.30126953125
1274602,23.92578125
1274667,21.05712890625
1274745,25.146484375
1274893,20.8740234375
1274950,21.1181640625
1275079,21.1181640625
1275206,24.169921875
1325813,19.83642578125
1325853,21.8505859375
1325879,21.97265625
1325943,20.1416015625
1325965,20.6298828125
1326022,22.8271484375
1326044,22.39990234375
1326095,21.42333984375
1326157,21.30126953125
1326194,20.44677734375
1326266,19.8974609375
1326524,21.17919921875
1326604,21.30126953125
1326700,27.28271484375
1326850,20.20263671875
1391227,22.52197265625
1391394,21.728515625
1391414,21.97265625
1391461,22.03369140625
1391489,28.50341796875
1391500,23.4375
1391537,22.76611328125
1391564,22.52197265625
1391616,25.390625
1391686,23.98681640625
1391850,20.99609375
1391911,20.6298828125
1392140,19.95849609375
1449535,21.66748046875
1449638,29.11376953125
1449704,23.4375
1449749,24.169921875
1449770,29.47998046875
1449815,23.01025390625
1449834,24.7802734375
1449863,21.17919921875
1449918,27.4658203125
1449998,21.78955078125
1450071,19.95849609375
1450305,24.658203125
1517768,21.05712890625
1517817,25.390625
1517833,20.1416015625
1517862,19.71435546875
1517888,21.484375
1517947,21.97265625
1517980,19.71435546875
1518009,20.3857421875
1518044,27.16064453125
1518083,27.03857421875
1518176,28.80859375
1518389,20.20263671875
1584362,24.7802734375
1584434,23.13232421875
1584494,25.20751953125
1584544,27.7099609375
1584628,26.0009765625
1584664,20.263671875
1584769,20.263671875
1584807,23.01025390625
1584886,27.77099609375
1584946,21.91162109375
1585097,21.240234375
1632136,24.59716796875
1632274,24.71923828125
1632358,26.18408203125
1632374,27.16064453125
1632404,21.1181640625
1632415,22.15576171875
1632445,22.94921875
1632487,23.62060546875
1632512,24.0478515625
1632548,20.01953125
1632820,20.20263671875
1632892,19.8974609375
1682851,20.6298828125
1682886,21.97265625
1683004,20.56884765625
1683043,26.2451171875
1683078,26.2451171875
1683136,21.6064453125
1683207,21.3623046875
1683281,20.751953125
1683293,22.94921875
1683345,20.32470703125
1683386,24.47509765625
1683530,22.94921875
1683669,22.4609375
1683735,21.484375
1732704,29.72412109375
1732766,21.1181640625
1732787,21.78955078125
1732808,29.35791015625
1732873,27.4658203125
1732926,29.47998046875
1733104,20.99609375
1733139,21.240234375
1733200,29.541015625
1733327,23.193359375
1736149,22.03369140625
1736170,20.69091796875
1736343,21.484375
1736506,25.5126953125
1736634,21.97265625
1736780,19.775390625
1736951,23.37646484375
1737094,23.37646484375
1737556,22.03369140625
1737973,22.4609375
1738022,20.56884765625
1738492,21.97265625
1739151,19.6533203125
1739350,26.2451171875
1739417,23.49853515625
1739716,23.86474609375
1739850,21.78955078125
1740024,21.3623046875
1740171,20.5078125
1740556,22.39990234375
1740789,21.17919921875
1741353,19.775390625
1821327,24.84130859375
1821517,24.658203125
1821549,23.8037109375
1821598,20.20263671875
1821693,21.66748046875
1821723,26.85546875
1822080,25.146484375
1873872,20.56884765625
1873912,19.775390625
1873968,21.54541015625
1874073,24.59716796875
1874138,27.099609375
1874269,21.05712890625
1874396,21.728515625
1874540,20.751953125
1874622,24.10888671875
1874742,23.8037109375
1874891,19.95849609375
1875431,22.0947265625
1875769,24.0478515625
1875967,22.64404296875
1877059,24.658203125
1877440,22.15576171875
1877630,22.64404296875
1877658,20.93505859375
1877871,20.08056640625
1878045,26.611328125
1878250,23.01025390625
1878665,26.611328125
1878827,25.81787109375
1879109,22.27783203125
1940899,23.3154296875
1941021,26.3671875
1941149,26.06201171875
1941183,21.42333984375
1941251,24.10888671875
1941421,20.81298828125
1941600,20.32470703125
1941643,28.13720703125
1941830,21.484375
1942167,25.2685546875
1942676,22.705078125
1942815,20.3857421875
1987101,20.08056640625
1987187,20.3857421875
1987336,21.17919921875
1987372,25.57373046875
1987469,21.30126953125
1987569,22.5830078125
1987671,25.32958984375
1987730,20.44677734375
1988571,21.728515625
1988867,20.6298828125
1989025,22.216796875
1989257,19.6533203125
1989457,25.2685546875
1989484,19.95849609375
1989739,24.7802734375
1990165,19.6533203125
2000945,25.146484375
2000975,20.69091796875
2000992,22.03369140625
2001091,22.94921875
2001165,20.99609375
2001249,23.193359375
2001349,21.8505859375
2001381,20.8740234375
2001454,26.67236328125
2001607,20.8740234375
2001759,23.4375
2001937,23.01025390625
2002470,20.01953125
2002733,20.56884765625
2002977,19.775390625
2080614,21.05712890625
2080722,23.13232421875
2080775,20.20263671875
2080787,20.01953125
2080854,20.20263671875
2080912,20.6298828125
2080942,23.8037109375
2081426,26.55029296875
2081876,22.39990234375
2083376,20.99609375
2084083,19.6533203125
2084777,24.10888671875
2085160,23.62060546875
2085419,19.83642578125
2085570,20.5078125
2085728,25.57373046875
2085882,25.32958984375
2086078,21.17919921875
2086705,26.2451171875
2087191,25.81787109375
2165590,20.81298828125
2165630,24.96337890625
2165753,29.96826171875
2165818,20.1416015625
2165877,23.49853515625
2165952,20.99609375
2166049,23.4375
2166113,21.42333984375
2166759,28.9306640625
2230471,24.71923828125
2230556,19.83642578125
2230606,24.59716796875
2230730,23.8037109375
2230798,23.5595703125
2230843,20.93505859375
2230955,25.20751953125
2230995,19.8974609375
2231168,21.42333984375
2231471,24.658203125
2312277,25.57373046875
2312371,29.4189453125
2312424,27.34375
2312486,20.6298828125
2312511,27.83203125
2312611,26.85546875
2312674,22.0947265625
2312749,20.1416015625
2312912,20.263671875
2313042,21.97265625
2313066,25.69580078125
2313214,24.84130859375
2390940,19.6533203125
2391097,26.55029296875
2391187,22.03369140625
2391271,22.88818359375
2391336,21.54541015625
2391380,20.751953125
2391391,24.4140625
2391433,20.8740234375
2391462,20.3857421875
2391543,21.17919921875
2391577,28.25927734375
2391611,21.728515625
2391827,19.8974609375
2392344,26.18408203125
2445937,20.1416015625
2446122,23.49853515625
2446175,21.30126953125
2446196,21.30126953125
2446263,22.88818359375
2446311,21.42333984375
2446322,23.681640625
2446345,21.54541015625
2446404,20.44677734375
2446431,24.71923828125
2446467,19.95849609375
2446500,21.05712890625
2446533,22.15576171875
2446575,20.751953125
2446787,19.83642578125
2446923,24.10888671875
2521483,32.04345703125
2521519,22.76611328125
2521626,20.81298828125
2521707,26.79443359375
2521734,19.6533203125
2521786,20.751953125
2521816,22.8271484375
2521847,28.564453125
2521891,19.6533203125
2521923,26.0009765625
2521967,22.216796875
2522029,21.240234375
2522056,24.23095703125
2522183,21.484375
2522266,21.42333984375
2522652,22.4609375
2522852,22.5830078125
2596236,22.8271484375
2596403,26.4892578125
2596449,29.84619140625
2596496,22.88818359375
2596519,20.08056640625
2596543,22.39990234375
2596577,32.1044921875
2596603,19.8974609375
2596656,24.0478515625
2596686,20.08056640625
2596867,21.66748046875
2596916,19.8974609375
2597068,21.728515625
2597111,20.263671875
2597267,22.03369140625
2597839,25.45166015625
2655555,21.05712890625
2655599,21.3623046875
2655611,22.705078125
2655641,21.6064453125
2655662,20.3857421875
2655695,20.8740234375
2655734,24.2919921875
2655838,20.81298828125
2655902,23.0712890625
2655966,25.20751953125
2656152,20.6298828125
2656432,23.86474609375
2656682,20.32470703125
2656856,19.775390625
2657233,24.5361328125
2675690,20.263671875
2676292,20.263671875
2676329,24.59716796875
2676365,28.13720703125
2676387,22.0947265625
2676443,19.95849609375
2676525,23.3154296875
2676710,22.3388671875
2676754,21.97265625
2676817,22.8271484375
2676847,24.4140625
2676959,23.25439453125
2676999,20.8740234375
2677032,19.71435546875
2677128,21.97265625
2677192,25.57373046875
2677254,20.20263671875
2677305,22.0947265625
2677361,22.15576171875
2677554,21.17919921875
2678112,20.01953125
2795231,25.20751953125
2795330,19.95849609375
2795426,22.52197265625
2795514,20.08056640625
2795540,24.169921875
2795578,25.45166015625
2795643,23.49853515625
2795665,26.2451171875
2795714,21.91162109375
2795836,19.6533203125
2795873,20.263671875
2796116,23.3154296875
2796427,21.17919921875
2796673,20.08056640625
2874487,23.01025390625
2874689,23.13232421875
2874755,21.17919921875
2874766,19.775390625
2874810,23.3154296875
2874839,24.0478515625
2874866,20.263671875
2874891,19.83642578125
2874908,26.67236328125
2874934,22.94921875
2874984,23.3154296875
2875012,19.83642578125
2875111,24.2919921875
2875150,23.681640625
2875259,22.39990234375
2875382,19.775390625
2875481,20.56884765625
2875573,20.01953125
2875653,19.95849609375
2875858,20.8740234375
2964658,28.80859375
2964807,32.1044921875
2964933,22.8271484375
2964982,22.88818359375
2965001,21.728515625
2965020,21.30126953125
2965066,19.83642578125
2965091,24.7802734375
2965116,29.296875
2965173,21.484375
2965228,20.3857421875
2965661,20.44677734375
2965937,22.15576171875
3040206,22.4609375
3040432,25.87890625
3040453,24.2919921875
3040514,25.7568359375
3040536,21.728515625
3040598,21.6064453125
3040624,36.19384765625
3040639,29.1748046875
3040692,24.35302734375
3040751,20.6298828125
3040777,22.3388671875
3040913,20.8740234375
3041080,20.01953125
3041114,21.484375
3041199,22.39990234375
3041297,19.8974609375
3106571,20.5078125
3106646,21.78955078125
3106694,49.86572265625
3106744,24.658203125
3106759,25.57373046875
3106805,21.66748046875
3106858,21.30126953125
3106894,21.42333984375
3106986,19.775390625
3107283,20.44677734375
3107407,25.5126953125
3107522,21.05712890625
3167076,22.94921875
3167230,22.03369140625
3167342,19.83642578125
3167446,26.123046875
3167478,23.01025390625
3167502,22.8271484375
3167548,37.841796875
3167609,31.55517578125
3167622,20.263671875
3167664,20.99609375
3167681,19.71435546875
3167823,20.3857421875
3167857,22.52197265625
3167888,22.15576171875
3167985,19.71435546875
3168173,21.66748046875
3240679,26.30615234375
3240778,25.57373046875
3240852,21.728515625
3240868,23.3154296875
3240977,19.95849609375
3241046,20.69091796875
3241093,25.634765625
3241128,21.6064453125
3241199,24.84130859375
3241393,21.66748046875
3241510,21.05712890625
3312749,26.42822265625
3312804,29.23583984375
3312929,24.47509765625
3312985,20.81298828125
3313017,23.0712890625
3313074,22.76611328125
3313106,25.87890625
3313166,19.6533203125
3313334,21.1181640625
3313447,25.0244140625
3313569,21.484375
3313658,23.13232421875
3366611,19.71435546875
3366790,21.97265625
3366850,19.775390625
3366874,21.97265625
3366929,21.3623046875
3366997,23.86474609375
3367033,21.91162109375
3367157,20.69091796875
3367200,22.39990234375
3367239,23.25439453125
3420468,27.28271484375
3420563,22.705078125
3420630,21.42333984375
3420715,29.60205078125
3420846,22.64404296875
3420864,25.2685546875
3420880,24.84130859375
3420969,20.8740234375
3421052,23.4375
3421075,19.8974609375
3421089,19.95849609375
3421135,24.35302734375
3421341,19.775390625
3466319,20.3857421875
3466356,25.390625
3466383,25.08544921875
3466420,21.42333984375
3466444,21.728515625
3466472,27.16064453125
3466500,20.5078125
3466543,22.39990234375
3466576,23.13232421875
3466707,26.123046875
3466774,19.95849609375
3466825,22.0947265625
3467125,28.38134765625
3528395,25.7568359375
3528426,21.240234375
3528445,20.44677734375
3528521,21.54541015625
3528547,25.2685546875
3528593,29.4189453125
3528623,21.728515625
3528917,21.54541015625
3528968,21.240234375
3529041,20.6298828125
3529096,21.484375
3595164,20.3857421875
3595256,22.88818359375
3595335,24.84130859375
3595379,26.0009765625
3595443,23.92578125
3595453,34.423828125
3595493,19.95849609375
3595526,27.83203125
3595550,20.5078125
3595589,24.10888671875
3595620,20.56884765625
3595648,25.87890625
3595690,22.03369140625
3595732,21.728515625
3638837,21.05712890625
3638924,29.541015625
3639071,30.3955078125
3639131,20.44677734375
3639210,22.0947265625
3639308,22.5830078125
3639349,22.8271484375
3639486,24.23095703125
3639552,23.193359375
3639644,19.775390625
3639884,25.08544921875
3700851,19.8974609375
3700920,26.9775390625
3700960,25.69580078125
3701033,22.39990234375
3701045,20.99609375
3701088,26.91650390625
3701101,21.240234375
3701151,24.47509765625
3701180,25.87890625
3701281,21.66748046875
3701330,21.30126953125
3701388,20.263671875
3701434,22.27783203125
3701617,20.5078125
3756826,26.7333984375
3757057,22.0947265625
3757098,21.17919921875
3757110,21.728515625
3757123,22.8271484375
3757141,24.71923828125
3757212,27.099609375
3757229,19.95849609375
3757252,25.32958984375
3757303,22.52197265625
3757331,21.54541015625
3757357,25.0244140625
3757411,21.240234375
3757495,23.98681640625
3805361,20.99609375
3805506,22.03369140625
3805580,19.6533203125
3805670,23.98681640625
3805706,22.94921875
3805784,24.23095703125
3805807,20.32470703125
3805857,19.95849609375
3805908,26.611328125
3805946,20.751953125
3850035,20.01953125
3850082,20.3857421875
3850161,21.97265625
3850246,21.30126953125
3850294,21.484375
3850420,24.5361328125
3850453,22.8271484375
3850518,27.7099609375
3850592,21.30126953125
3850653,27.9541015625
3891100,25.87890625
3891175,19.95849609375
3891215,20.01953125
3891256,27.40478515625
3891304,23.74267578125
3891349,22.705078125
3891628,22.4609375
3891809,26.67236328125
3921648,19.6533203125
3951786,27.52685546875
3951842,22.94921875
3951989,26.67236328125
3952016,19.8974609375
3952064,21.91162109375
3952104,24.84130859375
3952139,20.08056640625
3952171,22.3388671875
3952411,20.263671875
3955403,21.91162109375
3955639,22.5830078125
3955855,20.8740234375
4022524,23.01025390625
4022569,24.169921875
4022648,20.6298828125
4022674,21.91162109375
4022754,25.87890625
4022811,25.87890625
4022848,22.216796875
4022912,20.751953125
4023088,23.74267578125
4023284,25.2685546875
4023385,21.1181640625
4023525,21.97265625
4023985,23.62060546875
4024183,19.8974609375
4025390,19.95849609375
4025701,19.775390625
4025919,20.56884765625
4026062,20.263671875
4026281,22.27783203125
4026859,20.01953125
4027283,23.681640625
4027635,24.658203125
4027857,19.775390625
4028099,21.728515625
4084638,23.86474609375
4084771,26.85546875
4084821,27.099609375
4084845,20.1416015625
4084944,21.1181640625
4085056,26.18408203125
4085148,22.4609375
4085224,25.5126953125
4085322,26.4892578125
4085522,23.62060546875
4085660,25.69580078125
4085952,20.263671875
4086166,26.123046875
4086349,20.20263671875
4087149,19.71435546875
4087437,24.84130859375
4087763,21.8505859375
4088111,20.32470703125
4088854,26.123046875
4164985,32.53173828125
4165036,23.49853515625
4165051,22.5830078125
4165120,20.32470703125
4165223,33.203125
4165267,19.8974609375
4165333,23.86474609375
4165505,22.705078125
4165577,23.3154296875
4165774,20.20263671875
4166079,23.5595703125
4166388,21.42333984375
4166730,21.66748046875
4166910,21.484375
4167139,27.83203125
4167447,20.01953125
4167668,22.3388671875
4167754,25.45166015625
4167902,21.240234375
4168138,23.13232421875
4168379,24.10888671875
4168820,23.98681640625
4169051,25.87890625
4169239,19.8974609375
4169418,24.7802734375
4169703,21.66748046875
4169910,26.0009765625
4169987,24.4140625
4170401,23.92578125
4170519,21.3623046875
4170829,23.4375
4171095,21.66748046875
4171598,22.5830078125
4172028,21.728515625
4243388,21.728515625
4243633,25.5126953125
4243756,28.62548828125
4243848,19.8974609375
4243946,21.3623046875
4244096,21.17919921875
4244235,23.0712890625
4244859,27.16064453125
4245143,23.01025390625
4245361,22.15576171875
4245678,22.64404296875
4245768,19.775390625
4246105,20.01953125
4246589,25.93994140625
4246875,24.4140625
4247578,24.90234375
4247626,32.40966796875
4247776,25.32958984375
4247974,23.74267578125
4248023,23.01025390625
4248149,21.78955078125
4248346,24.35302734375
4248579,21.97265625
4248793,24.0478515625
4249072,20.5078125
4249110,20.20263671875
4249328,20.08056640625
4249721,28.25927734375
4249946,19.6533203125
4249970,19.8974609375
4250254,21.3623046875
4250482,21.17919921875
4310290,24.23095703125
4310372,25.08544921875
4310522,22.5830078125
4310604,21.97265625
4310687,24.90234375
4310778,20.5078125
4310872,24.35302734375
4310970,25.32958984375
4311096,24.10888671875
4311206,22.216796875
4311305,26.0009765625
4311474,25.146484375
4311648,23.01025390625
4311897,21.66748046875
4311930,24.169921875
4312278,21.05712890625
4312362,27.64892578125
4312770,20.3857421875
4377258,19.775390625
4377441,28.99169921875
4377492,22.27783203125
4377537,20.5078125
4377558,27.099609375
4377647,28.01513671875
4377905,20.20263671875
4378020,19.8974609375
4378113,20.01953125
4378317,24.23095703125
4378431,19.8974609375
4378659,19.71435546875
4379350,22.5830078125
4433063,23.74267578125
4433125,26.55029296875
4433211,27.03857421875
4433314,21.54541015625
4433448,21.66748046875
4433536,21.42333984375
4433590,27.28271484375
4433741,26.85546875
4433895,21.78955078125
4479411,21.05712890625
4479442,20.69091796875
4479572,23.25439453125
4479632,19.71435546875
4479705,22.27783203125
4479764,25.57373046875
4479787,19.6533203125
4479822,20.8740234375
4479835,24.5361328125
4479885,19.71435546875
4480009,20.32470703125
4480060,25.634765625
4480162,21.8505859375
4480227,21.240234375
4549180,24.7802734375
4549205,21.78955078125
4549456,26.2451171875
4549512,24.0478515625
4549575,22.5830078125
4549602,22.3388671875
4549629,20.01953125
4549649,23.37646484375
4549708,28.4423828125
4549742,20.3857421875
4549791,24.71923828125
4549816,21.6064453125
4549844,26.4892578125
4549885,27.77099609375
4550026,20.56884765625
4550141,21.05712890625
4612986,23.0712890625
4613014,20.8740234375
4641284,23.13232421875
4641594,22.94921875
4641656,23.3154296875
4641689,22.27783203125
4641804,20.44677734375
4641833,26.7333984375
4641861,21.1181640625
4641892,25.146484375
4641917,22.5830078125
4641988,21.728515625
4642051,27.28271484375
4642115,24.23095703125
4642235,19.6533203125
4642418,26.91650390625
4642502,20.44677734375
4642663,21.17919921875
4642903,21.728515625
4732246,19.8974609375
4732389,21.05712890625
4732538,23.8037109375
4732615,23.92578125
4732678,20.6298828125
4732709,20.44677734375
4732764,20.6298828125
4732877,25.146484375
4732954,24.71923828125
4733012,25.0244140625
4733133,22.52197265625
4733240,24.59716796875
4780079,26.06201171875
4781071,23.25439453125
4781239,22.94921875
4781311,20.69091796875
4781489,22.52197265625
4781558,26.06201171875
4781618,22.216796875
4781759,23.98681640625
4781996,20.5078125
4858973,27.099609375
4859067,27.89306640625
4859090,25.7568359375
4859120,21.42333984375
4859138,22.3388671875
4859217,25.69580078125
4859236,22.27783203125
4859259,31.18896484375
4859288,21.54541015625
4859316,23.13232421875
4859341,20.44677734375
4859433,22.88818359375
4859463,20.08056640625
4859575,20.93505859375
4859693,21.30126953125
4859742,22.52197265625
4859796,24.10888671875
4859886,20.32470703125
4859951,21.484375
4860054,19.95849609375
4885783,21.484375
4939476,23.25439453125
4939576,23.92578125
4939612,23.25439453125
4939637,26.18408203125
4939647,20.263671875
4939692,22.0947265625
4939852,22.39990234375
4939902,21.97265625
4939936,24.23095703125
4939996,20.5078125
4940128,20.5078125
4940276,20.69091796875
4940413,22.52197265625
4940501,20.93505859375
4940605,22.15576171875
4940821,22.03369140625
4940878,22.27783203125
4941148,23.01025390625
4967258,23.92578125
4974767,19.95849609375
4974791,20.20263671875
5014941,22.8271484375
5014962,22.0947265625
5024449,19.71435546875
5024587,19.775390625
5024752,22.76611328125
5024863,21.484375
5024896,23.8037109375
5024941,20.93505859375
5025025,26.67236328125
5025054,23.62060546875
5025083,21.78955078125
5025107,28.076171875
5025152,24.5361328125
5025260,22.8271484375
5025286,21.728515625
5025352,21.66748046875
5025619,20.3857421875
5025825,19.95849609375
5025891,22.52197265625
5025996,19.6533203125
5026210,21.54541015625
5026361,21.728515625
5026550,20.6298828125
5103668,27.9541015625
5103731,25.57373046875
5103744,23.98681640625
5103760,24.47509765625
5103801,29.35791015625
5103841,20.99609375
5103871,24.7802734375
5103884,22.03369140625
5103935,19.95849609375
5104022,24.7802734375
5104149,23.681640625
5104272,27.587890625
5104358,22.3388671875
5104400,21.42333984375
5104647,21.3623046875
5104839,20.44677734375
5104905,21.17919921875
5125047,20.69091796875
5125113,20.56884765625
5125239,19.71435546875
5125303,23.5595703125
5125342,28.9306640625
5125378,24.7802734375
5125395,23.98681640625
5125542,21.91162109375
5125738,21.484375
5125833,20.08056640625
5125979,20.1416015625
5126157,21.1181640625
5126317,20.8740234375
5126439,27.34375
5126569,20.263671875
5126723,21.3623046875
5225634,24.5361328125
5225688,20.1416015625
5225840,24.4140625
5225914,23.4375
5225992,19.8974609375
5226003,22.4609375
5226052,25.93994140625
5226083,24.90234375
5226145,20.44677734375
5226219,20.08056640625
5226266,28.38134765625
5226467,22.8271484375
5226922,21.30126953125
5283314,26.67236328125
5283470,23.13232421875
5283572,20.20263671875
5283675,25.69580078125
5283715,22.27783203125
5283789,25.390625
5283906,20.5078125
5284093,20.69091796875
5284148,19.8974609375
5284194,22.03369140625
5284256,19.95849609375
5335164,20.08056640625
5335246,23.86474609375
5335420,23.98681640625
5335470,20.3857421875
5335584,20.263671875
5335607,26.30615234375
5335870,19.83642578125
5335900,21.1181640625
5383263,22.94921875
5383335,20.93505859375
5383449,21.05712890625
5383511,21.78955078125
5383581,23.92578125
5383665,23.25439453125
5383696,20.3857421875
5383738,21.91162109375
5383813,20.56884765625
5383910,23.62060546875
5383952,21.30126953125
5384003,19.6533203125
5384523,20.69091796875
5432607,22.64404296875
5432851,20.1416015625
5432930,21.05712890625
5432990,25.7568359375
5433041,22.94921875
5433097,19.6533203125
5433166,20.263671875
5433178,24.169921875
5433212,22.64404296875
5433240,26.2451171875
5433470,20.5078125
5433585,20.93505859375
5433685,23.8037109375
5476657,21.97265625
5488127,20.08056640625
5488186,21.484375
5488306,34.1796875
5488345,22.39990234375
5488426,20.69091796875
5488505,19.775390625
5488559,20.69091796875
5488581,20.6298828125
5488638,23.193359375
5488703,20.69091796875
5488738,20.99609375
5488860,21.728515625
5488962,22.64404296875
5489168,22.88818359375
5537726,19.71435546875
5537795,25.69580078125
5537840,29.72412109375
5537923,20.32470703125
5538016,20.751953125
5538042,21.30126953125
5538088,23.49853515625
5538160,21.78955078125
5538195,24.169921875
5538314,22.216796875
5538586,20.08056640625
5598121,22.5830078125
5598255,19.775390625
5598375,24.35302734375
5598387,30.57861328125
5598415,21.17919921875
5598465,24.658203125
5598478,21.30126953125
5598508,20.32470703125
5598612,23.5595703125
5598642,19.8974609375
5598882,20.263671875
5648801,20.8740234375
5648876,21.54541015625
5648921,29.1748046875
5648983,20.263671875
5649019,19.71435546875
5649049,22.52197265625
5649145,22.03369140625
5649203,21.05712890625
5649237,21.78955078125
5649347,19.775390625
5649899,20.81298828125
5702039,20.6298828125
5702063,21.05712890625
5702112,19.6533203125
5702181,23.01025390625
5702209,20.32470703125
5702249,31.67724609375
5702272,20.81298828125
5702288,20.32470703125
5702419,23.01025390625
5702480,20.3857421875
5702586,19.71435546875
5702730,19.71435546875
5702815,23.86474609375
5703049,20.56884765625
5762368,22.15576171875
5762424,21.91162109375
5762515,22.88818359375
5762599,20.44677734375
5762633,23.86474609375
5762692,28.6865234375
5762704,21.6064453125
5762773,20.32470703125
5762837,23.681640625
5762927,20.32470703125
5762960,21.6064453125
5763187,23.13232421875
5763410,20.44677734375
5763763,21.05712890625
5814884,24.658203125
5814909,21.05712890625
5814942,19.71435546875
5831727,19.71435546875
5831775,22.88818359375
5831896,22.39990234375
5832009,23.01025390625
5832023,23.8037109375
5832066,26.67236328125
5832098,24.7802734375
5832118,23.193359375
5832144,20.99609375
5832203,19.71435546875
5832230,21.8505859375
5832525,23.98681640625
5832633,20.20263671875
5872731,23.49853515625
5889492,25.69580078125
5889552,20.8740234375
5889636,27.4658203125
5889700,20.3857421875
5889748,23.49853515625
5889798,19.83642578125
5889850,24.5361328125
5889914,22.94921875
5890041,25.146484375
5890170,20.56884765625
5890225,20.751953125
5890270,25.5126953125
5933653,26.2451171875
5933760,27.03857421875
5933893,26.91650390625
5933973,21.17919921875
5934063,20.32470703125
5934095,23.193359375
5934157,21.484375
5934192,20.20263671875
5934424,26.611328125
5973440,23.86474609375
5973502,23.92578125
5973548,20.8740234375
5973656,20.93505859375
5973757,26.18408203125
5973830,19.95849609375
5973976,20.8740234375
5974060,29.84619140625
5978868,20.99609375
5978916,23.4375
5978989,23.25439453125
5979322,21.66748046875
5979409,27.89306640625
5979529,19.83642578125
5979694,20.263671875
5979799,20.5078125
5979968,20.5078125
5980099,20.81298828125
5980288,22.64404296875
5980834,20.44677734375
6045833,26.4892578125
6045882,23.37646484375
6045918,19.95849609375
6045961,23.62060546875
6046045,20.1416015625
6046139,26.0009765625
6046161,20.69091796875
6046181,22.03369140625
6046292,23.193359375
6046324,22.5830078125
6046421,24.0478515625
6046491,21.3623046875
6046567,21.30126953125
6101936,28.9306640625
6102146,20.93505859375
6102163,22.5830078125
6102185,20.32470703125
6102207,24.47509765625
6102261,25.20751953125
6102336,22.76611328125
6102373,20.20263671875
6102454,20.69091796875
6102485,19.8974609375
6102521,23.86474609375
6102666,20.01953125
6102742,25.08544921875
6147186,22.4609375
6147329,22.39990234375
6147367,20.6298828125
6147429,21.30126953125
6147467,24.71923828125
6147511,21.17919921875
6147547,22.88818359375
6147594,20.263671875
6147609,21.240234375
6147634,22.705078125
6147670,20.81298828125
6147701,26.611328125
6147945,24.658203125
6148221,20.1416015625
6203448,21.3623046875
6203784,22.88818359375
6203842,21.6064453125
6203854,22.27783203125
6203904,22.88818359375
6203944,30.76171875
6203991,22.39990234375
6204009,20.99609375
6204025,21.91162109375
6204151,20.81298828125
6204366,19.83642578125
6252343,23.681640625
6252528,23.98681640625
6252591,25.08544921875
6252625,22.5830078125
6252711,19.71435546875
6252756,20.01953125
6252793,19.8974609375
6252812,20.81298828125
6252932,24.658203125
6253005,21.17919921875
6253043,23.86474609375
6253092,19.775390625
6253141,21.728515625
6253264,25.634765625
6253446,22.39990234375
6313434,20.6298828125
6313465,20.751953125
6313627,21.05712890625
6313684,20.81298828125
6313723,21.17919921875
6313784,26.3671875
6313826,23.74267578125
6313874,23.74267578125
6313927,19.95849609375
6314012,22.64404296875
6314089,19.8974609375
6314452,21.91162109375
6314707,22.3388671875
6317203,20.6298828125
6319313,19.8974609375
6319350,25.2685546875
6319500,19.95849609375
6319574,25.2685546875
6319748,22.4609375
6319845,22.705078125
6384300,19.6533203125
6384397,20.08056640625
6384420,22.88818359375
6384451,23.13232421875
6384525,22.0947265625
6384574,21.97265625
6384823,22.705078125
6384919,22.0947265625
6384948,21.78955078125
6385058,25.87890625
6385270,22.03369140625
6387803,23.0712890625
6438831,25.0244140625
6438922,22.5830078125
6438955,20.3857421875
6439012,20.6298828125
6439070,22.0947265625
6439120,25.5126953125
6439180,20.69091796875
6439220,22.15576171875
6439272,24.5361328125
6439364,23.01025390625
6439564,22.5830078125
6461406,20.20263671875
6489549,21.54541015625
6489629,20.44677734375
6489670,23.25439453125
6489766,25.45166015625
6489860,20.32470703125
6489916,28.9306640625
6490037,21.05712890625
6552863,22.94921875
6552891,22.03369140625
6553006,21.240234375
6553076,23.4375
6553114,25.08544921875
6553155,23.0712890625
6553248,20.44677734375
6553296,27.64892578125
6553442,21.30126953125
6553619,22.216796875
6625307,22.52197265625
6625451,23.25439453125
6625513,20.8740234375
6625606,25.5126953125
6625624,23.62060546875
6625746,20.08056640625
6625805,22.0947265625
6625830,21.240234375
6626006,27.587890625
6626079,19.775390625
6626126,19.83642578125
6626282,20.01953125
6626424,21.240234375
6626629,23.98681640625
6696843,25.5126953125
6696945,23.98681640625
6697060,23.4375
6697092,21.78955078125
6697127,20.8740234375
6697167,24.169921875
6697224,26.611328125
6697284,22.52197265625
6697309,20.93505859375
6697348,22.88818359375
6697433,22.0947265625
6697467,21.17919921875
6697667,22.0947265625
6697805,24.23095703125
6698109,24.2919921875
6700406,20.20263671875
6759939,20.69091796875
6760048,21.54541015625
6760073,27.77099609375
6760156,24.5361328125
6760231,19.71435546875
6760288,20.3857421875
6760360,21.05712890625
6760395,19.71435546875
6760417,27.9541015625
6760446,20.08056640625
6760476,20.263671875
6760549,24.71923828125
6760700,20.08056640625
6760864,24.84130859375
6760932,24.658203125
6761088,20.01953125
6762992,20.01953125
6806010,22.76611328125
6806103,21.54541015625
6806170,33.203125
6806280,24.5361328125
6806303,24.96337890625
6806327,22.03369140625
6806339,20.8740234375
6806367,27.7099609375
6806388,23.4375
6806410,24.71923828125
6806448,20.5078125
6806505,20.3857421875
6806547,20.32470703125
6806822,19.6533203125
6806916,24.0478515625
6807037,20.32470703125
6833464,26.7333984375
6856952,23.01025390625
6857070,24.7802734375
6857110,23.49853515625
6857243,22.216796875
6857282,26.9775390625
6857397,24.90234375
6857446,23.5595703125
6857510,21.8505859375
6857588,23.49853515625
6857662,20.56884765625
6857793,21.66748046875
6857854,24.0478515625
6878357,26.7333984375
6878385,20.263671875
6878416,22.64404296875
6878442,22.8271484375
6878456,24.23095703125
6878501,23.74267578125
6878532,21.240234375
6878604,21.91162109375
6878615,23.3154296875
6878880,28.1982421875
6878909,20.263671875
6878989,24.2919921875
6879067,22.4609375
6879167,22.3388671875
6879432,21.30126953125
6879813,21.240234375
6945669,25.87890625
6945799,23.25439453125
6945828,22.0947265625
6945921,26.67236328125
6945934,28.13720703125
6945990,21.05712890625
6946006,39.97802734375
6946030,20.56884765625
6946210,21.3623046875
6946375,23.86474609375
6946603,28.4423828125
6946748,21.240234375
6947154,23.193359375
6999037,28.076171875
6999098,24.84130859375
6999143,23.62060546875
6999178,23.0712890625
6999219,22.3388671875
6999242,21.728515625
6999253,23.0712890625
6999283,20.751953125
6999363,23.92578125
6999436,21.05712890625
6999460,19.8974609375
6999486,19.775390625
6999577,20.81298828125
6999654,20.20263671875
6999865,20.08056640625
6999987,20.5078125
7000110,19.6533203125
7000228,20.5078125
7000335,20.01953125
7039970,21.97265625
7040057,25.93994140625
7040138,20.5078125
7040175,28.3203125
7040225,22.27783203125
7040267,22.39990234375
7040291,20.44677734375
7040331,27.83203125
7040497,21.30126953125
7040609,20.69091796875
7040843,22.216796875
7041088,21.6064453125
7098474,20.20263671875
7098573,21.54541015625
7098648,24.2919921875
7098733,22.64404296875
7098937,25.87890625
7099057,21.240234375
7099103,20.20263671875
7099346,19.8974609375
7134240,26.42822265625
7134320,25.45166015625
7134389,28.564453125
7134558,19.95849609375
7135247,24.5361328125
7171054,22.3388671875
7171151,26.9775390625
7171340,20.81298828125
7171592,21.97265625
7171775,27.83203125
7171916,26.85546875
7171997,20.32470703125
7172153,22.52197265625
7172292,19.95849609375
7217698,20.99609375
7217794,22.39990234375
7217927,20.01953125
7218035,21.66748046875
7218062,26.18408203125
7218126,19.71435546875
7218170,23.3154296875
7218197,20.81298828125
7218296,21.1181640625
7218344,22.216796875
7218530,29.35791015625
7218657,20.263671875
7264169,24.7802734375
7264223,25.2685546875
7264271,22.4609375
7264332,26.79443359375
7264409,21.484375
7264489,20.3857421875
7264551,19.8974609375
7264649,23.5595703125
7264779,24.96337890625
7265213,21.8505859375
7316258,27.77099609375
7316330,19.95849609375
7316430,23.98681640625
7316486,26.2451171875
7316532,19.95849609375
7316689,21.54541015625
7316708,24.0478515625
7316869,24.4140625
7317014,20.32470703125
7317196,19.71435546875
7390134,24.169921875
7390162,21.728515625
7390253,23.681640625
7390363,20.81298828125
7390409,22.0947265625
7390444,27.40478515625
7390492,21.728515625
7390553,24.0478515625
7390572,21.91162109375
7390610,27.40478515625
7390901,23.49853515625
7390951,19.775390625
7391199,21.1181640625
7391344,19.775390625
7440118,27.2216796875
7440237,27.03857421875
7440372,19.8974609375
7440426,25.93994140625
7440453,20.20263671875
7440520,20.6298828125
7440543,20.01953125
7440554,28.80859375
7440684,25.87890625
7440759,19.95849609375
7440770,21.728515625
7440806,19.71435546875
7440902,21.1181640625
7440969,21.42333984375
7441039,20.5078125
7441316,20.32470703125
7504434,29.11376953125
7504487,25.7568359375
7504573,23.4375
7504598,20.20263671875
7504757,28.13720703125
7504801,20.93505859375
7504831,27.9541015625
7504879,21.97265625
7504919,23.8037109375
7504973,25.7568359375
7505023,22.88818359375
7505066,20.32470703125
7505121,21.97265625
7505169,30.6396484375
7505241,29.9072265625
7505372,19.6533203125
7570298,20.20263671875
7570413,23.5595703125
7570495,19.775390625
7570580,27.52685546875
7570640,25.634765625
7570690,21.3623046875
7570775,21.78955078125
7570853,19.71435546875
7570969,22.0947265625
7571163,22.0947265625
7607157,22.3388671875
7607209,19.6533203125
7607239,24.169921875
7607293,24.2919921875
7607333,22.88818359375
7607371,26.42822265625
7607475,25.57373046875
7607557,21.91162109375
7607639,20.751953125
7607749,21.66748046875
7607918,21.6064453125
7659274,26.79443359375
7659359,21.8505859375
7659502,20.99609375
7659529,21.6064453125
7659632,21.8505859375
7659817,26.7333984375
7659978,22.705078125
7672000,22.52197265625
7672178,20.56884765625
7672193,21.66748046875
7672259,19.95849609375
7672295,30.1513671875
7672485,25.69580078125
7672573,21.30126953125
7672671,26.3671875
7672732,23.37646484375
7672839,20.8740234375
7673114,20.08056640625
7708963,19.95849609375
7709088,21.05712890625
7709190,20.69091796875
7709227,21.30126953125
7709374,24.0478515625
7709435,20.263671875
7709631,20.69091796875
7709717,27.83203125
7710040,20.01953125
7752557,20.69091796875
7752659,21.54541015625
7752712,23.37646484375
7752806,23.4375
7752853,22.03369140625
7752933,20.8740234375
7752978,26.85546875
7753023,22.76611328125
7753136,21.66748046875
7821312,21.66748046875
7821351,25.20751953125
7821474,21.1181640625
7821602,25.634765625
7821660,21.1181640625
7821727,19.83642578125
7821781,27.4658203125
7821809,24.23095703125
7821843,26.85546875
7821877,25.57373046875
7822117,20.69091796875
7822166,19.95849609375
7822407,21.1181640625
7839788,24.71923828125
7839815,20.56884765625
7883134,26.4892578125
7883215,26.9775390625
7883242,22.8271484375
7883299,21.30126953125
7883315,26.4892578125
7883379,20.3857421875
7883408,21.6064453125
7883418,22.39990234375
7883457,20.08056640625
7883467,24.169921875
7883526,22.64404296875
7883548,25.20751953125
7883627,23.74267578125
7883886,19.775390625
7884007,20.69091796875
7884285,21.240234375
7900103,20.6298828125
7902488,22.39990234375
7917970,21.05712890625
7954240,21.17919921875
7954414,19.95849609375
7954445,27.40478515625
7954542,23.8037109375
7954578,21.6064453125
7954627,19.775390625
7954681,26.3671875
7954714,25.5126953125
7954737,24.71923828125
7954853,24.0478515625
7954884,21.91162109375
7954930,24.96337890625
7955004,21.54541015625
7955339,21.42333984375
7955517,20.751953125
8006245,28.4423828125
8006323,23.62060546875
8006416,30.6396484375
8006517,26.85546875
8006573,24.10888671875
8006685,26.55029296875
8006714,20.56884765625
8006789,20.751953125
8006834,21.8505859375
8006899,20.751953125
8006983,24.4140625
8007024,21.05712890625
8007233,24.23095703125
8007539,25.87890625
8048473,22.88818359375
8048607,20.6298828125
8048731,22.4609375
8048809,26.4892578125
8048853,20.5078125
8048929,21.1181640625
8049016,23.13232421875
8049186,24.23095703125
8049349,24.84130859375
8049440,20.56884765625
8049579,19.8974609375
8090273,26.2451171875
8090383,21.484375
8090564,27.34375
8090644,20.3857421875
8090708,22.88818359375
8091024,24.35302734375
8091220,23.681640625
8091445,20.20263671875
8129117,21.240234375
8129162,24.35302734375
8129243,22.3388671875
8129347,27.40478515625
8129402,23.98681640625
8129432,20.01953125
8129507,24.35302734375
8129598,26.7333984375
8129687,20.93505859375
8129792,23.3154296875
8129933,20.81298828125
8130040,20.751953125
8130472,20.6298828125
8130720,24.169921875
8130927,21.6064453125
8131233,20.263671875
8131505,23.37646484375
8131865,21.6064453125
8132046,19.83642578125
8132935,21.97265625
8133189,22.52197265625
8133249,28.4423828125
8133442,22.76611328125
8133684,21.05712890625
8133880,19.8974609375
8134088,20.6298828125
8134474,20.8740234375
8134741,20.751953125
8200882,21.42333984375
8200983,23.8037109375
8201035,20.93505859375
8201134,25.32958984375
8201219,29.052734375
8201293,20.81298828125
8201366,26.42822265625
8201455,26.4892578125
8201474,21.91162109375
8201532,22.27783203125
8201585,21.54541015625
8201646,20.32470703125
8201790,19.8974609375
8202028,23.49853515625
8202211,22.52197265625
8202284,20.69091796875
8202489,21.17919921875
8202506,20.3857421875
8202844,20.99609375
8203019,25.5126953125
8203209,23.25439453125
8203542,19.71435546875
8203671,23.86474609375
8203873,20.8740234375
8204099,20.8740234375
8204253,19.71435546875
8204629,22.4609375
8205577,20.69091796875
8206218,21.8505859375
8206358,21.240234375
8206930,20.01953125
8207000,22.76611328125
8264995,26.0009765625
8265022,21.240234375
8276565,23.49853515625
8276629,22.3388671875
8276653,30.45654296875
8276679,20.93505859375
8276740,23.25439453125
8276784,20.08056640625
8276811,19.775390625
8276841,28.25927734375
8276908,25.5126953125
8276993,21.66748046875
8277134,21.484375
8277379,21.3623046875
8277405,19.775390625
8277455,20.01953125
8277500,20.01953125
8277612,19.71435546875
8277743,20.263671875
8280428,20.81298828125
8280850,24.84130859375
8281922,20.01953125
8282092,24.4140625
8282277,24.84130859375
8282424,20.56884765625
8283274,23.8037109375
8283476,26.611328125
8283881,23.3154296875
8284141,20.56884765625
8284366,24.10888671875
8284577,21.240234375
8284871,24.71923828125
8285101,21.05712890625
8285392,19.95849609375
8307185,20.751953125
8307234,29.96826171875
8307313,24.59716796875
8307366,27.03857421875
8307443,19.71435546875
8307490,22.88818359375
8307572,24.0478515625
8307655,19.71435546875
8307681,19.6533203125
8307708,22.5830078125
8307786,27.28271484375
8307950,21.42333984375
8307988,20.8740234375
8308192,20.69091796875
8308243,20.3857421875
8308294,21.91162109375
8308474,20.5078125
8308613,21.240234375
8308773,22.0947265625
8370199,22.39990234375
8370223,20.93505859375
8457952,27.34375
8463411,21.42333984375
8471735,26.3671875
8471912,25.0244140625
8471937,21.05712890625
8472062,26.4892578125
8472184,25.87890625
8472264,21.8505859375
8472338,20.69091796875
8472392,28.99169921875
8472499,20.56884765625
8472732,23.5595703125
8511053,33.3251953125
8511161,20.81298828125
8511191,22.15576171875
8511370,30.09033203125
8511395,24.59716796875
8511407,21.66748046875
8511443,23.01025390625
8511529,25.390625
8511606,20.263671875
8511664,22.94921875
8511999,20.44677734375
8512216,20.81298828125
8533000,26.3671875
8568632,21.78955078125
8568656,21.240234375
8588614,21.91162109375
8590373,24.10888671875
8590457,21.240234375
8590491,20.8740234375
8590554,27.9541015625
8590577,23.25439453125
8590625,21.3623046875
8590642,22.52197265625
8590670,26.123046875
8590699,20.20263671875
8590812,20.1416015625
8591051,20.81298828125
8591367,19.71435546875
8591421,20.93505859375
8591752,21.17919921875
8654215,20.99609375
8654242,20.5078125
8683579,26.4892578125
8683600,19.83642578125
8687899,21.91162109375
8688036,24.84130859375
8688138,21.30126953125
8688167,22.216796875
8688198,19.775390625
8688224,22.5830078125
8688250,25.7568359375
8688276,20.99609375
8688340,21.42333984375
8688368,20.69091796875
8688429,20.1416015625
8688769,21.1181640625
8688804,19.8974609375
8689117,19.71435546875
8689191,25.634765625
8689361,27.52685546875
8778326,22.52197265625
8778514,19.775390625
8778566,19.83642578125
8778637,21.97265625
8778674,34.423828125
8778692,21.30126953125
8778714,20.1416015625
8778749,27.16064453125
8778760,25.5126953125
8778786,20.751953125
8778811,20.99609375
8778835,19.71435546875
8778870,19.775390625
8778922,21.30126953125
8778967,23.3154296875
8779223,19.83642578125
8779344,20.32470703125
8779455,25.5126953125
8779557,22.52197265625
8779871,21.54541015625
8808025,20.99609375
8829754,19.71435546875
8841143,21.91162109375
8841216,23.37646484375
8841275,21.78955078125
8841294,29.60205078125
8841326,26.30615234375
8841427,20.32470703125
8841505,23.25439453125
8841857,21.54541015625
8842151,19.83642578125
8842367,21.17919921875
8933176,21.30126953125
8936223,24.47509765625
8936414,19.775390625
8936468,22.5830078125
8936485,25.0244140625
8936508,27.587890625
8936548,22.3388671875
8936594,21.66748046875
8936645,21.1181640625
8936668,19.71435546875
8936719,23.37646484375
8936747,24.90234375
8936824,21.91162109375
8936853,20.81298828125
8937032,20.81298828125
8937106,25.87890625
8937288,23.193359375
8937556,21.54541015625
8937845,22.64404296875
9017668,27.83203125
9017902,19.8974609375
9017942,23.193359375
9017988,19.8974609375
9018072,20.32470703125
9018105,25.390625
9018133,24.2919921875
9018198,21.240234375
9018228,19.8974609375
9018319,22.8271484375
9018357,24.4140625
9018391,20.6298828125
9018506,22.216796875
9018580,20.93505859375
9018622,22.27783203125
9018743,21.97265625
9018861,21.728515625
9018981,21.484375
9019048,23.4375
9019233,22.3388671875
9101979,20.6298828125
9128147,20.263671875
9128233,25.0244140625
9128260,21.05712890625
9128340,20.99609375
9128433,19.83642578125
9128476,25.146484375
9128491,27.52685546875
9128531,23.37646484375
9128626,20.56884765625
9128726,19.8974609375
9128801,20.263671875
9128935,20.08056640625
9128973,21.91162109375
9129021,20.263671875
9129080,19.775390625
9129167,26.42822265625
9129323,22.94921875
9129492,20.01953125
9129707,19.8974609375
9156626,22.76611328125
9178187,22.27783203125
9179954,20.93505859375
9180261,20.32470703125
9180421,20.32470703125
9180564,21.30126953125
9180865,20.44677734375
9180892,20.8740234375
9181088,19.8974609375
9211122,21.240234375
9211349,20.93505859375
9211422,21.3623046875
9211465,20.56884765625
9211515,24.90234375
9211591,21.6064453125
9211652,25.0244140625
9211730,28.50341796875
9211799,20.263671875
9212008,24.10888671875
9305891,29.72412109375
9305919,23.74267578125
9306003,22.4609375
9306263,23.0712890625
9306341,23.25439453125
9306401,20.5078125
9306460,23.25439453125
9306537,21.30126953125
9306577,20.1416015625
9306616,20.263671875
9306710,24.23095703125
9306721,20.81298828125
9306810,23.8037109375
9306904,22.0947265625
9306969,25.45166015625
9307172,24.2919921875
9307302,23.0712890625
9387586,22.94921875
9395748,24.0478515625
9395838,20.6298828125
9395892,30.70068359375
9395902,20.69091796875
9395916,24.59716796875
9395946,20.263671875
9396002,20.81298828125
9396034,20.56884765625
9396148,20.08056640625
9396174,26.2451171875
9396213,23.0712890625
9396443,21.91162109375
9396575,21.30126953125
9396722,19.95849609375
9396775,20.1416015625
9396908,20.08056640625
9397205,23.193359375
9479834,23.193359375
9480016,26.0009765625
9480033,26.4892578125
9480053,19.95849609375
9480120,22.52197265625
9480142,26.9775390625
9480157,22.5830078125
9480186,21.97265625
9480228,22.3388671875
9480292,19.775390625
9480373,19.6533203125
9480407,20.3857421875
9480789,22.52197265625
9480941,21.17919921875
9481232,19.83642578125
9508830,24.35302734375
9541487,20.44677734375
9550172,22.27783203125
9563057,20.81298828125
9563176,23.5595703125
9563247,20.1416015625
9563311,19.95849609375
9563325,28.80859375
9563390,24.23095703125
9563445,24.4140625
9563472,22.64404296875
9563946,21.484375
9564060,21.728515625
9564282,23.74267578125
9663808,23.3154296875
9663836,21.240234375
9664009,20.81298828125
9664069,20.93505859375
9664155,37.65869140625
9664193,24.169921875
9664240,33.0810546875
9664309,22.0947265625
9664345,24.7802734375
9664372,19.83642578125
9664404,23.92578125
9664555,19.6533203125
9664805,21.1181640625
9665146,21.484375
9665373,24.169921875
9730611,20.93505859375
9730708,25.69580078125
9730847,20.751953125
9730860,23.01025390625
9730889,30.70068359375
9730911,20.01953125
9730930,31.3720703125
9730956,20.1416015625
9731094,21.66748046875
9731119,20.93505859375
9731323,21.484375
9731374,21.91162109375
9731456,20.751953125
9731868,20.5078125
9760976,23.25439453125
9760998,21.97265625
9785107,20.44677734375
9785534,20.99609375
9785568,23.3154296875
9785606,25.93994140625
9785618,21.8505859375
9785647,22.76611328125
9785673,35.21728515625
9785721,19.71435546875
9785745,24.7802734375
9785796,24.169921875
9785854,25.146484375
9785998,21.728515625
9786132,20.56884765625
9786166,20.3857421875
9786206,24.71923828125
9786314,19.71435546875
9786485,25.08544921875
9842693,20.5078125
9842715,23.25439453125
9845666,25.146484375
9845743,27.89306640625
9845799,20.8740234375
9845843,20.3857421875
9845898,21.30126953125
9845913,25.7568359375
9845945,23.4375
9845958,19.8974609375
9845986,25.08544921875
9846041,24.7802734375
9846140,23.49853515625
9846302,19.83642578125
9846356,21.484375
9846530,24.10888671875
9846652,23.193359375
9846729,20.56884765625
9898357,24.4140625
9898380,20.263671875
9936572,21.30126953125
9936655,26.9775390625
9936687,23.4375
9936709,20.81298828125
9936755,23.74267578125
9936806,27.099609375
9936851,32.40966796875
9936872,20.3857421875
9936903,22.0947265625
9936965,19.71435546875
9937021,20.93505859375
9937055,23.92578125
9937088,24.7802734375
9937127,23.62060546875
10012265,20.5078125
10023670,28.1982421875
10023749,28.076171875
10023887,26.611328125
10024003,23.681640625
10024027,19.71435546875
10024076,24.658203125
10024088,33.02001953125
10024129,20.3857421875
10024158,20.32470703125
10024266,26.2451171875
10024302,25.93994140625
10024341,21.6064453125
10024876,20.5078125
10048519,25.20751953125
10048542,19.83642578125
10059916,21.240234375
10069138,23.8037109375
10079777,24.2919921875
10081883,20.6298828125
10093891,22.03369140625
10093913,20.81298828125
10100624,24.0478515625
10100688,24.4140625
10100731,19.8974609375
10100755,30.8837890625
10100771,28.13720703125
10100812,22.216796875
10100853,25.32958984375
10100895,24.2919921875
10100911,21.1181640625
10100971,22.64404296875
10101028,23.74267578125
10101208,19.6533203125
10101421,20.44677734375
10129222,23.4375
10160641,20.69091796875
10160716,19.71435546875
10160807,21.6064453125
10160919,21.30126953125
10160968,23.13232421875
10161030,19.8974609375
10161071,22.39990234375
10161097,22.8271484375
10161206,20.81298828125
10161833,19.775390625
10238961,31.005859375
10239063,31.92138671875
10239110,21.91162109375
10239142,27.4658203125
10239158,22.0947265625
10239197,23.01025390625
10239223,25.390625
10239278,19.71435546875
10239298,25.81787109375
10239334,19.71435546875
10239367,25.146484375
10239396,20.263671875
10239432,20.56884765625
10239465,20.5078125
10239550,21.240234375
10239659,22.27783203125
10239702,21.240234375
10239742,20.81298828125
10239858,20.3857421875
10239983,26.2451171875
10240177,21.42333984375
10306456,26.79443359375
10314949,22.64404296875
10315036,23.13232421875
10315087,23.0712890625
10315143,30.8837890625
10315193,19.95849609375
10315211,21.17919921875
10315258,22.4609375
10315317,20.56884765625
10315387,25.146484375
10315418,21.78955078125
10315452,21.3623046875
10315491,23.49853515625
10315562,21.1181640625
10315747,19.775390625
10315996,25.7568359375
10378128,24.84130859375
10380354,23.62060546875
10405116,26.2451171875
10405253,21.3623046875
10405310,22.5830078125
10405382,24.2919921875
10405431,28.62548828125
10405461,19.95849609375
10405480,21.66748046875
10405550,32.65380859375
10405586,23.62060546875
10405619,21.05712890625
10405721,26.0009765625
10405754,24.59716796875
10405845,21.1181640625
10405940,20.751953125
10406064,20.20263671875
10406248,20.44677734375
10479870,21.484375
10479963,22.94921875
10479978,32.71484375
10480006,26.611328125
10480059,21.30126953125
10480079,20.08056640625
10480103,21.17919921875
10480136,20.44677734375
10480194,23.5595703125
10480208,25.93994140625
10480275,21.54541015625
10480398,22.8271484375
10480424,19.95849609375
10480669,20.93505859375
10480768,22.3388671875
10480805,20.81298828125
10480878,25.87890625
10480929,22.4609375
10481046,19.71435546875
10481163,20.3857421875
10499292,20.263671875
10499316,19.8974609375
10506910,23.25439453125
10519616,22.76611328125
10519642,20.81298828125
10538076,24.5361328125
10538457,25.57373046875
10538488,27.03857421875
10538552,26.91650390625
10538645,21.17919921875
10538718,19.8974609375
10538755,21.97265625
10538869,23.681640625
10538960,19.775390625
10538989,20.1416015625
10539162,20.1416015625
10539338,20.5078125
10539508,20.20263671875
10557363,21.30126953125
10598533,19.6533203125
10625132,20.08056640625
10625162,22.705078125
10625257,30.70068359375
10625292,28.13720703125
10625329,22.15576171875
10625438,21.728515625
10625483,21.484375
10625545,21.54541015625
10625629,26.3671875
10625659,22.216796875
10625931,20.69091796875
10626028,21.66748046875
10626079,20.56884765625
10626468,20.751953125
10712623,28.076171875
10712680,23.74267578125
10712719,26.2451171875
10712787,22.3388671875
10712820,22.52197265625
10712864,24.10888671875
10712898,20.99609375
10712939,21.6064453125
10712996,20.1416015625
10713068,23.681640625
10713142,21.78955078125
10713172,31.005859375
10713614,23.0712890625
10768546,22.64404296875
10768556,22.76611328125
10768692,23.86474609375
10768755,26.18408203125
10768833,30.57861328125
10768871,33.5693359375
10768902,24.23095703125
10768948,20.99609375
10768977,23.98681640625
10769070,20.3857421875
10769175,27.7099609375
10769278,22.94921875
10769367,20.93505859375
10828327,26.3671875
10828355,24.35302734375
10830455,21.91162109375
10830624,23.0712890625
10830738,25.390625
10830775,25.87890625
10830835,26.3671875
10830933,21.240234375
10830971,22.94921875
10831019,20.3857421875
10831103,20.3857421875
10885128,21.97265625
10885263,25.57373046875
10885472,21.6064453125
10885541,20.263671875
10885582,27.40478515625
10885817,20.69091796875
10885972,22.8271484375
10935102,29.35791015625
10935140,25.146484375
10935196,29.84619140625
10935242,30.94482421875
10935295,27.64892578125
10935334,25.69580078125
10935356,20.6298828125
10935390,23.74267578125
10935438,22.39990234375
10935449,21.8505859375
10935510,20.751953125
10935558,20.751953125
10935614,21.1181640625
10935652,21.8505859375
10935690,21.484375
10935792,20.32470703125
10936028,24.71923828125
10936117,20.93505859375
11007783,25.20751953125
11010574,24.4140625
11010640,22.64404296875
11010683,22.4609375
11010709,26.123046875
11010741,20.56884765625
11010754,23.49853515625
11010793,22.76611328125
11010824,25.146484375
11010841,20.5078125
11010872,26.4892578125
11010911,24.658203125
11010986,20.44677734375
11011172,22.94921875
11011500,20.1416015625
11011636,21.240234375
11078322,24.169921875
11078342,20.08056640625
11078464,25.32958984375
11078498,21.728515625
11078514,19.775390625
11078545,20.01953125
11078591,20.44677734375
11078610,20.32470703125
11078645,20.5078125
11078675,20.69091796875
11078701,21.6064453125
11078727,27.587890625
11078755,22.94921875
11078815,19.8974609375
11078844,21.66748046875
11078908,22.39990234375
11079004,19.8974609375
11079038,20.69091796875
11079089,23.25439453125
11079242,22.4609375
11079580,21.97265625
11167596,22.64404296875
11167618,20.20263671875
11173640,20.263671875
11173705,21.78955078125
11173734,20.08056640625
11173807,28.62548828125
11173903,23.3154296875
11173944,22.39990234375
11173977,22.64404296875
11174030,25.57373046875
11174064,21.97265625
11174096,21.728515625
11174129,27.83203125
11218003,24.23095703125
11231983,22.94921875
11232036,26.2451171875
11232110,25.08544921875
11232277,27.03857421875
11232314,20.08056640625
11232353,22.52197265625
11232380,21.728515625
11232447,19.6533203125
11232563,27.28271484375
11232664,20.751953125
11232752,24.2919921875
11287988,21.3623046875
11288098,24.658203125
11288193,22.5830078125
11288317,20.20263671875
11288409,20.3857421875
11288498,21.3623046875
11337671,27.9541015625
11337708,24.23095703125
11337770,22.76611328125
11337870,20.93505859375
11337947,25.57373046875
11337985,25.93994140625
11338095,25.5126953125
11338173,21.54541015625
11338241,19.8974609375
11338305,20.5078125
11338433,23.0712890625
11339677,20.08056640625
11377503,21.05712890625
11377570,23.3154296875
11377634,22.216796875
11377703,19.95849609375
11377725,20.751953125
11377792,20.263671875
11377906,28.99169921875
11377951,19.8974609375
11378030,25.45166015625
11378107,26.4892578125
11378383,28.99169921875
11379481,23.681640625
11379783,23.62060546875
11379966,23.193359375
11380492,24.0478515625
11380681,21.91162109375
11380797,21.54541015625
11381099,20.6298828125
11381606,22.5830078125
11382502,21.78955078125
11383039,21.54541015625
11383505,20.6298828125
11383693,26.67236328125
11384091,19.95849609375
11445744,28.1982421875
11445845,23.37646484375
11445895,19.71435546875
11445974,20.32470703125
11446038,25.146484375
11446090,20.56884765625
11446153,27.89306640625
11446213,21.3623046875
11446302,28.86962890625
11446444,25.146484375
11446625,21.728515625
11446803,22.03369140625
11447009,19.6533203125
11447504,27.28271484375
11447903,21.728515625
11448838,19.6533203125
11449062,20.751953125
11449233,24.96337890625
11449613,22.76611328125
11449732,20.32470703125
11449908,22.0947265625
11450728,21.484375
11450971,20.93505859375
11452265,22.15576171875
11452426,24.4140625
11452742,20.01953125
11506461,27.2216796875
11506613,24.2919921875
11506685,24.71923828125
11506748,19.6533203125
11506782,20.6298828125
11506812,19.775390625
11506907,23.13232421875
11507009,22.03369140625
11507070,29.6630859375
11507230,23.49853515625
11507399,20.751953125
11507561,21.05712890625
11508029,19.8974609375
11508168,25.87890625
11508405,19.71435546875
11509278,22.3388671875
11509486,20.99609375
11509669,24.5361328125
11509880,21.30126953125
11510061,20.01953125
11510432,19.83642578125
11510779,20.93505859375
11511055,26.42822265625
11511230,22.76611328125
11511535,22.3388671875
11512218,20.56884765625
11563376,23.3154296875
11593593,24.0478515625
11593653,20.01953125
11593681,21.42333984375
11593727,21.728515625
11593849,22.8271484375
11593903,20.56884765625
11594091,25.57373046875
11594344,22.64404296875
11594729,25.20751953125
11595509,20.69091796875
11595829,24.47509765625
11596182,20.751953125
11596350,20.3857421875
11596888,24.7802734375
11670971,20.263671875
11671070,19.775390625
11671154,23.5595703125
11671204,20.69091796875
11671329,21.91162109375
11671405,24.59716796875
11671460,20.44677734375
11671624,20.20263671875
11672342,21.05712890625
11672513,26.123046875
11696244,27.03857421875
11719910,22.216796875
11722462,25.7568359375
11722485,21.54541015625
11722590,22.76611328125
11722745,24.35302734375
11722773,20.3857421875
11722872,26.7333984375
11722943,20.93505859375
11723127,25.45166015625
11723213,32.8369140625
11723273,21.1181640625
11723331,29.6630859375
11723606,22.64404296875
11778109,21.240234375
11778359,24.90234375
11778482,19.775390625
11778550,19.71435546875
11778566,20.99609375
11778633,23.74267578125
11778693,29.35791015625
11778915,24.47509765625
11779000,22.15576171875
11779533,21.54541015625
11851985,23.0712890625
11852008,20.20263671875
11852834,20.751953125
11852945,21.42333984375
11853001,21.6064453125
11853063,20.8740234375
11853159,27.52685546875
11853176,25.87890625
11853312,21.05712890625
11853353,22.52197265625
11853418,23.3154296875
11853761,20.93505859375
11952668,21.78955078125
11954241,20.56884765625
11954420,21.240234375
11954472,21.66748046875
11954543,29.96826171875
11954554,23.4375
11954596,24.59716796875
11954623,23.98681640625
11954653,22.4609375
11954694,21.1181640625
11954791,20.44677734375
11954819,25.87890625
11954940,20.20263671875
11955057,20.81298828125
11955098,21.240234375
11955200,20.81298828125
11955293,22.0947265625
11955360,21.97265625
11955426,19.775390625
11967392,22.76611328125
11967417,23.0712890625
11972612,21.1181640625
11975695,22.03369140625
11975716,24.23095703125
11976615,21.91162109375
11983418,20.01953125
11983464,20.263671875
11991620,21.30126953125
11991644,21.484375
11996805,24.59716796875
