11999000,0
75345,19.71435546875
75375,17.88330078125
75498,17.76123046875
75584,20.44677734375
75646,19.53125
75753,18.9208984375
75804,17.822265625
75815,17.7001953125
75847,18.49365234375
75875,22.8271484375
75891,18.00537109375
75967,18.73779296875
76040,32.40966796875
76056,18.5546875
76106,18.73779296875
76128,24.59716796875
76147,23.62060546875
76175,19.6533203125
76204,18.00537109375
76236,23.0712890625
76268,18.49365234375
76314,23.62060546875
76390,19.59228515625
76427,21.6064453125
76471,22.27783203125
76531,20.1416015625
76577,22.94921875
76640,19.95849609375
76892,20.99609375
130325,21.54541015625
164016,18.1884765625
164054,21.05712890625
164166,19.8974609375
164281,18.9208984375
164314,20.6298828125
164344,30.6396484375
164389,18.85986328125
164411,25.2685546875
164434,17.7001953125
164473,24.90234375
164502,22.64404296875
164517,23.49853515625
164557,25.93994140625
164586,20.20263671875
164680,18.1884765625
164855,18.98193359375
165091,20.751953125
165249,20.56884765625
179480,20.3857421875
179603,18.98193359375
180892,22.76611328125
234683,18.798828125
239797,20.01953125
272915,18.98193359375
272953,20.3857421875
272982,18.37158203125
273122,19.59228515625
273167,22.8271484375
273197,20.8740234375
273219,25.93994140625
273267,20.20263671875
273372,26.67236328125
273443,23.3154296875
273509,18.49365234375
273600,19.22607421875
273619,19.6533203125
273643,20.01953125
273912,20.81298828125
374991,18.9208984375
375067,25.20751953125
375229,20.8740234375
375244,21.1181640625
375295,18.6767578125
375311,30.45654296875
375336,22.8271484375
375352,30.8837890625
375370,19.95849609375
375400,19.287109375
375413,20.20263671875
375442,22.705078125
375458,21.728515625
375488,31.18896484375
375527,20.3857421875
375552,19.4091796875
375570,18.49365234375
414142,18.00537109375
444346,20.8740234375
444395,18.85986328125
444456,21.05712890625
444481,17.9443359375
444495,19.1650390625
444525,18.4326171875
444537,18.98193359375
444576,17.822265625
444588,21.240234375
444618,22.52197265625
444648,22.76611328125
444662,19.10400390625
444680,18.37158203125
444713,31.73828125
444745,20.44677734375
444775,22.705078125
444850,20.01953125
444935,20.08056640625
444970,18.98193359375
504566,18.00537109375
512415,18.00537109375
512444,18.98193359375
512591,23.8037109375
512604,18.73779296875
512632,30.029296875
512643,25.7568359375
512674,28.50341796875
512695,25.2685546875
512723,26.9775390625
512743,28.3203125
512760,28.6865234375
512783,18.98193359375
512806,22.88818359375
512832,20.99609375
512878,18.5546875
512902,19.04296875
513107,20.08056640625
513299,19.22607421875
585400,18.310546875
585436,19.4091796875
585556,18.06640625
585605,19.34814453125
585642,19.10400390625
585652,23.0712890625
585680,20.3857421875
585721,19.8974609375
585737,23.37646484375
585781,21.97265625
585794,18.98193359375
585820,21.66748046875
585847,19.04296875
585858,24.4140625
585891,21.05712890625
585904,20.93505859375
585960,24.96337890625
586003,26.2451171875
586047,19.83642578125
586192,24.90234375
674170,19.775390625
674191,18.1884765625
674272,19.4091796875
674337,18.24951171875
674362,19.53125
674382,18.24951171875
674419,19.287109375
674437,19.1650390625
674471,18.61572265625
674493,22.5830078125
674515,22.94921875
674559,20.5078125
674585,19.59228515625
674599,21.728515625
674640,27.83203125
674652,25.2685546875
674685,23.13232421875
674704,23.0712890625
674728,24.2919921875
674747,18.12744140625
674767,22.15576171875
674785,18.6767578125
674801,23.0712890625
674832,18.5546875
674858,19.4091796875
675031,19.10400390625
675169,18.06640625
749260,19.04296875
749356,21.1181640625
749422,18.798828125
749434,26.123046875
749470,25.146484375
749563,18.798828125
749604,21.91162109375
749633,22.705078125
749655,24.35302734375
749679,26.91650390625
749704,27.4658203125
749731,23.4375
749766,17.9443359375
749815,18.49365234375
749833,18.9208984375
817729,23.3154296875
817768,22.3388671875
817853,22.76611328125
817884,23.13232421875
817959,18.5546875
817975,23.5595703125
817994,19.8974609375
818028,20.8740234375
818076,18.85986328125
818117,19.04296875
818144,21.54541015625
818207,18.12744140625
818232,19.83642578125
818264,19.6533203125
818288,18.1884765625
818396,19.34814453125
818577,18.12744140625
818815,20.6298828125
848594,18.1884765625
862141,18.12744140625
898331,18.24951171875
902631,21.30126953125
902686,18.12744140625
902732,18.310546875
902759,21.6064453125
902793,18.6767578125
902811,20.69091796875
902832,28.3203125
902849,21.3623046875
902868,25.93994140625
902879,22.3388671875
902892,24.47509765625
902915,18.1884765625
902935,24.47509765625
902969,34.85107421875
902996,23.49853515625
903020,20.93505859375
903034,22.88818359375
903051,23.8037109375
903071,18.798828125
903093,18.37158203125
903221,17.88330078125
903268,19.53125
903331,18.1884765625
903411,17.7001953125
903454,18.310546875
903488,19.22607421875
926659,19.59228515625
926683,20.44677734375
926724,17.76123046875
927018,19.22607421875
927078,20.5078125
927121,18.73779296875
927137,19.95849609375
927210,22.705078125
927223,19.04296875
927245,18.85986328125
927285,21.66748046875
927325,25.146484375
927339,22.4609375
927354,17.822265625
927385,19.1650390625
927406,25.08544921875
927419,26.18408203125
927439,20.44677734375
927534,20.1416015625
927569,19.775390625
927590,23.5595703125
927647,17.822265625
927893,17.822265625
978458,18.00537109375
1048093,19.47021484375
1048135,18.798828125
1048185,27.16064453125
1048250,18.73779296875
1048288,18.9208984375
1048415,19.83642578125
1048430,25.32958984375
1048461,18.61572265625
1048475,25.146484375
1048487,24.59716796875
1048516,28.1982421875
1048526,25.146484375
1048555,24.23095703125
1048574,28.01513671875
1048611,29.84619140625
1048624,20.99609375
1048645,17.88330078125
1048749,19.10400390625
1048763,19.22607421875
1048781,17.88330078125
1048811,18.310546875
1048835,18.9208984375
1048870,18.61572265625
1048884,18.24951171875
1048939,17.88330078125
1048975,17.822265625
1049017,17.822265625
1049112,18.37158203125
1140350,19.287109375
1140441,19.47021484375
1140487,19.775390625
1140527,18.5546875
1140578,19.83642578125
1140599,20.08056640625
1140612,18.61572265625
1140644,25.5126953125
1140666,22.8271484375
1140688,21.97265625
1140700,19.4091796875
1140738,21.17919921875
1140789,21.728515625
1140818,18.49365234375
1140868,21.3623046875
1140878,22.705078125
1140947,20.1416015625
1141052,18.310546875
1141087,18.37158203125
1153016,19.287109375
1170285,17.88330078125
1228837,21.30126953125
1228880,25.390625
1228992,21.66748046875
1229015,19.4091796875
1229033,24.47509765625
1229069,25.5126953125
1229091,18.06640625
1229115,24.2919921875
1229133,27.4658203125
1229175,22.0947265625
1229185,18.85986328125
1229230,22.8271484375
1229258,18.4326171875
1229298,18.24951171875
1229321,21.484375
1229421,17.7001953125
1229452,22.64404296875
1229506,18.24951171875
1229676,17.88330078125
1229777,19.71435546875
1270753,18.49365234375
1274020,19.71435546875
1274127,23.49853515625
1274231,21.66748046875
1274249,26.30615234375
1274277,19.22607421875
1274309,19.83642578125
1274363,25.634765625
1274378,19.04296875
1274421,17.822265625
1274452,38.330078125
1274497,22.216796875
1274534,18.00537109375
1274560,20.263671875
1274588,27.89306640625
1274625,18.798828125
1274647,21.240234375
1274700,17.9443359375
1274940,19.47021484375
1325642,20.81298828125
1325675,20.263671875
1325703,17.88330078125
1325769,19.53125
1325812,20.8740234375
1325827,19.6533203125
1325895,23.4375
1325926,23.8037109375
1325955,31.67724609375
1325973,17.7001953125
1326007,18.73779296875
1326025,37.4755859375
1326038,31.18896484375
1326090,20.69091796875
1326168,18.6767578125
1326204,24.7802734375
1326250,23.01025390625
1326264,20.99609375
1326395,17.88330078125
1326440,17.76123046875
1381133,18.310546875
1391054,23.01025390625
1391072,17.7001953125
1391093,20.99609375
1391145,19.34814453125
1391284,18.9208984375
1391332,18.06640625
1391413,19.04296875
1391435,18.4326171875
1391482,19.59228515625
1391509,23.49853515625
1391536,20.5078125
1391560,23.0712890625
1391589,20.08056640625
1391620,21.6064453125
1391716,20.263671875
1391792,21.42333984375
1391882,17.9443359375
1392202,17.7001953125
1449491,20.56884765625
1449511,20.01953125
1449550,18.12744140625
1449561,18.798828125
1449577,20.32470703125
1449638,21.66748046875
1449648,23.37646484375
1449678,19.95849609375
1449699,19.53125
1449738,29.4189453125
1449759,29.35791015625
1449781,19.287109375
1449798,18.1884765625
1449812,33.5693359375
1449841,19.4091796875
1449883,19.22607421875
1449895,24.0478515625
1449954,18.4326171875
1449966,19.10400390625
1450062,19.59228515625
1450107,19.4091796875
1450190,19.10400390625
1450220,18.9208984375
1450275,18.61572265625
1450312,18.310546875
1496122,17.76123046875
1517438,19.6533203125
1517593,18.73779296875
1517695,18.9208984375
1517723,20.3857421875
1517743,18.5546875
1517768,19.1650390625
1517780,25.08544921875
1517816,28.86962890625
1517836,27.2216796875
1517853,27.2216796875
1517863,19.22607421875
1517888,18.5546875
1517905,21.8505859375
1517938,18.37158203125
1517963,25.390625
1518016,20.01953125
1518075,22.27783203125
1518102,18.49365234375
1518186,20.6298828125
1518228,18.310546875
1518252,18.49365234375
1530553,17.88330078125
1584089,18.06640625
1584214,23.4375
1584286,18.1884765625
1584326,25.08544921875
1584357,19.53125
1584417,18.798828125
1584446,18.310546875
1584466,21.66748046875
1584491,22.76611328125
1584502,22.5830078125
1584528,18.85986328125
1584538,31.67724609375
1584561,26.3671875
1584601,21.91162109375
1584616,23.92578125
1584647,22.216796875
1584663,22.5830078125
1584694,25.32958984375
1584724,19.95849609375
1584764,18.310546875
1584838,21.78955078125
1584856,19.59228515625
1585000,17.822265625
1585059,17.88330078125
1585311,19.53125
1632085,20.3857421875
1632117,19.287109375
1632148,23.193359375
1632215,18.37158203125
1632241,24.5361328125
1632256,20.99609375
1632287,19.71435546875
1632329,20.81298828125
1632339,25.45166015625
1632361,27.77099609375
1632374,19.8974609375
1632408,29.11376953125
1632429,27.77099609375
1632439,25.45166015625
1632465,19.47021484375
1632489,20.56884765625
1632504,21.91162109375
1632535,28.99169921875
1632576,18.5546875
1632605,19.775390625
1632617,19.4091796875
1632687,25.57373046875
1682906,24.4140625
1682984,21.1181640625
1683055,23.92578125
1683074,22.03369140625
1683097,19.287109375
1683125,25.5126953125
1683153,25.146484375
1683178,19.53125
1683195,24.90234375
1683226,26.30615234375
1683251,20.20263671875
1683272,24.10888671875
1683300,40.46630859375
1683355,26.67236328125
1683419,20.3857421875
1683458,21.42333984375
1683474,21.728515625
1683583,18.798828125
1683650,19.95849609375
1683701,17.76123046875
1683925,20.56884765625
1684137,20.44677734375
1684243,19.47021484375
1684334,19.59228515625
1685344,18.85986328125
1685527,20.5078125
1685846,18.24951171875
1690315,17.76123046875
1732407,21.3623046875
1732467,18.49365234375
1732564,20.01953125
1732686,18.00537109375
1732705,18.9208984375
1732728,19.1650390625
1732748,18.49365234375
1732774,20.08056640625
1732796,26.2451171875
1732815,29.84619140625
1732855,20.69091796875
1732866,23.193359375
1732904,17.9443359375
1732924,18.24951171875
1732953,19.10400390625
1732970,17.76123046875
1733114,18.98193359375
1733138,22.15576171875
1733846,17.7001953125
1736167,18.310546875
1739339,22.8271484375
1739367,20.69091796875
1739387,17.7001953125
1739398,20.3857421875
1739591,19.4091796875
1789163,18.9208984375
1821229,19.4091796875
1821353,18.98193359375
1821403,18.24951171875
1821413,17.7001953125
1821441,20.01953125
1821459,24.47509765625
1821484,17.76123046875
1821527,26.42822265625
1821545,22.4609375
1821558,27.83203125
1821576,23.92578125
1821608,28.38134765625
1821627,18.61572265625
1821657,19.34814453125
1821681,22.76611328125
1821707,17.9443359375
1821724,21.30126953125
1821748,24.84130859375
1821777,20.3857421875
1821797,19.22607421875
1821828,23.13232421875
1821970,18.24951171875
1822090,19.775390625
1822962,17.88330078125
1873748,18.6767578125
1873867,19.04296875
1873903,19.47021484375
1873939,18.798828125
1873954,17.7001953125
1873991,23.37646484375
1874032,21.42333984375
1874067,22.64404296875
1874088,21.42333984375
1874117,20.01953125
1874145,17.7001953125
1874165,19.22607421875
1874194,18.12744140625
1874214,21.78955078125
1874249,20.01953125
1874263,17.7001953125
1874275,23.681640625
1874308,17.88330078125
1874396,19.775390625
1874436,23.193359375
1874514,18.98193359375
1874674,21.17919921875
1874726,18.06640625
1874770,17.7001953125
1874862,17.9443359375
1875073,19.4091796875
1875284,22.88818359375
1875356,24.658203125
1875456,21.17919921875
1875588,18.49365234375
1875652,18.9208984375
1877530,22.3388671875
1879797,18.310546875
1932683,17.9443359375
1940903,18.49365234375
1940971,18.37158203125
1940992,25.69580078125
1941020,20.08056640625
1941047,22.5830078125
1941076,19.10400390625
1941093,25.57373046875
1941108,20.6298828125
1941127,18.37158203125
1941151,20.01953125
1941161,20.3857421875
1941199,26.0009765625
1941221,20.01953125
1941263,21.484375
1941285,18.49365234375
1941311,18.798828125
1941332,22.705078125
1941373,18.6767578125
1941442,22.0947265625
1941634,23.98681640625
1941651,18.61572265625
1941716,23.193359375
1941822,22.39990234375
1941835,19.47021484375
1941923,20.3857421875
1942051,18.85986328125
1942135,17.7001953125
1942307,18.61572265625
1942324,21.17919921875
1942486,27.83203125
1942948,20.01953125
1943567,17.7001953125
1970034,19.8974609375
1987110,18.06640625
1987153,19.6533203125
1987201,18.798828125
1987226,22.52197265625
1987245,29.052734375
1987272,24.2919921875
1987283,17.9443359375
1987311,21.30126953125
1987332,19.22607421875
1987359,22.15576171875
1987404,21.6064453125
1987481,20.81298828125
1987514,19.6533203125
1987568,23.98681640625
1987598,20.69091796875
1987618,19.775390625
1987686,21.97265625
1987788,17.7001953125
1987834,18.00537109375
1987965,19.1650390625
1988928,18.06640625
1989052,20.20263671875
1989969,18.310546875
1990153,18.6767578125
2001001,23.98681640625
2001083,19.71435546875
2001189,19.8974609375
2001213,25.146484375
2001233,21.728515625
2001290,26.123046875
2001326,22.27783203125
2001449,20.263671875
2001635,21.30126953125
2001682,17.88330078125
2001722,19.34814453125
2001802,18.00537109375
2001926,17.822265625
2002071,20.69091796875
2002368,20.81298828125
2002517,18.06640625
2002569,20.6298828125
2044502,17.9443359375
2080466,20.6298828125
2080526,19.47021484375
2080565,24.169921875
2080662,21.66748046875
2080683,20.6298828125
2080712,27.89306640625
2080745,21.6064453125
2080763,21.1181640625
2080778,20.1416015625
2080818,20.01953125
2080834,18.85986328125
2080863,21.78955078125
2080889,20.56884765625
2080904,32.3486328125
2081001,21.54541015625
2081034,18.73779296875
2081066,18.00537109375
2081106,18.06640625
2081229,17.9443359375
2081285,18.1884765625
2081437,18.73779296875
2081474,20.93505859375
2081634,17.9443359375
2081936,19.53125
2082437,21.1181640625
2082571,19.287109375
2085106,20.1416015625
2085605,20.3857421875
2086115,21.66748046875
2086652,19.10400390625
2086962,26.7333984375
2087287,18.85986328125
2137783,18.310546875
2149196,18.1884765625
2165439,20.69091796875
2165463,18.73779296875
2165645,18.24951171875
2165662,20.263671875
2165688,20.263671875
2165759,31.982421875
2165783,22.52197265625
2165794,19.71435546875
2165809,17.88330078125
2165839,17.88330078125
2165858,17.9443359375
2165882,23.25439453125
2165939,20.6298828125
2165981,22.03369140625
2166011,19.10400390625
2166072,22.5830078125
2166125,18.310546875
2166155,22.27783203125
2166267,21.240234375
2166283,18.5546875
2166418,20.3857421875
2166432,19.287109375
2166533,17.9443359375
2166720,22.5830078125
2166817,18.06640625
2166975,19.34814453125
2167133,18.85986328125
2167499,20.56884765625
2167531,20.8740234375
2230387,18.4326171875
2230412,23.681640625
2230428,21.240234375
2230478,18.4326171875
2230496,23.681640625
2230521,18.5546875
2230551,21.05712890625
2230562,20.3857421875
2230649,18.61572265625
2230681,19.4091796875
2230721,18.98193359375
2230749,27.4658203125
2230775,27.89306640625
2230823,22.15576171875
2230844,20.93505859375
2230873,25.146484375
2230913,22.76611328125
2230926,27.40478515625
2230969,18.61572265625
2230991,18.6767578125
2231043,18.98193359375
2231077,19.83642578125
2231087,19.71435546875
2231132,18.61572265625
2231406,18.798828125
2231629,19.83642578125
2312280,19.34814453125
2312297,17.88330078125
2312325,20.5078125
2312387,21.8505859375
2312450,20.3857421875
2312475,22.27783203125
2312485,28.6865234375
2312506,18.4326171875
2312533,27.83203125
2312585,25.45166015625
2312595,18.37158203125
2312715,19.95849609375
2312725,19.6533203125
2312738,19.8974609375
2312847,18.12744140625
2313057,18.6767578125
2370314,17.822265625
2390923,21.30126953125
2390951,22.216796875
2390962,21.240234375
2391150,22.39990234375
2391179,21.78955078125
2391199,20.44677734375
2391221,19.83642578125
2391237,19.22607421875
2391261,26.0009765625
2391288,23.4375
2391316,19.4091796875
2391351,17.9443359375
2391382,22.4609375
2391417,26.67236328125
2391503,17.9443359375
2391548,28.564453125
2391594,19.34814453125
2391629,19.83642578125
2391646,27.2216796875
2391667,20.99609375
2391782,18.5546875
2391960,18.61572265625
2425097,18.6767578125
2445803,19.287109375
2445895,19.59228515625
2445949,18.49365234375
2445969,18.06640625
2446016,24.10888671875
2446039,19.1650390625
2446062,19.22607421875
2446084,31.005859375
2446095,20.5078125
2446147,20.81298828125
2446161,23.01025390625
2446197,18.61572265625
2446220,18.98193359375
2446246,30.94482421875
2446345,21.66748046875
2446397,26.85546875
2446442,18.12744140625
2446468,19.71435546875
2446508,23.25439453125
2446551,23.193359375
2446594,20.3857421875
2446606,18.4326171875
2446706,22.705078125
2446872,17.822265625
2457677,18.310546875
2466671,18.310546875
2496053,17.88330078125
2521468,24.84130859375
2521493,19.1650390625
2521599,18.37158203125
2521612,18.00537109375
2521696,20.01953125
2521711,21.30126953125
2521721,20.93505859375
2521809,21.54541015625
2521838,23.01025390625
2521870,18.98193359375
2521911,23.37646484375
2521932,18.06640625
2521957,24.71923828125
2521972,20.32470703125
2522035,23.86474609375
2522206,18.798828125
2522293,21.91162109375
2522380,19.34814453125
2596181,19.53125
2596254,19.59228515625
2596366,23.5595703125
2596398,21.728515625
2596408,20.44677734375
2596447,26.7333984375
2596466,20.3857421875
2596488,28.3203125
2596510,22.15576171875
2596544,20.69091796875
2596587,25.69580078125
2596608,21.240234375
2596645,25.69580078125
2596678,29.296875
2596698,20.08056640625
2596780,18.5546875
2596804,18.49365234375
2596984,19.47021484375
2614318,18.6767578125
2655199,21.728515625
2655379,20.6298828125
2655479,21.484375
2655544,20.5078125
2655623,19.22607421875
2655650,26.79443359375
2655680,23.13232421875
2655705,28.4423828125
2655723,20.1416015625
2655767,22.39990234375
2655786,17.822265625
2655808,20.263671875
2655840,23.5595703125
2655892,22.94921875
2655973,19.775390625
2655995,19.22607421875
2656022,22.39990234375
2656053,18.5546875
2675667,18.310546875
2675748,18.24951171875
2676353,17.7001953125
2676436,20.08056640625
2676455,19.775390625
2676475,19.95849609375
2676524,19.6533203125
2676543,28.50341796875
2676574,19.1650390625
2676625,20.99609375
2676642,19.53125
2676683,22.39990234375
2676726,18.00537109375
2676861,17.9443359375
2676977,18.24951171875
2677220,17.88330078125
2677274,19.04296875
2795064,19.4091796875
2795211,17.7001953125
2795297,19.4091796875
2795330,18.4326171875
2795347,17.88330078125
2795369,18.24951171875
2795395,18.49365234375
2795433,23.01025390625
2795449,22.0947265625
2795474,20.32470703125
2795506,31.005859375
2795530,22.15576171875
2795556,18.73779296875
2795575,19.59228515625
2795602,21.97265625
2795613,25.634765625
2795643,20.01953125
2795671,20.6298828125
2795712,23.98681640625
2795722,19.47021484375
2795743,19.95849609375
2795829,18.00537109375
2795851,18.98193359375
2795917,18.06640625
2874626,18.00537109375
2874675,18.06640625
2874730,24.23095703125
2874744,24.35302734375
2874762,25.2685546875
2874811,18.98193359375
2874834,21.728515625
2874854,31.73828125
2874879,21.6064453125
2874889,19.71435546875
2874921,22.94921875
2874940,23.25439453125
2874969,24.71923828125
2875013,17.88330078125
2875068,18.6767578125
2875117,20.3857421875
2875701,19.59228515625
2964689,18.310546875
2964712,20.69091796875
2964786,26.91650390625
2964861,19.71435546875
2964871,20.99609375
2964933,25.08544921875
2964998,18.798828125
2965010,23.92578125
2965052,19.6533203125
2965090,21.97265625
2965108,21.54541015625
2965163,20.1416015625
2965188,22.27783203125
2965241,20.56884765625
2965273,25.20751953125
2965331,24.4140625
2965440,19.53125
2965532,18.9208984375
2965558,18.00537109375
3000669,18.24951171875
3005225,18.9208984375
3040170,17.9443359375
3040220,18.61572265625
3040371,23.49853515625
3040388,18.06640625
3040406,18.00537109375
3040421,18.4326171875
3040444,30.82275390625
3040491,17.7001953125
3040513,22.0947265625
3040531,19.775390625
3040553,24.0478515625
3040565,18.37158203125
3040579,21.484375
3040603,26.7333984375
3040624,22.5830078125
3040647,23.681640625
3040659,24.7802734375
3040708,24.10888671875
3040727,23.0712890625
3040761,19.04296875
3040923,22.705078125
3040957,22.8271484375
3106399,18.4326171875
3106525,19.775390625
3106694,21.54541015625
3106728,27.40478515625
3106757,23.193359375
3106775,19.71435546875
3106793,17.9443359375
3106819,18.1884765625
3106842,18.37158203125
3106890,37.90283203125
3106934,22.8271484375
3106964,22.705078125
3107003,18.4326171875
3107115,18.98193359375
3107155,19.1650390625
3167060,20.5078125
3167218,17.88330078125
3167358,25.5126953125
3167379,19.04296875
3167411,18.49365234375
3167451,21.78955078125
3167473,22.39990234375
3167513,20.20263671875
3167535,17.9443359375
3167554,18.310546875
3167578,20.751953125
3167626,25.08544921875
3167672,21.42333984375
3167693,21.78955078125
3167743,20.01953125
3167801,23.193359375
3167829,17.88330078125
3167930,18.00537109375
3184786,17.822265625
3240636,20.56884765625
3240719,18.12744140625
3240794,17.7001953125
3240819,25.08544921875
3240845,23.8037109375
3240885,21.54541015625
3240938,18.310546875
3240953,28.01513671875
3241006,20.01953125
3241023,19.10400390625
3241064,20.1416015625
3241151,19.775390625
3241259,17.88330078125
3312625,18.49365234375
3312907,23.13232421875
3312961,21.6064453125
3312987,18.24951171875
3313013,20.93505859375
3313035,20.3857421875
3313081,26.3671875
3313095,21.484375
3313111,24.10888671875
3313161,18.73779296875
3313193,17.822265625
3313235,21.97265625
3313250,18.24951171875
3313295,22.5830078125
3313325,29.11376953125
3313359,18.310546875
3313407,19.775390625
3313432,18.73779296875
3313515,19.95849609375
3313548,18.6767578125
3313620,20.44677734375
3366501,19.10400390625
3366536,20.5078125
3366593,20.93505859375
3366638,20.08056640625
3366709,18.4326171875
3366745,18.98193359375
3366839,20.81298828125
3366861,25.57373046875
3366888,18.4326171875
3366902,17.9443359375
3366954,20.08056640625
3366982,18.24951171875
3367013,21.05712890625
3367038,26.91650390625
3367065,17.88330078125
3367097,21.484375
3367117,21.54541015625
3367165,19.95849609375
3367196,24.71923828125
3367216,23.62060546875
3367237,19.53125
3367252,18.9208984375
3367278,21.97265625
3367345,20.32470703125
3420392,26.3671875
3420453,17.88330078125
3420550,20.01953125
3420591,20.08056640625
3420616,19.287109375
3420649,18.49365234375
3420659,20.32470703125
3420723,18.1884765625
3420753,29.11376953125
3420765,27.34375
3420795,25.81787109375
3420818,29.96826171875
3420841,20.751953125
3420861,19.775390625
3420928,23.37646484375
3420951,18.6767578125
3420972,19.59228515625
3421019,30.029296875
3421034,20.99609375
3421064,19.1650390625
3421083,18.61572265625
3421137,22.705078125
3421230,18.5546875
3421364,19.53125
3465904,18.4326171875
3466014,22.39990234375
3466054,20.32470703125
3466239,25.87890625
3466258,21.42333984375
3466289,19.22607421875
3466319,24.7802734375
3466356,23.62060546875
3466387,24.0478515625
3466415,20.32470703125
3466432,22.39990234375
3466455,20.69091796875
3466482,20.08056640625
3466494,23.98681640625
3466524,24.7802734375
3466554,22.03369140625
3466571,23.98681640625
3466586,25.93994140625
3466619,26.79443359375
3466637,21.30126953125
3466714,19.95849609375
3466752,20.3857421875
3466862,21.42333984375
3466991,17.7001953125
3528429,21.42333984375
3528443,23.3154296875
3528457,24.0478515625
3528480,20.32470703125
3528512,22.27783203125
3528526,24.10888671875
3528548,23.681640625
3528577,19.95849609375
3528628,22.705078125
3528658,21.97265625
3528683,24.5361328125
3528744,17.822265625
3528776,22.76611328125
3528788,20.20263671875
3528854,19.83642578125
3528867,18.310546875
3528937,18.61572265625
3529175,19.22607421875
3529336,21.66748046875
3595071,23.193359375
3595110,19.287109375
3595134,18.1884765625
3595218,18.12744140625
3595278,23.37646484375
3595290,17.76123046875
3595317,19.8974609375
3595351,23.92578125
3595369,21.42333984375
3595404,19.775390625
3595436,23.0712890625
3595456,27.34375
3595475,17.76123046875
3595493,20.263671875
3595511,24.23095703125
3595532,20.81298828125
3595557,18.24951171875
3595577,18.37158203125
3595592,18.5546875
3595616,19.10400390625
3595628,20.99609375
3595658,19.53125
3595689,18.310546875
3595750,22.0947265625
3595784,17.7001953125
3595901,18.49365234375
3638829,18.24951171875
3638915,17.76123046875
3638949,19.1650390625
3639001,20.1416015625
3639053,19.22607421875
3639085,24.59716796875
3639095,21.30126953125
3639152,19.4091796875
3639182,25.390625
3639222,18.61572265625
3639238,27.9541015625
3639263,21.42333984375
3639324,19.34814453125
3639372,18.61572265625
3639518,18.1884765625
3639533,25.390625
3639553,18.4326171875
3639617,19.10400390625
3639678,21.728515625
3639706,21.30126953125
3639758,18.4326171875
3639778,19.04296875
3639809,20.5078125
3639853,18.310546875
3640260,19.4091796875
3640746,19.10400390625
3661553,18.4326171875
3700524,18.37158203125
3700729,18.06640625
3700749,19.59228515625
3700774,23.01025390625
3700810,27.03857421875
3700828,20.1416015625
3700858,28.13720703125
3700870,21.91162109375
3700917,19.4091796875
3700935,20.99609375
3700966,21.1181640625
3700986,20.56884765625
3701002,18.61572265625
3701034,19.34814453125
3701067,18.00537109375
3701085,19.95849609375
3701101,21.17919921875
3701146,27.587890625
3701178,23.37646484375
3701214,18.98193359375
3701249,20.69091796875
3701305,19.10400390625
3701555,17.7001953125
3756750,20.99609375
3756780,20.81298828125
3756807,19.6533203125
3756865,21.17919921875
3756910,19.1650390625
3756968,17.88330078125
3756990,23.25439453125
3757084,18.06640625
3757103,37.41455078125
3757130,20.44677734375
3757162,18.12744140625
3757177,27.52685546875
3757207,26.55029296875
3757238,20.263671875
3757249,31.18896484375
3757278,23.5595703125
3757290,19.34814453125
3757306,20.56884765625
3757352,18.61572265625
3757367,22.88818359375
3757384,19.95849609375
3757420,21.6064453125
3757531,18.85986328125
3757679,18.1884765625
3757851,20.5078125
3805259,20.3857421875
3805327,18.12744140625
3805358,18.00537109375
3805375,17.7001953125
3805427,18.73779296875
3805484,21.3623046875
3805498,20.5078125
3805553,23.13232421875
3805614,19.10400390625
3805649,17.822265625
3805667,37.7197265625
3805681,17.9443359375
3805704,22.15576171875
3805734,17.76123046875
3805751,18.12744140625
3805786,22.15576171875
3805848,19.8974609375
3805893,20.5078125
3805952,23.13232421875
3805983,20.93505859375
3806122,21.240234375
3806143,18.73779296875
3806279,19.6533203125
3806480,21.54541015625
3849980,20.1416015625
3850012,18.4326171875
3850038,18.49365234375
3850081,18.49365234375
3850151,18.06640625
3850198,19.04296875
3850222,22.76611328125
3850247,21.3623046875
3850258,20.44677734375
3850289,18.24951171875
3850305,23.92578125
3850366,26.30615234375
3850392,23.0712890625
3850425,21.1181640625
3850466,23.25439453125
3850498,20.8740234375
3850515,23.0712890625
3850543,25.0244140625
3850562,19.95849609375
3850735,21.66748046875
3850870,18.6767578125
3851165,19.22607421875
3851295,17.88330078125
3851506,18.49365234375
3851602,18.4326171875
3851673,17.88330078125
3852537,20.69091796875
3890746,21.3623046875
3890913,19.10400390625
3890951,24.169921875
3890999,20.01953125
3891018,23.01025390625
3891049,20.6298828125
3891084,19.71435546875
3891109,19.71435546875
3891126,24.96337890625
3891153,26.2451171875
3891182,20.69091796875
3891212,23.62060546875
3891230,18.12744140625
3891261,24.59716796875
3891298,24.4140625
3891360,18.85986328125
3891373,19.34814453125
3891418,19.59228515625
3891430,19.47021484375
3891447,22.52197265625
3891468,18.61572265625
3891496,22.705078125
3891516,19.34814453125
3891550,23.4375
3891619,17.76123046875
3891640,23.98681640625
3891693,20.93505859375
3891732,25.45166015625
3891802,19.71435546875
3892599,18.06640625
3892784,19.10400390625
3892929,17.76123046875
3893214,18.24951171875
3893348,18.37158203125
3948685,17.76123046875
3951712,18.98193359375
3951740,19.8974609375
3951783,23.74267578125
3951807,21.91162109375
3951829,18.5546875
3951879,19.71435546875
3951925,21.240234375
3951943,18.5546875
3951968,20.44677734375
3951995,21.3623046875
3952015,22.88818359375
3952052,21.17919921875
3952076,25.57373046875
3952093,20.751953125
3952122,18.49365234375
3952151,20.08056640625
3952185,20.751953125
3952250,19.34814453125
3952262,21.54541015625
3952344,18.73779296875
3952358,19.34814453125
3952411,19.59228515625
3952460,18.49365234375
3952831,17.7001953125
3953244,17.7001953125
3954238,19.22607421875
3954282,19.53125
3954560,17.822265625
3955365,18.49365234375
3955508,18.4326171875
3955896,19.59228515625
3955920,19.83642578125
3956291,18.798828125
4022453,20.1416015625
4022549,19.59228515625
4022588,18.798828125
4022632,27.40478515625
4022652,23.4375
4022670,20.08056640625
4022680,20.01953125
4022710,25.20751953125
4022750,26.4892578125
4022806,19.71435546875
4022859,26.123046875
4022876,17.76123046875
4022899,18.24951171875
4022931,19.8974609375
4022957,19.95849609375
4023003,19.59228515625
4023126,20.751953125
4023167,23.01025390625
4023254,22.27783203125
4023309,18.6767578125
4023391,18.798828125
4023503,22.03369140625
4023618,23.5595703125
4023636,20.69091796875
4023663,25.57373046875
4023737,18.5546875
4024163,18.6767578125
4024402,19.10400390625
4024504,18.85986328125
4024606,18.1884765625
4025095,18.4326171875
4025344,23.3154296875
4025573,17.9443359375
4025600,17.76123046875
4026251,19.04296875
4026574,17.9443359375
4027187,18.9208984375
4084615,17.7001953125
4084681,21.42333984375
4084715,21.240234375
4084755,19.10400390625
4084770,19.59228515625
4084807,19.22607421875
4084831,20.44677734375
4084843,18.24951171875
4084879,18.9208984375
4084908,21.05712890625
4084951,18.24951171875
4084970,21.54541015625
4084991,23.98681640625
4085059,23.193359375
4085188,19.95849609375
4085216,18.12744140625
4085247,17.9443359375
4085304,18.98193359375
4085370,19.22607421875
4085518,17.88330078125
4085624,18.73779296875
4085716,18.798828125
4085932,18.310546875
4085958,20.56884765625
4086091,20.20263671875
4086171,18.12744140625
4087398,18.4326171875
4087582,18.310546875
4087742,18.310546875
4088063,20.1416015625
4104502,18.85986328125
4165024,22.15576171875
4165045,20.3857421875
4165066,19.6533203125
4165148,17.9443359375
4165166,19.775390625
4165201,20.93505859375
4165217,25.08544921875
4165272,22.15576171875
4165305,27.9541015625
4165319,17.76123046875
4165433,18.1884765625
4165544,19.34814453125
4165609,19.10400390625
4165642,19.59228515625
4165826,24.4140625
4165859,17.9443359375
4165937,21.30126953125
4166290,20.5078125
4166354,27.16064453125
4166483,21.484375
4166563,18.1884765625
4166824,19.10400390625
4166848,18.5546875
4167115,18.6767578125
4167536,19.71435546875
4167647,18.73779296875
4168072,19.95849609375
4168253,23.01025390625
4168400,18.6767578125
4169124,18.9208984375
4169330,20.81298828125
4169456,17.76123046875
4169687,18.12744140625
4243259,19.1650390625
4243302,18.06640625
4243333,20.263671875
4243366,19.8974609375
4243392,22.3388671875
4243405,18.06640625
4243435,20.20263671875
4243451,20.751953125
4243489,19.53125
4243500,19.287109375
4243511,20.56884765625
4243565,22.5830078125
4243604,18.24951171875
4243694,17.9443359375
4243728,23.49853515625
4243785,17.9443359375
4243837,19.6533203125
4243888,22.03369140625
4243956,18.5546875
4244031,19.287109375
4244155,17.7001953125
4244329,19.04296875
4244360,17.88330078125
4244804,18.24951171875
4247197,20.20263671875
4247751,17.88330078125
4248071,19.22607421875
4248083,18.6767578125
4248329,20.56884765625
4248818,20.20263671875
4249116,19.47021484375
4249676,18.00537109375
4250263,17.9443359375
4250442,19.10400390625
4310223,18.06640625
4310241,18.310546875
4310292,19.8974609375
4310374,19.8974609375
4310430,18.4326171875
4310445,23.25439453125
4310498,18.98193359375
4310518,20.6298828125
4310536,25.08544921875
4310560,20.20263671875
4310586,21.54541015625
4310634,18.9208984375
4310685,20.32470703125
4310716,18.73779296875
4310734,27.52685546875
4310775,20.93505859375
4310869,21.17919921875
4310912,17.76123046875
4311036,21.30126953125
4311086,18.73779296875
4311406,18.61572265625
4376556,19.53125
4376841,18.6767578125
4377281,23.25439453125
4377321,17.76123046875
4377359,19.95849609375
4377382,18.12744140625
4377399,19.775390625
4377417,22.27783203125
4377452,20.56884765625
4377465,26.3671875
4377528,21.78955078125
4377579,21.6064453125
4377613,19.1650390625
4377638,19.34814453125
4377678,20.69091796875
4377727,18.5546875
4377850,21.30126953125
4377963,19.71435546875
4378010,18.310546875
4378032,22.76611328125
4378066,21.240234375
4378194,17.822265625
4378298,19.287109375
4378453,18.06640625
4378535,18.4326171875
4378994,20.5078125
4379232,24.0478515625
4432849,19.83642578125
4433098,20.08056640625
4433178,21.240234375
4433194,25.87890625
4433214,23.01025390625
4433234,18.49365234375
4433339,17.9443359375
4433400,17.9443359375
4433419,19.47021484375
4433456,18.798828125
4433511,19.59228515625
4433569,18.73779296875
4433599,18.37158203125
4433701,18.798828125
4433764,19.53125
4433869,19.04296875
4434031,18.24951171875
4434194,20.32470703125
4434666,17.88330078125
4434708,19.59228515625
4479242,19.04296875
4479302,19.04296875
4479366,17.9443359375
4479446,18.00537109375
4479493,18.37158203125
4479519,20.08056640625
4479557,20.6298828125
4479601,21.91162109375
4479627,22.8271484375
4479645,19.1650390625
4479809,21.3623046875
4479834,23.49853515625
4479902,23.681640625
4479918,17.7001953125
4479933,18.61572265625
4479950,24.35302734375
4479971,19.95849609375
4479992,19.6533203125
4480005,19.775390625
4480098,20.751953125
4480191,17.7001953125
4480212,18.37158203125
4480281,21.484375
4480465,20.44677734375
4480870,17.9443359375
4481003,21.484375
4546351,17.76123046875
4549234,19.1650390625
4549270,20.81298828125
4549292,23.5595703125
4549365,22.27783203125
4549397,18.310546875
4549470,19.53125
4549487,23.4375
4549533,19.6533203125
4549557,19.83642578125
4549603,21.30126953125
4549621,19.53125
4549641,25.7568359375
4549658,20.263671875
4549689,20.56884765625
4549706,23.98681640625
4549737,18.1884765625
4549758,22.5830078125
4549795,20.1416015625
4549850,18.9208984375
4549982,17.7001953125
4550003,20.08056640625
4550107,18.85986328125
4641370,19.287109375
4641509,18.98193359375
4641538,18.49365234375
4641575,17.822265625
4641593,20.5078125
4641653,22.5830078125
4641671,19.53125
4641729,26.79443359375
4641749,17.9443359375
4641803,18.798828125
4641827,21.78955078125
4641837,19.71435546875
4641867,27.40478515625
4641948,21.8505859375
4641976,20.263671875
4642003,28.74755859375
4642025,17.76123046875
4642047,18.00537109375
4642130,18.310546875
4642206,19.47021484375
4642342,18.00537109375
4708432,19.287109375
4732141,17.9443359375
4732251,20.01953125
4732396,19.83642578125
4732439,24.2919921875
4732459,24.169921875
4732487,19.10400390625
4732592,19.71435546875
4732633,22.27783203125
4732693,19.10400390625
4732753,18.798828125
4732766,20.69091796875
4732792,18.61572265625
4732855,21.1181640625
4732875,17.822265625
4732947,19.4091796875
4733041,17.7001953125
4733074,17.9443359375
4733119,20.263671875
4733155,25.69580078125
4733469,19.22607421875
4733966,19.95849609375
4734224,19.47021484375
4734704,18.9208984375
4734765,18.4326171875
4735687,17.822265625
4749402,18.4326171875
4753924,17.76123046875
4780654,20.44677734375
4780779,18.798828125
4780822,18.06640625
4781269,18.12744140625
4781291,18.310546875
4781319,24.4140625
4781341,18.85986328125
4781372,27.4658203125
4781391,20.20263671875
4781439,20.81298828125
4781469,20.93505859375
4781493,20.32470703125
4781559,26.79443359375
4781596,17.7001953125
4781623,22.03369140625
4781662,21.17919921875
4781678,19.71435546875
4781763,17.9443359375
4781936,18.06640625
4782074,20.3857421875
4782196,19.10400390625
4782599,18.37158203125
4782927,18.06640625
4783060,17.822265625
4783307,19.04296875
4858603,18.1884765625
4858941,21.1181640625
4858973,18.1884765625
4858987,19.59228515625
4859009,18.798828125
4859062,21.3623046875
4859084,18.24951171875
4859108,18.310546875
4859122,22.52197265625
4859146,17.88330078125
4859171,19.10400390625
4859193,20.99609375
4859223,20.08056640625
4859256,19.47021484375
4859282,26.06201171875
4859295,23.681640625
4859335,19.287109375
4859354,28.076171875
4859388,26.85546875
4859443,18.06640625
4859488,20.01953125
4859569,19.775390625
4859591,19.95849609375
4859716,18.85986328125
4891027,17.88330078125
4939364,18.5546875
4939379,18.37158203125
4939551,18.5546875
4939569,18.4326171875
4939636,19.22607421875
4939649,25.0244140625
4939686,18.37158203125
4939705,23.49853515625
4939720,22.705078125
4939740,18.06640625
4939789,20.01953125
4939821,31.25
4939852,19.775390625
4939867,17.76123046875
4939898,18.61572265625
4939926,23.681640625
4939943,18.6767578125
4939964,18.6767578125
4939982,17.7001953125
4940012,17.9443359375
4940031,21.97265625
4940046,19.59228515625
4940109,20.1416015625
4940138,19.04296875
4940276,17.9443359375
4940499,19.53125
4949081,19.53125
4990725,18.24951171875
5024381,22.15576171875
5024407,18.5546875
5024466,22.8271484375
5024617,18.06640625
5024746,22.64404296875
5024773,17.88330078125
5024805,17.76123046875
5024844,21.66748046875
5024862,22.5830078125
5024891,27.03857421875
5024924,17.76123046875
5024939,19.04296875
5024961,20.8740234375
5025018,20.8740234375
5025059,19.4091796875
5025123,22.76611328125
5025137,19.95849609375
5025171,17.76123046875
5025185,24.5361328125
5025209,26.0009765625
5025236,20.263671875
5025257,18.61572265625
5025294,18.1884765625
5025325,24.23095703125
5025335,28.564453125
5025400,27.40478515625
5025422,17.9443359375
5025448,21.240234375
5025566,18.49365234375
5025693,21.30126953125
5103538,20.56884765625
5103578,17.822265625
5103715,17.76123046875
5103753,25.08544921875
5103790,28.74755859375
5103804,18.4326171875
5103822,18.00537109375
5103853,22.27783203125
5103875,28.1982421875
5103897,20.5078125
5103918,31.3720703125
5103947,21.17919921875
5103984,19.47021484375
5104015,30.8837890625
5104057,22.15576171875
5104100,17.88330078125
5104129,17.9443359375
5104152,23.5595703125
5104197,19.8974609375
5104440,20.69091796875
5124393,18.49365234375
5125088,19.47021484375
5125149,21.240234375
5125187,19.10400390625
5125377,22.3388671875
5125403,26.91650390625
5125431,20.6298828125
5125446,26.123046875
5125464,26.30615234375
5125499,19.95849609375
5125522,21.8505859375
5125539,24.71923828125
5125562,17.88330078125
5125611,19.6533203125
5125621,23.49853515625
5125674,21.17919921875
5125696,22.0947265625
5125742,19.04296875
5125757,24.90234375
5125793,19.775390625
5125899,18.6767578125
5125955,25.20751953125
5126177,18.61572265625
5126368,18.06640625
5156041,17.9443359375
5223427,18.12744140625
5225680,20.56884765625
5225760,25.2685546875
5225801,18.06640625
5225826,20.99609375
5225850,23.98681640625
5225877,20.8740234375
5225892,19.83642578125
5225906,22.64404296875
5225946,21.97265625
5225971,19.59228515625
5225991,17.822265625
5226026,17.88330078125
5226045,20.263671875
5226071,20.1416015625
5226104,33.26416015625
5226118,17.822265625
5226176,21.17919921875
5226219,18.798828125
5226250,19.8974609375
5226268,18.1884765625
5226288,19.287109375
5226351,19.59228515625
5236306,17.88330078125
5255571,17.76123046875
5283367,20.99609375
5283532,19.34814453125
5283616,19.4091796875
5283635,30.2734375
5283662,19.47021484375
5283683,18.00537109375
5283709,18.798828125
5283733,24.10888671875
5283749,31.25
5283803,27.03857421875
5283834,19.4091796875
5283857,27.34375
5283884,27.7099609375
5283912,27.7099609375
5335192,19.04296875
5335225,18.49365234375
5335254,19.287109375
5335281,19.10400390625
5335341,17.9443359375
5335420,25.87890625
5335459,19.287109375
5335483,20.08056640625
5335506,20.3857421875
5335526,24.59716796875
5335563,21.3623046875
5335587,24.23095703125
5335606,20.263671875
5335663,20.6298828125
5335696,19.04296875
5335767,23.3154296875
5335795,21.3623046875
5335805,19.1650390625
5335844,19.47021484375
5335895,24.169921875
5368747,17.88330078125
5383229,19.34814453125
5383250,19.4091796875
5383285,21.728515625
5383314,18.12744140625
5383344,24.47509765625
5383354,20.44677734375
5383404,18.37158203125
5383455,22.64404296875
5383478,21.42333984375
5383501,17.76123046875
5383514,21.78955078125
5383541,19.287109375
5383566,23.8037109375
5383614,20.93505859375
5383630,26.06201171875
5383643,24.23095703125
5383676,26.06201171875
5383709,21.97265625
5383731,20.32470703125
5383761,18.4326171875
5383827,19.83642578125
5383845,19.53125
5383926,23.49853515625
5384005,17.7001953125
5384041,17.76123046875
5384123,19.47021484375
5384277,20.20263671875
5384496,17.76123046875
5384949,18.6767578125
5432407,20.8740234375
5432635,19.04296875
5432701,20.56884765625
5432771,19.04296875
5432792,18.49365234375
5432808,19.47021484375
5432830,20.01953125
5432859,19.10400390625
5432890,20.3857421875
5432911,17.76123046875
5432969,21.8505859375
5432998,18.49365234375
5433022,24.658203125
5433080,20.5078125
5433091,28.38134765625
5433116,18.73779296875
5433132,20.32470703125
5433180,24.71923828125
5433194,21.78955078125
5433239,25.45166015625
5433260,18.798828125
5433276,18.37158203125
5433367,20.01953125
5488053,23.5595703125
5488082,19.53125
5488114,18.798828125
5488202,19.04296875
5488262,25.634765625
5488287,21.66748046875
5488312,21.3623046875
5488355,21.05712890625
5488382,19.53125
5488406,31.1279296875
5488428,22.76611328125
5488445,22.0947265625
5488457,19.22607421875
5488500,24.10888671875
5488529,19.1650390625
5488559,22.0947265625
5488590,17.7001953125
5488664,19.95849609375
5488723,17.7001953125
5488763,17.822265625
5488826,24.4140625
5488881,21.484375
5488930,19.47021484375
5489033,20.08056640625
5489083,18.73779296875
5489132,18.73779296875
5490545,18.798828125
5537526,22.64404296875
5537562,21.8505859375
5537649,22.15576171875
5537743,21.54541015625
5537765,26.42822265625
5537816,18.85986328125
5537826,20.263671875
5537848,20.01953125
5537873,18.85986328125
5537886,23.62060546875
5537918,24.59716796875
5537931,18.73779296875
5537975,22.0947265625
5538001,25.20751953125
5538035,18.73779296875
5538059,17.7001953125
5538092,20.1416015625
5538104,19.8974609375
5538162,19.34814453125
5538199,19.8974609375
5538232,26.67236328125
5538323,18.00537109375
5538364,21.91162109375
5538762,19.287109375
5598041,19.71435546875
5598060,19.775390625
5598144,17.88330078125
5598174,18.61572265625
5598207,19.04296875
5598232,17.88330078125
5598258,26.3671875
5598303,18.9208984375
5598326,39.97802734375
5598349,26.4892578125
5598373,17.7001953125
5598390,24.0478515625
5598411,20.6298828125
5598426,22.39990234375
5598453,19.4091796875
5598467,18.00537109375
5598494,21.78955078125
5598512,18.6767578125
5598535,23.92578125
5598619,21.97265625
5598667,18.24951171875
5598685,17.822265625
5598903,18.49365234375
5607634,18.61572265625
5609091,17.822265625
5648748,21.240234375
5648772,18.4326171875
5648871,18.24951171875
5648901,18.12744140625
5648924,27.2216796875
5648947,27.83203125
5648966,25.146484375
5648993,27.89306640625
5649023,25.146484375
5649037,18.310546875
5649060,18.98193359375
5649096,21.484375
5649112,19.8974609375
5649160,20.56884765625
5649196,21.66748046875
5649229,19.775390625
5649288,20.1416015625
5649308,17.822265625
5649366,19.8974609375
5701755,18.6767578125
5701787,19.47021484375
5701894,19.10400390625
5701916,20.5078125
5701996,20.44677734375
5702024,20.01953125
5702064,19.22607421875
5702085,23.92578125
5702101,17.822265625
5702132,18.310546875
5702158,23.86474609375
5702183,24.2919921875
5702212,25.81787109375
5702226,18.12744140625
5702243,37.7197265625
5702263,18.6767578125
5702308,22.27783203125
5702334,18.9208984375
5702370,18.310546875
5702456,20.263671875
5702492,18.1884765625
5702520,19.22607421875
5702623,19.6533203125
5702642,18.798828125
5702823,19.10400390625
5727617,21.3623046875
5750162,17.88330078125
5755278,18.98193359375
5762316,18.49365234375
5762343,18.61572265625
5762381,19.1650390625
5762391,18.9208984375
5762443,17.76123046875
5762475,24.23095703125
5762499,22.52197265625
5762517,20.81298828125
5762548,21.17919921875
5762569,25.7568359375
5762582,18.1884765625
5762603,20.20263671875
5762620,18.73779296875
5762632,19.775390625
5762647,32.8369140625
5762666,21.6064453125
5762677,21.17919921875
5762702,22.03369140625
5762748,20.69091796875
5762774,24.84130859375
5762803,21.8505859375
5762824,19.59228515625
5762953,18.12744140625
5763020,23.0712890625
5763083,18.49365234375
5763160,18.00537109375
5773891,18.9208984375
5789469,18.73779296875
5801909,17.88330078125
5831751,19.6533203125
5831791,23.01025390625
5831808,20.44677734375
5831919,24.0478515625
5831965,18.06640625
5831986,22.8271484375
5831996,20.69091796875
5832049,18.24951171875
5832073,18.85986328125
5832105,25.146484375
5832131,21.6064453125
5832156,28.62548828125
5832169,18.798828125
5832212,17.7001953125
5832226,19.10400390625
5832244,17.76123046875
5832259,18.98193359375
5832309,20.3857421875
5832343,17.88330078125
5832370,19.10400390625
5832419,19.53125
5832444,24.23095703125
5832485,18.798828125
5889518,19.95849609375
5889584,19.10400390625
5889605,17.88330078125
5889634,18.85986328125
5889669,26.7333984375
5889687,20.08056640625
5889727,19.287109375
5889744,18.310546875
5889777,28.564453125
5889793,20.6298828125
5889813,18.4326171875
5889841,17.822265625
5889870,19.4091796875
5889882,20.5078125
5889907,20.1416015625
5889924,18.310546875
5890005,20.6298828125
5890150,17.76123046875
5890291,20.01953125
5891092,18.12744140625
5933674,18.00537109375
5933786,18.61572265625
5933809,18.4326171875
5933863,23.681640625
5933911,22.76611328125
5933929,21.78955078125
5933984,24.71923828125
5933994,21.54541015625
5934023,18.5546875
5934052,21.66748046875
5934069,19.34814453125
5934089,23.0712890625
5934198,21.66748046875
5934214,18.5546875
5934242,20.44677734375
5934253,23.13232421875
5934322,20.3857421875
5934354,18.61572265625
5934371,27.2216796875
5934435,19.1650390625
5934548,20.32470703125
5934892,18.12744140625
5934912,22.88818359375
5934989,18.73779296875
5935109,18.4326171875
5935219,17.9443359375
5935395,22.64404296875
5936495,18.9208984375
5944048,19.4091796875
5973140,18.61572265625
5973332,18.98193359375
5973370,18.00537109375
5973405,18.6767578125
5973455,20.69091796875
5973508,18.1884765625
5973530,18.37158203125
5973551,23.0712890625
5973573,18.798828125
5973587,23.98681640625
5973615,18.98193359375
5973642,21.17919921875
5973665,19.34814453125
5973705,26.06201171875
5973719,19.34814453125
5973742,18.310546875
5973772,22.3388671875
5973891,25.20751953125
5973996,20.44677734375
5974017,18.12744140625
5974038,20.5078125
5974080,24.169921875
5974396,18.12744140625
5974440,19.83642578125
5975097,26.18408203125
5975439,18.12744140625
5975861,17.7001953125
5976052,19.287109375
5976186,17.7001953125
5976253,17.822265625
5978926,20.8740234375
5979266,20.08056640625
5979362,19.22607421875
5979386,18.6767578125
5979569,18.24951171875
5979621,19.04296875
5979660,18.24951171875
5979704,17.88330078125
5979743,18.37158203125
5980093,18.1884765625
5980129,19.6533203125
5980565,22.39990234375
5980789,18.5546875
5981514,18.5546875
6045698,19.10400390625
6045747,17.88330078125
6045802,17.9443359375
6045825,19.4091796875
6045872,23.8037109375
6045888,24.2919921875
6045942,22.27783203125
6045955,19.8974609375
6045967,20.99609375
6045995,20.08056640625
6046016,24.90234375
6046048,18.85986328125
6046069,26.79443359375
6046079,22.4609375
6046146,18.06640625
6046201,17.7001953125
6046236,18.61572265625
6046256,25.93994140625
6046296,23.5595703125
6046406,19.6533203125
6046444,17.9443359375
6097806,18.9208984375
6102051,24.90234375
6102064,20.93505859375
6102090,18.5546875
6102138,20.08056640625
6102168,20.56884765625
6102205,19.8974609375
6102237,21.30126953125
6102265,21.728515625
6102276,19.1650390625
6102306,17.76123046875
6102338,25.57373046875
6102358,20.6298828125
6102433,18.6767578125
6102483,17.76123046875
6102694,18.4326171875
6102744,17.88330078125
6121148,19.83642578125
6147147,19.34814453125
6147189,24.35302734375
6147282,17.7001953125
6147305,20.6298828125
6147322,24.96337890625
6147344,18.85986328125
6147382,18.1884765625
6147408,27.83203125
6147432,21.728515625
6147462,18.5546875
6147504,21.1181640625
6147535,26.611328125
6147597,27.03857421875
6147624,32.40966796875
6147660,20.44677734375
6147682,18.6767578125
6147735,18.9208984375
6147766,18.61572265625
6147792,22.52197265625
6147812,20.8740234375
6179435,18.9208984375
6186348,18.73779296875
6200000,19.95849609375
6203455,23.49853515625
6203515,18.61572265625
6203635,18.310546875
6203654,19.71435546875
6203667,20.44677734375
6203693,19.71435546875
6203749,26.2451171875
6203773,19.34814453125
6203791,20.01953125
6203812,21.66748046875
6203839,20.3857421875
6203864,26.123046875
6203905,26.18408203125
6203915,23.37646484375
6203939,20.5078125
6203949,21.728515625
6203967,18.00537109375
6204029,18.5546875
6204044,20.20263671875
6204061,18.00537109375
6204087,19.22607421875
6204208,19.4091796875
6204244,18.73779296875
6252263,18.85986328125
6252331,19.775390625
6252444,20.08056640625
6252481,18.1884765625
6252558,20.69091796875
6252571,24.5361328125
6252591,21.66748046875
6252640,22.64404296875
6252688,18.12744140625
6252715,19.6533203125
6252746,21.728515625
6252795,18.12744140625
6252827,25.634765625
6252858,31.982421875
6252872,19.1650390625
6252942,20.81298828125
6253052,20.81298828125
6253171,22.27783203125
6313390,20.81298828125
6313441,19.47021484375
6313516,25.146484375
6313535,24.2919921875
6313558,18.4326171875
6313642,24.5361328125
6313656,18.61572265625
6313678,19.71435546875
6313730,19.1650390625
6313750,27.16064453125
6313770,19.775390625
6313788,21.240234375
6313816,22.52197265625
6313843,18.37158203125
6313857,18.9208984375
6313875,25.57373046875
6313902,22.5830078125
6313926,19.10400390625
6313947,18.00537109375
6313978,31.55517578125
6314000,20.01953125
6314053,18.798828125
6314088,18.12744140625
6314287,18.49365234375
6314339,23.0712890625
6314356,22.94921875
6314450,20.81298828125
6314541,19.4091796875
6314807,18.00537109375
6319358,18.1884765625
6319400,17.822265625
6319828,29.541015625
6319976,19.34814453125
6384325,21.66748046875
6384344,19.8974609375
6384481,24.2919921875
6384503,21.54541015625
6384537,22.52197265625
6384608,23.86474609375
6384651,18.310546875
6384677,20.5078125
6384703,20.01953125
6384735,25.08544921875
6384793,18.73779296875
6384834,18.49365234375
6384903,24.5361328125
6384962,21.30126953125
6385008,19.95849609375
6385053,21.97265625
6385095,20.32470703125
6385210,20.69091796875
6385934,18.310546875
6402976,17.822265625
6438751,22.705078125
6438832,20.20263671875
6438900,22.64404296875
6438963,18.798828125
6438995,19.1650390625
6439029,19.1650390625
6439055,18.4326171875
6439083,38.0859375
6439100,18.4326171875
6439145,23.01025390625
6439174,25.0244140625
6439205,21.97265625
6439215,26.06201171875
6439242,22.216796875
6439296,18.9208984375
6439366,17.9443359375
6439453,20.08056640625
6439496,17.76123046875
6439577,18.49365234375
6439869,19.59228515625
6440045,18.6767578125
6440168,18.1884765625
6440230,18.98193359375
6440327,17.9443359375
6440878,18.24951171875
6451967,18.24951171875
6489363,18.1884765625
6489464,17.7001953125
6489627,18.85986328125
6489637,18.37158203125
6489653,18.1884765625
6489694,22.5830078125
6489722,19.83642578125
6489736,17.822265625
6489764,24.0478515625
6489784,26.123046875
6489847,24.35302734375
6489866,21.42333984375
6489922,17.822265625
6489959,18.00537109375
6489976,19.6533203125
6490032,19.1650390625
6490137,22.3388671875
6490398,19.775390625
6490425,18.4326171875
6490501,18.24951171875
6490591,18.310546875
6490699,19.04296875
6491427,21.484375
6517398,20.1416015625
6552891,18.9208984375
6552945,18.9208984375
6552989,30.8837890625
6553000,18.61572265625
6553046,18.6767578125
6553071,22.15576171875
6553105,21.6064453125
6553118,22.88818359375
6553136,25.390625
6553157,18.61572265625
6553229,19.53125
6553263,22.15576171875
6553282,18.5546875
6553294,20.20263671875
6553342,18.1884765625
6553357,20.8740234375
6553465,18.49365234375
6553476,23.62060546875
6553541,23.193359375
6553559,18.37158203125
6553727,18.9208984375
6554672,19.6533203125
6601879,18.06640625
6625300,18.37158203125
6625362,17.76123046875
6625412,21.728515625
6625439,20.44677734375
6625472,18.12744140625
6625539,24.35302734375
6625559,19.10400390625
6625579,21.728515625
6625593,17.76123046875
6625607,21.484375
6625638,17.7001953125
6625660,19.4091796875
6625696,17.76123046875
6625713,18.9208984375
6625730,20.01953125
6625756,18.24951171875
6625772,19.95849609375
6625808,20.751953125
6625840,20.3857421875
6625864,22.39990234375
6625948,18.61572265625
6626119,20.1416015625
6626245,19.95849609375
6646472,17.88330078125
6682476,19.04296875
6696815,20.81298828125
6696841,17.9443359375
6696891,19.83642578125
6696945,20.44677734375
6696966,19.4091796875
6697024,26.2451171875
6697063,18.00537109375
6697083,21.05712890625
6697106,25.69580078125
6697119,19.04296875
6697141,19.8974609375
6697196,23.92578125
6697218,24.658203125
6697264,22.94921875
6697303,22.4609375
6697328,21.8505859375
6697348,18.00537109375
6697365,18.310546875
6697406,18.06640625
6697456,18.49365234375
6697506,23.49853515625
6697564,17.88330078125
6697738,18.6767578125
6698122,18.85986328125
6718707,18.98193359375
6759917,17.7001953125
6759970,17.76123046875
6760078,18.4326171875
6760103,18.00537109375
6760127,19.04296875
6760153,21.78955078125
6760187,24.71923828125
6760197,21.05712890625
6760265,18.06640625
6760282,17.76123046875
6760307,20.20263671875
6760357,28.3203125
6760369,19.47021484375
6760401,24.35302734375
6760424,21.6064453125
6760447,22.88818359375
6760487,22.76611328125
6760500,24.47509765625
6760548,19.4091796875
6760575,20.6298828125
6760893,17.9443359375
6760946,18.73779296875
6796186,17.7001953125
6805964,18.6767578125
6806084,18.37158203125
6806131,18.85986328125
6806177,21.05712890625
6806193,19.10400390625
6806218,17.88330078125
6806231,20.3857421875
6806251,24.7802734375
6806274,23.3154296875
6806325,22.76611328125
6806347,24.84130859375
6806390,21.66748046875
6806435,24.658203125
6806465,19.04296875
6806485,26.79443359375
6806530,19.775390625
6806580,20.5078125
6806760,18.98193359375
6857012,19.10400390625
6857052,19.34814453125
6857092,23.4375
6857172,18.5546875
6857212,26.9775390625
6857242,18.61572265625
6857254,19.53125
6857284,20.5078125
6857295,19.04296875
6857322,20.5078125
6857370,19.47021484375
6857391,20.81298828125
6857415,21.17919921875
6857439,18.61572265625
6857515,18.61572265625
6857597,19.22607421875
6878419,18.310546875
6878473,19.10400390625
6878509,21.728515625
6878536,19.04296875
6878569,34.3017578125
6878618,17.88330078125
6878668,20.69091796875
6878722,23.25439453125
6878748,23.62060546875
6878771,21.78955078125
6878826,21.1181640625
6879041,20.01953125
6879302,18.1884765625
6937919,18.1884765625
6945689,19.53125
6945855,18.06640625
6945890,19.287109375
6945913,21.1181640625
6945966,18.5546875
6945985,23.3154296875
6946002,21.66748046875
6946031,18.5546875
6946061,18.73779296875
6946120,20.6298828125
6946145,20.93505859375
6946212,22.0947265625
6946400,19.04296875
6946475,18.00537109375
6957783,18.98193359375
6998976,21.1181640625
6999025,20.81298828125
6999100,19.6533203125
6999173,18.49365234375
6999202,20.20263671875
6999224,19.10400390625
6999280,22.64404296875
6999291,19.8974609375
6999303,20.263671875
6999324,30.3955078125
6999342,21.3623046875
6999354,21.05712890625
6999408,20.8740234375
6999443,18.49365234375
6999457,20.93505859375
6999483,21.484375
6999540,25.7568359375
6999581,19.6533203125
6999592,20.01953125
6999637,23.681640625
6999845,19.53125
7021429,18.5546875
7031556,17.7001953125
7039897,17.76123046875
7039968,17.88330078125
7040029,21.54541015625
7040118,19.83642578125
7040164,21.728515625
7040207,21.484375
7040254,20.44677734375
7040305,19.22607421875
7040402,18.37158203125
7040420,21.97265625
7040446,23.74267578125
7040468,18.5546875
7040522,21.484375
7040537,19.1650390625
7098400,20.1416015625
7098536,20.93505859375
7098556,18.798828125
7098566,18.85986328125
7098652,17.7001953125
7098664,20.81298828125
7098720,19.287109375
7099027,19.287109375
7099082,18.6767578125
7099128,18.5546875
7099416,17.9443359375
7118351,18.1884765625
7128934,18.49365234375
7134159,18.00537109375
7134311,22.64404296875
7134354,21.484375
7134375,21.240234375
7134473,18.310546875
7134510,18.61572265625
7134554,18.310546875
7134581,18.4326171875
7134607,22.216796875
7134761,19.1650390625
7134904,17.88330078125
7134976,18.98193359375
7135144,17.76123046875
7135168,19.34814453125
7171072,19.04296875
7171082,17.822265625
7171141,20.56884765625
7171250,22.3388671875
7171342,18.06640625
7171416,20.69091796875
7171533,18.12744140625
7171676,21.42333984375
7171732,22.705078125
7171949,19.1650390625
7171996,18.98193359375
7172129,19.34814453125
7172266,19.8974609375
7172368,22.0947265625
7173444,18.98193359375
7179679,20.3857421875
7217778,19.53125
7217852,20.44677734375
7217987,17.7001953125
7218037,19.287109375
7218063,18.24951171875
7218078,27.52685546875
7218094,18.24951171875
7218113,20.32470703125
7218147,20.32470703125
7218172,21.78955078125
7218196,23.3154296875
7218216,19.47021484375
7218252,19.10400390625
7218280,24.5361328125
7218291,22.8271484375
7218330,24.0478515625
7218391,18.37158203125
7218444,22.15576171875
7218637,18.85986328125
7218772,17.822265625
7218812,21.91162109375
7218830,18.00537109375
7218879,27.34375
7219027,19.1650390625
7219080,22.4609375
7219448,26.0009765625
7220388,17.822265625
7237803,18.798828125
7240398,18.12744140625
7263707,19.53125
7264166,17.88330078125
7264208,18.98193359375
7264219,17.88330078125
7264256,20.20263671875
7264268,22.5830078125
7264298,19.59228515625
7264320,18.06640625
7264352,20.08056640625
7264382,20.01953125
7264405,18.49365234375
7264426,18.5546875
7264446,17.822265625
7264468,19.22607421875
7264503,18.49365234375
7264537,19.22607421875
7264629,20.1416015625
7264672,18.1884765625
7264699,20.44677734375
7264785,17.9443359375
7264829,17.9443359375
7265069,18.798828125
7265154,20.44677734375
7265389,18.49365234375
7265724,17.9443359375
7266605,20.69091796875
7310714,19.22607421875
7316374,20.99609375
7316398,18.73779296875
7316411,22.52197265625
7316447,19.53125
7316480,24.0478515625
7316498,20.20263671875
7316517,20.20263671875
7316545,22.27783203125
7316566,18.12744140625
7316594,21.42333984375
7316623,18.00537109375
7316684,20.3857421875
7316694,19.22607421875
7316724,20.01953125
7316760,19.53125
7316832,20.3857421875
7316859,19.287109375
7316927,20.56884765625
7316945,19.71435546875
7317016,18.12744140625
7317043,18.24951171875
7317085,18.24951171875
7317121,20.08056640625
7317260,18.12744140625
7317616,20.6298828125
7318016,22.76611328125
7318113,18.5546875
7318163,20.1416015625
7318458,17.822265625
7318862,19.1650390625
7319304,18.61572265625
7387957,18.00537109375
7389719,19.47021484375
7389823,18.798828125
7389871,18.798828125
7390031,18.00537109375
7390109,17.7001953125
7390130,23.98681640625
7390218,18.4326171875
7390250,26.79443359375
7390301,23.49853515625
7390316,22.27783203125
7390344,19.6533203125
7390393,20.99609375
7390426,18.00537109375
7390459,24.0478515625
7390515,18.12744140625
7390558,25.0244140625
7390569,18.61572265625
7390593,17.76123046875
7390649,28.01513671875
7390677,19.83642578125
7390703,20.3857421875
7390776,22.8271484375
7390853,19.4091796875
7391126,18.85986328125
7439327,19.287109375
7440197,18.73779296875
7440221,30.57861328125
7440250,17.88330078125
7440278,22.94921875
7440316,18.37158203125
7440357,17.88330078125
7440405,25.146484375
7440431,19.83642578125
7440447,18.310546875
7440478,20.01953125
7440511,18.9208984375
7440552,22.03369140625
7440565,21.484375
7440614,21.66748046875
7440639,21.17919921875
7440650,23.3154296875
7440682,27.16064453125
7440699,23.4375
7440756,17.822265625
7440768,18.798828125
7440846,20.263671875
7440947,17.76123046875
7440998,21.91162109375
7504358,18.1884765625
7504485,18.310546875
7504534,18.85986328125
7504641,18.73779296875
7504676,20.93505859375
7504686,20.8740234375
7504717,21.66748046875
7504736,21.78955078125
7504769,19.8974609375
7504786,18.37158203125
7504814,21.728515625
7504855,19.10400390625
7504874,27.52685546875
7504895,20.93505859375
7504930,22.88818359375
7504962,20.3857421875
7505008,20.44677734375
7505030,19.6533203125
7505060,26.7333984375
7505071,18.61572265625
7505110,23.8037109375
7505160,20.99609375
7505175,18.73779296875
7505286,19.775390625
7505310,20.1416015625
7505346,18.6767578125
7505389,18.06640625
7505431,18.85986328125
7505639,18.49365234375
7505758,17.822265625
7570208,18.73779296875
7570276,20.81298828125
7570321,19.53125
7570365,17.7001953125
7570386,19.4091796875
7570396,21.728515625
7570412,17.9443359375
7570463,25.20751953125
7570496,26.06201171875
7570536,19.8974609375
7570553,34.423828125
7570563,22.5830078125
7570586,20.5078125
7570606,21.6064453125
7570641,19.34814453125
7570668,17.7001953125
7570682,25.7568359375
7570713,18.06640625
7570789,20.69091796875
7570828,20.1416015625
7570866,17.7001953125
7570887,25.5126953125
7570973,18.310546875
7571051,17.88330078125
7571255,17.88330078125
7571359,19.59228515625
7571502,19.59228515625
7572077,17.9443359375
7572258,20.81298828125
7595402,17.9443359375
7606887,19.04296875
7607154,20.44677734375
7607172,19.34814453125
7607222,20.93505859375
7607267,20.1416015625
7607278,24.96337890625
7607326,25.634765625
7607344,18.4326171875
7607369,21.1181640625
7607394,22.76611328125
7607430,23.74267578125
7607457,24.2919921875
7607500,23.13232421875
7607535,27.4658203125
7607648,18.73779296875
7607750,21.1181640625
7607787,22.5830078125
7607939,21.728515625
7608023,19.1650390625
7608088,17.7001953125
7608151,18.00537109375
7608297,19.22607421875
7608516,18.12744140625
7608577,19.4091796875
7609517,18.06640625
7609866,19.1650390625
7629037,18.12744140625
7659107,17.9443359375
7659244,19.1650390625
7659315,17.7001953125
7659329,19.10400390625
7659348,18.4326171875
7659421,21.97265625
7659501,20.751953125
7659537,18.98193359375
7659549,26.4892578125
7659572,24.47509765625
7659596,23.13232421875
7659623,23.92578125
7659636,19.1650390625
7659655,23.25439453125
7659684,28.3203125
7659715,17.9443359375
7659732,20.3857421875
7659759,21.6064453125
7659788,18.24951171875
7659817,18.37158203125
7659923,19.4091796875
7660067,20.44677734375
7672334,21.42333984375
7672435,21.91162109375
7672454,23.681640625
7672493,19.6533203125
7672535,18.49365234375
7672578,18.24951171875
7672676,21.8505859375
7672698,24.0478515625
7672737,18.5546875
7672791,23.01025390625
7672807,19.22607421875
7672866,18.798828125
7672899,28.50341796875
7672949,20.08056640625
7673095,18.798828125
7673213,18.00537109375
7674296,20.263671875
7674680,17.9443359375
7709021,17.9443359375
7709052,18.49365234375
7709221,18.98193359375
7709260,17.76123046875
7709276,31.18896484375
7709307,20.69091796875
7709382,20.751953125
7709415,18.61572265625
7709451,20.44677734375
7709468,25.2685546875
7709479,23.3154296875
7709509,17.88330078125
7709587,20.69091796875
7709622,23.98681640625
7709640,26.67236328125
7709703,22.4609375
7709730,18.37158203125
7709961,18.1884765625
7710024,17.88330078125
7711012,21.8505859375
7711180,19.59228515625
7711268,24.5361328125
7711417,21.3623046875
7711872,18.24951171875
7749350,19.04296875
7752189,18.61572265625
7752362,19.47021484375
7752403,20.01953125
7752423,19.4091796875
7752458,20.01953125
7752496,17.822265625
7752527,18.4326171875
7752584,18.6767578125
7752599,29.9072265625
7752677,21.17919921875
7752694,23.13232421875
7752765,17.7001953125
7752825,18.98193359375
7752848,25.390625
7752879,20.8740234375
7752973,20.20263671875
7753050,17.822265625
7753156,20.6298828125
7753332,18.5546875
7753394,20.3857421875
7753437,18.310546875
7753495,18.98193359375
7753528,23.86474609375
7753850,18.61572265625
7753895,18.85986328125
7753941,21.42333984375
7754083,19.10400390625
7784491,20.44677734375
7790300,17.9443359375
7821358,19.53125
7821393,18.61572265625
7821444,18.5546875
7821520,22.52197265625
7821547,19.22607421875
7821574,28.62548828125
7821592,18.61572265625
7821620,19.4091796875
7821651,21.484375
7821669,20.20263671875
7821703,18.5546875
7821742,22.5830078125
7821764,21.91162109375
7821801,21.728515625
7821836,21.8505859375
7821865,26.0009765625
7821923,20.44677734375
7821947,18.00537109375
7821983,19.1650390625
7822015,18.24951171875
7822045,22.8271484375
7822113,18.00537109375
7822226,20.32470703125
7834587,19.4091796875
7883010,19.287109375
7883110,17.9443359375
7883126,22.15576171875
7883140,18.85986328125
7883160,20.1416015625
7883199,19.53125
7883220,20.81298828125
7883242,21.6064453125
7883269,27.4658203125
7883282,22.03369140625
7883304,21.97265625
7883331,20.81298828125
7883344,22.705078125
7883362,24.5361328125
7883380,24.59716796875
7883411,22.52197265625
7883425,19.287109375
7883465,22.15576171875
7883478,22.5830078125
7883516,20.8740234375
7883535,25.69580078125
7883556,22.03369140625
7883579,19.287109375
7883599,20.08056640625
7883618,18.98193359375
7883643,19.47021484375
7883669,19.04296875
7883715,18.98193359375
7883807,21.6064453125
7884039,18.5546875
7954111,23.13232421875
7954160,19.775390625
7954182,25.0244140625
7954371,19.95849609375
7954418,18.5546875
7954452,17.88330078125
7954469,20.20263671875
7954534,18.798828125
7954556,22.39990234375
7954566,21.54541015625
7954596,22.5830078125
7954614,21.1181640625
7954630,21.78955078125
7954640,19.53125
7954666,19.22607421875
7954719,18.00537109375
7954768,18.85986328125
7954785,19.8974609375
7954815,18.12744140625
7954825,20.69091796875
7954850,18.98193359375
7954873,27.34375
7954901,21.3623046875
7954941,18.6767578125
7956100,19.287109375
7969978,20.01953125
8006284,18.6767578125
8006331,18.37158203125
8006348,17.7001953125
8006365,17.7001953125
8006391,22.64404296875
8006463,25.146484375
8006577,20.6298828125
8006591,18.49365234375
8006610,19.04296875
8006628,19.287109375
8006639,24.96337890625
8006676,21.42333984375
8006716,17.88330078125
8006751,17.88330078125
8006778,19.4091796875
8006807,20.81298828125
8006823,18.798828125
8006853,21.30126953125
8006876,17.822265625
8006909,21.6064453125
8006923,20.1416015625
8006996,18.6767578125
8007039,23.92578125
8007061,26.7333984375
8007134,19.34814453125
8007213,24.2919921875
8007354,17.7001953125
8007441,19.59228515625
8007630,17.9443359375
8040929,19.95849609375
8048432,20.3857421875
8048505,19.53125
8048576,23.49853515625
8048607,22.4609375
8048690,22.94921875
8048748,23.0712890625
8048787,19.287109375
8048805,24.4140625
8048829,25.20751953125
8048868,18.24951171875
8048883,20.01953125
8048907,24.35302734375
8048932,18.6767578125
8048963,20.32470703125
8048980,24.35302734375
8049033,22.88818359375
8049070,17.76123046875
8049219,18.85986328125
8049260,18.37158203125
8049472,17.822265625
8050198,21.1181640625
8090327,20.20263671875
8090375,18.00537109375
8090404,18.73779296875
8090466,17.7001953125
8090501,20.93505859375
8090522,20.6298828125
8090555,26.7333984375
8090590,19.4091796875
8090608,20.56884765625
8090681,22.705078125
8090708,17.76123046875
8090761,23.62060546875
8090805,22.5830078125
8090853,22.03369140625
8091070,20.8740234375
8091182,31.06689453125
8091240,21.30126953125
8091315,20.69091796875
8091454,18.61572265625
8091529,18.73779296875
8103399,18.24951171875
8128901,18.310546875
8129086,19.4091796875
8129130,17.9443359375
8129150,21.91162109375
8129237,21.1181640625
8129285,22.64404296875
8129331,17.9443359375
8129381,21.05712890625
8129440,18.37158203125
8129491,18.24951171875
8129534,20.3857421875
8129620,21.17919921875
8129631,18.310546875
8129734,26.611328125
8129833,19.95849609375
8129872,19.775390625
8129892,18.85986328125
8129918,20.6298828125
8129986,18.98193359375
8130093,17.822265625
8130132,20.8740234375
8130310,22.8271484375
8130531,20.99609375
8131067,19.6533203125
8131182,17.7001953125
8200830,20.93505859375
8200980,19.83642578125
8201006,20.93505859375
8201029,21.3623046875
8201070,17.76123046875
8201089,22.3388671875
8201158,21.91162109375
8201187,20.81298828125
8201236,17.76123046875
8201246,20.81298828125
8201270,18.1884765625
8201303,19.34814453125
8201327,19.47021484375
8201348,22.0947265625
8201437,19.775390625
8201472,21.05712890625
8201522,20.32470703125
8201587,18.00537109375
8201651,20.99609375
8201667,19.10400390625
8201684,18.00537109375
8201751,21.484375
8201843,22.64404296875
8202246,19.71435546875
8204112,20.44677734375
8205440,18.85986328125
8276594,20.6298828125
8276615,21.30126953125
8276629,20.6298828125
8276676,23.98681640625
8276693,22.5830078125
8276719,20.99609375
8276729,18.9208984375
8276743,22.94921875
8276774,19.83642578125
8276784,20.44677734375
8276805,18.06640625
8276827,19.4091796875
8276854,20.1416015625
8276879,22.4609375
8276913,18.00537109375
8276955,23.49853515625
8276997,18.9208984375
8277078,19.6533203125
8277108,18.49365234375
8277440,19.47021484375
8283023,18.9208984375
8285502,20.8740234375
8307276,18.12744140625
8307320,23.92578125
8307350,20.08056640625
8307364,26.42822265625
8307406,17.9443359375
8307462,20.81298828125
8307488,24.5361328125
8307508,18.06640625
8307525,18.06640625
8307548,21.3623046875
8307560,25.08544921875
8307573,36.19384765625
8307609,24.2919921875
8307652,20.20263671875
8307718,20.44677734375
8307846,18.5546875
8307868,22.3388671875
8307916,21.97265625
8307991,18.798828125
8308160,20.81298828125
8310254,18.24951171875
8344221,18.1884765625
8407906,19.04296875
8471732,18.6767578125
8471830,18.00537109375
8471891,18.06640625
8471911,19.10400390625
8471954,18.61572265625
8472036,23.49853515625
8472079,17.7001953125
8472132,17.9443359375
8472172,23.13232421875
8472225,23.13232421875
8472264,24.96337890625
8472332,20.01953125
8472372,24.47509765625
8472401,18.61572265625
8472411,18.61572265625
8472490,18.9208984375
8472521,20.263671875
8472568,20.751953125
8472589,20.01953125
8472641,18.798828125
8472708,18.00537109375
8472804,22.216796875
8472894,20.69091796875
8473152,19.8974609375
8510983,18.49365234375
8511061,19.10400390625
8511095,17.9443359375
8511207,18.6767578125
8511277,20.5078125
8511328,20.56884765625
8511339,21.78955078125
8511373,23.86474609375
8511477,24.59716796875
8511497,19.59228515625
8511536,22.94921875
8511557,20.69091796875
8511576,32.5927734375
8511591,18.98193359375
8511614,25.57373046875
8511647,24.59716796875
8511678,35.5224609375
8511716,20.20263671875
8511758,19.22607421875
8511788,17.7001953125
8511869,18.4326171875
8512011,19.287109375
8512421,20.56884765625
8590180,18.85986328125
8590193,24.23095703125
8590268,18.85986328125
8590322,20.81298828125
8590348,22.3388671875
8590394,18.73779296875
8590456,18.6767578125
8590475,24.59716796875
8590504,19.34814453125
8590555,22.4609375
8590607,30.33447265625
8590652,25.69580078125
8590724,20.263671875
8590736,25.0244140625
8590771,18.310546875
8590828,23.4375
8590866,20.56884765625
8590894,18.310546875
8590916,18.6767578125
8590960,18.1884765625
8591085,18.98193359375
8591120,21.42333984375
8591377,17.76123046875
8687762,19.287109375
8687949,19.53125
8687966,23.681640625
8688013,20.56884765625
8688030,18.37158203125
8688060,18.73779296875
8688095,19.4091796875
8688122,20.01953125
8688144,19.34814453125
8688170,25.390625
8688199,20.56884765625
8688223,19.59228515625
8688239,20.20263671875
8688249,19.47021484375
8688265,18.310546875
8688279,20.69091796875
8688318,22.3388671875
8688333,19.47021484375
8688345,23.86474609375
8688379,22.15576171875
8688470,18.24951171875
8688515,18.4326171875
8688617,17.76123046875
8688697,21.240234375
8688722,21.8505859375
8688893,19.10400390625
8764602,20.32470703125
8778375,19.83642578125
8778465,21.3623046875
8778487,28.99169921875
8778499,24.5361328125
8778550,18.5546875
8778568,33.8134765625
8778600,25.81787109375
8778637,19.6533203125
8778653,18.6767578125
8778675,18.12744140625
8778695,18.24951171875
8778771,21.1181640625
8778851,17.76123046875
8778886,22.3388671875
8778909,17.7001953125
8778932,17.7001953125
8778965,17.76123046875
8778982,19.4091796875
8779024,22.5830078125
8779112,18.1884765625
8779315,18.1884765625
8840812,17.822265625
8840857,18.06640625
8840955,21.6064453125
8840981,21.42333984375
8840993,18.4326171875
8841043,18.37158203125
8841080,23.4375
8841144,21.05712890625
8841170,27.64892578125
8841287,18.37158203125
8841317,25.146484375
8841335,20.99609375
8841345,21.78955078125
8841372,20.56884765625
8841385,21.17919921875
8841409,21.1181640625
8841424,24.84130859375
8841437,18.12744140625
8841495,20.751953125
8841513,19.83642578125
8841547,21.8505859375
8841563,19.95849609375
8841602,18.1884765625
8841623,21.3623046875
8841766,19.47021484375
8936164,19.22607421875
8936289,18.85986328125
8936302,18.73779296875
8936344,18.310546875
8936405,20.08056640625
8936443,18.310546875
8936469,18.6767578125
8936501,25.0244140625
8936565,24.169921875
8936585,23.74267578125
8936620,26.9775390625
8936630,21.240234375
8936647,19.287109375
8936666,18.00537109375
8936730,20.44677734375
8936749,18.06640625
8936762,19.6533203125
8936778,19.8974609375
8936805,18.61572265625
8936852,20.5078125
8936987,18.73779296875
8937242,18.4326171875
8944979,17.88330078125
8951525,20.56884765625
8971719,21.17919921875
8984371,18.1884765625
9017756,21.42333984375
9017833,26.7333984375
9017894,21.484375
9017958,18.1884765625
9018002,22.705078125
9018057,23.13232421875
9018069,26.0009765625
9018103,19.22607421875
9018113,23.0712890625
9018160,23.5595703125
9018182,21.3623046875
9018226,18.5546875
9018258,20.3857421875
9018278,21.78955078125
9018336,18.9208984375
9018401,18.37158203125
9018555,17.9443359375
9018636,19.6533203125
9018685,18.00537109375
9018935,18.4326171875
9019825,17.7001953125
9043876,19.34814453125
9060812,19.775390625
9126683,18.24951171875
9127652,20.751953125
9128148,18.73779296875
9128181,18.49365234375
9128219,21.1181640625
9128244,21.97265625
9128292,19.71435546875
9128333,21.05712890625
9128346,17.9443359375
9128365,23.25439453125
9128385,19.22607421875
9128430,20.20263671875
9128450,20.1416015625
9128477,22.52197265625
9128500,19.95849609375
9128563,18.49365234375
9128573,19.22607421875
9128601,21.17919921875
9128629,19.287109375
9128657,22.27783203125
9128716,28.13720703125
9128776,19.47021484375
9128789,20.20263671875
9128901,25.87890625
9179490,22.52197265625
9179798,19.22607421875
9179878,17.9443359375
9180056,19.22607421875
9180152,17.822265625
9180214,18.4326171875
9211006,18.9208984375
9211053,19.22607421875
9211113,21.42333984375
9211179,20.44677734375
9211259,18.310546875
9211335,19.83642578125
9211413,22.94921875
9211432,18.6767578125
9211464,24.658203125
9211488,22.39990234375
9211525,21.97265625
9211554,21.54541015625
9211566,25.0244140625
9211582,20.44677734375
9211626,22.94921875
9211646,31.25
9211664,18.1884765625
9211688,18.85986328125
9211699,24.0478515625
9211746,18.85986328125
9211822,22.27783203125
9211914,19.04296875
9212007,22.216796875
9212360,23.193359375
9212546,18.5546875
9241851,17.7001953125
9248719,18.12744140625
9305934,18.4326171875
9306018,22.27783203125
9306225,24.4140625
9306282,17.822265625
9306319,20.32470703125
9306341,18.61572265625
9306394,24.47509765625
9306415,22.705078125
9306441,22.88818359375
9306458,21.78955078125
9306517,17.88330078125
9306543,24.90234375
9306577,18.73779296875
9306643,18.12744140625
9306674,20.5078125
9306694,17.7001953125
9306726,18.37158203125
9306763,18.310546875
9306809,19.1650390625
9306870,19.34814453125
9306901,18.98193359375
9306920,25.81787109375
9306936,22.4609375
9306950,18.98193359375
9307026,23.74267578125
9329537,19.34814453125
9346730,18.12744140625
9395704,17.822265625
9395777,22.0947265625
9395833,21.78955078125
9395855,18.00537109375
9395886,20.5078125
9395922,22.03369140625
9395948,23.0712890625
9395964,22.15576171875
9395985,23.62060546875
9396000,20.69091796875
9396037,19.47021484375
9396050,30.2734375
9396091,18.61572265625
9396113,18.37158203125
9396150,21.728515625
9396166,19.6533203125
9396185,18.4326171875
9396199,21.17919921875
9396225,17.822265625
9396292,19.8974609375
9396372,20.20263671875
9396385,17.76123046875
9396567,17.9443359375
9396589,19.95849609375
9405106,19.6533203125
9435221,18.12744140625
9479545,18.49365234375
9479897,22.0947265625
9479925,18.37158203125
9479942,21.728515625
9479975,18.310546875
9479992,18.61572265625
9480040,18.1884765625
9480057,23.0712890625
9480085,22.15576171875
9480098,24.0478515625
9480120,21.05712890625
9480132,18.6767578125
9480187,18.61572265625
9480265,19.59228515625
9480285,20.32470703125
9480319,18.61572265625
9480329,24.4140625
9480341,19.53125
9480379,23.3154296875
9480427,26.9775390625
9480490,19.22607421875
9480558,18.9208984375
9480647,17.7001953125
9480702,20.263671875
9493050,18.37158203125
9500113,18.12744140625
9562985,19.775390625
9563032,19.6533203125
9563075,19.53125
9563106,22.94921875
9563129,17.7001953125
9563214,22.5830078125
9563262,21.6064453125
9563278,22.0947265625
9563298,21.1181640625
9563315,41.44287109375
9563328,32.77587890625
9563361,29.052734375
9563391,22.39990234375
9563415,20.5078125
9563432,21.1181640625
9563461,30.70068359375
9563500,24.7802734375
9563517,18.98193359375
9563543,19.04296875
9563589,17.88330078125
9563604,18.73779296875
9563637,19.10400390625
9563673,17.9443359375
9563739,17.9443359375
9563768,18.9208984375
9564115,20.44677734375
9564218,18.98193359375
9587647,18.73779296875
9634627,17.822265625
9663946,19.22607421875
9663982,17.9443359375
9664018,20.8740234375
9664039,18.12744140625
9664071,18.06640625
9664084,28.6865234375
9664119,19.8974609375
9664149,19.1650390625
9664172,21.1181640625
9664199,27.587890625
9664225,21.97265625
9664262,18.24951171875
9664287,23.01025390625
9664311,21.8505859375
9664368,19.8974609375
9664480,26.85546875
9664509,26.3671875
9664533,19.10400390625
9664560,18.73779296875
9664578,19.775390625
9664613,19.22607421875
9664643,18.98193359375
9664728,18.73779296875
9664804,20.32470703125
9664918,19.6533203125
9706295,18.24951171875
9730547,18.5546875
9730729,19.47021484375
9730775,19.04296875
9730847,19.71435546875
9730861,31.6162109375
9730878,23.681640625
9730898,23.3154296875
9730917,19.71435546875
9730946,20.3857421875
9730956,21.6064453125
9730980,24.4140625
9731017,21.78955078125
9731038,19.95849609375
9731051,24.96337890625
9731078,23.8037109375
9731108,25.390625
9731131,18.1884765625
9731148,20.56884765625
9731177,20.6298828125
9731214,19.59228515625
9731239,19.47021484375
9731271,18.798828125
9731301,18.6767578125
9731327,17.7001953125
9731364,18.98193359375
9731576,18.00537109375
9785382,17.88330078125
9785559,18.4326171875
9785576,19.8974609375
9785602,27.2216796875
9785629,22.216796875
9785651,20.93505859375
9785692,24.658203125
9785706,23.01025390625
9785728,23.74267578125
9785760,19.10400390625
9785785,23.49853515625
9785803,18.5546875
9785833,19.95849609375
9785848,22.216796875
9785896,20.08056640625
9785915,19.71435546875
9785995,18.5546875
9786065,17.7001953125
9845747,19.22607421875
9845761,18.798828125
9845783,18.310546875
9845798,24.2919921875
9845817,20.69091796875
9845844,21.42333984375
9845865,23.3154296875
9845889,22.8271484375
9845916,20.1416015625
9845928,22.27783203125
9845950,22.5830078125
9845967,20.81298828125
9845991,18.24951171875
9846034,18.85986328125
9846065,26.79443359375
9846088,21.728515625
9846104,19.53125
9846186,18.5546875
9846218,19.34814453125
9846240,17.9443359375
9846286,21.42333984375
9846358,19.04296875
9846500,17.822265625
9846630,18.00537109375
9904708,18.310546875
9936150,23.3154296875
9936485,25.32958984375
9936566,20.69091796875
9936578,19.22607421875
9936625,23.3154296875
9936701,39.61181640625
9936715,24.90234375
9936732,19.34814453125
9936782,21.17919921875
9936795,22.64404296875
9936826,17.76123046875
9936858,19.10400390625
9936877,23.25439453125
9936916,23.193359375
9936961,17.9443359375
9936977,18.06640625
9937040,19.22607421875
9937056,25.146484375
9937113,17.822265625
9937182,21.30126953125
9937205,17.9443359375
9937257,26.18408203125
9937281,19.71435546875
9937741,18.4326171875
9948484,17.822265625
10023632,18.06640625
10023679,18.4326171875
10023777,19.22607421875
10023806,18.37158203125
10023851,17.9443359375
10023886,18.24951171875
10023902,26.4892578125
10023917,18.4326171875
10023959,29.11376953125
10023987,22.76611328125
10024010,20.751953125
10024054,18.61572265625
10024074,22.3388671875
10024090,18.24951171875
10024118,24.169921875
10024136,26.18408203125
10024153,18.798828125
10024184,24.658203125
10024214,19.8974609375
10024238,18.85986328125
10024278,20.263671875
10024329,20.56884765625
10024452,20.69091796875
10024569,19.22607421875
10100547,21.42333984375
10100588,20.3857421875
10100611,20.81298828125
10100660,17.822265625
10100685,25.20751953125
10100706,26.4892578125
10100738,25.08544921875
10100809,25.146484375
10100848,25.390625
10100858,25.20751953125
10100884,20.8740234375
10100943,18.85986328125
10100988,18.24951171875
10101003,18.49365234375
10101026,18.00537109375
10101075,19.10400390625
10101100,17.822265625
10101122,19.4091796875
10160680,18.798828125
10160716,17.7001953125
10160766,20.6298828125
10160826,17.822265625
10160864,18.310546875
10160917,25.390625
10160939,29.296875
10160958,20.751953125
10160992,21.05712890625
10161018,19.6533203125
10161048,18.9208984375
10161075,25.390625
10161092,21.05712890625
10161104,18.4326171875
10161143,29.60205078125
10161157,17.822265625
10161212,25.0244140625
10161237,17.76123046875
10161322,18.00537109375
10161449,21.6064453125
10161463,20.08056640625
10161626,18.310546875
10183457,18.06640625
10210359,18.00537109375
10238780,18.00537109375
10238871,22.3388671875
10239001,18.798828125
10239091,18.24951171875
10239126,20.751953125
10239146,19.83642578125
10239163,26.79443359375
10239187,35.21728515625
10239217,20.08056640625
10239239,20.56884765625
10239251,19.71435546875
10239267,21.1181640625
10239300,23.37646484375
10239331,19.47021484375
10239359,20.81298828125
10239386,18.61572265625
10239463,22.88818359375
10239497,26.4892578125
10239519,19.8974609375
10239562,21.17919921875
10239584,19.8974609375
10239638,18.1884765625
10239679,18.37158203125
10239736,18.798828125
10314765,17.9443359375
10314807,21.78955078125
10314874,23.193359375
10314938,17.7001953125
10314965,20.32470703125
10315013,18.5546875
10315047,18.61572265625
10315064,20.99609375
10315082,19.59228515625
10315099,24.4140625
10315119,30.94482421875
10315149,27.587890625
10315205,19.83642578125
10315218,31.79931640625
10315237,33.63037109375
10315255,19.6533203125
10315308,20.01953125
10315336,18.310546875
10315397,21.42333984375
10315434,22.94921875
10315532,20.56884765625
10315576,18.85986328125
10315596,19.83642578125
10315626,22.94921875
10315722,17.822265625
10336462,18.4326171875
10374590,17.88330078125
10405176,19.71435546875
10405206,17.76123046875
10405242,22.705078125
10405274,20.69091796875
10405322,23.3154296875
10405371,18.06640625
10405389,28.01513671875
10405409,20.01953125
10405454,22.3388671875
10405524,28.80859375
10405547,26.55029296875
10405583,26.67236328125
10405605,21.05712890625
10405625,30.517578125
10405638,18.1884765625
10405670,21.728515625
10405682,25.08544921875
10405725,19.34814453125
10405749,19.287109375
10405768,18.73779296875
10405795,25.87890625
10405834,24.5361328125
10405898,21.66748046875
10405962,19.1650390625
10406005,18.85986328125
10406118,18.12744140625
10448398,17.9443359375
10479818,18.00537109375
10479881,19.1650390625
10479909,20.8740234375
10479991,21.05712890625
10480004,19.04296875
10480017,19.83642578125
10480058,21.3623046875
10480071,26.55029296875
10480082,27.9541015625
10480128,21.91162109375
10480156,26.85546875
10480204,26.9775390625
10480224,18.798828125
10480252,31.92138671875
10480283,25.69580078125
10480332,20.69091796875
10480347,22.64404296875
10480377,20.20263671875
10480387,23.25439453125
10480414,19.47021484375
10480445,20.20263671875
10480555,18.00537109375
10480757,17.76123046875
10538250,20.81298828125
10538458,24.59716796875
10538490,19.22607421875
10538517,21.05712890625
10538535,20.1416015625
10538564,25.69580078125
10538577,19.59228515625
10538599,25.87890625
10538620,28.62548828125
10538638,22.15576171875
10538658,18.73779296875
10538686,20.93505859375
10538700,18.61572265625
10538722,26.06201171875
10538732,23.74267578125
10538768,19.59228515625
10538779,24.4140625
10538844,18.61572265625
10538908,21.240234375
10538933,19.6533203125
10538964,18.98193359375
10539036,21.42333984375
10539059,20.01953125
10539091,20.263671875
10539260,19.4091796875
10539883,20.56884765625
10563831,18.1884765625
10591918,19.83642578125
10625104,24.84130859375
10625140,17.88330078125
10625207,17.9443359375
10625255,17.822265625
10625273,21.97265625
10625290,22.216796875
10625301,19.71435546875
10625329,26.3671875
10625343,29.296875
10625364,18.9208984375
10625386,18.37158203125
10625402,18.49365234375
10625413,25.87890625
10625436,17.88330078125
10625461,42.6025390625
10625479,19.6533203125
10625504,17.88330078125
10625535,19.1650390625
10625562,21.97265625
10625580,18.798828125
10625599,25.87890625
10625629,19.10400390625
10625660,20.5078125
10625816,17.822265625
10625845,21.30126953125
10626009,19.775390625
10639991,22.0947265625
10648025,18.49365234375
10693339,19.04296875
10712602,17.7001953125
10712663,21.66748046875
10712742,18.4326171875
10712787,17.88330078125
10712821,21.54541015625
10712849,17.822265625
10712875,18.37158203125
10712906,27.77099609375
10712943,18.06640625
10712955,21.78955078125
10712984,18.798828125
10713006,17.7001953125
10713033,19.775390625
10713063,17.9443359375
10713073,23.01025390625
10713106,20.20263671875
10713153,19.71435546875
10713226,22.15576171875
10713248,17.7001953125
10713437,25.45166015625
10737505,18.310546875
10768547,19.775390625
10768569,19.04296875
10768612,20.751953125
10768683,17.88330078125
10768707,18.37158203125
10768737,20.6298828125
10768783,19.83642578125
10768807,19.22607421875
10768844,20.751953125
10768870,18.4326171875
10768900,18.310546875
10768915,24.10888671875
10768953,17.7001953125
10768968,26.611328125
10769008,18.37158203125
10769025,17.9443359375
10769047,23.86474609375
10769115,19.6533203125
10769152,20.81298828125
10769178,21.42333984375
10769213,20.69091796875
10769284,18.61572265625
10769416,18.9208984375
10769615,17.76123046875
10769793,21.1181640625
10781189,18.24951171875
10830205,17.822265625
10830351,18.37158203125
10830551,20.81298828125
10830573,21.484375
10830606,23.3154296875
10830697,23.37646484375
10830725,25.69580078125
10830740,18.9208984375
10830779,27.7099609375
10830803,22.8271484375
10830824,23.4375
10830840,20.69091796875
10830918,23.3154296875
10830979,18.5546875
10831003,18.310546875
10831042,18.798828125
10831080,18.310546875
10831121,18.4326171875
10831149,19.47021484375
10831187,19.53125
10831224,18.49365234375
10831254,21.05712890625
10831362,18.49365234375
10831441,18.310546875
10847421,23.01025390625
10853884,17.76123046875
10855758,19.34814453125
10885237,19.22607421875
10885265,18.85986328125
10885319,18.37158203125
10885385,25.146484375
10885422,17.7001953125
10885437,20.32470703125
10885471,19.4091796875
10885486,21.484375
10885507,20.751953125
10885559,17.88330078125
10885593,17.822265625
10885605,21.30126953125
10885657,18.6767578125
10885684,22.39990234375
10885778,18.24951171875
10885836,18.9208984375
10885981,21.8505859375
10886693,17.7001953125
10886931,19.34814453125
10935119,22.03369140625
10935145,19.83642578125
10935172,18.1884765625
10935196,29.60205078125
10935225,19.04296875
10935242,26.3671875
10935264,19.287109375
10935284,19.287109375
10935318,20.08056640625
10935338,17.9443359375
10935379,20.93505859375
10935407,23.37646484375
10935446,20.751953125
10935477,21.17919921875
10935513,22.5830078125
10935550,22.64404296875
10935581,19.95849609375
10935640,19.10400390625
10935677,17.822265625
10935784,18.6767578125
10935945,19.59228515625
10947247,19.287109375
10998660,18.6767578125
11010484,17.88330078125
11010525,17.7001953125
11010548,18.5546875
11010584,20.44677734375
11010627,22.94921875
11010644,19.04296875
11010667,21.66748046875
11010700,22.88818359375
11010711,19.4091796875
11010740,20.3857421875
11010754,17.7001953125
11010778,21.728515625
11010796,20.56884765625
11010812,31.67724609375
11010843,21.78955078125
11010868,21.97265625
11010910,19.1650390625
11010945,18.798828125
11010961,20.93505859375
11010993,26.123046875
11011053,19.71435546875
11011114,19.34814453125
11011371,18.06640625
11051520,17.822265625
11078338,24.658203125
11078379,18.24951171875
11078446,20.56884765625
11078463,19.04296875
11078516,18.798828125
11078526,24.2919921875
11078553,24.90234375
11078574,19.8974609375
11078601,23.01025390625
11078621,18.49365234375
11078640,18.49365234375
11078694,20.81298828125
11078716,27.587890625
11078752,19.22607421875
11078764,19.34814453125
11078793,21.97265625
11078848,20.01953125
11078869,18.1884765625
11078880,18.310546875
11078939,18.6767578125
11078965,20.08056640625
11173545,18.24951171875
11173579,22.03369140625
11173600,18.6767578125
11173636,19.47021484375
11173675,18.00537109375
11173700,21.30126953125
11173737,19.04296875
11173765,19.6533203125
11173794,21.728515625
11173814,21.54541015625
11173853,21.240234375
11173897,19.59228515625
11173936,21.728515625
11173952,28.62548828125
11174006,17.76123046875
11174027,23.49853515625
11174053,21.91162109375
11174309,18.85986328125
11208025,21.66748046875
11232112,22.705078125
11232143,19.775390625
11232200,20.01953125
11232210,20.56884765625
11232251,24.10888671875
11232278,17.88330078125
11232290,20.44677734375
11232334,21.54541015625
11232357,19.10400390625
11232384,21.97265625
11232420,18.73779296875
11232455,19.775390625
11232471,18.06640625
11232517,18.1884765625
11232617,21.97265625
11232672,19.59228515625
11232703,18.6767578125
11232754,20.263671875
11232787,17.7001953125
11232952,22.705078125
11233034,19.47021484375
11233279,19.53125
11260367,17.7001953125
11264459,18.73779296875
11288085,20.1416015625
11288184,20.69091796875
11288201,20.81298828125
11288217,18.00537109375
11288248,25.20751953125
11288265,21.8505859375
11288302,18.310546875
11288323,21.66748046875
11288373,18.98193359375
11288430,23.5595703125
11288485,20.32470703125
11288518,19.4091796875
11288615,19.22607421875
11288627,21.1181640625
11288740,18.49365234375
11288801,17.76123046875
11288958,20.263671875
11289690,17.7001953125
11289794,17.88330078125
11337669,20.8740234375
11337729,19.22607421875
11337758,24.23095703125
11337791,19.1650390625
11337873,19.287109375
11337902,21.05712890625
11337918,17.7001953125
11337960,18.6767578125
11337975,24.84130859375
11337992,22.4609375
11338047,17.9443359375
11338079,23.37646484375
11338121,18.4326171875
11338370,17.822265625
11338406,17.822265625
11338419,20.44677734375
11338454,22.0947265625
11338661,21.54541015625
11338747,20.99609375
11338777,18.310546875
11338970,22.0947265625
11339221,18.37158203125
11339719,21.42333984375
11339992,19.10400390625
11377467,18.798828125
11377528,20.01953125
11377546,21.97265625
11377557,21.1181640625
11377605,21.728515625
11377641,20.20263671875
11377668,23.681640625
11377693,18.798828125
11377707,18.06640625
11377732,18.310546875
11377744,18.98193359375
11377784,20.1416015625
11377797,27.587890625
11377846,18.73779296875
11377858,23.3154296875
11377927,20.20263671875
11377958,19.34814453125
11377977,19.6533203125
11378083,21.3623046875
11378167,19.83642578125
11378187,29.541015625
11378361,17.9443359375
11378441,18.310546875
11378701,17.76123046875
11378779,17.7001953125
11442157,18.310546875
11445771,18.12744140625
11445840,18.310546875
11445875,19.95849609375
11445912,19.4091796875
11445943,22.27783203125
11445979,22.15576171875
11446020,23.62060546875
11446034,22.39990234375
11446048,19.83642578125
11446092,18.6767578125
11446113,19.4091796875
11446129,25.146484375
11446152,20.20263671875
11446187,27.40478515625
11446214,22.4609375
11446277,21.6064453125
11446349,20.99609375
11446391,18.9208984375
11446443,29.1748046875
11446547,17.7001953125
11446592,18.9208984375
11446734,18.310546875
11446791,19.6533203125
11446812,17.9443359375
11446899,18.06640625
11446987,17.88330078125
11447049,20.01953125
11447319,18.12744140625
11452812,23.25439453125
11506496,18.37158203125
11506593,19.71435546875
11506638,18.9208984375
11506674,20.93505859375
11506684,24.0478515625
11506706,18.310546875
11506761,19.83642578125
11506793,22.52197265625
11506909,19.10400390625
11506941,18.1884765625
11507061,24.10888671875
11507097,19.10400390625
11507122,18.798828125
11507174,19.71435546875
11507637,21.17919921875
11507663,17.76123046875
11508412,19.59228515625
11510125,19.10400390625
11593595,18.06640625
11593704,18.24951171875
11593750,20.69091796875
11593765,21.240234375
11593800,17.7001953125
11593831,23.193359375
11593864,18.310546875
11593891,21.8505859375
11593901,18.00537109375
11593925,18.6767578125
11593985,18.12744140625
11594046,25.7568359375
11594091,24.2919921875
11594180,21.05712890625
11594302,19.95849609375
11594573,22.0947265625
11594874,17.9443359375
11653258,20.263671875
11659904,18.4326171875
11668930,17.7001953125
11670858,19.6533203125
11670879,20.32470703125
11670977,19.4091796875
11671005,18.24951171875
11671015,20.3857421875
11671032,18.00537109375
11671095,18.00537109375
11671169,19.47021484375
11671195,19.34814453125
11671228,21.97265625
11671282,19.04296875
11671315,19.10400390625
11671393,20.81298828125
11671411,24.4140625
11671595,20.99609375
11671696,19.83642578125
11671738,18.1884765625
11683520,25.634765625
11709348,19.47021484375
11722358,22.76611328125
11722495,18.5546875
11722718,17.88330078125
11722761,18.9208984375
11722774,18.5546875
11722830,20.3857421875
11722853,18.24951171875
11722874,23.5595703125
11722897,24.84130859375
11722986,22.3388671875
11722999,25.390625
11723029,23.62060546875
11723058,22.8271484375
11723165,17.7001953125
11723215,21.97265625
11723267,19.6533203125
11723297,24.658203125
11723312,18.24951171875
11723359,22.8271484375
11723436,18.37158203125
11723638,18.9208984375
11736474,17.76123046875
11738346,18.73779296875
11777848,18.24951171875
11778341,18.9208984375
11778357,18.5546875
11778394,18.798828125
11778436,18.49365234375
11778469,26.611328125
11778555,22.705078125
11778578,22.216796875
11778661,18.6767578125
11778671,23.4375
11778754,18.98193359375
11778887,22.705078125
11779024,18.9208984375
11779079,29.47998046875
11779346,17.822265625
11779492,20.44677734375
11779757,18.1884765625
11807793,18.24951171875
11852699,19.71435546875
11852750,20.5078125
11852855,18.310546875
11852886,18.6767578125
11852911,21.6064453125
11852927,19.71435546875
11852937,18.49365234375
11852963,26.0009765625
11852986,19.83642578125
11853004,26.30615234375
11853029,23.193359375
11853078,21.54541015625
11853130,26.4892578125
11853149,21.97265625
11853212,17.7001953125
11853235,18.1884765625
11853284,20.263671875
11853348,18.61572265625
11853378,21.240234375
11853451,24.0478515625
11853486,19.8974609375
11853507,17.76123046875
11853542,18.00537109375
11853604,18.1884765625
11853705,19.8974609375
11853754,18.4326171875
11853781,20.99609375
11853961,21.3623046875
11854057,17.7001953125
11854162,18.4326171875
11879828,18.4326171875
11943080,18.06640625
11954063,19.71435546875
11954147,18.61572265625
11954267,19.71435546875
11954318,21.91162109375
11954386,20.81298828125
11954433,17.7001953125
11954461,27.4658203125
11954478,19.59228515625
11954496,19.287109375
11954510,18.798828125
11954535,19.71435546875
11954564,20.08056640625
11954582,17.822265625
11954608,19.59228515625
11954618,22.5830078125
11954723,23.74267578125
11954747,19.4091796875
11954790,21.54541015625
11954811,18.4326171875
11954839,20.1416015625
11954911,20.6298828125
11954963,20.20263671875
11955066,20.263671875
11955491,18.61572265625
11967782,19.04296875
11981224,18.73779296875
11996077,18.06640625
