11999000,0
75975,30.57861328125
76045,21.42333984375
76087,20.08056640625
76101,20.32470703125
76184,19.04296875
76195,19.53125
76225,19.4091796875
76270,19.22607421875
76300,28.13720703125
76486,19.04296875
76576,19.22607421875
76631,30.029296875
76691,21.728515625
76777,20.3857421875
76833,22.5830078125
76887,19.8974609375
76973,22.15576171875
77106,21.3623046875
77312,20.20263671875
164198,24.10888671875
164272,34.85107421875
164316,20.56884765625
164327,25.08544921875
164357,20.81298828125
164381,22.3388671875
164439,20.44677734375
164487,26.06201171875
164510,28.01513671875
164558,20.3857421875
164569,21.54541015625
164666,24.84130859375
164696,22.216796875
164757,21.05712890625
164906,20.263671875
165210,23.86474609375
179976,23.86474609375
180662,20.44677734375
180743,19.1650390625
272924,19.1650390625
273047,22.94921875
273103,20.44677734375
273147,19.34814453125
273218,25.5126953125
273230,20.81298828125
273256,20.81298828125
273333,20.8740234375
273523,21.1181640625
273668,19.53125
273694,24.5361328125
273863,20.56884765625
273873,21.42333984375
375071,21.484375
375098,24.90234375
375264,21.78955078125
375349,21.66748046875
375375,21.05712890625
375386,19.775390625
375418,20.01953125
375476,23.3154296875
375533,20.5078125
375605,20.751953125
376266,19.10400390625
444430,27.40478515625
444480,20.6298828125
444532,19.83642578125
444592,21.78955078125
444603,22.03369140625
444687,19.8974609375
444719,21.97265625
444732,19.287109375
444770,19.04296875
444822,28.38134765625
444852,21.30126953125
512260,20.56884765625
512469,22.52197265625
512516,25.634765625
512541,19.4091796875
512594,24.7802734375
512610,20.01953125
512708,20.8740234375
512728,21.17919921875
512792,18.98193359375
512868,19.775390625
512898,21.54541015625
512971,33.50830078125
585567,25.32958984375
585679,19.1650390625
585789,27.83203125
585887,18.9208984375
585915,20.81298828125
585942,20.263671875
585991,30.029296875
674186,19.59228515625
674247,27.03857421875
674286,19.59228515625
674410,22.705078125
674451,21.240234375
674486,25.146484375
674569,34.36279296875
674662,21.42333984375
674713,26.611328125
674739,20.01953125
674820,20.93505859375
674853,21.66748046875
674900,21.42333984375
674921,21.30126953125
674999,25.634765625
749351,21.05712890625
749410,22.705078125
749474,22.0947265625
749639,19.59228515625
749692,18.98193359375
749709,23.4375
749745,23.8037109375
749770,30.70068359375
749800,21.3623046875
749859,23.86474609375
749877,22.76611328125
749907,19.6533203125
750336,20.93505859375
750447,19.1650390625
817809,26.4892578125
817896,23.681640625
817913,19.59228515625
817942,25.20751953125
817980,20.93505859375
818015,19.71435546875
818050,24.5361328125
818075,36.4990234375
818216,32.16552734375
818255,20.3857421875
818814,20.81298828125
902708,25.81787109375
902764,19.59228515625
902846,32.8369140625
902881,20.01953125
902925,23.98681640625
903042,21.66748046875
903068,23.681640625
903089,19.53125
903189,22.3388671875
903220,19.47021484375
903346,19.83642578125
903476,19.4091796875
903611,20.5078125
926715,19.8974609375
926802,30.517578125
927134,19.59228515625
927254,22.3388671875
927294,21.1181640625
927343,20.93505859375
927412,28.74755859375
927575,21.54541015625
927725,20.20263671875
927877,19.83642578125
1048093,18.9208984375
1048160,20.01953125
1048267,28.1982421875
1048372,19.1650390625
1048445,21.30126953125
1048460,19.53125
1048532,19.59228515625
1048614,19.22607421875
1048662,25.634765625
1048686,20.01953125
1048770,20.751953125
1048908,19.53125
1049099,25.93994140625
1049174,21.1181640625
1140433,24.5361328125
1140587,19.22607421875
1140622,22.15576171875
1140638,19.71435546875
1140659,20.5078125
1140694,26.9775390625
1140735,21.54541015625
1140779,24.23095703125
1140820,22.4609375
1140876,19.10400390625
1140926,24.7802734375
1140936,19.4091796875
1141237,19.04296875
1228948,20.01953125
1228990,29.052734375
1229028,20.44677734375
1229060,19.83642578125
1229090,20.56884765625
1229136,25.81787109375
1229156,22.4609375
1229200,21.97265625
1229246,19.47021484375
1229277,19.95849609375
1229310,28.3203125
1229352,19.53125
1229385,23.37646484375
1229427,20.263671875
1229619,19.287109375
1229655,21.17919921875
1229907,22.03369140625
1273920,22.64404296875
1274424,20.751953125
1274439,19.34814453125
1274462,21.728515625
1274493,21.54541015625
1274528,19.59228515625
1274554,33.14208984375
1274647,23.49853515625
1274675,23.37646484375
1274941,19.287109375
1275182,22.8271484375
1325639,23.74267578125
1325719,20.01953125
1325833,29.60205078125
1325867,24.96337890625
1325904,22.216796875
1325941,21.91162109375
1325960,24.90234375
1325986,23.4375
1326013,31.06689453125
1326039,22.52197265625
1326072,19.71435546875
1326104,20.81298828125
1326119,27.587890625
1326164,25.32958984375
1326248,19.34814453125
1326652,18.98193359375
1326829,19.10400390625
1368727,18.98193359375
1391096,22.15576171875
1391133,24.96337890625
1391317,20.99609375
1391346,20.32470703125
1391407,21.91162109375
1391443,19.47021484375
1391468,38.87939453125
1391490,20.81298828125
1391529,20.751953125
1391583,22.4609375
1391710,19.83642578125
1391814,18.9208984375
1391867,23.4375
1391946,24.35302734375
1392132,22.52197265625
1392292,20.5078125
1449569,32.1044921875
1449655,20.3857421875
1449692,28.13720703125
1449727,21.42333984375
1449763,39.36767578125
1449884,20.751953125
1449966,20.01953125
1450012,22.39990234375
1450036,25.7568359375
1450279,25.08544921875
1517589,25.45166015625
1517673,20.08056640625
1517743,22.216796875
1517780,20.99609375
1517818,23.681640625
1517879,19.53125
1517941,19.8974609375
1517971,26.30615234375
1518030,19.59228515625
1518208,26.2451171875
1518230,21.30126953125
1518266,21.91162109375
1518415,20.08056640625
1518608,27.4658203125
1584245,22.52197265625
1584305,25.81787109375
1584388,25.0244140625
1584450,20.263671875
1584471,21.6064453125
1584502,27.89306640625
1584608,22.3388671875
1584634,18.98193359375
1584644,20.8740234375
1584833,20.263671875
1584899,30.45654296875
1585000,21.54541015625
1585010,21.1181640625
1585128,27.2216796875
1585891,22.03369140625
1632150,23.62060546875
1632206,20.81298828125
1632251,31.92138671875
1632295,19.95849609375
1632369,19.83642578125
1632390,20.81298828125
1632407,23.37646484375
1632425,27.16064453125
1632486,25.390625
1632604,19.10400390625
1632660,23.8037109375
1632690,18.9208984375
1632795,22.8271484375
1632832,19.53125
1632926,24.4140625
1632936,19.71435546875
1633089,20.6298828125
1633405,22.705078125
1682985,19.59228515625
1683007,23.193359375
1683056,21.97265625
1683070,19.95849609375
1683105,19.53125
1683117,29.11376953125
1683310,21.30126953125
1683327,21.1181640625
1683365,23.193359375
1683385,22.705078125
1683425,24.5361328125
1683504,19.1650390625
1683668,24.4140625
1683776,21.484375
1684084,19.71435546875
1687028,23.193359375
1732298,19.04296875
1732602,23.25439453125
1732669,24.2919921875
1732747,19.83642578125
1732818,22.39990234375
1732860,23.62060546875
1732891,19.22607421875
1732956,22.0947265625
1733037,19.83642578125
1733063,20.32470703125
1733132,19.6533203125
1733153,19.1650390625
1733180,24.4140625
1733401,24.35302734375
1733731,19.47021484375
1734130,19.22607421875
1734423,19.83642578125
1739652,24.2919921875
1739685,20.93505859375
1739831,23.13232421875
1821345,20.8740234375
1821393,22.39990234375
1821466,21.8505859375
1821579,19.1650390625
1821658,19.47021484375
1821697,22.39990234375
1821720,19.775390625
1821765,21.30126953125
1821852,25.0244140625
1821985,19.22607421875
1822051,19.6533203125
1822347,20.20263671875
1822633,22.705078125
1873954,19.47021484375
1873973,26.2451171875
1874045,27.4658203125
1874093,23.193359375
1874183,21.6064453125
1874329,18.98193359375
1874591,21.240234375
1875411,24.2919921875
1940940,24.96337890625
1940991,24.23095703125
1941047,26.18408203125
1941084,19.53125
1941111,21.97265625
1941135,19.95849609375
1941178,24.47509765625
1941216,22.27783203125
1941236,31.55517578125
1941278,19.04296875
1941914,27.34375
1942000,19.10400390625
1942066,21.78955078125
1942094,20.99609375
1942297,21.05712890625
1942314,20.01953125
1942431,19.71435546875
1942693,19.04296875
1942731,19.8974609375
1986953,20.20263671875
1987049,23.92578125
1987139,19.34814453125
1987219,23.62060546875
1987244,19.6533203125
1987263,24.10888671875
1987313,19.04296875
1987331,24.90234375
1987482,19.04296875
1987532,21.97265625
1987680,18.98193359375
1987716,20.5078125
1987804,18.98193359375
1988098,21.78955078125
1988125,19.83642578125
1988348,21.1181640625
1988593,20.99609375
1989646,19.6533203125
1990233,21.3623046875
2001081,28.80859375
2001239,23.4375
2001406,22.27783203125
2001524,23.0712890625
2001570,24.2919921875
2001678,21.3623046875
2001690,20.93505859375
2001764,20.01953125
2002032,22.88818359375
2002166,25.634765625
2002328,19.34814453125
2002458,18.9208984375
2080410,25.20751953125
2080472,23.4375
2080490,20.5078125
2080589,23.92578125
2080601,21.66748046875
2080688,29.296875
2080746,20.263671875
2080826,18.98193359375
2080892,23.86474609375
2080987,22.64404296875
2081024,21.3623046875
2081114,21.42333984375
2081415,28.564453125
2081657,19.34814453125
2081774,19.4091796875
2081909,18.9208984375
2082317,32.16552734375
2082926,23.3154296875
2086905,19.04296875
2165578,27.4658203125
2165650,23.98681640625
2165708,23.62060546875
2165727,18.9208984375
2165749,21.17919921875
2165812,19.47021484375
2165891,24.0478515625
2165969,22.94921875
2166020,26.55029296875
2166158,20.08056640625
2166420,26.30615234375
2166852,22.15576171875
2166932,20.20263671875
2168037,21.240234375
2230122,20.263671875
2230303,29.72412109375
2230317,20.08056640625
2230411,31.43310546875
2230467,19.4091796875
2230565,19.95849609375
2230587,19.53125
2230622,21.54541015625
2230640,22.0947265625
2230806,19.34814453125
2230852,24.35302734375
2230894,23.25439453125
2230947,19.6533203125
2230968,20.32470703125
2230986,20.8740234375
2231036,24.71923828125
2231093,21.30126953125
2231133,28.86962890625
2231190,23.92578125
2231701,20.08056640625
2231923,29.4189453125
2232105,31.005859375
2311986,20.32470703125
2312133,22.216796875
2312165,19.8974609375
2312224,22.39990234375
2312251,18.98193359375
2312294,24.59716796875
2312308,22.0947265625
2312533,21.05712890625
2312584,24.90234375
2312660,21.30126953125
2312694,20.44677734375
2312742,27.099609375
2312849,24.96337890625
2312870,19.59228515625
2313051,27.52685546875
2313227,22.52197265625
2313452,21.30126953125
2344723,27.03857421875
2390990,20.263671875
2391057,21.54541015625
2391141,24.2919921875
2391227,20.01953125
2391285,21.240234375
2391418,21.54541015625
2391466,20.69091796875
2391503,19.287109375
2391609,19.1650390625
2391757,23.3154296875
2391924,29.1748046875
2392103,25.81787109375
2392335,20.99609375
2445708,19.10400390625
2445933,24.71923828125
2446035,20.3857421875
2446073,20.3857421875
2446097,22.15576171875
2446231,22.52197265625
2446255,21.6064453125
2446281,23.01025390625
2446310,22.216796875
2446411,21.728515625
2446553,20.5078125
2446607,23.86474609375
2446668,18.9208984375
2446799,27.4658203125
2521456,27.7099609375
2521598,21.54541015625
2521629,27.2216796875
2521678,19.53125
2521799,22.76611328125
2521844,25.81787109375
2521888,19.775390625
2521921,22.88818359375
2521938,19.53125
2522179,22.52197265625
2522370,23.49853515625
2596157,20.5078125
2596396,19.775390625
2596452,19.53125
2596493,20.44677734375
2596551,19.53125
2596563,20.5078125
2596651,20.81298828125
2596682,27.9541015625
2596709,26.2451171875
2596795,21.484375
2596897,19.59228515625
2655319,19.59228515625
2655428,19.47021484375
2655618,19.47021484375
2655653,19.34814453125
2655687,18.9208984375
2655813,27.4658203125
2655867,21.66748046875
2656014,19.4091796875
2656064,23.01025390625
2656388,20.44677734375
2656561,20.08056640625
2674849,20.3857421875
2675639,21.05712890625
2676367,24.0478515625
2676421,28.86962890625
2676449,23.25439453125
2676493,21.66748046875
2676508,21.17919921875
2676580,19.8974609375
2676696,21.484375
2676743,22.39990234375
2676840,19.6533203125
2676863,20.69091796875
2676935,19.10400390625
2677142,19.22607421875
2677358,20.93505859375
2795513,21.1181640625
2795550,34.36279296875
2795584,20.69091796875
2795626,18.98193359375
2795664,24.23095703125
2795832,19.10400390625
2795899,20.56884765625
2795971,22.64404296875
2796293,21.728515625
2796477,19.04296875
2874368,23.49853515625
2874443,23.193359375
2874460,24.7802734375
2874624,22.8271484375
2874642,20.69091796875
2874685,19.775390625
2874725,20.20263671875
2874913,20.69091796875
2874923,20.08056640625
2874951,19.22607421875
2874977,23.5595703125
2875033,19.4091796875
2875104,18.98193359375
2875541,20.5078125
2964964,19.775390625
2965004,20.08056640625
2965066,19.8974609375
2965202,19.53125
2965228,26.06201171875
3040521,19.34814453125
3040633,41.015625
3040693,18.9208984375
3040729,21.66748046875
3040817,27.52685546875
3040858,21.54541015625
3040979,20.8740234375
3106689,19.6533203125
3106729,21.8505859375
3106837,21.17919921875
3106879,24.2919921875
3106922,19.95849609375
3106971,20.69091796875
3107033,28.6865234375
3107074,19.71435546875
3107202,20.99609375
3107244,23.681640625
3167579,23.4375
3167614,19.1650390625
3167625,19.6533203125
3167681,19.775390625
3167701,19.1650390625
3167766,31.73828125
3167777,25.146484375
3167839,23.01025390625
3167926,19.8974609375
3168016,19.22607421875
3240588,19.287109375
3240673,23.92578125
3240868,27.83203125
3240880,23.25439453125
3240913,24.90234375
3240997,24.2919921875
3241036,19.71435546875
3241057,23.37646484375
3241114,20.5078125
3241137,22.0947265625
3241288,20.3857421875
3312697,20.08056640625
3312800,20.44677734375
3312934,19.287109375
3313077,18.9208984375
3313099,19.22607421875
3313131,19.287109375
3313160,28.01513671875
3313199,21.05712890625
3313215,19.04296875
3313262,20.3857421875
3313307,30.94482421875
3313341,20.32470703125
3313374,21.66748046875
3313405,21.17919921875
3313437,19.8974609375
3313462,23.01025390625
3313617,19.1650390625
3328702,19.71435546875
3336453,19.22607421875
3366579,21.17919921875
3367010,18.98193359375
3367052,30.1513671875
3367177,22.27783203125
3367209,18.98193359375
3367225,28.3203125
3367341,24.96337890625
3367690,23.3154296875
3420565,28.99169921875
3420808,22.5830078125
3420838,27.28271484375
3420850,26.06201171875
3420892,22.52197265625
3420915,20.3857421875
3420970,25.08544921875
3420980,29.35791015625
3421047,28.62548828125
3421067,23.92578125
3421121,22.216796875
3421171,30.1513671875
3421264,20.5078125
3421314,20.263671875
3421432,26.06201171875
3421568,23.25439453125
3421707,25.93994140625
3421996,20.751953125
3465967,18.98193359375
3466194,25.20751953125
3466232,19.83642578125
3466270,19.95849609375
3466356,18.98193359375
3466398,24.7802734375
3466432,21.240234375
3466462,23.3154296875
3466503,23.193359375
3466527,26.42822265625
3466543,19.34814453125
3466571,27.587890625
3466630,21.728515625
3466763,22.94921875
3466818,24.0478515625
3466999,23.193359375
3467257,22.52197265625
3528267,20.751953125
3528444,29.84619140625
3528504,23.681640625
3528528,20.56884765625
3528544,23.98681640625
3528574,19.95849609375
3528591,19.22607421875
3528616,20.81298828125
3528654,25.5126953125
3528673,20.81298828125
3528726,30.82275390625
3528736,21.42333984375
3528946,27.587890625
3528998,19.47021484375
3595384,20.32470703125
3595469,19.4091796875
3595488,19.34814453125
3595524,22.52197265625
3595564,20.5078125
3595650,24.59716796875
3595683,19.04296875
3595760,29.72412109375
3595792,19.4091796875
3595962,26.85546875
3596141,21.17919921875
3638938,19.59228515625
3638985,19.6533203125
3639043,23.01025390625
3639127,21.8505859375
3639192,28.74755859375
3639242,24.7802734375
3639294,19.59228515625
3639359,18.9208984375
3639503,19.53125
3639641,24.96337890625
3639796,19.1650390625
3700743,28.99169921875
3700768,20.8740234375
3700839,21.91162109375
3700855,19.1650390625
3700887,26.06201171875
3700905,21.91162109375
3700940,18.98193359375
3700980,20.751953125
3701074,19.71435546875
3701100,24.96337890625
3701123,22.76611328125
3701156,20.01953125
3701263,27.16064453125
3701278,26.3671875
3701344,22.76611328125
3701433,26.9775390625
3701491,19.04296875
3701635,22.3388671875
3701792,24.4140625
3702155,22.27783203125
3756821,22.39990234375
3756975,27.9541015625
3757040,21.42333984375
3757110,25.08544921875
3757147,33.69140625
3757177,23.92578125
3757255,24.658203125
3757274,19.287109375
3757312,18.9208984375
3757365,22.705078125
3757482,19.287109375
3757522,21.8505859375
3757615,21.240234375
3757723,25.08544921875
3757876,20.01953125
3758087,19.34814453125
3758443,21.97265625
3805324,21.17919921875
3805373,20.56884765625
3805431,26.3671875
3805503,28.01513671875
3805589,20.8740234375
3805618,19.22607421875
3805710,19.53125
3805818,25.7568359375
3806017,18.9208984375
3806055,19.34814453125
3807060,21.97265625
3808262,21.3623046875
3850036,20.81298828125
3850091,20.93505859375
3850124,21.05712890625
3850141,23.3154296875
3850369,23.92578125
3850454,20.56884765625
3850523,23.681640625
3850601,20.01953125
3851393,22.216796875
3853571,19.6533203125
3890821,24.23095703125
3890949,20.6298828125
3890983,19.775390625
3890998,21.728515625
3891068,27.16064453125
3891148,24.0478515625
3891424,28.1982421875
3891497,23.4375
3891515,20.20263671875
3891620,19.71435546875
3891703,21.78955078125
3951896,31.25
3951919,25.81787109375
3951957,21.484375
3951995,22.8271484375
3952040,19.287109375
3952099,20.3857421875
3952342,19.10400390625
3959203,21.05712890625
4022540,19.53125
4022595,24.90234375
4022654,24.2919921875
4022709,22.76611328125
4022797,19.59228515625
4022916,23.25439453125
4023029,20.56884765625
4023136,22.64404296875
4023410,22.88818359375
4023516,25.20751953125
4028953,26.18408203125
4084736,21.78955078125
4084786,23.13232421875
4084821,19.1650390625
4084849,20.81298828125
4084870,19.53125
4085113,20.44677734375
4085195,21.05712890625
4085298,21.54541015625
4085357,19.6533203125
4085435,19.6533203125
4085846,21.1181640625
4086011,20.1416015625
4087537,19.22607421875
4088061,21.8505859375
4164968,20.08056640625
4165054,28.564453125
4165133,22.216796875
4165184,23.3154296875
4165277,22.64404296875
4165364,21.30126953125
4165453,23.37646484375
4165485,22.76611328125
4165829,25.57373046875
4166041,21.6064453125
4166424,21.240234375
4166538,20.5078125
4167083,19.22607421875
4167573,23.3154296875
4168107,21.42333984375
4243312,32.65380859375
4243364,20.81298828125
4243399,20.20263671875
4243410,20.69091796875
4243472,25.20751953125
4243502,22.03369140625
4243659,19.287109375
4243793,19.22607421875
4243906,21.05712890625
4243961,20.01953125
4244030,24.71923828125
4244136,19.95849609375
4244264,19.10400390625
4244448,19.71435546875
4244554,25.87890625
4244591,21.05712890625
4246358,20.8740234375
4310139,21.30126953125
4310200,20.81298828125
4310285,29.60205078125
4310436,22.52197265625
4310470,21.91162109375
4310484,21.66748046875
4310562,21.728515625
4310602,20.8740234375
4310693,19.71435546875
4310725,19.83642578125
4310834,21.66748046875
4310963,20.3857421875
4311187,20.5078125
4311239,19.59228515625
4311361,24.84130859375
4311515,19.71435546875
4311849,20.01953125
4312867,19.34814453125
4377287,20.44677734375
4377319,26.2451171875
4377354,21.8505859375
4377388,26.18408203125
4377452,19.6533203125
4377472,22.5830078125
4377507,19.53125
4377631,20.32470703125
4377726,19.10400390625
4377796,24.84130859375
4377833,20.01953125
4377886,19.10400390625
4378017,21.30126953125
4378155,21.728515625
4378335,19.71435546875
4378457,22.0947265625
4378473,19.4091796875
4378650,19.34814453125
4379887,21.728515625
4433219,21.05712890625
4433370,31.8603515625
4433423,19.34814453125
4433461,19.47021484375
4433481,22.64404296875
4433582,26.4892578125
4433773,20.44677734375
4433816,20.6298828125
4433873,22.4609375
4434098,21.05712890625
4434321,19.71435546875
4434869,22.94921875
4435057,19.6533203125
4479299,26.79443359375
4479447,25.81787109375
4479533,22.0947265625
4479578,18.98193359375
4479613,19.83642578125
4479806,26.3671875
4479962,19.22607421875
4480087,22.3388671875
4480173,20.8740234375
4480259,20.8740234375
4480394,19.775390625
4480432,19.4091796875
4480580,20.56884765625
4549326,27.83203125
4549401,25.2685546875
4549497,24.658203125
4549577,19.8974609375
4549639,19.53125
4549691,19.1650390625
4549704,22.8271484375
4549741,20.5078125
4549785,24.59716796875
4549808,19.04296875
4549842,19.04296875
4549875,18.9208984375
4549921,22.0947265625
4549952,19.53125
4549986,22.705078125
4550010,19.1650390625
4550067,22.216796875
4550115,21.6064453125
4550377,29.35791015625
4641194,28.13720703125
4641213,20.69091796875
4641339,20.263671875
4641682,20.93505859375
4641856,22.216796875
4641871,19.287109375
4641893,20.81298828125
4641933,21.42333984375
4641943,22.27783203125
4641970,20.44677734375
4642003,25.57373046875
4642034,24.35302734375
4642046,20.01953125
4642094,22.64404296875
4642133,24.59716796875
4642155,20.263671875
4642303,19.287109375
4642694,21.42333984375
4732729,28.25927734375
4732779,24.96337890625
4732817,20.99609375
4732851,21.54541015625
4732879,19.4091796875
4732970,19.95849609375
4738112,22.705078125
4781252,28.50341796875
4781329,19.10400390625
4781434,28.38134765625
4781502,28.4423828125
4781663,19.83642578125
4781756,19.1650390625
4782045,20.751953125
4859170,28.13720703125
4859242,26.0009765625
4859252,19.775390625
4859326,25.0244140625
4859361,19.47021484375
4859384,32.04345703125
4859414,20.01953125
4859448,19.6533203125
4859658,23.01025390625
4859905,20.08056640625
4939685,20.69091796875
4939748,25.87890625
4939849,25.146484375
4939961,30.517578125
4940779,19.04296875
4940877,19.04296875
5025037,20.99609375
5025052,19.10400390625
5025095,21.30126953125
5025164,29.296875
5025185,25.93994140625
5025207,21.66748046875
5025302,22.216796875
5025321,19.53125
5025335,20.1416015625
5025381,24.5361328125
5025418,25.7568359375
5025650,21.240234375
5025710,19.59228515625
5025871,22.03369140625
5103579,27.4658203125
5103754,19.22607421875
5103841,22.94921875
5103877,36.68212890625
5103920,19.10400390625
5103983,20.69091796875
5104121,19.04296875
5104180,20.81298828125
5104306,19.71435546875
5125227,28.01513671875
5125286,20.3857421875
5125403,19.6533203125
5125465,19.34814453125
5125510,19.47021484375
5125676,19.95849609375
5125707,21.6064453125
5125993,23.92578125
5126336,19.4091796875
5126615,19.04296875
5225629,20.1416015625
5225715,30.1513671875
5225740,22.94921875
5225892,29.4189453125
5225916,20.08056640625
5225947,20.56884765625
5225980,20.6298828125
5226012,25.69580078125
5226144,25.7568359375
5283418,19.1650390625
5283470,28.9306640625
5283722,28.9306640625
5283781,20.81298828125
5283806,23.4375
5283867,22.39990234375
5283882,22.4609375
5335350,26.611328125
5335473,20.01953125
5335523,21.728515625
5335609,23.4375
5335662,22.4609375
5335701,19.04296875
5335776,21.728515625
5335859,19.22607421875
5335978,21.17919921875
5336139,29.6630859375
5383380,28.01513671875
5383514,22.4609375
5383577,21.240234375
5383602,26.06201171875
5383628,19.1650390625
5383645,21.91162109375
5383692,21.05712890625
5383770,18.98193359375
5384313,19.53125
5384544,20.1416015625
5387551,19.287109375
5387742,21.54541015625
5387987,18.9208984375
5432381,24.7802734375
5432501,27.52685546875
5432623,22.64404296875
5432640,21.78955078125
5432687,19.287109375
5432729,22.52197265625
5432752,20.69091796875
5432783,19.71435546875
5432930,23.37646484375
5433044,24.35302734375
5433077,19.775390625
5433106,19.34814453125
5433191,19.71435546875
5433250,22.88818359375
5433261,19.04296875
5433307,23.193359375
5433442,20.751953125
5433624,21.240234375
5433856,20.01953125
5434069,22.3388671875
5488182,26.611328125
5488264,21.54541015625
5488286,20.08056640625
5488332,22.705078125
5488407,21.484375
5488487,21.8505859375
5488559,19.34814453125
5488833,23.37646484375
5489057,22.76611328125
5489273,20.263671875
5537488,22.15576171875
5537636,21.484375
5537660,19.6533203125
5537741,19.22607421875
5537755,19.71435546875
5537859,19.71435546875
5537872,25.146484375
5537908,20.3857421875
5537977,20.6298828125
5538015,29.9072265625
5538056,21.3623046875
5538150,19.4091796875
5538234,22.88818359375
5538285,29.96826171875
5538514,19.71435546875
5538750,20.69091796875
5538819,18.9208984375
5598162,19.8974609375
5598235,25.0244140625
5598312,19.83642578125
5598348,23.62060546875
5598382,24.658203125
5598394,24.10888671875
5598430,33.8134765625
5598451,26.9775390625
5598538,38.57421875
5598559,19.34814453125
5598636,20.8740234375
5598706,22.15576171875
5598842,25.87890625
5598993,23.25439453125
5599214,21.42333984375
5648663,20.20263671875
5648723,19.22607421875
5648793,19.04296875
5648803,22.39990234375
5648861,20.93505859375
5648877,23.62060546875
5648981,22.64404296875
5649011,27.587890625
5649026,31.31103515625
5649079,20.08056640625
5649145,24.23095703125
5649169,20.1416015625
5649306,19.22607421875
5649464,23.92578125
5701869,19.287109375
5702019,22.76611328125
5702072,33.0810546875
5702122,19.71435546875
5702134,20.263671875
5702172,21.05712890625
5702232,21.484375
5702269,20.1416015625
5702312,31.005859375
5702330,18.98193359375
5702362,24.59716796875
5702505,21.66748046875
5702538,20.99609375
5702828,27.9541015625
5703009,20.93505859375
5762211,19.34814453125
5762363,23.4375
5762410,26.123046875
5762421,19.59228515625
5762482,30.029296875
5762517,19.6533203125
5762556,20.32470703125
5762579,19.59228515625
5762601,20.3857421875
5762641,23.3154296875
5762669,19.1650390625
5762771,20.751953125
5762819,21.1181640625
5762849,19.22607421875
5762859,19.4091796875
5762951,20.5078125
5763163,18.98193359375
5763192,19.10400390625
5831947,31.25
5832041,26.2451171875
5832106,21.8505859375
5832145,23.3154296875
5832171,29.052734375
5832223,22.15576171875
5832294,29.4189453125
5832664,21.91162109375
5832942,20.20263671875
5889570,28.076171875
5889649,25.0244140625
5889674,20.263671875
5889728,26.85546875
5889787,22.3388671875
5889849,30.21240234375
5889903,18.98193359375
5889921,21.8505859375
5889989,25.390625
5890087,24.47509765625
5890199,32.77587890625
5890345,19.1650390625
5890451,21.17919921875
5890582,25.5126953125
5890647,22.15576171875
5890726,21.6064453125
5891155,20.93505859375
5933698,21.42333984375
5933735,29.35791015625
5933891,19.8974609375
5933920,20.81298828125
5934044,25.57373046875
5934110,21.240234375
5934271,19.22607421875
5934389,19.47021484375
5934948,19.04296875
5973087,19.34814453125
5973226,29.4189453125
5973329,21.05712890625
5973384,21.3623046875
5973545,19.1650390625
5973787,20.93505859375
5973923,22.4609375
5974090,22.15576171875
5977480,21.1181640625
5978042,19.6533203125
5979068,22.64404296875
5979213,21.78955078125
5979525,18.98193359375
5979803,19.10400390625
5983476,21.97265625
5984154,19.8974609375
6045412,22.3388671875
6045656,23.5595703125
6045691,20.3857421875
6045816,23.01025390625
6045905,21.54541015625
6045951,23.0712890625
6046146,23.25439453125
6046173,25.57373046875
6046344,19.4091796875
6046800,26.4892578125
6046901,20.08056640625
6047175,19.775390625
6047510,19.95849609375
6102043,20.20263671875
6102082,24.23095703125
6102139,20.01953125
6102210,19.47021484375
6102282,22.705078125
6102297,19.1650390625
6102327,22.94921875
6102359,20.8740234375
6102507,20.08056640625
6102536,30.029296875
6102561,19.10400390625
6102698,21.66748046875
6102733,20.1416015625
6102885,19.59228515625
6103024,26.4892578125
6147120,20.69091796875
6147244,28.076171875
6147254,22.8271484375
6147348,22.88818359375
6147540,19.83642578125
6147560,23.4375
6147598,26.79443359375
6147678,20.8740234375
6147705,37.17041015625
6147847,21.30126953125
6147890,23.193359375
6148045,24.47509765625
6148142,19.04296875
6148228,28.25927734375
6203390,19.71435546875
6203545,19.1650390625
6203637,28.38134765625
6203688,19.34814453125
6203781,19.775390625
6203812,26.42822265625
6203841,19.4091796875
6203892,19.1650390625
6203902,19.47021484375
6203919,19.1650390625
6203941,28.076171875
6203971,21.1181640625
6204018,25.7568359375
6204053,19.04296875
6204108,26.67236328125
6204161,22.4609375
6204227,27.34375
6204392,21.66748046875
6204616,26.30615234375
6204799,20.93505859375
6252434,31.67724609375
6252544,20.8740234375
6252568,20.263671875
6252820,20.56884765625
6252951,25.57373046875
6253005,24.35302734375
6253109,19.95849609375
6253249,21.484375
6253363,22.15576171875
6253525,19.10400390625
6253821,27.83203125
6313447,37.29248046875
6313562,33.3251953125
6313624,21.6064453125
6313646,22.0947265625
6313719,22.216796875
6313745,21.1181640625
6313783,25.32958984375
6313808,20.99609375
6313901,26.0009765625
6314035,19.04296875
6314304,32.40966796875
6314497,21.728515625
6315275,18.98193359375
6315997,19.287109375
6316309,22.03369140625
6384318,19.95849609375
6384374,20.44677734375
6384405,21.05712890625
6384454,19.71435546875
6384499,21.728515625
6384552,21.66748046875
6384764,20.99609375
6384799,21.728515625
6384951,19.71435546875
6385010,19.59228515625
6385252,25.57373046875
6385429,20.99609375
6385537,19.775390625
6438835,19.59228515625
6438954,33.5693359375
6439033,22.76611328125
6439076,19.04296875
6439129,21.91162109375
6439161,19.47021484375
6439191,24.96337890625
6439376,20.3857421875
6439562,20.20263671875
6441366,19.95849609375
6441493,19.22607421875
6441579,20.81298828125
6489535,21.1181640625
6489551,21.3623046875
6489625,20.08056640625
6490039,19.10400390625
6490104,21.91162109375
6490127,19.59228515625
6490356,19.83642578125
6552702,18.98193359375
6552844,28.01513671875
6552944,30.2734375
6553009,18.9208984375
6553086,20.08056640625
6553327,20.56884765625
6553472,21.91162109375
6556108,19.4091796875
6625189,19.775390625
6625334,25.7568359375
6625404,24.35302734375
6625520,18.98193359375
6625630,25.0244140625
6625664,20.3857421875
6625819,21.8505859375
6625855,19.95849609375
6626062,23.3154296875
6626111,24.2919921875
6696952,28.9306640625
6697038,31.6162109375
6697119,21.05712890625
6697184,19.10400390625
6697225,20.6298828125
6697235,18.98193359375
6697319,28.38134765625
6697444,26.2451171875
6697489,29.052734375
6697543,29.35791015625
6697631,19.71435546875
6697913,19.775390625
6698259,18.9208984375
6759954,23.5595703125
6759967,19.4091796875
6760016,20.99609375
6760084,30.2734375
6760138,21.17919921875
6760168,21.42333984375
6760181,29.6630859375
6760215,19.4091796875
6760232,21.17919921875
6760350,19.04296875
6760388,35.94970703125
6760427,19.287109375
6760455,20.08056640625
6760503,19.59228515625
6760611,21.17919921875
6760638,20.56884765625
6760710,19.47021484375
6760906,24.10888671875
6761163,20.1416015625
6761515,19.47021484375
6761625,21.97265625
6806060,20.56884765625
6806117,27.34375
6806127,22.4609375
6806172,19.59228515625
6806213,26.85546875
6806266,21.3623046875
6806281,22.216796875
6806332,24.7802734375
6806350,20.751953125
6806492,22.4609375
6806581,19.34814453125
6806627,28.74755859375
6806833,19.4091796875
6856989,19.95849609375
6857036,22.15576171875
6857063,18.98193359375
6857111,20.1416015625
6857139,20.99609375
6857206,20.93505859375
6857255,23.13232421875
6857276,30.33447265625
6857339,20.56884765625
6857380,21.17919921875
6857398,19.8974609375
6858194,19.8974609375
6859338,20.8740234375
6878395,26.91650390625
6878427,25.7568359375
6878460,20.1416015625
6878482,20.8740234375
6878577,22.8271484375
6878787,20.08056640625
6879298,20.99609375
6880750,23.0712890625
6945734,19.95849609375
6945780,21.97265625
6945856,29.541015625
6945990,26.67236328125
6946025,20.69091796875
6946058,27.83203125
6946069,22.52197265625
6946183,21.54541015625
6946263,21.3623046875
6946533,20.08056640625
6999152,19.83642578125
6999169,28.62548828125
6999209,19.47021484375
6999247,20.81298828125
6999265,21.54541015625
6999315,29.9072265625
6999381,21.728515625
6999524,18.9208984375
6999571,27.77099609375
7039841,19.95849609375
7039878,20.99609375
7040000,29.11376953125
7040282,19.22607421875
7040339,19.22607421875
7040427,19.22607421875
7040676,19.95849609375
7040708,20.1416015625
7040777,19.34814453125
7098511,25.08544921875
7098620,27.77099609375
7098724,21.240234375
7098907,20.751953125
7098933,19.47021484375
7098960,20.6298828125
7099126,20.6298828125
7099328,25.2685546875
7134304,21.42333984375
7134369,25.5126953125
7134460,26.18408203125
7134585,25.634765625
7134751,26.55029296875
7134811,19.6533203125
7135221,21.728515625
7171235,27.4658203125
7171255,20.3857421875
7171311,22.0947265625
7171391,34.85107421875
7171552,23.37646484375
7171636,24.2919921875
7171746,21.1181640625
7174574,20.751953125
7217975,24.59716796875
7218351,20.32470703125
7218631,19.04296875
7218823,20.99609375
7264206,27.16064453125
7264295,30.76171875
7264407,18.9208984375
7264485,19.4091796875
7268734,24.35302734375
7316371,26.7333984375
7316421,24.90234375
7316458,19.34814453125
7316515,22.0947265625
7316801,20.69091796875
7316858,21.6064453125
7317907,22.03369140625
7389702,22.39990234375
7390118,19.6533203125
7390164,22.8271484375
7390179,22.0947265625
7390226,24.59716796875
7390265,19.22607421875
7390401,20.32470703125
7390416,19.4091796875
7390471,20.5078125
7390506,22.76611328125
7390553,22.0947265625
7390631,19.83642578125
7390654,27.7099609375
7390796,19.59228515625
7390827,19.47021484375
7390888,21.6064453125
7390920,20.08056640625
7391059,21.1181640625
7440150,18.98193359375
7440214,20.8740234375
7440262,35.46142578125
7440324,20.81298828125
7440339,23.3154296875
7440363,19.10400390625
7440459,20.08056640625
7440542,27.52685546875
7440570,21.05712890625
7440623,20.99609375
7440650,19.04296875
7440677,20.32470703125
7440754,21.8505859375
7441005,24.59716796875
7441103,19.34814453125
7441367,20.01953125
7504695,26.85546875
7504705,21.8505859375
7504750,21.05712890625
7504822,19.53125
7504903,23.5595703125
7504920,23.13232421875
7505030,28.9306640625
7505225,19.59228515625
7505632,20.8740234375
7506854,20.81298828125
7570376,21.30126953125
7570411,29.052734375
7570511,25.57373046875
7570521,20.08056640625
7570574,27.77099609375
7570630,19.53125
7570650,22.0947265625
7570805,29.60205078125
7570984,19.775390625
7571142,19.775390625
7571639,21.6064453125
7607018,25.390625
7607121,20.93505859375
7607186,21.91162109375
7607263,20.263671875
7607281,19.47021484375
7607329,22.3388671875
7607350,20.32470703125
7607472,29.23583984375
7607490,21.728515625
7611194,19.53125
7659177,22.216796875
7659248,19.95849609375
7659333,30.33447265625
7659391,22.0947265625
7659407,19.59228515625
7659446,18.9208984375
7659480,19.8974609375
7659567,19.775390625
7659617,19.10400390625
7659802,19.10400390625
7660045,20.69091796875
7660347,24.10888671875
7662926,19.1650390625
7672267,21.78955078125
7672399,23.62060546875
7672657,19.22607421875
7672891,21.240234375
7680482,23.0712890625
7680818,23.98681640625
7709117,22.8271484375
7709176,21.97265625
7709237,19.04296875
7709267,19.83642578125
7709394,24.23095703125
7709731,19.53125
7713417,20.3857421875
7714296,19.95849609375
7752331,21.66748046875
7752410,29.541015625
7752438,23.86474609375
7752462,21.728515625
7752683,21.54541015625
7753053,22.4609375
7753141,22.0947265625
7756642,19.10400390625
7821464,23.0712890625
7821570,20.81298828125
7821700,19.53125
7821733,23.193359375
7821786,21.1181640625
7821848,20.20263671875
7821870,26.42822265625
7821920,19.775390625
7821963,29.35791015625
7822126,20.93505859375
7822201,18.9208984375
7822243,19.6533203125
7822303,19.287109375
7822378,20.69091796875
7822487,21.8505859375
7822747,19.287109375
7883170,20.20263671875
7883332,35.15625
7883452,23.8037109375
7883475,21.240234375
7883491,20.08056640625
7883537,19.1650390625
7883586,23.0712890625
7883643,21.6064453125
7883694,19.8974609375
7883735,20.263671875
7883795,20.3857421875
7954250,18.9208984375
7954435,19.53125
7954459,23.86474609375
7954525,18.9208984375
7954635,19.287109375
7954679,29.1748046875
7954707,19.8974609375
7954735,22.0947265625
7954747,19.83642578125
7954797,19.34814453125
7954825,19.71435546875
7954850,19.287109375
7954957,23.3154296875
7954975,18.98193359375
7955056,21.240234375
8006295,21.66748046875
8006393,18.98193359375
8006517,19.59228515625
8006543,22.5830078125
8006668,19.59228515625
8006708,21.97265625
8006767,20.5078125
8006801,19.71435546875
8006920,26.18408203125
8007138,21.1181640625
8007229,19.22607421875
8007359,22.64404296875
8007521,20.263671875
8007792,20.20263671875
8008042,19.83642578125
8008498,19.71435546875
8048497,21.30126953125
8048715,22.76611328125
8048757,22.8271484375
8048778,20.32470703125
8048861,19.47021484375
8049005,19.59228515625
8049294,20.44677734375
8049430,19.4091796875
8051815,18.98193359375
8090316,20.6298828125
8090446,23.37646484375
8090530,21.54541015625
8090705,23.0712890625
8090820,22.3388671875
8091610,21.66748046875
8129194,19.775390625
8129249,26.67236328125
8129308,26.3671875
8129339,21.1181640625
8129353,23.74267578125
8129390,19.22607421875
8129564,25.2685546875
8129632,19.1650390625
8129646,23.13232421875
8129772,23.4375
8131849,20.99609375
8200957,22.39990234375
8201051,20.44677734375
8201061,22.39990234375
8201110,23.74267578125
8201173,20.263671875
8201283,19.04296875
8201848,19.287109375
8201978,21.1181640625
8203142,22.76611328125
8276576,26.3671875
8276620,19.775390625
8276638,24.0478515625
8276736,29.47998046875
8276790,21.42333984375
8276817,29.84619140625
8276844,19.287109375
8276952,27.4658203125
8277290,23.3154296875
8277508,19.53125
8277569,19.71435546875
8307330,20.56884765625
8307391,25.5126953125
8307434,32.5927734375
8307449,21.05712890625
8307502,21.6064453125
8307570,20.32470703125
8307693,18.98193359375
8307712,23.98681640625
8307729,21.54541015625
8307827,19.71435546875
8308234,20.93505859375
8308298,19.287109375
8308455,21.3623046875
8308541,20.263671875
8472269,24.90234375
8472408,22.15576171875
8472509,20.32470703125
8472589,20.08056640625
8472685,21.42333984375
8472701,20.08056640625
8472786,27.34375
8472983,19.8974609375
8473121,20.81298828125
8511276,21.54541015625
8511365,33.203125
8511405,19.287109375
8511474,23.193359375
8511627,19.22607421875
8511653,23.98681640625
8511682,21.6064453125
8511726,22.03369140625
8511842,22.5830078125
8511941,19.47021484375
8512232,19.1650390625
8589956,20.69091796875
8590219,25.390625
8590420,25.45166015625
8590459,20.751953125
8590566,20.751953125
8590587,19.6533203125
8590624,19.1650390625
8590685,21.240234375
8590836,19.59228515625
8590862,20.08056640625
8590898,24.169921875
8590944,20.3857421875
8590992,20.751953125
8591019,19.53125
8591082,21.42333984375
8591144,20.20263671875
8591201,19.10400390625
8687658,20.1416015625
8687716,21.54541015625
8687856,27.40478515625
8687941,26.85546875
8688073,19.47021484375
8688087,19.4091796875
8688174,24.90234375
8688301,19.6533203125
8688321,33.99658203125
8688335,21.240234375
8688362,24.658203125
8688450,19.1650390625
8688461,22.94921875
8688493,22.3388671875
8688516,22.3388671875
8688610,21.728515625
8688672,21.728515625
8688707,24.5361328125
8689283,20.8740234375
8778454,24.10888671875
8778568,24.96337890625
8778613,19.22607421875
8778645,21.97265625
8778691,33.38623046875
8778716,22.52197265625
8778770,20.3857421875
8778806,20.99609375
8778819,20.81298828125
8778832,20.751953125
8778879,26.611328125
8778918,24.47509765625
8779106,30.8837890625
8779148,19.53125
8779241,19.47021484375
8779287,24.2919921875
8779345,20.32470703125
8779390,19.59228515625
8840829,23.37646484375
8840857,22.76611328125
8840976,24.59716796875
8841022,20.99609375
8841106,21.3623046875
8841247,25.20751953125
8841318,28.6865234375
8841348,22.216796875
8841386,22.3388671875
8841423,21.1181640625
8841435,21.728515625
8841464,21.30126953125
8841511,19.775390625
8841563,22.15576171875
8841611,20.99609375
8841686,21.8505859375
8841764,19.53125
8841841,32.5927734375
8842384,19.83642578125
8877182,22.3388671875
8936112,20.8740234375
8936155,26.91650390625
8936243,20.93505859375
8936294,22.39990234375
8936384,20.263671875
8936438,19.47021484375
8936523,18.98193359375
8936547,19.1650390625
8936671,21.05712890625
8936692,24.23095703125
8936727,25.634765625
8937046,20.8740234375
8937061,19.53125
8937286,20.263671875
8937445,23.3154296875
8972331,24.658203125
9017900,20.99609375
9017956,22.52197265625
9017994,19.22607421875
9018027,28.25927734375
9018048,20.01953125
9018082,20.81298828125
9018112,19.775390625
9018141,22.76611328125
9018175,36.56005859375
9018250,25.45166015625
9018279,23.193359375
9018298,23.8037109375
9018469,20.20263671875
9018491,19.1650390625
9018527,20.56884765625
9018622,23.37646484375
9020570,21.42333984375
9083372,30.82275390625
9128024,22.94921875
9128252,22.3388671875
9128358,22.216796875
9128378,19.71435546875
9128478,21.30126953125
9128509,25.81787109375
9128535,23.193359375
9128592,22.3388671875
9128623,19.53125
9128668,22.27783203125
9128689,19.53125
9128710,28.3203125
9128762,20.5078125
9128835,23.681640625
9128862,18.9208984375
9180731,26.4892578125
9211127,21.484375
9211189,22.15576171875
9211241,19.22607421875
9211340,31.67724609375
9211364,24.7802734375
9211452,19.34814453125
9211494,22.94921875
9211515,25.390625
9211571,22.39990234375
9211623,22.216796875
9211675,20.69091796875
9211699,23.681640625
9211764,18.98193359375
9211867,20.81298828125
9306317,27.099609375
9306384,23.3154296875
9306418,20.751953125
9306451,23.0712890625
9306477,20.20263671875
9306613,21.1181640625
9306679,23.0712890625
9306720,19.1650390625
9306771,18.9208984375
9306822,20.56884765625
9306904,24.59716796875
9306915,19.47021484375
9306980,20.1416015625
9307126,18.9208984375
9307264,21.66748046875
9307688,21.240234375
9395613,21.30126953125
9395799,20.08056640625
9395843,20.6298828125
9395905,19.83642578125
9395943,20.99609375
9395977,38.63525390625
9396021,26.18408203125
9396047,26.67236328125
9396144,24.90234375
9396306,20.32470703125
9396435,19.775390625
9396507,20.08056640625
9396607,25.634765625
9439202,25.45166015625
9479901,18.9208984375
9479937,28.4423828125
9479996,20.1416015625
9480025,24.7802734375
9480150,21.05712890625
9480183,26.06201171875
9480201,20.81298828125
9480242,19.95849609375
9480339,19.59228515625
9480430,25.69580078125
9480471,26.18408203125
9480510,19.53125
9480588,29.72412109375
9480698,19.4091796875
9480756,19.04296875
9480814,18.98193359375
9480890,20.1416015625
9481183,20.44677734375
9563158,23.5595703125
9563247,28.62548828125
9563288,19.71435546875
9563341,23.3154296875
9563382,21.240234375
9563408,19.10400390625
9563452,24.35302734375
9563563,22.216796875
9563706,19.47021484375
9564480,19.83642578125
9663899,19.6533203125
9664027,23.37646484375
9664079,21.8505859375
9664133,19.10400390625
9664178,26.7333984375
9664250,26.9775390625
9664289,20.32470703125
9664313,19.95849609375
9664358,20.01953125
9664400,21.66748046875
9664492,23.37646484375
9664676,27.587890625
9664844,21.1181640625
9664979,19.22607421875
9730638,21.3623046875
9730840,19.34814453125
9730890,25.81787109375
9730954,34.11865234375
9730992,21.3623046875
9731013,21.97265625
9731054,20.69091796875
9731087,24.35302734375
9731117,20.69091796875
9731230,23.193359375
9731460,18.9208984375
9731494,22.4609375
9731576,19.04296875
9785451,24.96337890625
9785565,23.74267578125
9785659,31.79931640625
9785687,23.8037109375
9785722,22.76611328125
9785790,26.7333984375
9785807,20.81298828125
9785857,19.47021484375
9785891,19.83642578125
9785924,19.1650390625
9785988,19.83642578125
9786050,27.9541015625
9786202,19.1650390625
9786438,19.71435546875
9811640,28.25927734375
9820094,29.23583984375
9842650,28.25927734375
9845692,19.34814453125
9845739,30.82275390625
9845756,20.6298828125
9845819,21.66748046875
9845844,19.4091796875
9845909,27.34375
9845932,22.94921875
9845958,25.45166015625
9845981,19.10400390625
9846007,19.287109375
9846029,34.24072265625
9846074,19.95849609375
9846101,19.10400390625
9846231,19.10400390625
9846552,25.5126953125
9846585,21.42333984375
9936274,19.83642578125
9936430,22.03369140625
9936560,22.15576171875
9936570,22.76611328125
9936618,18.98193359375
9936786,26.30615234375
9936909,19.10400390625
9936981,20.08056640625
9937008,19.53125
9937208,26.91650390625
9937346,24.71923828125
9937757,23.13232421875
9983486,22.5830078125
10023732,20.08056640625
10023894,29.4189453125
10024019,28.9306640625
10024034,23.37646484375
10024059,21.17919921875
10024136,24.90234375
10024163,30.3955078125
10024200,20.1416015625
10024301,22.94921875
10024510,33.26416015625
10024623,24.2919921875
10024867,28.38134765625
10066947,23.86474609375
10071134,23.13232421875
10077017,27.4658203125
10098793,26.30615234375
10100205,22.39990234375
10100310,28.01513671875
10100462,27.28271484375
10100636,20.08056640625
10100696,21.05712890625
10100737,20.93505859375
10100769,20.32470703125
10100813,25.20751953125
10100882,19.53125
10100922,20.44677734375
10100957,20.08056640625
10101014,21.3623046875
10101093,25.69580078125
10101180,27.9541015625
10101228,19.775390625
10101258,24.35302734375
10101454,26.85546875
10160704,19.1650390625
10160827,26.42822265625
10160837,20.99609375
10160902,28.9306640625
10160919,21.8505859375
10160965,19.6533203125
10160989,22.3388671875
10161005,28.86962890625
10161047,21.1181640625
10161082,24.71923828125
10161226,26.30615234375
10161262,23.49853515625
10161330,31.005859375
10161494,20.1416015625
10161900,25.45166015625
10193915,26.18408203125
10196372,25.146484375
10209318,25.634765625
10212043,23.86474609375
10239061,19.59228515625
10239083,24.23095703125
10239199,24.90234375
10239276,20.263671875
10239312,20.20263671875
10239353,19.10400390625
10239393,23.98681640625
10239423,26.30615234375
10239482,18.98193359375
10239540,20.01953125
10239666,28.62548828125
10239695,19.95849609375
10239877,24.0478515625
10314901,19.22607421875
10314974,23.13232421875
10314991,24.71923828125
10315076,24.47509765625
10315163,25.45166015625
10315231,19.10400390625
10315325,22.3388671875
10315439,20.32470703125
10315520,20.81298828125
10315597,28.50341796875
10315833,20.1416015625
10315955,22.3388671875
10352067,29.052734375
10354091,25.2685546875
10356518,26.91650390625
10364367,29.72412109375
10405241,21.97265625
10405349,24.71923828125
10405424,26.7333984375
10405471,23.3154296875
10405503,18.9208984375
10405534,20.263671875
10405555,23.193359375
10405580,22.64404296875
10405701,21.6064453125
10405723,19.8974609375
10405831,25.69580078125
10405899,23.49853515625
10406036,23.3154296875
10406339,21.91162109375
10406389,22.39990234375
10464489,23.8037109375
10479548,20.81298828125
10479760,24.658203125
10479856,18.98193359375
10479937,21.1181640625
10480002,22.5830078125
10480060,19.04296875
10480080,18.9208984375
10480118,21.240234375
10480219,19.71435546875
10480255,25.08544921875
10480529,28.6865234375
10480550,22.03369140625
10480756,22.705078125
10512833,22.94921875
10538173,19.95849609375
10538421,19.95849609375
10538434,23.193359375
10538480,19.04296875
10538551,19.47021484375
10538608,21.484375
10538675,19.47021484375
10538814,31.1279296875
10538825,22.88818359375
10538969,19.71435546875
10539055,28.3203125
10539155,22.216796875
10539173,20.44677734375
10539200,23.98681640625
10539363,19.22607421875
10539918,19.95849609375
10580021,24.658203125
10583980,23.01025390625
10586173,25.93994140625
10589027,29.60205078125
10625062,20.8740234375
10625106,20.99609375
10625242,24.90234375
10625303,21.42333984375
10625383,33.14208984375
10625404,19.59228515625
10625491,21.05712890625
10625573,19.53125
10625633,21.54541015625
10625676,24.4140625
10625940,19.8974609375
10625966,24.5361328125
10626158,18.98193359375
10669411,28.564453125
10704297,24.658203125
10712622,22.8271484375
10712713,19.53125
10712742,30.94482421875
10712752,25.20751953125
10712807,19.59228515625
10712845,24.96337890625
10712893,22.216796875
10712979,20.81298828125
10713013,20.99609375
10713064,29.052734375
10713109,19.04296875
10713159,21.728515625
10713201,21.8505859375
10713267,19.287109375
10713298,23.25439453125
10713441,21.3623046875
10713675,20.69091796875
10748815,26.7333984375
10764756,27.77099609375
10768616,19.10400390625
10768658,20.81298828125
10768671,23.0712890625
10768700,20.20263671875
10768738,21.3623046875
10768910,24.2919921875
10768945,23.13232421875
10768988,27.4658203125
10769019,19.83642578125
10769123,25.87890625
10769255,21.30126953125
10769348,22.27783203125
10769574,27.9541015625
10769695,18.9208984375
10769844,22.52197265625
10770104,19.47021484375
10821352,22.5830078125
10830590,20.81298828125
10830651,19.95849609375
10830710,22.4609375
10830722,20.32470703125
10830797,20.81298828125
10830822,19.8974609375
10830884,19.22607421875
10830926,19.47021484375
10830944,23.62060546875
10831017,22.76611328125
10831078,21.97265625
10831266,19.10400390625
10831332,21.97265625
10831946,20.20263671875
10876869,23.74267578125
10879250,24.10888671875
10882876,31.73828125
10885288,20.1416015625
10885317,22.8271484375
10885344,19.6533203125
10885400,27.52685546875
10885538,22.52197265625
10885678,21.240234375
10885771,22.39990234375
10886159,20.751953125
10890638,19.04296875
10891254,19.59228515625
10891265,21.97265625
10934637,19.83642578125
10934729,23.0712890625
10934926,27.89306640625
10935055,21.30126953125
10935072,20.93505859375
10935177,31.18896484375
10935255,19.6533203125
10935327,19.34814453125
10935344,19.22607421875
10935380,24.10888671875
10935434,20.8740234375
10935481,19.1650390625
10935537,23.25439453125
10935555,19.1650390625
10935594,19.83642578125
10935867,24.23095703125
10935954,19.10400390625
10936251,19.47021484375
10936401,21.728515625
11010501,20.263671875
11010586,31.982421875
11010649,31.55517578125
11010693,24.71923828125
11010729,23.37646484375
11010825,29.9072265625
11010843,21.728515625
11010858,20.81298828125
11010891,20.69091796875
11010920,25.93994140625
11010964,21.240234375
11011045,21.3623046875
11011096,22.39990234375
11011131,23.92578125
11011223,27.587890625
11011446,22.76611328125
11011700,19.10400390625
11078409,33.87451171875
11078497,21.97265625
11078554,20.32470703125
11078603,19.83642578125
11078689,22.3388671875
11078744,24.7802734375
11078804,22.94921875
11078816,19.22607421875
11078860,22.8271484375
11079026,19.53125
11079055,24.59716796875
11079419,18.9208984375
11113648,23.62060546875
11125096,24.23095703125
11125360,21.3623046875
11125622,21.66748046875
11125941,21.91162109375
11126337,21.8505859375
11173587,18.9208984375
11173637,24.2919921875
11173658,19.775390625
11173719,28.80859375
11173800,26.67236328125
11173815,22.15576171875
11173880,23.5595703125
11174008,20.08056640625
11174050,19.1650390625
11174079,23.4375
11174181,30.21240234375
11174238,24.90234375
11174384,20.5078125
11174580,27.77099609375
11202819,26.55029296875
11232044,27.28271484375
11232104,22.3388671875
11232147,21.30126953125
11232185,26.0009765625
11232264,20.263671875
11232294,20.1416015625
11232305,20.08056640625
11232376,20.99609375
11232418,24.7802734375
11232438,23.3154296875
11232554,19.1650390625
11232679,21.728515625
11235648,21.728515625
11288074,20.32470703125
11288143,30.3955078125
11288212,21.240234375
11288258,19.6533203125
11288306,20.20263671875
11288602,23.98681640625
11288805,18.9208984375
11289528,20.263671875
11291125,21.8505859375
11292008,18.9208984375
11292270,21.1181640625
11337813,20.1416015625
11337873,25.0244140625
11337910,20.3857421875
11337973,19.1650390625
11338538,22.64404296875
11338945,20.93505859375
11341844,18.9208984375
11377133,20.01953125
11377394,23.3154296875
11377466,24.59716796875
11377607,21.728515625
11377713,22.76611328125
11377763,20.44677734375
11377882,21.78955078125
11378129,19.34814453125
11378848,19.10400390625
11381163,22.3388671875
11445928,19.775390625
11445962,30.70068359375
11446039,24.59716796875
11446058,21.8505859375
11446157,21.6064453125
11446271,19.59228515625
11446418,22.3388671875
11446769,20.32470703125
11446933,19.287109375
11447259,18.98193359375
11448055,20.99609375
11480265,34.60693359375
11506560,25.20751953125
11506589,19.04296875
11506646,19.83642578125
11506893,21.66748046875
11507141,20.44677734375
11507208,19.22607421875
11507541,21.240234375
11507867,22.8271484375
11508130,20.1416015625
11508293,19.8974609375
11508674,19.10400390625
11508687,23.01025390625
11593455,27.34375
11593574,21.97265625
11593715,19.83642578125
11593769,21.8505859375
11593810,19.8974609375
11593899,19.53125
11594151,22.0947265625
11594304,19.1650390625
11594432,19.1650390625
11594606,19.53125
11594824,28.3203125
11595102,21.97265625
11595228,19.10400390625
11595487,19.22607421875
11670723,19.22607421875
11670821,28.99169921875
11670930,19.287109375
11670949,21.97265625
11671032,25.69580078125
11671054,19.1650390625
11671129,22.27783203125
11671208,22.88818359375
11671299,20.263671875
11671320,20.5078125
11671374,22.88818359375
11671562,22.03369140625
11671671,20.3857421875
11671843,19.71435546875
11671927,19.53125
11672156,19.59228515625
11672293,20.99609375
11672335,22.705078125
11672413,19.47021484375
11672543,19.775390625
11672807,20.01953125
11722757,18.98193359375
11722777,26.91650390625
11722830,21.05712890625
11722887,20.69091796875
11722906,20.99609375
11723062,19.8974609375
11723086,19.1650390625
11723118,20.1416015625
11723202,20.93505859375
11723298,22.0947265625
11723608,23.5595703125
11723737,29.4189453125
11723901,20.20263671875
11724047,21.1181640625
11778375,24.71923828125
11778478,21.97265625
11778495,26.55029296875
11778550,21.91162109375
11778680,20.99609375
11778718,19.22607421875
11778764,24.59716796875
11778844,20.5078125
11778957,21.6064453125
11779048,21.240234375
11779207,20.69091796875
11779283,20.32470703125
11779327,20.5078125
11779593,19.10400390625
11779925,27.40478515625
11780322,21.97265625
11852564,22.52197265625
11852669,26.42822265625
11852742,23.49853515625
11853243,20.81298828125
11853258,22.52197265625
11853376,23.74267578125
11853488,19.1650390625
11853599,24.7802734375
11853733,20.81298828125
11854074,18.98193359375
11854245,20.20263671875
11854638,19.83642578125
11914468,26.18408203125
11919821,22.27783203125
11954262,22.39990234375
11954318,33.26416015625
11954401,31.43310546875
11954428,19.4091796875
11954457,20.263671875
11954555,28.01513671875
11954652,25.81787109375
11954751,22.705078125
11954787,20.93505859375
11954842,21.3623046875
11954896,21.6064453125
11954951,19.775390625
11955040,22.03369140625
11955062,22.4609375
11955125,19.34814453125
11955378,19.287109375
