14355000,0
9633,67.2607421875
10740,63.5986328125
12164,61.1572265625
12259,50.048828125
12364,42.6025390625
39612,60.85205078125
40019,60.4248046875
40099,46.142578125
63776,69.7021484375
63855,50.96435546875
63970,58.4716796875
86141,63.41552734375
86242,54.13818359375
86383,37.65869140625
86691,62.80517578125
109468,67.19970703125
109724,62.31689453125
116815,66.650390625
116902,46.32568359375
117049,47.91259765625
126927,52.18505859375
138473,58.04443359375
145439,64.02587890625
167934,59.02099609375
168026,65.85693359375
168151,50.72021484375
187806,60.1806640625
188078,64.51416015625
206823,61.8896484375
206952,62.68310546875
206999,37.4755859375
207014,39.9169921875
221707,61.34033203125
221859,50.84228515625
222211,53.3447265625
232419,60.60791015625
232458,39.24560546875
232493,51.69677734375
233013,55.7861328125
236294,57.7392578125
236558,52.30712890625
237143,46.44775390625
246115,58.04443359375
246225,54.0771484375
247171,66.83349609375
256169,59.38720703125
256307,57.06787109375
256586,48.9501953125
261212,52.91748046875
268156,57.9833984375
268406,53.64990234375
268526,63.29345703125
277442,55.17578125
277618,78.4912109375
278340,53.22265625
285414,61.82861328125
285703,55.48095703125
285904,49.6826171875
286092,60.72998046875
292966,55.6640625
298995,62.5
299186,64.63623046875
299523,58.349609375
303608,57.31201171875
304968,62.8662109375
312642,60.60791015625
312894,50.47607421875
313141,60.1806640625
316152,65.24658203125
316308,50.6591796875
326581,60.48583984375
326620,41.56494140625
326825,56.09130859375
327016,48.9501953125
327408,58.28857421875
331351,80.13916015625
332844,61.58447265625
343748,56.15234375
344018,55.60302734375
348790,66.5283203125
349185,54.8095703125
349217,38.39111328125
357822,67.19970703125
358051,55.2978515625
368304,59.63134765625
368848,57.4951171875
372080,64.63623046875
372717,58.349609375
373948,66.22314453125
374158,79.40673828125
374839,51.6357421875
381369,71.533203125
381426,45.83740234375
388234,63.53759765625
388376,53.8330078125
396460,66.22314453125
396908,54.443359375
397388,57.4951171875
400186,63.17138671875
400370,76.416015625
408488,63.41552734375
408874,50.10986328125
410578,54.87060546875
411197,52.3681640625
416321,61.58447265625
417663,59.38720703125
418034,62.01171875
426261,62.56103515625
426380,60.85205078125
427920,61.6455078125
428174,53.89404296875
436032,61.4013671875
436398,53.7109375
436616,56.82373046875
437331,57.43408203125
439144,79.40673828125
439422,58.65478515625
440099,58.41064453125
440600,63.04931640625
441066,59.02099609375
449214,60.05859375
449427,52.1240234375
449804,60.72998046875
458027,56.0302734375
458187,50.35400390625
458464,60.60791015625
460576,69.03076171875
460804,60.6689453125
469152,57.4951171875
469397,52.79541015625
469968,70.73974609375
470171,63.1103515625
478107,65.7958984375
478401,64.27001953125
478801,50.4150390625
479079,52.06298828125
489198,64.0869140625
489533,58.28857421875
490588,59.2041015625
497970,49.9267578125
499832,64.39208984375
499893,40.8935546875
500070,48.15673828125
505849,56.82373046875
514680,68.7255859375
514885,60.791015625
525676,63.78173828125
527956,62.07275390625
528568,58.65478515625
529383,53.40576171875
530754,56.396484375
532916,56.09130859375
539216,54.13818359375
539874,68.42041015625
547326,68.42041015625
547604,56.884765625
548341,67.68798828125
548580,50.537109375
556995,75.439453125
557104,37.7197265625
558034,64.3310546875
558128,39.55078125
566713,56.33544921875
566821,46.93603515625
567131,56.82373046875
576990,60.05859375
577252,51.8798828125
578842,56.21337890625
578932,45.0439453125
579133,63.53759765625
588067,63.96484375
588153,44.25048828125
598639,62.3779296875
600072,56.09130859375
600289,45.10498046875
608468,59.75341796875
609638,59.75341796875
609893,54.13818359375
610261,57.2509765625
620643,60.97412109375
620744,56.5185546875
630216,63.41552734375
635336,75.37841796875
646627,65.24658203125
646692,41.68701171875
657246,70.12939453125
657507,56.45751953125
670378,58.53271484375
671017,77.0263671875
672697,67.9931640625
685540,58.4716796875
686117,53.89404296875
687216,81.97021484375
687297,44.49462890625
700996,49.74365234375
701230,51.7578125
716247,54.8095703125
716449,58.10546875
716898,56.94580078125
718482,63.5986328125
735494,57.18994140625
735688,60.36376953125
735881,53.16162109375
740461,73.30322265625
756651,65.5517578125
756948,61.767578125
778233,56.5185546875
778527,54.62646484375
800458,75.13427734375
821048,62.92724609375
823593,60.97412109375
847385,68.90869140625
875985,63.1103515625
876121,55.60302734375
883042,86.7919921875
883711,68.2373046875
903102,53.28369140625
903366,56.396484375
903598,55.2978515625
937859,63.41552734375
937981,72.20458984375
953403,63.1103515625
953595,61.70654296875
976675,57.43408203125
976822,61.8896484375
1005062,61.21826171875
1005196,57.2509765625
1036161,74.3408203125
1036206,39.9169921875
1036274,42.54150390625
1036563,64.697265625
1050330,62.92724609375
1050788,51.7578125
1097025,77.880859375
1097110,56.94580078125
1097186,44.921875
1116820,55.0537109375
1116980,58.59375
1117227,52.55126953125
1152004,75.74462890625
1152017,42.17529296875
1152103,57.06787109375
1178282,63.232421875
1178498,53.77197265625
1210220,61.82861328125
1210619,50.35400390625
1210791,49.98779296875
1210986,53.89404296875
1216324,71.2890625
1219283,63.3544921875
1219493,51.45263671875
1249554,72.1435546875
1267185,64.697265625
1267356,62.255859375
1269767,59.6923828125
1270685,79.9560546875
1270995,58.53271484375
1271489,55.5419921875
1305973,39.9169921875
1306013,70.00732421875
1308162,67.81005859375
1308936,69.82421875
1309770,66.83349609375
1323407,57.43408203125
1325214,61.03515625
1339601,47.7294921875
1339886,60.48583984375
1340336,60.36376953125
1341035,56.94580078125
1342319,59.6923828125
1368246,40.771484375
1368601,58.10546875
1370285,42.78564453125
1370316,58.59375
1374019,75.86669921875
1388549,67.5048828125
1388766,68.84765625
1389217,50.537109375
1408057,54.19921875
1408283,66.58935546875
1409287,50.1708984375
1410868,57.861328125
1411531,52.06298828125
1413454,38.4521484375
1414720,56.09130859375
1435099,63.1103515625
1436753,61.4013671875
1437520,58.16650390625
1437702,51.513671875
1438558,61.82861328125
1453514,57.9833984375
1453772,56.396484375
1454403,61.4013671875
1455770,59.50927734375
1456270,56.7626953125
1478461,37.4755859375
1478485,60.546875
1478568,48.03466796875
1480798,57.31201171875
1480920,44.61669921875
1481701,58.16650390625
1481981,51.69677734375
1482263,64.208984375
1482470,45.7763671875
1500040,73.8525390625
1500319,52.490234375
1501134,56.7626953125
1501335,53.77197265625
1504627,77.7587890625
1504805,54.50439453125
1505041,47.36328125
1505700,51.513671875
1507378,61.46240234375
1509265,61.03515625
1509638,53.64990234375
1524346,58.28857421875
1524442,51.8798828125
1526299,72.021484375
1526678,57.92236328125
1526882,41.748046875
1527684,60.1806640625
1528214,63.78173828125
1543551,64.697265625
1543658,56.94580078125
1543825,51.08642578125
1544117,55.17578125
1544592,49.560546875
1561675,56.57958984375
1561788,63.232421875
1561984,55.7861328125
1565294,63.232421875
1565387,47.79052734375
1565639,59.26513671875
1565860,55.60302734375
1566371,61.70654296875
1566663,59.14306640625
1566855,39.0625
1567142,59.75341796875
1582784,62.1337890625
1582931,46.08154296875
1583064,49.6826171875
1583568,50.1708984375
1585819,66.2841796875
1586230,59.9365234375
1600848,60.48583984375
1600929,37.65869140625
1601098,40.22216796875
1604448,61.21826171875
1604630,54.8095703125
1604847,48.03466796875
1605827,55.7861328125
1608181,38.26904296875
1608430,59.326171875
1608855,59.75341796875
1629515,61.5234375
1629658,37.841796875
1629800,51.6357421875
1630109,46.32568359375
1641535,63.17138671875
1641634,38.02490234375
1641844,62.1337890625
1641974,52.30712890625
1657489,52.6123046875
1657621,57.92236328125
1657765,52.6123046875
1658075,50.84228515625
1658367,50.78125
1677407,62.19482421875
1677564,50.84228515625
1677767,56.33544921875
1677993,55.6640625
1682176,59.75341796875
1682540,51.1474609375
1683106,58.10546875
1683599,63.96484375
1684131,52.67333984375
1700215,58.837890625
1700344,46.7529296875
1700566,49.13330078125
1726555,59.5703125
1726627,53.955078125
1730548,60.302734375
1730801,60.72998046875
1731467,65.185546875
1740037,38.2080078125
1740099,56.94580078125
1740252,52.30712890625
1740513,47.05810546875
1740728,41.93115234375
1774884,72.32666015625
1774951,46.44775390625
1775056,39.1845703125
1780576,62.5
1817007,71.83837890625
1817084,56.7626953125
1817290,46.81396484375
1822568,57.43408203125
1822617,39.85595703125
1822932,58.77685546875
1848045,70.86181640625
1848159,53.5888671875
1848489,50.048828125
1872786,60.36376953125
1872964,49.98779296875
1907735,80.322265625
1929068,53.89404296875
1929078,64.94140625
1929117,45.166015625
1945573,63.90380859375
1947139,50.47607421875
1947211,56.640625
1977182,63.8427734375
1977357,61.21826171875
1997838,57.6171875
1997977,47.8515625
1998567,74.27978515625
1998691,42.90771484375
1998823,53.64990234375
2036908,49.072265625
2036965,43.39599609375
2036992,54.26025390625
2037077,49.8046875
2058088,60.302734375
2080761,69.9462890625
2091101,58.59375
2091156,39.97802734375
2091303,48.76708984375
2091438,42.48046875
2091628,44.677734375
2122266,62.07275390625
2122632,42.78564453125
2122645,41.50390625
2122743,46.7529296875
2122854,44.49462890625
2140411,71.22802734375
2140456,47.7294921875
2140611,52.24609375
2172434,69.82421875
2172655,61.5234375
2216629,72.08251953125
2216657,37.90283203125
2216735,59.14306640625
2216837,56.7626953125
2216954,49.9267578125
2234212,58.77685546875
2235583,58.89892578125
2266918,42.41943359375
2266931,67.0166015625
2273596,57.2509765625
2273672,42.8466796875
2273754,43.76220703125
2302587,39.73388671875
2302792,54.13818359375
2327078,64.75830078125
2327131,63.65966796875
2341268,72.20458984375
2341369,53.77197265625
2341623,52.79541015625
2360269,59.5703125
2360515,51.20849609375
2388529,59.75341796875
2388706,54.443359375
2388842,53.77197265625
2388966,53.22265625
2402005,83.43505859375
2402146,45.83740234375
2421323,67.5048828125
2422005,56.21337890625
2422155,57.43408203125
2422333,39.36767578125
2442347,72.265625
2442440,55.72509765625
2463566,53.22265625
2467317,66.34521484375
2467385,56.33544921875
2488707,58.10546875
2488809,64.697265625
2505967,60.1806640625
2506164,50.4150390625
2506336,46.38671875
2525024,63.90380859375
2525052,41.19873046875
2525103,49.072265625
2525250,45.95947265625
2547208,60.546875
2547279,46.20361328125
2562191,72.44873046875
2585888,69.51904296875
2586917,70.37353515625
2586977,41.32080078125
2600511,63.232421875
2600578,48.2177734375
2601942,65.185546875
2602034,46.2646484375
2602461,53.16162109375
2625929,59.4482421875
2625985,44.73876953125
2626005,64.27001953125
2645277,60.24169921875
2645381,49.86572265625
2645524,61.21826171875
2653480,48.64501953125
2681462,62.1337890625
2681933,57.0068359375
2682861,65.91796875
2682889,39.24560546875
2683253,56.640625
2683391,40.10009765625
2683594,55.11474609375
2694507,58.2275390625
2696637,63.04931640625
2696838,60.85205078125
2726460,70.49560546875
2726588,44.98291015625
2726770,60.85205078125
2753266,61.70654296875
2754053,61.5234375
2754235,39.00146484375
2776636,50.35400390625
2777670,54.443359375
2799618,77.5146484375
2799774,60.791015625
2799992,53.466796875
2816663,69.03076171875
2818753,54.443359375
2837572,60.9130859375
2845509,57.31201171875
2846383,57.0068359375
2846477,53.64990234375
2850941,61.95068359375
2851012,53.16162109375
2852225,59.14306640625
2866788,59.87548828125
2866931,67.626953125
2869462,92.22412109375
2887192,61.95068359375
2887367,57.4951171875
2887534,50.59814453125
2890221,63.5986328125
2890997,55.96923828125
2894345,59.814453125
2895439,62.68310546875
2901900,60.60791015625
2901978,51.025390625
2902014,40.1611328125
2902157,41.44287109375
2902466,55.11474609375
2903998,58.2275390625
2904571,54.931640625
2908356,59.75341796875
2914522,59.63134765625
2921401,64.8193359375
2921553,53.955078125
2921652,41.68701171875
2921894,47.66845703125
2922115,51.26953125
2923043,55.48095703125
2928417,65.4296875
2928699,82.6416015625
2928917,52.42919921875
2929253,46.69189453125
2932658,57.2509765625
2938039,60.1806640625
2938225,59.814453125
2938383,39.12353515625
2943782,62.1337890625
2943988,60.36376953125
2944206,49.74365234375
2944403,54.74853515625
2950270,53.16162109375
2950374,47.42431640625
2950612,52.24609375
2950927,47.30224609375
2951523,55.0537109375
2956690,70.80078125
2956952,60.302734375
2957268,46.38671875
2957598,43.45703125
2959028,56.640625
2959352,66.58935546875
2959962,58.837890625
2960124,42.41943359375
2960374,42.3583984375
2967668,55.72509765625
2967934,51.6357421875
2968184,44.98291015625
2968675,46.5087890625
2970090,68.359375
2970827,56.09130859375
2971093,59.9365234375
2977596,60.24169921875
2977788,62.255859375
2978155,46.81396484375
2978862,62.43896484375
2980765,60.85205078125
2981108,53.52783203125
2981398,62.255859375
2981689,55.908203125
2987164,54.38232421875
2987307,57.0068359375
2987638,55.5419921875
2987799,50.10986328125
2988059,57.373046875
2992551,57.2509765625
2992613,38.51318359375
2994986,58.2275390625
2995447,60.72998046875
2996034,61.1572265625
2996435,71.6552734375
3001823,57.4951171875
3001884,40.34423828125
3002271,55.48095703125
3003519,64.63623046875
3003815,51.94091796875
3008498,59.50927734375
3008678,57.9833984375
3008860,52.67333984375
3009552,56.82373046875
3010016,58.59375
3014347,69.091796875
3014426,58.65478515625
3014800,57.861328125
3017486,68.115234375
3017545,46.142578125
3017862,47.42431640625
3018639,59.5703125
3018864,51.7578125
3019302,51.513671875
3019804,52.91748046875
3025300,82.58056640625
3032627,60.4248046875
3032687,38.57421875
3032854,60.48583984375
3033256,42.78564453125
3034729,58.28857421875
3034834,43.8232421875
3035038,45.654296875
3040121,50.84228515625
3040231,43.3349609375
3041277,62.6220703125
3041566,53.1005859375
3041699,40.22216796875
3041964,37.59765625
3042214,47.18017578125
3042611,41.80908203125
3044043,57.80029296875
3044255,52.978515625
3045031,62.98828125
3050646,53.466796875
3050768,40.71044921875
3051097,50.4150390625
3051418,59.6923828125
3052205,53.466796875
3057736,59.326171875
3057873,46.0205078125
3058248,56.884765625
3058441,65.49072265625
3058588,40.46630859375
3058829,49.560546875
3059043,49.6826171875
3059323,57.6171875
3064558,80.56640625
3064850,49.62158203125
3065136,52.30712890625
3065607,54.62646484375
3066082,57.43408203125
3066430,41.259765625
3071334,54.99267578125
3071767,51.513671875
3072081,53.8330078125
3072427,54.74853515625
3072927,50.537109375
3073297,54.99267578125
3073871,56.09130859375
3074440,53.64990234375
3080170,54.87060546875
3080269,40.58837890625
3080408,51.8798828125
3080726,63.65966796875
3081102,54.8095703125
3081416,43.27392578125
3087886,70.73974609375
3088155,52.1240234375
3088351,46.630859375
3088843,59.9365234375
3089069,53.03955078125
3089310,46.142578125
3089700,38.02490234375
3089997,67.626953125
3095532,40.4052734375
3095618,43.39599609375
3095778,56.15234375
3096081,51.025390625
3096371,48.2177734375
3096641,49.01123046875
3096960,58.53271484375
3102923,58.9599609375
3103013,44.43359375
3103183,52.79541015625
3103421,49.9267578125
3103856,70.556640625
3104128,46.56982421875
3104705,48.88916015625
3105133,55.0537109375
3105552,52.30712890625
3105951,42.724609375
3111855,64.208984375
3111979,57.9833984375
3112197,49.86572265625
3112571,48.9501953125
3112850,59.38720703125
3113098,45.166015625
3113332,53.8330078125
3113675,73.3642578125
3119838,53.03955078125
3119935,47.18017578125
3120171,49.1943359375
3120515,44.86083984375
3120957,50.47607421875
3127973,62.3779296875
3128021,59.14306640625
3128189,55.11474609375
3128672,63.8427734375
3128816,46.69189453125
3129017,44.25048828125
3129316,41.80908203125
3129566,46.875
3129763,48.64501953125
3130087,45.7763671875
3130550,52.734375
3130903,48.4619140625
3138211,67.19970703125
3138305,37.841796875
3138445,37.7197265625
3138644,52.79541015625
3138994,47.8515625
3139296,49.98779296875
3139605,57.373046875
3147211,57.373046875
3147407,54.62646484375
3147699,51.513671875
3147871,60.85205078125
3148233,54.6875
3148532,45.8984375
3148927,53.5888671875
3149214,47.30224609375
3149537,44.43359375
3149807,51.08642578125
3150187,45.83740234375
3156673,63.720703125
3156730,55.5419921875
3156955,54.38232421875
3157325,44.921875
3157541,47.66845703125
3157735,40.46630859375
3157997,48.33984375
3158364,48.33984375
3165961,57.67822265625
3166052,38.57421875
3166237,49.74365234375
3166821,55.908203125
3167124,40.1611328125
3167325,39.4287109375
3167685,47.9736328125
3175456,61.1572265625
3175523,38.51318359375
3175796,61.46240234375
3176054,57.31201171875
3176764,47.79052734375
3177032,46.7529296875
3186583,78.369140625
3186686,51.69677734375
3186758,38.14697265625
3186937,56.57958984375
3187220,45.83740234375
3187441,39.73388671875
3187752,39.00146484375
3188017,48.03466796875
3188338,47.119140625
3188595,60.05859375
3198668,76.171875
3198879,67.07763671875
3199200,54.87060546875
3199475,60.1806640625
3199820,44.25048828125
3209924,67.7490234375
3210004,64.14794921875
3210119,41.748046875
3210228,38.75732421875
3210562,49.6826171875
3210792,44.73876953125
3211027,50.96435546875
3211303,45.0439453125
3211671,60.4248046875
3212094,59.326171875
3220354,69.9462890625
3220439,41.748046875
3220652,53.89404296875
3220949,54.62646484375
3221177,45.166015625
3221479,39.306640625
3221773,49.74365234375
3233601,52.67333984375
3233859,53.955078125
3234192,55.2978515625
3234499,64.5751953125
3234858,40.95458984375
3235137,41.07666015625
3235436,42.90771484375
3235937,52.8564453125
3251482,55.17578125
3251571,41.56494140625
3251751,62.5
3251910,46.9970703125
3252554,64.5751953125
3252870,46.38671875
3253117,55.23681640625
3253725,56.2744140625
3266672,57.9833984375
3266962,54.19921875
3267168,54.0771484375
3267442,54.3212890625
3267819,58.89892578125
3268264,49.31640625
3268590,49.74365234375
3288528,57.6171875
3288613,37.4755859375
3288778,56.15234375
3289011,54.19921875
3289376,57.06787109375
3289929,49.74365234375
3317431,56.45751953125
3317611,50.78125
3317767,51.26953125
3340911,58.65478515625
3341067,48.095703125
3359250,49.86572265625
3359471,41.44287109375
3391987,44.5556640625
3392095,55.419921875
3408652,60.11962890625
3432541,52.8564453125
3432785,52.55126953125
3450677,68.2373046875
3473320,59.814453125
3474372,57.0068359375
3474988,53.16162109375
3489169,54.62646484375
3497846,52.67333984375
3512621,60.6689453125
3524582,53.03955078125
3546687,51.08642578125
3548982,70.80078125
3549086,51.8798828125
3562031,62.3779296875
3565318,60.791015625
3565715,58.837890625
3580942,56.94580078125
3592984,58.4716796875
3593193,51.81884765625
3593461,55.0537109375
3614256,64.8193359375
3638856,72.75390625
3639067,61.21826171875
3651779,52.79541015625
3679309,53.8330078125
3679487,61.6455078125
3692170,61.46240234375
3713448,64.94140625
3713846,59.63134765625
3714470,62.56103515625
3736657,65.97900390625
3757405,56.45751953125
3757541,55.48095703125
3788648,61.03515625
3788776,59.75341796875
3788992,47.30224609375
3819606,64.453125
3819843,61.58447265625
3820046,56.15234375
3838495,40.83251953125
3838838,68.05419921875
3872232,55.2978515625
3872545,55.35888671875
3887758,62.92724609375
3927374,39.85595703125
3938891,75.01220703125
3947866,54.8095703125
3947885,40.771484375
3952110,57.373046875
3952258,56.640625
3977010,55.0537109375
3995296,56.884765625
3996904,57.31201171875
3997023,49.4384765625
4009722,65.0634765625
4016291,76.84326171875
4016629,57.9833984375
4017784,61.8896484375
4018237,54.74853515625
4018546,53.8330078125
4021697,65.00244140625
4022622,50.35400390625
4023736,80.62744140625
4024862,53.77197265625
4045298,81.6650390625
4046202,69.580078125
4046348,65.36865234375
4059293,72.1435546875
4060442,74.21875
4061574,67.81005859375
4062348,57.6171875
4062423,49.31640625
4073845,59.99755859375
4074804,67.5048828125
4076209,65.49072265625
4076419,62.255859375
4078557,60.4248046875
4079474,57.0068359375
4089235,54.5654296875
4090032,38.02490234375
4090078,73.05908203125
4091361,56.884765625
4118045,56.21337890625
4118094,42.724609375
4118155,39.12353515625
4132768,65.185546875
4133646,68.90869140625
4135088,55.72509765625
4137235,64.697265625
4138046,54.62646484375
4138608,56.82373046875
4140317,51.3916015625
4141261,48.15673828125
4154971,63.53759765625
4163574,58.10546875
4165448,54.50439453125
4181717,55.60302734375
4182350,57.80029296875
4183815,59.08203125
4217090,76.11083984375
4217691,64.94140625
4218544,64.453125
4219488,71.47216796875
4220303,63.78173828125
4226669,63.1103515625
4227396,57.373046875
4227581,51.3916015625
4229247,70.9228515625
4249138,61.21826171875
4249174,43.88427734375
4249191,42.6025390625
4249275,38.9404296875
4261304,56.57958984375
4262086,65.5517578125
4262488,57.7392578125
4278856,65.97900390625
4279535,56.21337890625
4279584,38.330078125
4281004,56.2744140625
4288444,60.24169921875
4289177,65.673828125
4289489,55.96923828125
4290338,58.41064453125
4290908,50.048828125
4312414,60.97412109375
4312955,56.94580078125
4312997,40.52734375
4313054,46.93603515625
4342991,49.1943359375
4343072,53.5888671875
4343314,48.4619140625
4357592,56.70166015625
4357841,70.12939453125
4369332,71.77734375
4370126,53.40576171875
4371548,60.6689453125
4371900,57.9833984375
4379087,44.12841796875
4379734,58.41064453125
4379836,50.84228515625
4398163,59.99755859375
4398893,42.54150390625
4398986,47.79052734375
4410043,49.1943359375
4411201,57.43408203125
4411431,58.89892578125
4425852,74.951171875
4426985,65.61279296875
4430108,85.3271484375
4431347,55.60302734375
4431666,81.60400390625
4432173,54.19921875
4432242,37.65869140625
4433452,59.38720703125
4443612,68.603515625
4443805,57.861328125
4444178,51.81884765625
4444613,49.9267578125
4445011,54.6875
4457828,64.3310546875
4457926,37.90283203125
4457975,58.7158203125
4458064,51.3916015625
4458221,62.31689453125
4469452,75.13427734375
4469544,50.29296875
4469822,49.8046875
4478575,59.5703125
4478718,42.96875
4478797,46.7529296875
4479432,51.08642578125
4489116,60.11962890625
4489236,42.236328125
4489502,50.1708984375
4489908,54.5654296875
4498973,57.31201171875
4499159,52.734375
4499352,54.01611328125
4500008,53.7109375
4510697,50.78125
4510815,38.818359375
4510993,49.98779296875
4511224,54.62646484375
4511359,55.7861328125
4525240,39.6728515625
4525422,51.025390625
4525688,54.62646484375
4525872,55.0537109375
4537302,46.38671875
4537512,51.025390625
4537625,41.50390625
4538239,63.3544921875
4549272,54.99267578125
4549550,64.51416015625
4549908,59.02099609375
4559655,38.9404296875
4559698,58.837890625
4559907,60.791015625
4560104,57.6171875
4560433,53.77197265625
4575586,58.16650390625
4575779,49.25537109375
4575877,52.67333984375
4576129,52.91748046875
4576342,58.9599609375
4594439,49.62158203125
4594591,45.22705078125
4594706,48.15673828125
4594847,62.43896484375
4608248,65.61279296875
4608522,57.2509765625
4608693,61.1572265625
4608869,47.119140625
4626061,56.15234375
4626248,54.0771484375
4626335,60.48583984375
4626531,56.884765625
4626809,48.095703125
4641801,74.8291015625
4642009,54.99267578125
4642370,50.84228515625
4660021,54.6875
4660117,50.29296875
4660415,50.4150390625
4660690,53.52783203125
4675531,54.8095703125
4675751,62.8662109375
4676089,64.3310546875
4717696,52.06298828125
4717859,54.6875
4717925,49.8046875
4718071,42.8466796875
4718295,52.30712890625
4749703,37.9638671875
4749736,60.9130859375
4749935,46.9970703125
4774900,61.70654296875
4775108,54.38232421875
4775326,46.56982421875
4775693,54.87060546875
4802741,58.04443359375
4802876,57.31201171875
4803468,51.8798828125
4823245,59.9365234375
4830356,68.2373046875
4830517,58.4716796875
4841278,68.90869140625
4859829,60.6689453125
4871950,46.69189453125
4871990,42.236328125
4872011,57.67822265625
4872063,41.3818359375
4886933,57.92236328125
4911307,62.01171875
4916154,72.32666015625
4918920,70.12939453125
4919827,60.1806640625
4919996,47.30224609375
4932433,56.70166015625
4943219,67.7490234375
4944020,63.96484375
4952584,70.25146484375
4952668,62.8662109375
4961395,71.2890625
4962549,55.23681640625
4971473,63.8427734375
4972592,54.3212890625
4984424,66.10107421875
4984480,51.45263671875
4985563,54.13818359375
4992832,62.07275390625
5002117,87.5244140625
5002194,53.03955078125
5003115,75.1953125
5015397,66.10107421875
5015430,37.841796875
5015471,55.11474609375
5024585,63.78173828125
5027450,46.93603515625
5027481,37.65869140625
5052122,63.96484375
5053150,40.8935546875
5053163,70.73974609375
5060649,57.2509765625
5060723,39.73388671875
5061574,57.12890625
5078525,72.81494140625
5083441,71.6552734375
5083539,37.78076171875
5083600,55.23681640625
5083673,44.86083984375
5083714,51.025390625
5083836,46.81396484375
5104996,83.67919921875
5109349,70.12939453125
5109409,39.9169921875
5109551,51.69677734375
5109726,57.12890625
5125176,65.12451171875
5125843,64.94140625
5126261,56.09130859375
5128324,77.08740234375
5129054,67.56591796875
5129088,39.6728515625
5138587,60.48583984375
5138839,56.21337890625
5147779,68.17626953125
5163432,77.08740234375
5177635,63.96484375
5177676,50.6591796875
5183513,42.724609375
5183567,51.513671875
5183742,47.7294921875
5183956,50.84228515625
5184229,50.29296875
5198497,49.49951171875
5208218,60.1806640625
5209074,65.49072265625
5209939,64.697265625
5210237,64.88037109375
5241093,60.4248046875
5245102,63.53759765625
5245341,55.6640625
5245495,52.06298828125
5248577,59.9365234375
5249426,62.744140625
5251158,63.96484375
5253664,53.8330078125
5254426,52.8564453125
5255610,51.20849609375
5256677,60.791015625
5272442,54.19921875
5272634,45.7763671875
5274155,57.4951171875
5274433,47.91259765625
5292098,59.6923828125
5292538,74.40185546875
5292556,38.4521484375
5292800,56.0302734375
5296011,62.43896484375
5297166,56.5185546875
5312177,63.90380859375
5312305,50.048828125
5338455,56.5185546875
5338863,54.99267578125
5338993,52.55126953125
5339014,39.9169921875
5342356,61.21826171875
5342891,68.115234375
5344440,50.048828125
5344932,68.90869140625
5345248,47.8515625
5353272,58.77685546875
5353418,58.59375
5353494,37.65869140625
5363631,66.40625
5363763,51.1474609375
5363930,60.6689453125
5364194,51.3916015625
5367415,77.1484375
5368170,54.931640625
5368407,51.57470703125
5369217,59.814453125
5375742,63.4765625
5375878,57.0068359375
5376205,59.5703125
5383606,69.2138671875
5383726,53.03955078125
5383968,52.8564453125
5387605,50.048828125
5393275,53.1005859375
5393433,53.5888671875
5399286,60.302734375
5399364,57.18994140625
5399380,39.24560546875
5401747,58.10546875
5408055,53.64990234375
5408135,38.4521484375
5411467,57.06787109375
5415636,56.15234375
5416531,56.5185546875
5421467,57.373046875
5421630,66.46728515625
5421780,55.72509765625
5424981,69.580078125
5425035,40.771484375
5427060,67.2607421875
5433339,58.89892578125
5433534,51.7578125
5434809,64.51416015625
5439953,72.509765625
5440186,58.53271484375
5441567,48.9501953125
5441629,39.0625
5447550,64.27001953125
5447623,40.4052734375
5450462,68.54248046875
5450755,54.0771484375
5451004,59.50927734375
5451247,48.7060546875
5452009,58.28857421875
5452407,56.396484375
5452680,37.9638671875
5452705,51.69677734375
5454079,54.50439453125
5454751,64.3310546875
5462150,56.45751953125
5464462,65.49072265625
5470660,60.546875
5470860,62.8662109375
5471363,54.38232421875
5477428,58.89892578125
5477488,40.10009765625
5483761,59.87548828125
5484006,47.7294921875
5492509,65.36865234375
5492568,45.7763671875
5492751,56.884765625
5494369,59.08203125
5494551,51.3916015625
5501922,61.6455078125
5501992,57.31201171875
5502166,57.80029296875
5502616,59.75341796875
5503196,58.53271484375
5503484,52.978515625
5511696,54.13818359375
5511838,45.59326171875
5511917,39.1845703125
5512862,55.5419921875
5520530,55.35888671875
5521332,62.07275390625
5521387,42.724609375
5531069,52.1240234375
5532984,78.369140625
5533038,50.23193359375
5533358,61.21826171875
5541314,54.0771484375
5541537,64.51416015625
5549396,52.734375
5549462,41.80908203125
5559793,39.4287109375
5559819,63.232421875
5569582,66.95556640625
5569988,54.38232421875
5581018,63.3544921875
5581081,39.97802734375
5581226,56.2744140625
5586913,66.650390625
5586975,64.27001953125
5588325,59.63134765625
5599239,63.41552734375
5599453,54.6875
5601213,50.96435546875
5601553,62.8662109375
5611285,65.7958984375
5611436,52.8564453125
5613168,63.3544921875
5613241,51.08642578125
5613821,62.07275390625
5624926,46.7529296875
5624999,42.3583984375
5635152,65.97900390625
5635228,47.119140625
5651544,63.720703125
5651660,50.6591796875
5663901,54.0771484375
5664004,51.45263671875
5679901,53.64990234375
5680628,64.3310546875
5680834,46.81396484375
5693413,58.28857421875
5693782,44.677734375
5694357,52.490234375
5694801,39.0625
5706101,59.326171875
5706673,66.162109375
5707556,46.9970703125
5726991,57.80029296875
5727200,52.001953125
5727405,46.5087890625
5727688,53.1005859375
5738843,59.814453125
5739293,54.19921875
5757274,59.50927734375
5757531,56.5185546875
5757766,54.443359375
5758212,48.52294921875
5770224,64.3310546875
5771674,66.0400390625
5772029,51.69677734375
5793638,55.0537109375
5793696,39.24560546875
5793770,51.6357421875
5793916,50.4150390625
5820548,60.36376953125
5821051,77.69775390625
5821145,49.072265625
5844885,53.22265625
5845036,47.91259765625
5845239,52.30712890625
5863519,62.1337890625
5863793,51.69677734375
5864138,47.119140625
5912145,68.115234375
5912178,42.96875
5912188,58.4716796875
5930717,73.91357421875
5931160,67.7490234375
5931413,60.36376953125
5953159,54.50439453125
5960468,55.2978515625
5961546,52.67333984375
5961835,55.419921875
5962303,54.87060546875
5962448,44.25048828125
5983391,61.5234375
5984628,65.91796875
5985163,56.640625
5985253,44.37255859375
5999874,64.75830078125
6001197,58.28857421875
6001937,57.4951171875
6001964,40.283203125
6014084,58.10546875
6015346,66.95556640625
6015540,50.4150390625
6015840,52.67333984375
6039023,66.22314453125
6039737,49.86572265625
6039911,38.4521484375
6062952,40.34423828125
6062979,52.18505859375
6063029,53.8330078125
6087511,50.10986328125
6087564,66.162109375
6121258,38.818359375
6121290,81.4208984375
6121370,54.5654296875
6121482,39.48974609375
6138873,63.96484375
6139068,65.185546875
6139275,60.4248046875
6139426,44.43359375
6139624,43.64013671875
6172180,60.85205078125
6172737,65.12451171875
6172813,51.513671875
6172887,39.48974609375
6188111,63.8427734375
6188386,67.138671875
6188623,41.6259765625
6188848,45.71533203125
6221985,54.0771484375
6222114,38.0859375
6222154,51.57470703125
6222335,48.03466796875
6250149,60.05859375
6252253,40.283203125
6252283,67.7490234375
6252861,55.11474609375
6252979,41.259765625
6278836,61.5234375
6279430,63.90380859375
6279468,50.10986328125
6279517,47.54638671875
6279615,46.38671875
6299790,51.8798828125
6299867,54.13818359375
6315357,65.4296875
6315419,48.64501953125
6325431,90.576171875
6326293,59.5703125
6326310,39.85595703125
6326593,50.29296875
6326823,50.23193359375
6327109,55.0537109375
6344253,67.93212890625
6355617,59.2041015625
6355723,45.71533203125
6362400,52.24609375
6362416,46.81396484375
6362471,47.42431640625
6365965,62.80517578125
6366189,55.419921875
6366330,45.7763671875
6366530,51.45263671875
6366728,54.38232421875
6366947,52.79541015625
6382506,69.64111328125
6382559,57.06787109375
6391707,70.37353515625
6395475,75.927734375
6395716,58.04443359375
6395978,54.8095703125
6396198,44.98291015625
6396378,39.0625
6396617,40.34423828125
6396843,37.9638671875
6408383,57.12890625
6408903,68.2373046875
6411767,82.33642578125
6412035,56.7626953125
6412710,58.7158203125
6412951,56.70166015625
6413333,57.0068359375
6413690,44.921875
6432719,60.97412109375
6433038,63.96484375
6434297,62.01171875
6434536,49.86572265625
6434726,44.677734375
6435053,48.03466796875
6455992,64.02587890625
6456073,50.47607421875
6461865,45.83740234375
6461964,44.677734375
6462421,45.41015625
6475682,60.9130859375
6488159,55.908203125
6488291,46.08154296875
6488478,49.6826171875
6488779,47.05810546875
6506585,69.9462890625
6511154,54.13818359375
6515791,70.12939453125
6515848,59.26513671875
6518208,58.77685546875
6518320,51.45263671875
6518503,45.41015625
6518740,43.212890625
6519136,44.677734375
6535182,71.10595703125
6543086,64.02587890625
6543197,67.0166015625
6543353,48.33984375
6560226,62.255859375
6567148,60.85205078125
6567222,56.57958984375
6568008,67.68798828125
6568178,53.28369140625
6584580,58.65478515625
6584631,46.0205078125
6585028,64.0869140625
6608176,46.32568359375
6608696,64.208984375
6616136,58.65478515625
6616501,55.48095703125
6631399,72.8759765625
6631455,43.0908203125
6632596,65.185546875
6632730,50.9033203125
6646874,65.61279296875
6648930,50.23193359375
6649797,86.60888671875
6662815,60.302734375
6680740,55.0537109375
6682615,57.861328125
6682877,45.0439453125
6697224,50.59814453125
6708240,61.21826171875
6723362,75.439453125
6724533,54.26025390625
6724646,46.69189453125
6739605,56.5185546875
6739634,38.39111328125
6739652,48.76708984375
6751755,65.7958984375
6751832,55.5419921875
6751876,42.41943359375
6753153,57.2509765625
6753292,46.08154296875
6767970,56.09130859375
6768020,44.677734375
6769176,66.89453125
6769340,60.24169921875
6796222,55.11474609375
6796256,38.818359375
6796334,66.46728515625
6796445,43.3349609375
6796583,52.978515625
6813856,71.533203125
6815167,62.43896484375
6815205,37.65869140625
6815261,43.45703125
6815593,48.88916015625
6818084,54.87060546875
6818154,44.921875
6819809,55.35888671875
6820427,59.38720703125
6820812,50.9033203125
6821538,57.67822265625
6822287,59.02099609375
6822740,59.26513671875
6823435,41.6259765625
6825100,60.97412109375
6841070,49.1943359375
6841281,60.4248046875
6843217,58.2275390625
6843483,58.41064453125
6844047,45.10498046875
6845282,67.0166015625
6845450,51.33056640625
6845731,54.62646484375
6846144,62.5
6846397,56.5185546875
6847443,59.14306640625
6852665,65.673828125
6852768,44.12841796875
6853068,49.4384765625
6855751,57.31201171875
6855821,44.677734375
6856049,50.59814453125
6856484,53.955078125
6857910,55.0537109375
6858066,52.91748046875
6862681,68.603515625
6862778,38.39111328125
6862937,49.8046875
6863452,45.83740234375
6868428,63.29345703125
6868502,61.6455078125
6868681,48.095703125
6868959,50.23193359375
6874677,54.01611328125
6874732,45.47119140625
6874908,59.63134765625
6875130,45.10498046875
6882359,59.4482421875
6882407,51.08642578125
6882467,37.841796875
6882636,63.3544921875
6882829,54.443359375
6884870,49.8046875
6885043,48.15673828125
6885226,57.31201171875
6890321,66.83349609375
6890428,37.841796875
6890769,49.37744140625
6890899,44.61669921875
6896911,50.6591796875
6897061,51.513671875
6897158,52.3681640625
6897552,59.08203125
6899645,51.3916015625
6899730,45.59326171875
6900130,52.6123046875
6900870,46.20361328125
6901170,53.40576171875
6901458,52.30712890625
6901938,45.7763671875
6907956,65.73486328125
6908110,43.9453125
6908438,45.95947265625
6908993,50.537109375
6914124,52.490234375
6914293,62.5
6915150,56.45751953125
6920175,56.82373046875
6920242,42.78564453125
6920411,38.330078125
6920798,51.81884765625
6927143,58.65478515625
6927249,52.06298828125
6927493,45.10498046875
6927815,56.884765625
6928167,52.67333984375
6928450,50.1708984375
6930327,81.97021484375
6930434,43.02978515625
6930706,49.9267578125
6936296,57.861328125
6936483,53.7109375
6936797,41.015625
6937503,50.96435546875
6938060,48.095703125
6938461,50.96435546875
6939018,42.96875
6939379,55.60302734375
6939790,54.26025390625
6940320,60.97412109375
6940791,54.50439453125
6941818,59.08203125
6942370,54.74853515625
6942637,47.607421875
6948684,54.19921875
6948846,56.640625
6949120,51.33056640625
6954790,54.19921875
6954854,41.3818359375
6955073,46.2646484375
6955347,53.3447265625
6961436,54.26025390625
6961512,53.52783203125
6961655,45.71533203125
6961922,47.91259765625
6963138,53.5888671875
6963458,57.67822265625
6963686,46.9970703125
6964072,44.49462890625
6964637,50.048828125
6964868,50.6591796875
6965530,54.0771484375
6971592,53.64990234375
6971673,41.32080078125
6972048,38.26904296875
6974591,64.75830078125
6974645,41.9921875
6974804,41.015625
6975054,40.10009765625
6975581,41.015625
6981039,63.5986328125
6981124,43.5791015625
6981658,53.89404296875
6982190,58.04443359375
6988494,58.59375
6988568,50.4150390625
6988710,67.7490234375
6989245,46.5087890625
6989477,38.2080078125
6989705,39.24560546875
6989999,46.56982421875
6990462,38.4521484375
6990843,38.51318359375
6991097,50.537109375
6991296,39.1845703125
6991817,51.8798828125
6992223,51.26953125
6996617,74.03564453125
6996699,46.81396484375
6997026,48.52294921875
7002346,60.302734375
7002597,44.677734375
7003457,45.654296875
7003574,45.7763671875
7009947,57.6171875
7009980,39.36767578125
7010179,45.10498046875
7010904,71.59423828125
7011080,50.6591796875
7011282,52.18505859375
7011582,51.8798828125
7011969,52.8564453125
7016840,48.095703125
7016922,45.2880859375
7017393,52.978515625
7017985,55.908203125
7018347,50.72021484375
7024284,63.29345703125
7024356,38.39111328125
7024549,46.08154296875
7024785,49.86572265625
7025183,54.443359375
7025396,39.794921875
7031174,60.60791015625
7031236,38.0859375
7031456,44.0673828125
7032637,57.9833984375
7032712,42.41943359375
7032809,37.9638671875
7033332,63.04931640625
7033651,50.10986328125
7033991,49.37744140625
7040341,51.81884765625
7040444,37.841796875
7040776,59.14306640625
7041085,51.8798828125
7041284,56.884765625
7041600,62.1337890625
7042316,39.61181640625
7048551,58.89892578125
7048602,50.96435546875
7048918,50.59814453125
7049504,54.443359375
7049781,45.83740234375
7055082,54.38232421875
7055583,59.814453125
7055838,38.39111328125
7056166,66.71142578125
7056472,44.73876953125
7062152,57.2509765625
7062234,45.654296875
7062393,37.90283203125
7067306,41.44287109375
7067382,40.1611328125
7067556,54.87060546875
7067950,59.02099609375
7068530,72.8759765625
7069101,50.84228515625
7073906,51.08642578125
7073965,44.0673828125
7074328,50.35400390625
7074805,49.98779296875
7075094,46.875
7081586,58.65478515625
7081639,41.93115234375
7087833,51.1474609375
7087876,40.771484375
7088349,49.25537109375
7088622,42.66357421875
7088866,54.74853515625
7089201,42.8466796875
7089594,39.4287109375
7097070,45.34912109375
7097138,53.1005859375
7097672,47.30224609375
7097758,40.283203125
7103070,46.2646484375
7103152,53.28369140625
7103430,54.26025390625
7103712,46.32568359375
7104167,68.90869140625
7104665,50.96435546875
7105028,45.10498046875
7105352,47.36328125
7111543,73.6083984375
7111897,53.77197265625
7112192,55.0537109375
7112835,51.26953125
7113187,43.15185546875
7119331,56.70166015625
7119381,38.51318359375
7119596,48.2177734375
7120648,57.43408203125
7126291,66.162109375
7126341,38.2080078125
7126713,56.0302734375
7127387,55.7861328125
7127714,48.52294921875
7135166,63.4765625
7135250,46.7529296875
7135584,62.255859375
7135982,57.2509765625
7136518,52.67333984375
7136852,39.9169921875
7146080,46.142578125
7146147,41.1376953125
7156214,62.92724609375
7156274,41.1376953125
7156887,53.22265625
7166362,55.60302734375
7166406,41.3818359375
7166868,46.38671875
7167108,55.5419921875
7167998,53.8330078125
7168366,52.91748046875
7168954,55.60302734375
7169321,45.654296875
7178579,65.61279296875
7178912,54.0771484375
7179453,54.0771484375
7189869,56.09130859375
7190076,51.26953125
7190655,57.0068359375
7191105,51.20849609375
7191677,51.81884765625
7191770,52.06298828125
7205391,56.45751953125
7205744,48.583984375
7205992,55.84716796875
7206410,49.49951171875
7206929,53.7109375
7207516,54.26025390625
7207902,52.79541015625
7218757,55.60302734375
7219400,57.55615234375
7219785,52.490234375
7220409,77.20947265625
7220956,55.11474609375
7230835,75.25634765625
7231643,62.68310546875
7232292,39.12353515625
7244494,54.87060546875
7244743,56.09130859375
7245446,55.0537109375
7262801,61.03515625
7262941,42.724609375
7263851,49.86572265625
7279372,56.7626953125
7280108,57.31201171875
7280306,54.87060546875
7280915,61.46240234375
7297557,49.86572265625
7299272,56.7626953125
7299861,53.5888671875
7301190,57.67822265625
7317980,64.453125
7334249,59.02099609375
7334453,63.4765625
7347516,45.95947265625
7362337,57.18994140625
7362578,55.2978515625
7369110,56.15234375
7370697,57.9833984375
7386804,62.3779296875
7400137,51.6357421875
7414523,51.81884765625
7414966,52.91748046875
7415511,44.0673828125
7436343,59.6923828125
7436495,57.06787109375
7461660,55.5419921875
7487631,77.33154296875
7487683,38.818359375
7504962,50.23193359375
7506814,53.5888671875
7507488,49.1943359375
7524062,62.80517578125
7525959,53.3447265625
7526445,52.55126953125
7559893,53.77197265625
7559941,38.2080078125
7584779,55.2978515625
7587472,54.62646484375
7588946,56.15234375
7589814,61.4013671875
7590130,56.94580078125
7590731,57.31201171875
7591106,65.97900390625
7630255,68.66455078125
7630580,57.9833984375
7630659,50.6591796875
7661638,68.78662109375
7665878,60.791015625
7667152,60.1806640625
7667795,53.89404296875
7668695,58.89892578125
7685769,61.767578125
7687020,50.537109375
7687691,58.41064453125
7688222,72.57080078125
7689153,62.07275390625
7689745,51.57470703125
7724455,78.857421875
7726262,47.36328125
7727391,65.73486328125
7728351,50.537109375
7755027,59.4482421875
7758676,39.36767578125
7758693,47.05810546875
7759032,55.23681640625
7791322,61.8896484375
7792158,47.7294921875
7815007,38.2080078125
7815038,59.87548828125
7832175,42.3583984375
7832223,65.73486328125
7832794,60.48583984375
7832838,38.39111328125
7834942,57.31201171875
7835728,54.5654296875
7836818,51.513671875
7871769,52.42919921875
7871851,56.5185546875
7916043,60.791015625
7916084,52.1240234375
7932537,63.3544921875
7936276,73.6083984375
7957101,59.2041015625
7957169,48.7060546875
7959126,52.91748046875
7959331,61.279296875
7984917,54.01611328125
7985927,60.05859375
7986320,59.75341796875
7986414,46.2646484375
8019551,65.97900390625
8019596,60.05859375
8055244,103.33251953125
8055284,41.56494140625
8074959,60.24169921875
8075106,59.814453125
8096200,72.44873046875
8096267,47.119140625
8097168,57.18994140625
8097697,68.84765625
8097714,38.4521484375
8097816,43.8232421875
8116627,62.5
8116831,55.48095703125
8116913,43.701171875
8145237,41.50390625
8145280,54.443359375
8145365,57.18994140625
8166145,65.49072265625
8166280,60.48583984375
8166347,37.4755859375
8179253,63.04931640625
8179407,65.00244140625
8179545,47.42431640625
8211231,84.5947265625
8211335,44.73876953125
8211352,61.1572265625
8211437,49.13330078125
8242685,71.77734375
8242741,50.048828125
8264079,72.509765625
8264154,57.80029296875
8264702,63.17138671875
8264789,46.81396484375
8298531,70.80078125
8298572,43.5791015625
8326207,88.19580078125
8326269,65.97900390625
8360600,39.0625
8360689,49.31640625
8360750,44.00634765625
8384236,65.4296875
8384380,59.02099609375
8384465,50.4150390625
8384537,37.53662109375
8416128,70.068359375
8416182,44.86083984375
8416380,47.119140625
8416406,60.11962890625
8416482,42.6025390625
8416558,37.53662109375
8450105,61.8896484375
8450260,48.03466796875
8450325,65.0634765625
8450576,48.828125
8470205,59.02099609375
8470939,59.5703125
8471052,66.10107421875
8471183,45.0439453125
8471370,42.78564453125
8500981,61.34033203125
8501038,59.87548828125
8501570,54.3212890625
8514623,54.99267578125
8514799,46.5087890625
8514962,61.46240234375
8515143,51.025390625
8515309,45.41015625
8515521,54.8095703125
8525695,79.9560546875
8525793,43.15185546875
8525920,52.978515625
8526044,51.6357421875
8526277,51.20849609375
8526419,49.31640625
8526819,46.20361328125
8539669,49.98779296875
8539748,48.4619140625
8539872,48.40087890625
8540027,50.10986328125
8540299,43.64013671875
8540470,49.4384765625
8540618,50.1708984375
8574828,63.41552734375
8574874,41.1376953125
8601010,53.16162109375
8603609,51.6357421875
8605272,84.1064453125
8605333,51.025390625
8605747,43.9453125
8631767,54.74853515625
8632073,58.59375
8633670,52.06298828125
8633779,48.2177734375
8634030,53.3447265625
8634289,50.1708984375
8650247,62.07275390625
8650389,49.072265625
8650502,45.71533203125
8650766,50.96435546875
8654733,62.98828125
8654828,52.490234375
8655009,49.8046875
8655117,38.63525390625
8655547,38.51318359375
8684808,61.6455078125
8685723,68.29833984375
8685800,43.9453125
8686276,42.17529296875
8714701,59.14306640625
8714913,64.208984375
8715208,54.26025390625
8715338,39.4287109375
8715518,41.748046875
8731094,38.63525390625
8731117,61.46240234375
8731174,58.837890625
8731454,54.01611328125
8731683,49.072265625
8731838,49.01123046875
8732095,41.44287109375
8744256,82.82470703125
8745125,59.6923828125
8745284,46.142578125
8745576,44.43359375
8745945,54.19921875
8746245,50.048828125
8769535,38.39111328125
8769561,54.87060546875
8769657,47.05810546875
8769780,49.6826171875
8769898,52.8564453125
8770041,45.95947265625
8770233,49.6826171875
8770442,45.95947265625
8792981,62.3779296875
8793083,37.7197265625
8793252,49.4384765625
8793474,50.10986328125
8793661,52.6123046875
8794134,37.59765625
8816533,73.6083984375
8816822,60.05859375
8817288,45.34912109375
8817447,49.560546875
8817569,38.14697265625
8817882,37.9638671875
8838866,68.2373046875
8838955,51.57470703125
8839115,42.66357421875
8839314,50.29296875
8839463,43.0908203125
8839820,44.00634765625
8840267,45.8984375
8843397,63.96484375
8843515,59.5703125
8843660,41.07666015625
8844268,38.9404296875
8845045,37.90283203125
8872738,39.36767578125
8872752,64.27001953125
8873289,63.65966796875
8873415,53.64990234375
8873485,38.75732421875
8873834,48.88916015625
8892060,60.97412109375
8892345,55.35888671875
8892532,55.96923828125
8892673,46.2646484375
8892900,46.630859375
8893131,41.44287109375
8893657,41.68701171875
8917324,60.302734375
8917414,50.96435546875
8917611,53.1005859375
8917757,43.27392578125
8917901,44.677734375
8918013,42.1142578125
8918330,46.81396484375
8934044,71.35009765625
8934431,57.0068359375
8934592,48.9501953125
8934709,39.12353515625
8935034,49.13330078125
8935381,42.17529296875
8960007,64.51416015625
8960220,59.50927734375
8960367,44.86083984375
8960688,42.48046875
8960931,41.015625
8986357,58.41064453125
8986443,65.673828125
8986512,43.701171875
8986842,38.39111328125
9005867,59.87548828125
9006167,48.33984375
9006367,55.84716796875
9010408,55.2978515625
9010494,52.734375
9010688,40.52734375
9011105,38.26904296875
9011514,39.61181640625
9012178,55.48095703125
9012383,44.00634765625
9038556,41.6259765625
9038572,65.00244140625
9038623,45.34912109375
9063442,48.33984375
9063505,40.283203125
9063523,43.88427734375
9063664,39.0625
9063730,39.4287109375
9063951,41.80908203125
9064156,42.17529296875
9086324,58.04443359375
9086392,39.1845703125
9086501,41.50390625
9087024,46.38671875
9115729,61.82861328125
9115829,55.5419921875
9115916,44.7998046875
9116332,55.35888671875
9133074,64.39208984375
9133436,55.96923828125
9133607,53.22265625
9133682,41.93115234375
9133984,43.45703125
9160964,70.1904296875
9161065,74.76806640625
9161147,42.236328125
9178633,54.443359375
9178697,45.2880859375
9178929,45.10498046875
9179271,44.49462890625
9190499,52.42919921875
9190572,47.54638671875
9190767,49.560546875
9190964,52.06298828125
9191275,51.94091796875
9191826,48.2177734375
9194546,51.6357421875
9194745,51.33056640625
9195061,41.93115234375
9195221,43.0908203125
9195504,47.607421875
9195717,41.8701171875
9196229,49.49951171875
9197640,51.08642578125
9198048,62.8662109375
9198437,54.38232421875
9198688,49.74365234375
9198918,42.66357421875
9199317,50.537109375
9199779,52.001953125
9200006,48.64501953125
9207915,58.9599609375
9208032,44.677734375
9208294,44.25048828125
9208668,45.95947265625
9209801,50.537109375
9210124,47.91259765625
9215680,50.84228515625
9215827,49.74365234375
9216121,48.33984375
9216356,39.55078125
9216659,52.001953125
9216872,45.5322265625
9222566,62.68310546875
9222709,66.46728515625
9223093,41.8701171875
9223296,47.54638671875
9223462,41.93115234375
9224073,50.048828125
9229440,56.45751953125
9229607,43.212890625
9229850,40.71044921875
9230215,40.6494140625
9230490,46.81396484375
9231019,40.8935546875
9235245,64.453125
9235330,38.39111328125
9235528,38.818359375
9235826,45.95947265625
9236125,47.05810546875
9241524,57.0068359375
9241650,68.4814453125
9241916,43.88427734375
9242167,45.8984375
9242374,45.95947265625
9242863,38.2080078125
9247685,60.48583984375
9247948,42.54150390625
9248322,44.0673828125
9248563,37.9638671875
9249052,64.63623046875
9249243,39.1845703125
9249647,49.1943359375
9249974,48.15673828125
9250426,55.11474609375
9257840,56.640625
9257876,38.51318359375
9257935,49.9267578125
9258203,42.1142578125
9258996,52.91748046875
9265060,69.27490234375
9265311,42.96875
9265547,41.748046875
9265886,43.39599609375
9266267,40.6494140625
9266427,42.8466796875
9274589,62.8662109375
9274709,50.59814453125
9275458,48.27880859375
9276285,52.3681640625
9276523,48.583984375
9276791,49.13330078125
9277077,47.4853515625
9277584,42.724609375
9277764,40.8935546875
9277998,42.54150390625
9278480,48.88916015625
9283238,53.77197265625
9283457,62.255859375
9283711,41.32080078125
9283979,46.875
9284563,40.71044921875
9285248,55.35888671875
9285413,39.97802734375
9290072,51.8798828125
9290190,38.51318359375
9290405,49.98779296875
9290597,46.630859375
9290831,41.748046875
9291061,44.61669921875
9291661,49.1943359375
9296525,59.814453125
9296635,45.83740234375
9297004,44.61669921875
9297210,45.83740234375
9297394,41.50390625
9297736,54.38232421875
9297982,53.03955078125
9298327,47.36328125
9298660,43.212890625
9303904,57.92236328125
9303996,53.77197265625
9304184,52.06298828125
9304351,40.8935546875
9304609,45.8984375
9304923,39.0625
9305285,50.23193359375
9305699,50.9033203125
9305988,45.41015625
9306465,55.23681640625
9308896,61.4013671875
9313202,57.861328125
9313365,47.54638671875
9313650,45.47119140625
9313957,51.26953125
9314373,40.71044921875
9314607,37.59765625
9314975,44.25048828125
9315264,41.8701171875
9315638,51.3916015625
9320036,70.25146484375
9320201,42.90771484375
9320372,40.95458984375
9320459,38.02490234375
9320794,48.2177734375
9321181,46.38671875
9321671,44.921875
9321834,38.2080078125
9326588,52.490234375
9326704,45.0439453125
9326820,40.71044921875
9326956,43.3349609375
9327154,48.828125
9327408,38.02490234375
9327639,39.9169921875
9333849,50.6591796875
9333917,44.7998046875
9334085,42.90771484375
9334332,43.39599609375
9334607,41.8701171875
9334844,41.80908203125
9335163,51.7578125
9335517,50.35400390625
9335851,52.6123046875
9336727,47.30224609375
9341276,67.0166015625
9341351,42.29736328125
9341617,41.19873046875
9341867,50.1708984375
9342210,53.1005859375
9342558,50.47607421875
9342880,39.306640625
9343370,56.45751953125
9348191,54.3212890625
9348288,51.8798828125
9348484,39.36767578125
9348751,45.41015625
9349052,47.9736328125
9349315,39.24560546875
9349609,53.16162109375
9350268,51.08642578125
9354629,53.52783203125
9354871,42.29736328125
9355141,44.12841796875
9355459,52.8564453125
9355837,46.44775390625
9356109,46.0205078125
9356367,38.87939453125
9356875,47.18017578125
9357315,62.56103515625
9361759,59.99755859375
9361914,44.921875
9362521,53.03955078125
9362744,41.8701171875
9362958,38.87939453125
9363291,53.77197265625
9363875,56.5185546875
9364900,48.583984375
9373689,55.23681640625
9373717,41.015625
9373913,47.54638671875
9374505,56.15234375
9374712,41.56494140625
9374952,44.43359375
9375184,40.283203125
9375457,46.0205078125
9375676,46.5087890625
9375987,53.77197265625
9376598,48.095703125
9380993,47.2412109375
9381238,43.39599609375
9381457,39.24560546875
9381648,39.85595703125
9381932,37.9638671875
9382428,45.8984375
9382861,39.85595703125
9383121,42.29736328125
9383825,52.18505859375
9388675,64.208984375
9388877,58.89892578125
9389153,40.95458984375
9389392,42.17529296875
9389649,53.52783203125
9390030,45.95947265625
9390456,51.94091796875
9395864,57.4951171875
9396054,39.85595703125
9396265,47.18017578125
9396557,49.31640625
9396819,44.12841796875
9397066,43.0908203125
9397520,49.25537109375
9397731,43.02978515625
9403358,44.5556640625
9403546,44.3115234375
9403856,39.0625
9404018,41.6259765625
9404431,42.54150390625
9404963,38.26904296875
9405739,38.26904296875
9410946,56.5185546875
9411065,43.8232421875
9411347,42.6025390625
9411659,46.08154296875
9411943,41.1376953125
9412231,66.89453125
9413324,50.10986328125
9413803,48.64501953125
9419760,47.7294921875
9419833,43.8232421875
9419979,41.015625
9420169,50.10986328125
9420480,44.86083984375
9420795,39.85595703125
9421321,47.30224609375
9426676,58.77685546875
9426760,43.15185546875
9426915,43.8232421875
9427061,37.841796875
9427314,53.89404296875
9427586,53.16162109375
9428023,43.76220703125
9428337,42.90771484375
9428639,47.54638671875
9428953,48.15673828125
9429598,41.44287109375
9434813,57.67822265625
9434963,51.3916015625
9435228,42.3583984375
9435471,49.49951171875
9435785,43.212890625
9436292,47.119140625
9436570,56.45751953125
9441565,57.12890625
9441657,39.55078125
9441812,52.1240234375
9442061,44.37255859375
9442345,42.1142578125
9442720,43.8232421875
9442956,38.02490234375
9443184,47.607421875
9443543,52.490234375
9449484,57.6171875
9449555,45.47119140625
9449964,39.794921875
9450461,44.61669921875
9450728,47.119140625
9451006,41.80908203125
9451593,44.677734375
9457568,53.5888671875
9457629,41.1376953125
9457762,41.07666015625
9458054,53.466796875
9458476,47.4853515625
9458723,39.794921875
9459985,52.6123046875
9460154,44.73876953125
9460441,38.02490234375
9460702,52.3681640625
9460972,41.68701171875
9461262,40.283203125
9461629,38.87939453125
9462186,44.0673828125
9469114,53.52783203125
9469200,44.7998046875
9469351,39.1845703125
9469638,45.8984375
9469910,41.07666015625
9470142,39.12353515625
9470371,47.18017578125
9477049,50.47607421875
9477107,39.36767578125
9477270,54.26025390625
9477659,58.7158203125
9478284,44.0673828125
9478680,46.44775390625
9479072,47.42431640625
9484736,49.31640625
9484919,39.36767578125
9485189,54.38232421875
9485538,43.27392578125
9485787,44.00634765625
9486046,48.64501953125
9486747,50.72021484375
9493772,52.55126953125
9493968,46.56982421875
9494303,57.7392578125
9494731,43.8232421875
9500990,51.1474609375
9501207,47.36328125
9501518,64.94140625
9501905,65.85693359375
9502862,46.2646484375
9503060,57.43408203125
9503342,55.5419921875
9509973,54.74853515625
9510091,47.2412109375
9510406,52.8564453125
9511028,49.25537109375
9519181,52.67333984375
9519267,47.607421875
9519420,49.86572265625
9519960,55.35888671875
9520227,47.7294921875
9528118,55.72509765625
9528298,59.87548828125
9528726,47.66845703125
9536276,54.6875
9536506,48.52294921875
9537084,39.1845703125
9537325,58.65478515625
9537777,50.23193359375
9538077,41.56494140625
9538246,43.9453125
9538860,63.5986328125
9545943,40.83251953125
9546047,38.26904296875
9546437,54.8095703125
9546649,56.884765625
9557233,63.17138671875
9557520,45.71533203125
9567473,51.3916015625
9568312,46.2646484375
9580179,63.720703125
9580370,48.03466796875
9581480,56.21337890625
9582033,56.2744140625
9592635,59.26513671875
9593292,51.20849609375
9594104,48.27880859375
9594827,53.8330078125
9606429,53.28369140625
9607393,57.80029296875
9628662,53.3447265625
9629929,51.26953125
9630886,53.89404296875
9641753,53.5888671875
9651867,60.546875
9653070,57.80029296875
9665698,70.49560546875
9665867,54.3212890625
9680790,38.2080078125
9680831,60.36376953125
9681716,59.814453125
9694255,61.82861328125
9694607,58.41064453125
9705999,51.025390625
9719767,38.57421875
9719807,51.08642578125
9735548,56.09130859375
9749825,58.53271484375
9751806,56.0302734375
9770929,58.837890625
9772817,58.53271484375
9784703,58.837890625
9827055,59.87548828125
9945886,62.8662109375
9994479,63.41552734375
10018376,48.9501953125
10018444,41.07666015625
10054583,72.509765625
10054708,64.453125
10102154,81.54296875
10102196,63.41552734375
10128730,56.0302734375
10129687,58.7158203125
10129701,56.7626953125
10186231,78.0029296875
10186338,53.64990234375
10223845,65.7958984375
10223891,51.26953125
10242325,50.78125
10242474,52.06298828125
10268948,64.0869140625
10269229,54.99267578125
10269363,57.861328125
10304520,60.24169921875
10304573,38.4521484375
10304640,39.36767578125
10338107,60.97412109375
10338941,52.06298828125
10339069,49.62158203125
10339178,46.142578125
10364354,66.10107421875
10375625,78.79638671875
10375658,40.6494140625
10375681,39.1845703125
10391182,54.443359375
10391327,61.21826171875
10391460,63.17138671875
10391682,62.43896484375
10421257,58.349609375
10421308,43.39599609375
10421504,45.22705078125
10448759,55.60302734375
10448845,50.59814453125
10448959,39.48974609375
10481012,69.82421875
10482404,55.6640625
10482530,41.68701171875
10518065,65.0634765625
10518447,59.4482421875
10546459,62.43896484375
10547332,53.40576171875
10547481,47.18017578125
10583569,66.83349609375
10583613,49.98779296875
10615377,55.419921875
10615433,47.42431640625
10615514,45.95947265625
10648562,53.03955078125
10648846,56.70166015625
10649079,50.59814453125
10679406,59.87548828125
10679512,48.33984375
10714037,54.13818359375
10714803,59.326171875
10714951,38.39111328125
10715154,40.0390625
10731025,61.34033203125
10736674,71.8994140625
10736727,60.1806640625
10737199,54.87060546875
10737302,41.1376953125
10737456,44.86083984375
10763986,57.861328125
10764045,48.88916015625
10795619,74.03564453125
10795684,44.98291015625
10795716,41.56494140625
10795832,41.8701171875
10824513,60.11962890625
10826089,60.48583984375
10826675,53.466796875
10826902,46.69189453125
10849266,53.28369140625
10849294,54.74853515625
10851159,60.1806640625
10851271,42.3583984375
10872343,60.11962890625
10873604,57.43408203125
10873618,41.32080078125
10873840,44.37255859375
10879297,59.99755859375
10879498,54.74853515625
10880546,58.77685546875
10880830,43.3349609375
10881501,42.29736328125
10915546,74.64599609375
10915651,47.18017578125
10942349,53.03955078125
10942424,56.15234375
10964206,66.10107421875
10964670,56.94580078125
10965191,47.607421875
10965320,48.40087890625
10995592,53.77197265625
10995667,54.87060546875
10995818,43.0908203125
10995921,47.4853515625
10996322,47.18017578125
11021646,39.55078125
11021672,56.82373046875
11021729,45.47119140625
11021825,38.39111328125
11052890,66.22314453125
11053291,58.16650390625
11053494,50.96435546875
11053608,40.10009765625
11053781,40.1611328125
11077081,56.82373046875
11077238,46.7529296875
11077389,37.90283203125
11077514,39.794921875
11092645,63.96484375
11092726,57.06787109375
11092812,41.19873046875
11092923,40.83251953125
11123687,63.96484375
11124131,55.7861328125
11124367,48.095703125
11124532,42.96875
11149427,56.94580078125
11150115,63.41552734375
11150231,63.53759765625
11150605,45.2880859375
11168755,58.9599609375
11169134,54.3212890625
11169480,64.75830078125
11169655,52.91748046875
11170323,42.96875
11194332,66.650390625
11194399,37.7197265625
11194514,45.34912109375
11216256,63.8427734375
11216619,53.40576171875
11216820,55.48095703125
11216996,40.10009765625
11217129,40.0390625
11217314,42.236328125
11238893,61.46240234375
11239053,51.26953125
11239297,50.35400390625
11239503,46.5087890625
11239749,37.841796875
11264729,67.32177734375
11264813,53.52783203125
11264921,40.6494140625
11276570,61.46240234375
11276662,42.78564453125
11276851,60.546875
11277130,56.884765625
11281855,58.77685546875
11283313,52.18505859375
11308015,62.19482421875
11308095,45.0439453125
11308286,46.2646484375
11308602,46.20361328125
11329114,64.8193359375
11329356,46.0205078125
11329551,54.99267578125
11329751,60.36376953125
11329986,42.17529296875
11330296,47.119140625
11355225,62.92724609375
11355305,38.14697265625
11355504,48.095703125
11355809,50.35400390625
11374958,71.2890625
11375465,66.2841796875
11375677,48.33984375
11375833,38.330078125
11376042,52.18505859375
11401184,61.767578125
11401301,45.22705078125
11401472,57.373046875
11401743,51.8798828125
11402055,46.7529296875
11402570,50.29296875
11425555,62.1337890625
11425700,45.71533203125
11425869,42.724609375
11426069,49.6826171875
11426432,47.42431640625
11443745,61.8896484375
11443929,67.68798828125
11444149,52.79541015625
11444412,44.5556640625
11446704,52.79541015625
11447219,57.9833984375
11447448,50.47607421875
11447806,39.97802734375
11448005,41.3818359375
11448201,47.607421875
11448590,43.8232421875
11451331,56.884765625
11453542,58.77685546875
11454580,47.8515625
11461914,53.955078125
11462047,52.1240234375
11462394,58.53271484375
11469638,57.7392578125
11469796,53.1005859375
11470205,49.13330078125
11470956,49.4384765625
11471280,63.1103515625
11477712,52.42919921875
11477854,54.01611328125
11478000,56.21337890625
11478310,54.5654296875
11478661,38.26904296875
11484501,50.84228515625
11484667,66.2841796875
11485135,53.8330078125
11485805,49.8046875
11490661,61.21826171875
11490731,39.48974609375
11491056,43.76220703125
11491287,44.0673828125
11491525,38.2080078125
11492191,57.67822265625
11492449,41.1376953125
11492849,61.46240234375
11493971,50.96435546875
11494240,46.2646484375
11494494,58.77685546875
11499701,57.6171875
11499825,44.189453125
11500538,50.10986328125
11501122,51.3916015625
11505311,53.22265625
11505392,42.236328125
11505552,58.41064453125
11505856,42.05322265625
11506255,44.86083984375
11511080,65.00244140625
11511179,42.236328125
11511295,39.306640625
11511641,49.49951171875
11516472,57.67822265625
11516657,50.84228515625
11517028,53.5888671875
11522023,68.05419921875
11522117,42.41943359375
11522293,52.001953125
11522588,54.3212890625
11522764,46.7529296875
11522978,38.330078125
11528539,54.01611328125
11528638,46.630859375
11528784,38.57421875
11529036,45.71533203125
11529381,54.50439453125
11529851,43.51806640625
11534930,56.2744140625
11535035,59.814453125
11535326,39.85595703125
11535617,64.0869140625
11536234,61.46240234375
11536468,43.0908203125
11537537,46.56982421875
11538099,43.5791015625
11538684,46.2646484375
11543602,64.14794921875
11543696,39.12353515625
11543873,46.7529296875
11549646,57.12890625
11549713,46.44775390625
11549843,44.37255859375
11550073,42.17529296875
11550374,47.91259765625
11550959,72.20458984375
11555018,54.99267578125
11555116,53.22265625
11555396,47.8515625
11555774,50.47607421875
11555977,59.26513671875
11560598,59.5703125
11560694,45.0439453125
11560864,44.7998046875
11561114,49.072265625
11561592,58.16650390625
11562155,49.86572265625
11562578,47.2412109375
11566492,55.419921875
11566621,44.7998046875
11566806,43.64013671875
11567177,38.75732421875
11567542,50.10986328125
11568084,44.3115234375
11568929,60.9130859375
11569174,53.7109375
11570076,61.767578125
11574623,54.13818359375
11574763,51.45263671875
11574982,38.02490234375
11575634,63.41552734375
11580462,56.7626953125
11580604,50.35400390625
11580914,45.8984375
11581146,39.1845703125
11581812,48.7060546875
11582172,56.70166015625
11582456,52.734375
11582769,52.55126953125
11583192,39.24560546875
11583451,42.236328125
11583682,40.1611328125
11584202,51.57470703125
11584475,44.98291015625
11584922,46.08154296875
11585492,44.0673828125
11585698,38.14697265625
11586381,54.26025390625
11590242,54.19921875
11590607,56.2744140625
11592691,56.884765625
11592789,49.01123046875
11592940,42.1142578125
11593262,43.3349609375
11597766,67.3828125
11597831,37.65869140625
11598116,44.0673828125
11598583,54.6875
11598783,49.8046875
11599293,47.2412109375
11604338,47.18017578125
11604490,53.16162109375
11604706,40.771484375
11605206,49.98779296875
11605429,48.7060546875
11605706,45.71533203125
11606138,43.27392578125
11610302,60.11962890625
11610428,38.02490234375
11610584,38.9404296875
11611349,52.001953125
11616634,45.22705078125
11616712,41.6259765625
11616892,56.09130859375
11617427,54.13818359375
11617766,57.0068359375
11623553,58.53271484375
11623636,59.5703125
11623794,45.654296875
11624505,56.396484375
11624726,46.7529296875
11625084,53.7109375
11625293,50.78125
11625602,50.59814453125
11625835,51.025390625
11633361,57.80029296875
11633427,43.0908203125
11633615,61.46240234375
11633997,52.67333984375
11634331,56.0302734375
11638846,57.18994140625
11639006,57.4951171875
11639356,58.04443359375
11639553,42.29736328125
11639852,57.31201171875
11640194,61.82861328125
11645383,57.55615234375
11645439,43.8232421875
11645656,46.7529296875
11646101,61.46240234375
11646441,50.35400390625
11646647,62.3779296875
11647412,47.30224609375
11647595,39.1845703125
11648192,48.15673828125
11653698,56.09130859375
11653785,43.51806640625
11653924,51.94091796875
11654304,46.0205078125
11659488,60.36376953125
11659595,43.212890625
11659935,47.7294921875
11660201,52.67333984375
11660505,43.212890625
11660847,56.884765625
11661128,52.734375
11661451,49.25537109375
11661786,51.45263671875
11666789,59.38720703125
11666933,38.0859375
11667032,38.818359375
11667675,51.20849609375
11667957,46.56982421875
11668382,41.015625
11668561,47.9736328125
11668822,46.9970703125
11669133,54.87060546875
11676004,66.5283203125
11676177,53.8330078125
11676392,52.734375
11676904,65.5517578125
11677232,68.17626953125
11677978,61.4013671875
11678638,54.74853515625
11684170,61.1572265625
11684293,51.7578125
11684685,49.98779296875
11685051,49.31640625
11685583,63.8427734375
11685804,48.88916015625
11686374,44.00634765625
11686696,45.10498046875
11692204,60.48583984375
11692292,41.93115234375
11692534,43.76220703125
11692792,52.24609375
11693178,43.701171875
11693485,43.27392578125
11693751,48.88916015625
11694276,44.00634765625
11694621,48.76708984375
11699805,67.138671875
11699865,38.02490234375
11700063,60.302734375
11700443,51.08642578125
11701042,48.64501953125
11701326,56.45751953125
11701600,40.8935546875
11702408,45.47119140625
11707958,60.11962890625
11708215,52.3681640625
11708686,64.8193359375
11709133,45.22705078125
11709570,60.9130859375
11709826,45.8984375
11710253,61.279296875
11723107,65.3076171875
11723165,40.52734375
11723408,51.57470703125
11723809,50.84228515625
11723981,48.828125
11724457,54.19921875
11725067,50.4150390625
11725433,52.55126953125
11732048,63.232421875
11732133,38.330078125
11732397,58.53271484375
11732847,48.88916015625
11733018,51.57470703125
11738710,51.33056640625
11738820,47.18017578125
11739017,43.15185546875
11739207,45.8984375
11739990,67.87109375
11740408,48.15673828125
11747214,51.33056640625
11747321,43.3349609375
11747458,38.63525390625
11755937,59.9365234375
11756170,50.78125
11764333,57.92236328125
11764401,51.45263671875
11764498,43.3349609375
11764779,41.6259765625
11769331,55.35888671875
11769610,47.36328125
11770062,48.88916015625
11770378,42.96875
11770743,45.47119140625
11771164,51.94091796875
11771382,43.8232421875
11779492,53.77197265625
11779732,51.513671875
11790215,67.56591796875
11790432,56.94580078125
11791338,68.05419921875
11791484,48.15673828125
11791951,55.2978515625
11792428,57.7392578125
11802100,65.61279296875
11802951,55.0537109375
11813108,72.021484375
11813492,47.30224609375
11814350,51.94091796875
11814791,49.6826171875
11815072,52.490234375
11823796,63.1103515625
11824769,53.77197265625
11825249,62.07275390625
11825565,70.37353515625
11836761,69.39697265625
11837280,65.85693359375
11850929,60.11962890625
11851393,56.884765625
11851754,57.7392578125
11862499,56.33544921875
11863413,72.32666015625
11865121,53.03955078125
11877933,49.49951171875
11878298,56.2744140625
11890986,51.57470703125
11891991,51.513671875
11892553,52.42919921875
11893313,50.537109375
11911033,46.630859375
11912189,63.41552734375
11912880,52.42919921875
11923429,59.6923828125
11935061,61.6455078125
11947978,57.31201171875
11949059,57.6171875
11949599,46.630859375
11957930,48.4619140625
11958839,66.40625
11969138,58.2275390625
11980220,58.9599609375
11993067,65.91796875
11993923,63.41552734375
11994831,56.09130859375
12013342,76.2939453125
12013657,52.1240234375
12032920,64.39208984375
12052815,62.80517578125
12053143,58.7158203125
12077180,55.72509765625
12077575,65.49072265625
12079386,53.64990234375
12101151,64.75830078125
12101340,38.75732421875
12126192,63.65966796875
12160239,56.884765625
12163906,56.7626953125
12164509,58.10546875
12165130,55.72509765625
12185157,54.01611328125
12191890,59.814453125
12213610,54.87060546875
12218299,65.3076171875
12219456,66.7724609375
12253210,79.2236328125
12253252,45.34912109375
12268651,67.68798828125
12268777,59.9365234375
12273462,51.7578125
12292411,65.0634765625
12293301,68.42041015625
12294209,75.927734375
12332766,53.3447265625
12332862,51.6357421875
12332988,54.443359375
12368797,69.580078125
12368836,42.724609375
12386662,53.1005859375
12392177,52.06298828125
12440514,79.04052734375
12440557,65.36865234375
12471619,64.51416015625
12471710,84.716796875
12491077,55.17578125
12491123,62.31689453125
12491185,38.75732421875
12539182,37.78076171875
12539208,78.9794921875
12539251,40.22216796875
12555315,64.27001953125
12569653,54.19921875
12570061,38.0859375
12570096,70.61767578125
12602774,65.49072265625
12602819,61.6455078125
12636148,84.77783203125
12636185,67.5048828125
12675798,77.2705078125
12675837,60.05859375
12702021,67.44384765625
12702063,41.50390625
12734563,63.5986328125
12735041,67.07763671875
12735143,49.8046875
12763937,73.73046875
12763975,62.19482421875
12764024,38.39111328125
12804720,98.5107421875
12804760,56.15234375
12840017,43.51806640625
12840029,72.998046875
12840082,51.1474609375
12840131,42.66357421875
12865290,52.3681640625
12865331,70.9228515625
12903860,84.53369140625
12903897,50.23193359375
12940723,84.47265625
12940762,42.236328125
12956116,65.3076171875
12956167,47.8515625
12956188,51.81884765625
12987108,38.26904296875
12987158,67.3828125
13023869,60.60791015625
13023991,53.1005859375
13024283,65.5517578125
13047825,61.82861328125
13048141,61.34033203125
13048819,56.82373046875
13048941,39.97802734375
13048968,42.05322265625
13084663,70.80078125
13084706,39.97802734375
13117260,62.744140625
13117468,51.8798828125
13117598,44.73876953125
13117878,44.00634765625
13148454,65.12451171875
13148503,55.84716796875
13174670,64.02587890625
13174870,44.98291015625
13174979,48.52294921875
13175378,41.8701171875
13175595,49.8046875
13203366,69.15283203125
13203382,39.55078125
13203419,53.40576171875
13239220,59.5703125
13239278,47.66845703125
13239376,48.095703125
13261890,64.27001953125
13262182,56.21337890625
13262283,45.47119140625
13278376,38.02490234375
13278399,61.09619140625
13278535,50.10986328125
13278696,49.072265625
13278784,40.771484375
13278955,44.00634765625
13279161,46.56982421875
13295659,58.7158203125
13296415,52.42919921875
13296507,45.0439453125
13296769,48.27880859375
13297018,48.4619140625
13318987,61.1572265625
13319298,50.84228515625
13319520,53.7109375
13319610,46.08154296875
13337506,58.10546875
13337583,43.76220703125
13337809,46.44775390625
13337987,43.8232421875
13355378,55.96923828125
13355926,58.65478515625
13356236,43.27392578125
13356593,52.24609375
13373171,65.0634765625
13373558,44.98291015625
13373744,58.53271484375
13373858,40.283203125
13374027,46.38671875
13384260,75.37841796875
13384337,55.0537109375
13384450,45.8984375
13384580,47.42431640625
13384931,42.66357421875
13410350,56.396484375
13410483,44.86083984375
13410713,51.3916015625
13410816,43.64013671875
13411052,44.677734375
13411347,37.7197265625
13426140,50.6591796875
13426210,56.884765625
13426303,41.68701171875
13426601,43.701171875
13426854,41.3818359375
13449845,56.884765625
13449928,48.4619140625
13449989,37.65869140625
13450313,45.41015625
13478752,48.828125
13478852,50.59814453125
13478950,41.93115234375
13479058,39.9169921875
13503783,57.9833984375
13503880,49.31640625
13503977,38.0859375
13504416,45.95947265625
13504640,44.0673828125
13528760,56.884765625
13528865,62.6220703125
13553940,58.04443359375
13554025,50.1708984375
13554161,41.44287109375
13554792,44.49462890625
13575804,61.58447265625
13575887,41.015625
13595686,61.1572265625
13595738,67.2607421875
13620943,59.02099609375
13621059,50.84228515625
13621425,39.36767578125
13621745,52.79541015625
13634365,57.67822265625
13634468,58.28857421875
13634615,45.22705078125
13634818,45.47119140625
13635063,52.3681640625
13652206,61.767578125
13652366,57.06787109375
13652552,46.93603515625
13653077,45.5322265625
13663083,52.734375
13663326,51.08642578125
13663481,47.91259765625
13663690,42.66357421875
13670275,67.44384765625
13670335,40.10009765625
13670595,40.46630859375
13670846,47.54638671875
13671080,43.51806640625
13672972,57.861328125
13673178,48.76708984375
13673393,45.8984375
13673600,50.72021484375
13673796,48.9501953125
13674060,41.68701171875
13676179,48.33984375
13679487,59.14306640625
13679710,49.6826171875
13679967,50.1708984375
13687669,56.0302734375
13687763,45.41015625
13688323,49.01123046875
13688577,51.69677734375
13692960,58.2275390625
13693056,40.46630859375
13693218,38.2080078125
13693687,38.57421875
13693895,44.189453125
13694219,46.630859375
13698957,50.96435546875
13699108,52.734375
13699488,45.59326171875
13699740,55.35888671875
13700085,46.81396484375
13705587,61.5234375
13705678,41.8701171875
13705831,57.2509765625
13706877,45.166015625
13707410,50.9033203125
13711373,60.97412109375
13711605,51.513671875
13711787,44.98291015625
13712203,47.119140625
13712415,41.32080078125
13712765,50.9033203125
13713604,65.24658203125
13718538,61.21826171875
13718728,50.35400390625
13719029,41.748046875
13719231,43.51806640625
13719679,59.4482421875
13724590,57.12890625
13724721,37.4755859375
13724874,40.0390625
13725161,46.56982421875
13725484,51.33056640625
13726020,44.7998046875
13726388,49.86572265625
13731278,56.2744140625
13731388,45.166015625
13731573,52.42919921875
13731788,41.93115234375
13732027,48.76708984375
13732424,48.64501953125
13737261,59.2041015625
13737448,59.08203125
13737842,51.57470703125
13738053,54.5654296875
13738280,53.22265625
13738539,50.72021484375
13738847,52.24609375
13739616,37.59765625
13739642,53.22265625
13740060,59.38720703125
13744183,59.02099609375
13744307,43.9453125
13744770,45.2880859375
13745070,42.96875
13745330,44.49462890625
13745695,42.78564453125
13745962,49.62158203125
13751062,50.72021484375
13751270,53.28369140625
13751635,41.9921875
13751893,46.5087890625
13752391,48.4619140625
13752664,48.15673828125
13752960,44.25048828125
13756777,56.21337890625
13760900,57.861328125
13761030,39.61181640625
13761185,50.29296875
13761429,44.7998046875
13761768,51.08642578125
13762024,49.86572265625
13762357,71.044921875
13762842,62.5
13766270,63.3544921875
13766425,55.11474609375
13766435,38.9404296875
13766668,44.189453125
13766985,42.8466796875
13767337,50.4150390625
13767687,41.68701171875
13770452,58.9599609375
13770683,40.6494140625
13770938,54.8095703125
13771653,62.43896484375
13772136,52.734375
13772435,49.072265625
13773033,48.88916015625
13773994,56.15234375
13777452,55.11474609375
13777534,41.07666015625
13777745,52.6123046875
13777988,46.81396484375
13778220,55.11474609375
13778610,63.41552734375
13778928,41.19873046875
13779236,50.10986328125
13783336,49.49951171875
13783443,41.50390625
13783767,54.6875
13784032,53.64990234375
13784311,44.189453125
13784739,47.05810546875
13786421,48.27880859375
13789815,63.1103515625
13789992,55.6640625
13790312,46.81396484375
13790536,42.96875
13794664,64.3310546875
13794779,44.98291015625
13794983,47.119140625
13795228,48.52294921875
13795501,47.8515625
13795718,44.3115234375
13795932,46.69189453125
13796203,42.66357421875
13796411,45.95947265625
13800443,57.06787109375
13800707,40.58837890625
13801289,54.50439453125
13801520,50.048828125
13801804,39.85595703125
13802165,49.25537109375
13807098,52.978515625
13807277,56.884765625
13807478,57.2509765625
13807689,53.3447265625
13807983,43.02978515625
13808288,47.18017578125
13813500,73.486328125
13813609,56.0302734375
13813724,40.10009765625
13813956,43.3349609375
13814225,39.73388671875
13814498,51.81884765625
13814763,46.9970703125
13815029,55.35888671875
13815357,47.91259765625
13820764,53.03955078125
13820860,42.236328125
13821118,44.0673828125
13821304,41.9921875
13821579,47.2412109375
13821798,48.828125
13822304,53.28369140625
13822513,42.236328125
13822992,44.921875
13826988,54.3212890625
13827189,49.8046875
13827422,49.98779296875
13827633,47.4853515625
13827896,46.7529296875
13828297,43.76220703125
13828541,37.7197265625
13833215,50.78125
13833417,65.185546875
13833654,39.794921875
13833868,68.9697265625
13834399,51.3916015625
13834928,48.15673828125
13835133,43.02978515625
13835561,47.4853515625
13843055,54.443359375
13843111,51.20849609375
13843498,46.630859375
13843781,52.91748046875
13844016,54.74853515625
13844216,55.84716796875
13844427,38.2080078125
13844677,38.9404296875
13845011,53.466796875
13849090,70.4345703125
13849196,47.119140625
13849690,52.30712890625
13849949,41.6259765625
13850282,48.52294921875
13856234,64.453125
13856302,39.36767578125
13856722,39.55078125
13856931,52.490234375
13857170,56.2744140625
13857451,41.748046875
13857912,44.00634765625
13858521,41.8701171875
13863959,59.75341796875
13864035,52.42919921875
13864214,42.90771484375
13864491,46.875
13865052,57.7392578125
13871138,54.62646484375
13871209,43.51806640625
13871425,42.236328125
13871661,47.7294921875
13871987,42.724609375
13872220,51.33056640625
13872440,51.025390625
13872779,45.59326171875
13873978,49.74365234375
13879373,43.45703125
13879445,41.259765625
13879647,46.142578125
13879935,58.04443359375
13880287,45.5322265625
13880579,50.96435546875
13881015,49.6826171875
13881555,42.6025390625
13888503,57.12890625
13888570,40.71044921875
13888777,46.93603515625
13888983,50.10986328125
13889275,50.84228515625
13889537,43.27392578125
13889726,45.95947265625
13890000,52.24609375
13891079,50.4150390625
13896375,79.04052734375
13896434,40.52734375
13896653,56.57958984375
13896876,39.9169921875
13897107,45.0439453125
13897414,53.466796875
13897893,54.01611328125
13904134,67.138671875
13904296,42.236328125
13904493,44.25048828125
13904748,38.6962890625
13905017,42.29736328125
13905423,46.5087890625
13905711,42.05322265625
13906077,44.3115234375
13911655,62.68310546875
13911730,39.4287109375
13912033,44.677734375
13912293,49.98779296875
13912585,50.537109375
13912905,58.41064453125
13919795,64.14794921875
13919887,58.77685546875
13920106,53.8330078125
13920368,46.38671875
13920562,54.74853515625
13920823,42.66357421875
13921156,43.51806640625
13921499,52.490234375
13928279,55.6640625
13928424,38.4521484375
13928693,49.37744140625
13928981,50.4150390625
13929184,41.80908203125
13929432,41.3818359375
13929677,51.1474609375
13930707,41.56494140625
13936877,50.84228515625
13936982,44.86083984375
13937195,41.19873046875
13937425,54.8095703125
13937720,48.33984375
13937921,45.41015625
13938300,49.560546875
13939270,61.46240234375
13939873,47.119140625
13946653,54.931640625
13946783,43.3349609375
13947250,46.9970703125
13947549,46.142578125
13947891,45.8984375
13948125,45.166015625
13948700,42.05322265625
13956172,62.744140625
13956253,56.5185546875
13956498,43.701171875
13956909,50.6591796875
13957232,48.03466796875
13957629,51.6357421875
13958252,59.75341796875
13965689,72.75390625
13965885,50.96435546875
13966104,42.8466796875
13966462,47.2412109375
13966816,46.08154296875
13967181,51.8798828125
13967520,53.40576171875
13975962,58.28857421875
13976085,53.28369140625
13976331,44.49462890625
13976592,72.75390625
13976880,55.2978515625
13977202,59.99755859375
13977496,46.7529296875
13977762,39.97802734375
13985205,53.466796875
13985396,51.81884765625
13985630,55.84716796875
13985968,53.1005859375
13986521,57.0068359375
13986911,55.2978515625
13994468,55.48095703125
13994593,42.3583984375
13994799,47.119140625
13995357,58.7158203125
13995730,47.79052734375
13996063,55.908203125
13996268,52.30712890625
13996984,45.41015625
13997184,39.55078125
13997735,50.47607421875
14006900,52.30712890625
14007032,39.0625
14007232,45.41015625
14007552,60.05859375
14007936,52.734375
14010017,54.62646484375
14017172,54.26025390625
14017426,72.57080078125
14017784,39.9169921875
14018115,52.8564453125
14018306,44.12841796875
14018889,49.6826171875
14019573,40.83251953125
14028312,47.8515625
14028547,51.7578125
14028826,59.2041015625
14029017,44.49462890625
14030195,46.93603515625
14031151,67.2607421875
14031490,47.18017578125
14038388,61.279296875
14038648,53.1005859375
14038855,52.42919921875
14039198,48.03466796875
14039606,47.05810546875
14040000,48.9501953125
14040359,52.3681640625
14040908,46.9970703125
14041991,48.76708984375
14042363,53.8330078125
14042900,45.654296875
14049811,49.01123046875
14049992,38.14697265625
14050301,55.23681640625
14051118,57.06787109375
14051335,54.8095703125
14052056,45.7763671875
14063491,61.46240234375
14063683,52.6123046875
14064234,52.978515625
14064590,45.59326171875
14065208,47.119140625
14067670,55.5419921875
14071960,56.70166015625
14072954,57.9833984375
14073451,72.75390625
14074489,62.43896484375
14083233,46.44775390625
14083494,54.38232421875
14084233,56.45751953125
14084431,53.03955078125
14093395,65.185546875
14093625,53.03955078125
14094173,58.59375
14095267,57.06787109375
14095506,44.3115234375
14096451,50.4150390625
14106151,51.513671875
14106433,48.88916015625
14107779,52.91748046875
14108388,56.5185546875
14108724,56.57958984375
14109114,49.4384765625
14110905,60.9130859375
14112013,45.10498046875
14120568,60.60791015625
14120793,62.255859375
14121089,43.88427734375
14121465,50.72021484375
14121673,47.36328125
14133783,60.302734375
14134087,47.18017578125
14134642,51.7578125
14135036,56.33544921875
14146508,60.302734375
14147238,50.29296875
14147588,58.349609375
14161043,57.12890625
14161244,44.86083984375
14161794,51.57470703125
14162007,54.13818359375
14162446,53.7109375
14173174,50.96435546875
14175909,57.55615234375
14191665,51.20849609375
14192249,45.10498046875
14192528,59.6923828125
14193204,52.8564453125
14212357,54.01611328125
14229141,50.4150390625
14274375,54.74853515625
14275730,56.94580078125
14306330,49.4384765625
14333090,50.23193359375
