14355000,0
40777,27.03857421875
231876,31.06689453125
1050350,29.72412109375
1152209,30.76171875
1339726,30.029296875
1998717,28.4423828125
2037907,29.1748046875
2123445,27.64892578125
2601645,26.55029296875
2683117,27.099609375
3524322,26.55029296875
3679226,27.03857421875
3819846,29.78515625
3872215,29.1748046875
5694239,30.6396484375
5727359,27.099609375
5821235,28.25927734375
6039712,27.83203125
6366744,28.4423828125
7559884,29.60205078125
7986382,29.35791015625
8055263,32.28759765625
8097764,28.1982421875
8097805,30.029296875
8098296,27.77099609375
8210792,26.7333984375
8211448,27.83203125
8416509,29.35791015625
8843635,26.67236328125
10054662,29.35791015625
10304850,26.55029296875
10340189,29.4189453125
10615625,28.80859375
10916217,27.16064453125
11053488,28.4423828125
11077711,30.3955078125
11124338,32.5927734375
11282764,27.40478515625
11355052,27.7099609375
11375680,28.076171875
11401318,29.72412109375
11425771,26.67236328125
11492130,26.9775390625
12184693,27.28271484375
12332932,29.72412109375
13239641,27.587890625
13425982,30.57861328125
