14355000,0
10765,32.53173828125
12246,38.9404296875
12311,45.0439453125
12360,36.7431640625
12664,37.29248046875
39884,36.9873046875
39969,34.85107421875
40004,35.0341796875
40034,38.818359375
40058,32.77587890625
40098,46.81396484375
40119,33.8134765625
40184,36.07177734375
40756,33.38623046875
59489,32.65380859375
62600,32.53173828125
63374,35.2783203125
63704,34.48486328125
63909,34.66796875
63968,49.9267578125
64065,33.3251953125
64121,42.05322265625
64199,32.5927734375
85563,35.82763671875
86445,32.1044921875
86481,33.203125
86540,36.9873046875
86553,31.79931640625
86602,32.470703125
86650,31.67724609375
109831,32.8369140625
109991,32.77587890625
110537,35.09521484375
113446,32.04345703125
115802,35.58349609375
116590,32.04345703125
125146,36.865234375
125590,32.2265625
126612,32.8369140625
126934,31.73828125
126950,35.5224609375
131374,33.0810546875
138348,32.5927734375
143710,33.02001953125
143812,31.494140625
144201,37.7197265625
144870,37.53662109375
167717,49.560546875
167729,35.888671875
168347,31.79931640625
168601,34.0576171875
169275,33.3251953125
170560,37.04833984375
174435,35.5224609375
174643,32.53173828125
187516,34.0576171875
187559,34.97314453125
187729,32.89794921875
187842,32.958984375
188059,33.69140625
188146,56.5185546875
188266,34.97314453125
188449,35.400390625
188651,32.77587890625
189093,31.73828125
190271,32.1044921875
190361,33.8134765625
190955,34.66796875
191195,31.6162109375
206604,42.05322265625
206683,34.5458984375
206781,45.5322265625
206990,36.31591796875
207111,33.935546875
207224,33.14208984375
207269,31.43310546875
208629,32.958984375
221366,41.1376953125
221454,33.203125
221472,32.28759765625
222462,36.9873046875
223649,31.73828125
232266,33.5693359375
232301,34.1796875
232428,34.48486328125
232502,31.79931640625
233114,36.56005859375
235795,31.3720703125
236035,35.09521484375
236256,37.2314453125
236677,34.423828125
237871,32.77587890625
238144,32.3486328125
245864,35.82763671875
245980,35.888671875
246041,42.78564453125
246151,32.470703125
246294,37.841796875
246551,31.494140625
247111,33.02001953125
247477,33.26416015625
248263,31.73828125
256043,39.9169921875
256250,35.58349609375
256612,32.04345703125
258241,31.79931640625
260480,40.6494140625
271924,32.5927734375
276978,35.7666015625
278064,35.888671875
278220,34.85107421875
285012,33.8134765625
285123,31.8603515625
285226,31.73828125
286237,31.43310546875
287481,31.494140625
288465,31.55517578125
289362,39.55078125
289659,33.63037109375
291025,33.5693359375
291625,32.16552734375
299418,31.92138671875
299499,36.7431640625
299642,33.99658203125
300234,31.494140625
302651,34.72900390625
305134,35.888671875
312526,38.0859375
312734,37.04833984375
312930,33.38623046875
313128,31.43310546875
313302,33.203125
313660,49.072265625
315799,38.14697265625
316106,32.53173828125
316355,37.90283203125
316398,36.07177734375
326182,33.99658203125
326988,32.2265625
327241,31.494140625
327433,32.958984375
329234,38.26904296875
330571,35.400390625
343270,37.7197265625
343502,37.41455078125
343668,31.8603515625
344445,38.02490234375
344692,31.494140625
345009,35.64453125
347021,32.16552734375
348217,34.7900390625
348738,31.982421875
357323,33.02001953125
357849,33.02001953125
358160,37.78076171875
358874,38.0859375
359366,34.912109375
361307,34.3017578125
361578,31.73828125
367777,31.67724609375
368295,33.69140625
368721,34.7900390625
370200,34.97314453125
373054,36.865234375
376447,34.11865234375
380253,34.72900390625
382280,47.2412109375
387622,34.72900390625
388359,32.89794921875
388981,32.89794921875
395768,32.04345703125
395994,34.72900390625
396018,33.50830078125
396225,34.72900390625
396452,33.69140625
396712,32.16552734375
396884,31.8603515625
398009,32.1044921875
407435,34.24072265625
407629,36.19384765625
408519,42.90771484375
409229,36.0107421875
411289,37.78076171875
415693,33.26416015625
415727,32.8369140625
416007,34.7900390625
416252,33.26416015625
416526,33.8134765625
416907,33.50830078125
417716,34.60693359375
425697,36.56005859375
425776,34.0576171875
425977,32.53173828125
426098,32.3486328125
427796,33.0810546875
435729,34.7900390625
436556,31.3720703125
436800,38.2080078125
438323,34.423828125
439109,31.79931640625
440258,32.470703125
448387,35.0341796875
449019,32.958984375
449781,37.353515625
457401,32.2265625
457740,43.5791015625
459141,33.69140625
459500,32.65380859375
468595,32.04345703125
469306,31.73828125
469575,35.09521484375
470445,34.36279296875
477475,32.28759765625
477521,34.7900390625
477878,40.283203125
489077,33.203125
489551,35.2783203125
490458,31.55517578125
498092,37.41455078125
498290,34.72900390625
498336,34.5458984375
498581,39.4287109375
499898,46.2646484375
505977,31.79931640625
514400,33.75244140625
514592,36.7431640625
515054,40.95458984375
515876,39.24560546875
524503,32.470703125
524763,32.470703125
524787,33.50830078125
524961,31.67724609375
525606,31.43310546875
525795,34.0576171875
528884,31.73828125
531691,31.92138671875
538777,36.376953125
539030,35.400390625
539321,39.794921875
539951,31.3720703125
540281,31.79931640625
546578,31.92138671875
546603,31.3720703125
546804,33.50830078125
546994,32.53173828125
547194,32.40966796875
547499,32.65380859375
548036,33.75244140625
548136,34.36279296875
548333,32.89794921875
556779,34.423828125
557399,31.3720703125
566141,32.65380859375
566368,31.6162109375
566613,34.48486328125
567711,35.33935546875
576472,34.7900390625
576554,32.40966796875
576726,33.50830078125
576913,38.51318359375
577135,33.69140625
577341,32.5927734375
578529,33.5693359375
579549,34.60693359375
587485,33.935546875
587691,47.91259765625
587927,32.77587890625
588199,39.794921875
588224,31.3720703125
600159,31.43310546875
608657,33.8134765625
609199,33.203125
609690,33.38623046875
609955,33.38623046875
620332,33.26416015625
620774,38.51318359375
621912,34.11865234375
629542,35.58349609375
630229,32.89794921875
630447,34.912109375
630709,32.71484375
634617,34.1796875
645921,34.0576171875
646335,35.33935546875
646520,33.203125
646740,40.71044921875
656769,32.89794921875
657269,33.69140625
658262,31.8603515625
669588,35.2783203125
669807,33.8134765625
669979,34.72900390625
670405,34.0576171875
670920,31.8603515625
671138,32.53173828125
686763,33.02001953125
687048,32.77587890625
687285,33.447265625
687377,31.6162109375
699203,38.330078125
699592,31.67724609375
700281,33.5693359375
700953,32.1044921875
701239,37.65869140625
701586,33.26416015625
715717,31.73828125
715931,32.16552734375
716726,33.75244140625
734809,32.53173828125
734867,36.4990234375
735661,32.89794921875
735919,37.41455078125
739167,34.3017578125
740897,31.43310546875
756200,31.73828125
756258,39.6728515625
756662,34.97314453125
756873,34.85107421875
757859,32.16552734375
758853,32.04345703125
777480,33.26416015625
777542,32.1044921875
777680,31.8603515625
777876,35.58349609375
777900,32.53173828125
778028,39.1845703125
778474,44.00634765625
779137,36.19384765625
780760,33.26416015625
799375,33.02001953125
799937,34.72900390625
801081,32.470703125
801404,32.53173828125
804384,33.5693359375
804784,32.16552734375
820766,32.958984375
820797,43.27392578125
821153,32.77587890625
821335,41.19873046875
821506,35.21728515625
821753,38.2080078125
846852,35.15625
875755,31.92138671875
876081,33.75244140625
876190,36.07177734375
876500,38.2080078125
876648,36.4990234375
876899,40.0390625
882248,31.982421875
883343,33.75244140625
902261,32.3486328125
902655,31.43310546875
902825,32.1044921875
903098,32.04345703125
903633,32.3486328125
904330,33.75244140625
937635,32.470703125
937673,32.28759765625
937709,41.6259765625
937757,32.1044921875
938639,37.65869140625
938879,35.7666015625
952646,34.3017578125
953216,31.73828125
953675,37.9638671875
976075,33.8134765625
976226,37.17041015625
976555,41.68701171875
976763,35.2783203125
976851,33.0810546875
1004544,32.28759765625
1004626,31.73828125
1004675,40.83251953125
1004766,31.6162109375
1004903,32.65380859375
1005201,36.07177734375
1005273,35.888671875
1035891,32.77587890625
1035966,35.400390625
1036121,38.75732421875
1036285,32.71484375
1036408,33.26416015625
1050068,37.17041015625
1050217,36.43798828125
1050394,31.43310546875
1050420,31.6162109375
1050602,31.3720703125
1050770,35.5224609375
1050966,31.73828125
1096967,44.43359375
1097005,32.958984375
1097049,33.8134765625
1097077,36.7431640625
1097123,48.2177734375
1097158,37.2314453125
1097309,32.28759765625
1116650,36.68212890625
1116666,32.3486328125
1117058,37.7197265625
1117642,32.2265625
1117734,39.0625
1151852,31.494140625
1152092,31.3720703125
1152138,33.02001953125
1152245,34.24072265625
1177411,33.3251953125
1178570,33.75244140625
1178833,34.97314453125
1179679,33.02001953125
1210272,31.73828125
1210423,34.72900390625
1210691,35.46142578125
1210822,38.87939453125
1211181,40.771484375
1216279,36.92626953125
1216445,31.55517578125
1217072,35.64453125
1219751,32.04345703125
1220215,35.5224609375
1220911,44.00634765625
1248586,31.55517578125
1249261,32.1044921875
1266576,34.423828125
1267703,32.89794921875
1268505,32.1044921875
1268989,31.43310546875
1271597,32.28759765625
1271709,32.89794921875
1271986,31.43310546875
1305724,36.56005859375
1306018,33.50830078125
1306156,36.31591796875
1306244,35.33935546875
1306312,37.90283203125
1306473,35.7666015625
1306901,37.41455078125
1308205,37.109375
1308947,36.43798828125
1310251,33.02001953125
1310543,40.4052734375
1310866,34.3017578125
1310879,32.1044921875
1311191,35.0341796875
1322748,31.79931640625
1322987,37.841796875
1323012,31.43310546875
1323495,34.24072265625
1323561,32.2265625
1325354,34.24072265625
1326162,35.888671875
1326189,40.4052734375
1326765,32.16552734375
1326939,32.28759765625
1327238,43.5791015625
1338967,36.865234375
1339032,38.51318359375
1339159,36.92626953125
1339584,31.6162109375
1339764,41.19873046875
1340111,31.55517578125
1340195,31.982421875
1340219,33.02001953125
1340883,33.38623046875
1341861,32.3486328125
1370126,34.24072265625
1370298,59.02099609375
1371295,32.28759765625
1371720,36.68212890625
1371969,32.5927734375
1372308,34.423828125
1372894,31.43310546875
1372914,31.43310546875
1374277,32.3486328125
1374768,36.9873046875
1377724,35.09521484375
1378067,41.748046875
1388090,44.86083984375
1388629,33.3251953125
1388874,42.05322265625
1389369,33.8134765625
1389491,33.99658203125
1390186,31.79931640625
1407944,32.5927734375
1408838,34.0576171875
1410213,35.2783203125
1410733,32.1044921875
1411198,34.0576171875
1414333,39.0625
1435046,32.470703125
1435262,32.2265625
1435661,31.494140625
1435825,35.2783203125
1437652,34.3017578125
1437970,31.79931640625
1439332,40.1611328125
1453028,38.63525390625
1453863,34.423828125
1454231,32.16552734375
1454476,35.7666015625
1454754,37.41455078125
1456344,39.0625
1478299,36.80419921875
1478409,37.4755859375
1478636,34.48486328125
1478776,32.65380859375
1478946,40.283203125
1480778,31.8603515625
1480997,31.73828125
1481017,32.71484375
1482305,33.02001953125
1499820,34.3017578125
1500129,36.92626953125
1500280,34.24072265625
1500332,37.841796875
1500861,35.82763671875
1501430,36.9873046875
1503888,31.67724609375
1504506,36.865234375
1504729,31.67724609375
1509193,32.65380859375
1509593,32.77587890625
1510189,45.7763671875
1510714,37.53662109375
1524185,32.5927734375
1524215,41.07666015625
1524252,36.865234375
1524264,33.99658203125
1524924,32.2265625
1525130,35.09521484375
1526344,36.0107421875
1526612,38.51318359375
1528476,33.5693359375
1528775,40.6494140625
1529114,32.89794921875
1543273,39.73388671875
1544072,42.96875
1544260,42.66357421875
1561674,34.66796875
1561884,32.470703125
1562042,46.875
1562091,36.1328125
1564793,31.494140625
1566148,32.40966796875
1582395,47.607421875
1582560,36.4990234375
1582737,43.88427734375
1583056,36.92626953125
1583273,35.46142578125
1583492,42.1142578125
1583526,32.470703125
1583966,41.07666015625
1585829,34.912109375
1586157,33.99658203125
1600473,32.1044921875
1600498,33.447265625
1600795,38.02490234375
1601132,32.77587890625
1601338,38.6962890625
1604063,40.58837890625
1604358,32.958984375
1604987,34.48486328125
1605392,31.43310546875
1608294,40.83251953125
1609129,35.5224609375
1629135,39.97802734375
1629755,38.2080078125
1629911,32.65380859375
1630118,32.2265625
1630496,34.1796875
1630735,32.2265625
1641307,47.66845703125
1641364,36.07177734375
1641503,41.6259765625
1641713,38.9404296875
1641872,32.71484375
1642122,32.89794921875
1657034,32.65380859375
1657151,32.5927734375
1657256,33.203125
1657396,35.5224609375
1657614,34.36279296875
1657766,34.3017578125
1657808,38.57421875
1657952,36.43798828125
1658394,31.3720703125
1677093,32.1044921875
1677248,33.75244140625
1677371,33.75244140625
1677506,34.60693359375
1677697,31.6162109375
1677834,44.7998046875
1681314,36.865234375
1681926,31.3720703125
1682137,33.50830078125
1682922,33.69140625
1700029,37.841796875
1700077,37.109375
1700929,36.9873046875
1702022,38.39111328125
1726537,43.701171875
1726717,32.04345703125
1729441,31.43310546875
1730094,31.73828125
1731451,34.1796875
1731751,37.59765625
1731803,36.31591796875
1739812,34.24072265625
1739880,35.46142578125
1739996,34.7900390625
1740348,43.27392578125
1740517,31.8603515625
1740591,37.17041015625
1774914,32.2265625
1775064,37.65869140625
1775178,34.0576171875
1778925,32.2265625
1779344,34.72900390625
1780523,33.14208984375
1816747,35.0341796875
1816997,32.89794921875
1817119,32.470703125
1817204,34.97314453125
1817257,37.353515625
1817346,31.3720703125
1817457,34.97314453125
1820827,35.94970703125
1821482,35.58349609375
1821511,35.58349609375
1847925,39.85595703125
1848048,34.48486328125
1848831,33.447265625
1848859,34.36279296875
1851682,34.5458984375
1872127,38.0859375
1872177,31.8603515625
1872338,32.16552734375
1872807,39.306640625
1873066,32.28759765625
1873728,35.64453125
1907217,34.5458984375
1907431,31.982421875
1927950,34.7900390625
1947101,51.69677734375
1947130,31.494140625
1947183,35.21728515625
1947197,33.203125
1947226,57.2509765625
1947592,33.38623046875
1948156,31.6162109375
1976551,31.55517578125
1998527,39.0625
1998561,32.8369140625
1998592,48.03466796875
1998649,44.49462890625
1998729,37.41455078125
1998794,36.31591796875
1998832,34.85107421875
1998877,31.6162109375
1998907,39.55078125
1999142,35.82763671875
2036786,36.07177734375
2037036,32.8369140625
2037056,33.0810546875
2037197,33.935546875
2056797,32.470703125
2057412,33.3251953125
2080921,34.0576171875
2091097,34.48486328125
2091180,33.02001953125
2091396,33.69140625
2091445,45.8984375
2091496,46.20361328125
2091619,37.17041015625
2091807,32.53173828125
2091974,32.1044921875
2102733,31.6162109375
2106582,32.65380859375
2122578,47.66845703125
2122632,39.794921875
2122697,38.51318359375
2122735,34.97314453125
2122762,32.3486328125
2122791,35.888671875
2123293,34.85107421875
2123708,35.33935546875
2123776,31.6162109375
2140433,32.28759765625
2140486,39.36767578125
2140554,36.31591796875
2140587,34.1796875
2140679,33.3251953125
2141358,32.16552734375
2141546,33.203125
2156731,31.8603515625
2170802,36.80419921875
2172558,33.87451171875
2174134,32.16552734375
2174200,32.71484375
2191480,31.494140625
2213424,32.65380859375
2216077,34.912109375
2216315,34.72900390625
2216660,34.48486328125
2216734,38.330078125
2216771,37.17041015625
2216940,33.8134765625
2217260,31.55517578125
2217351,31.55517578125
2234807,34.1796875
2235198,33.203125
2235337,35.64453125
2235639,32.16552734375
2235798,32.958984375
2236033,33.14208984375
2254146,34.3017578125
2267157,31.67724609375
2273497,31.92138671875
2273517,35.7666015625
2273573,35.15625
2273658,36.80419921875
2273685,36.2548828125
2273709,34.36279296875
2302210,33.02001953125
2302320,31.55517578125
2302589,33.02001953125
2302678,36.1328125
2302754,35.94970703125
2302822,34.7900390625
2303132,32.8369140625
2303277,32.8369140625
2303369,31.6162109375
2327387,33.75244140625
2341296,36.68212890625
2341343,32.28759765625
2341857,31.73828125
2358695,35.33935546875
2360285,31.73828125
2360422,32.28759765625
2388702,34.85107421875
2388789,32.1044921875
2389034,35.21728515625
2389114,36.1328125
2389207,41.68701171875
2401923,48.2177734375
2421139,36.7431640625
2421247,39.24560546875
2421985,40.95458984375
2422222,32.28759765625
2422437,34.60693359375
2422459,31.6162109375
2442448,42.236328125
2442475,45.5322265625
2442675,33.935546875
2467098,33.50830078125
2467234,31.8603515625
2467278,33.99658203125
2467315,32.2265625
2467484,34.97314453125
2486566,32.40966796875
2488006,31.494140625
2488163,33.3251953125
2488676,36.2548828125
2506226,35.64453125
2506243,31.73828125
2506329,38.818359375
2525101,33.5693359375
2525189,33.63037109375
2525246,40.52734375
2545799,32.04345703125
2546682,31.92138671875
2547008,31.6162109375
2547132,43.76220703125
2547498,31.55517578125
2547530,34.3017578125
2562133,31.43310546875
2562308,32.470703125
2562335,34.11865234375
2562489,42.6025390625
2586217,42.90771484375
2587002,36.80419921875
2587031,37.41455078125
2587146,33.26416015625
2587285,36.0107421875
2587349,32.1044921875
2600648,33.63037109375
2600839,36.0107421875
2600985,31.92138671875
2601912,33.14208984375
2602359,32.3486328125
2602465,36.2548828125
2602571,32.470703125
2602696,33.99658203125
2625833,32.1044921875
2625852,32.40966796875
2625920,31.67724609375
2625992,36.56005859375
2626020,36.19384765625
2626058,31.43310546875
2626096,34.36279296875
2626164,33.02001953125
2626205,31.43310546875
2626414,36.62109375
2626494,32.40966796875
2644580,34.1796875
2644978,32.71484375
2645369,34.24072265625
2645507,32.470703125
2653523,32.3486328125
2683236,36.56005859375
2683337,36.376953125
2683370,41.015625
2683407,34.3017578125
2683487,35.33935546875
2683536,32.2265625
2683560,35.0341796875
2683649,31.73828125
2683667,32.2265625
2683832,32.470703125
2683982,32.2265625
2694901,32.16552734375
2695900,35.58349609375
2725551,34.1796875
2725653,45.5322265625
2725953,36.865234375
2726533,33.38623046875
2726763,40.71044921875
2727056,33.3251953125
2753850,40.34423828125
2754350,35.64453125
2754390,32.5927734375
2754853,34.0576171875
2777049,33.69140625
2777716,35.0341796875
2777885,32.65380859375
2799145,31.92138671875
2799157,32.2265625
2799908,32.3486328125
2815719,33.935546875
2816153,35.2783203125
2816393,36.2548828125
2837232,31.92138671875
2837569,33.02001953125
2837807,36.0107421875
2838402,32.1044921875
2845976,31.79931640625
2846243,35.94970703125
2846371,37.59765625
2846695,34.48486328125
2847094,33.5693359375
2847882,34.3017578125
2848263,32.3486328125
2848542,32.89794921875
2849690,34.48486328125
2850845,32.958984375
2851414,38.330078125
2851615,31.43310546875
2851777,32.5927734375
2852220,32.470703125
2852558,33.3251953125
2866451,34.72900390625
2866493,31.982421875
2866543,32.958984375
2866726,37.109375
2866954,36.4990234375
2867132,41.50390625
2867984,40.83251953125
2868910,32.3486328125
2868920,54.6875
2869464,35.21728515625
2887005,37.109375
2887052,61.4013671875
2887127,31.8603515625
2887240,36.68212890625
2887436,31.43310546875
2887468,36.43798828125
2887592,34.0576171875
2887755,36.376953125
2888176,41.19873046875
2888901,34.36279296875
2889701,37.109375
2889997,31.92138671875
2890774,36.43798828125
2890982,39.24560546875
2891140,37.59765625
2901405,35.7666015625
2901587,35.64453125
2901770,40.8935546875
2901940,33.38623046875
2902388,31.6162109375
2903382,32.16552734375
2904597,35.7666015625
2906373,32.5927734375
2909349,40.771484375
2914297,40.71044921875
2914721,31.55517578125
2920990,33.26416015625
2921135,38.51318359375
2921275,31.67724609375
2921419,39.73388671875
2921628,33.69140625
2921678,35.94970703125
2922901,31.43310546875
2928270,40.6494140625
2928299,32.5927734375
2928708,41.93115234375
2928933,34.423828125
2929124,35.2783203125
2929374,35.21728515625
2930698,46.44775390625
2931751,34.3017578125
2932435,34.912109375
2932954,32.65380859375
2937649,38.4521484375
2937674,39.794921875
2937914,44.61669921875
2938593,34.11865234375
2938845,34.3017578125
2943757,33.203125
2943956,32.5927734375
2944171,32.1044921875
2944371,34.66796875
2949822,34.0576171875
2950054,37.841796875
2950240,33.02001953125
2950680,33.0810546875
2951294,36.2548828125
2956390,42.90771484375
2956637,41.015625
2956807,34.72900390625
2956851,31.3720703125
2957028,34.11865234375
2957248,31.982421875
2959577,35.15625
2967320,31.3720703125
2967455,33.87451171875
2967799,31.43310546875
2968071,36.7431640625
2968617,38.57421875
2970116,34.7900390625
2977248,32.65380859375
2978249,33.14208984375
2978903,40.1611328125
2979082,37.17041015625
2980594,31.73828125
2980847,37.4755859375
2986967,36.62109375
2987373,32.65380859375
2987675,31.92138671875
2987936,33.447265625
2992317,32.28759765625
2995655,33.87451171875
2996017,32.16552734375
3001210,39.9169921875
3001447,33.0810546875
3001559,33.935546875
3001723,38.02490234375
3001838,31.55517578125
3002892,35.09521484375
3008618,35.2783203125
3009632,43.9453125
3013893,33.87451171875
3016250,31.8603515625
3017823,34.60693359375
3018095,33.8134765625
3018764,33.0810546875
3019154,34.85107421875
3020162,39.0625
3025459,31.67724609375
3025749,31.6162109375
3032272,32.3486328125
3034506,34.66796875
3039722,45.7763671875
3040010,41.015625
3041821,43.64013671875
3041879,33.0810546875
3043130,35.82763671875
3043671,40.22216796875
3050574,32.5927734375
3051070,32.8369140625
3051938,33.87451171875
3057702,31.8603515625
3058175,35.888671875
3064100,31.79931640625
3064550,33.63037109375
3064840,38.2080078125
3071096,32.470703125
3071349,43.5791015625
3074526,33.87451171875
3080384,37.4755859375
3081233,31.43310546875
3087580,37.78076171875
3087760,32.958984375
3087951,34.11865234375
3088185,54.87060546875
3088423,47.119140625
3089188,33.14208984375
3096336,37.9638671875
3103182,33.5693359375
3103448,35.400390625
3103748,36.9873046875
3103978,33.99658203125
3104817,37.78076171875
3111490,32.04345703125
3111623,33.02001953125
3112261,35.09521484375
3127780,32.2265625
3128239,37.7197265625
3128779,39.55078125
3129197,32.53173828125
3129431,31.55517578125
3129849,36.1328125
3137921,31.92138671875
3138287,31.55517578125
3138301,37.78076171875
3146688,39.00146484375
3146934,35.33935546875
3147210,34.60693359375
3156397,36.0107421875
3156618,33.3251953125
3156807,39.55078125
3157031,52.978515625
3158506,37.78076171875
3165592,35.0341796875
3165939,52.06298828125
3166126,35.33935546875
3167383,37.841796875
3167418,33.26416015625
3175164,36.4990234375
3175701,33.69140625
3176100,35.58349609375
3186108,36.1328125
3186521,41.07666015625
3186712,36.43798828125
3186902,32.40966796875
3187429,31.55517578125
3198229,32.40966796875
3198400,33.69140625
3198749,32.04345703125
3198931,32.04345703125
3198953,32.89794921875
3199917,38.818359375
3209813,37.841796875
3210004,42.29736328125
3210599,31.494140625
3211437,44.37255859375
3219839,33.447265625
3220533,37.2314453125
3220737,32.53173828125
3233228,32.470703125
3233849,31.79931640625
3234005,34.423828125
3235908,31.55517578125
3240228,32.53173828125
3251454,37.53662109375
3251829,33.447265625
3252750,34.24072265625
3266216,31.55517578125
3266426,34.1796875
3266594,33.0810546875
3288115,32.16552734375
3288187,32.40966796875
3288303,34.48486328125
3289483,31.6162109375
3289523,31.494140625
3289965,35.33935546875
3290468,31.55517578125
3317564,33.63037109375
3317787,31.8603515625
3340351,40.58837890625
3340554,32.53173828125
3340797,38.0859375
3358481,37.78076171875
3358533,34.48486328125
3358633,33.50830078125
3358768,31.494140625
3359297,34.72900390625
3359929,39.0625
3391963,42.54150390625
3392029,31.92138671875
3392054,32.958984375
3392280,32.16552734375
3408145,31.79931640625
3408546,31.79931640625
3408579,37.41455078125
3408719,32.8369140625
3431277,31.43310546875
3431578,32.3486328125
3431674,50.10986328125
3432226,33.5693359375
3432807,32.16552734375
3451352,32.958984375
3451747,32.53173828125
3452661,35.33935546875
3473616,34.60693359375
3473798,33.50830078125
3474722,36.56005859375
3475079,33.8134765625
3489058,32.16552734375
3489150,36.1328125
3489394,38.2080078125
3489420,33.87451171875
3490087,39.306640625
3490855,33.447265625
3498161,33.3251953125
3498298,32.16552734375
3498562,31.55517578125
3498851,33.3251953125
3512819,35.5224609375
3513634,34.7900390625
3513751,31.8603515625
3514253,36.2548828125
3522936,46.69189453125
3523058,38.51318359375
3523124,31.79931640625
3524005,35.58349609375
3524152,53.8330078125
3524648,33.50830078125
3547345,47.7294921875
3547463,31.92138671875
3547527,37.353515625
3547622,31.6162109375
3547895,32.04345703125
3548282,31.43310546875
3548432,31.67724609375
3548792,33.5693359375
3562326,32.71484375
3562450,41.32080078125
3562549,36.865234375
3562812,34.0576171875
3563325,39.85595703125
3563484,36.80419921875
3564211,38.9404296875
3564566,32.2265625
3564851,31.3720703125
3579491,34.97314453125
3579590,39.61181640625
3579807,40.58837890625
3580352,32.3486328125
3580498,31.982421875
3592829,33.63037109375
3592872,33.50830078125
3592895,34.1796875
3593240,34.5458984375
3593264,32.71484375
3593440,32.958984375
3612922,31.79931640625
3613018,33.447265625
3613146,41.32080078125
3613370,34.24072265625
3613406,33.02001953125
3613735,31.79931640625
3614455,33.99658203125
3615100,36.80419921875
3615309,33.3251953125
3638657,33.75244140625
3638944,31.6162109375
3639300,33.38623046875
3639492,31.55517578125
3650545,39.00146484375
3651015,33.69140625
3651219,35.21728515625
3679223,33.87451171875
3679437,32.8369140625
3679498,37.04833984375
3679886,36.9873046875
3679992,33.69140625
3680285,34.24072265625
3680386,32.89794921875
3691382,34.5458984375
3691595,33.50830078125
3691654,31.73828125
3691751,35.09521484375
3691783,34.423828125
3714266,36.43798828125
3714365,31.8603515625
3714685,32.1044921875
3715843,32.2265625
3736565,31.982421875
3736680,38.02490234375
3736773,36.62109375
3757146,34.5458984375
3758180,32.65380859375
3758276,34.5458984375
3788729,32.65380859375
3788832,32.2265625
3789020,36.80419921875
3819897,39.1845703125
3819972,33.50830078125
3820162,32.470703125
3820600,31.6162109375
3820770,33.02001953125
3837744,32.470703125
3838228,33.69140625
3838615,32.71484375
3838743,48.40087890625
3839103,32.71484375
3839804,33.38623046875
3871607,32.958984375
3872185,42.41943359375
3872273,32.5927734375
3872370,31.92138671875
3887463,37.841796875
3887481,36.80419921875
3888343,33.14208984375
3939409,36.0107421875
3952305,34.24072265625
3952694,34.3017578125
3952993,31.6162109375
3976051,32.470703125
3977070,38.57421875
3977269,31.73828125
3997093,34.3017578125
3997249,32.77587890625
3997895,32.5927734375
4014196,31.92138671875
4016565,35.46142578125
4017995,32.77587890625
4018216,33.02001953125
4018482,45.166015625
4018692,35.58349609375
4022802,33.14208984375
4024647,31.43310546875
4046132,36.376953125
4046157,34.24072265625
4059507,32.16552734375
4060475,36.9873046875
4061715,33.5693359375
4062872,35.15625
4063277,36.07177734375
4074409,32.04345703125
4074691,31.3720703125
4074849,32.470703125
4075399,49.4384765625
4076389,34.36279296875
4076655,32.04345703125
4078549,32.89794921875
4078824,34.423828125
4079298,39.00146484375
4079481,34.1796875
4079930,39.6728515625
4080106,32.8369140625
4080117,33.3251953125
4089488,32.3486328125
4089550,35.70556640625
4090393,32.40966796875
4090933,40.71044921875
4091109,31.43310546875
4118121,32.28759765625
4118150,45.10498046875
4118192,35.888671875
4133029,36.31591796875
4134723,31.3720703125
4154507,49.9267578125
4154817,33.3251953125
4155278,31.3720703125
4155374,34.72900390625
4155438,32.04345703125
4155609,39.1845703125
4163734,34.0576171875
4164193,31.79931640625
4164495,32.65380859375
4164592,31.494140625
4165224,38.0859375
4165472,33.50830078125
4165482,33.935546875
4166476,36.376953125
4181960,34.48486328125
4182129,33.75244140625
4182634,31.494140625
4183501,32.40966796875
4183908,32.2265625
4217329,31.982421875
4217361,32.89794921875
4217500,32.16552734375
4217542,32.65380859375
4217682,31.73828125
4217862,31.92138671875
4218335,42.17529296875
4218674,41.015625
4219590,33.02001953125
4219896,34.0576171875
4220158,37.65869140625
4220308,35.33935546875
4220773,33.447265625
4226837,32.5927734375
4226970,32.04345703125
4227159,36.2548828125
4227320,34.97314453125
4227580,31.3720703125
4227717,31.43310546875
4229294,32.28759765625
4249006,39.0625
4249067,35.21728515625
4249146,33.69140625
4249266,37.04833984375
4261442,40.771484375
4261545,31.73828125
4262185,31.73828125
4262464,32.3486328125
4262944,43.27392578125
4279252,45.166015625
4279375,33.50830078125
4279488,35.5224609375
4279859,39.97802734375
4280608,32.16552734375
4288640,31.6162109375
4288833,34.24072265625
4288889,36.2548828125
4289225,32.958984375
4289696,32.470703125
4289709,34.5458984375
4289870,32.470703125
4291180,35.58349609375
4296288,32.2265625
4312567,35.94970703125
4312761,31.43310546875
4312918,38.9404296875
4313433,34.24072265625
4314353,36.2548828125
4342752,33.99658203125
4342979,33.38623046875
4343037,32.53173828125
4343124,35.58349609375
4343231,35.70556640625
4343283,34.85107421875
4357693,33.8134765625
4357734,34.66796875
4357750,35.888671875
4357875,34.11865234375
4358209,34.72900390625
4358381,36.865234375
4369713,33.99658203125
4369811,36.865234375
4370267,32.958984375
4371701,34.72900390625
4379599,35.09521484375
4379805,31.6162109375
4379959,33.14208984375
4398283,32.5927734375
4398322,35.5224609375
4398502,40.83251953125
4398617,36.80419921875
4398952,32.04345703125
4399135,36.376953125
4399315,37.53662109375
4399619,31.3720703125
4410131,46.93603515625
4410188,32.65380859375
4410198,32.71484375
4410251,33.14208984375
4410294,34.48486328125
4410499,32.04345703125
4410510,35.09521484375
4411075,32.8369140625
4425963,41.6259765625
4426206,40.46630859375
4426725,31.982421875
4427016,31.73828125
4427211,37.841796875
4427486,37.353515625
4428415,36.56005859375
4428579,31.3720703125
4430131,32.5927734375
4430675,38.4521484375
4430908,36.43798828125
4443201,38.330078125
4443431,32.04345703125
4443582,45.95947265625
4443693,32.8369140625
4443863,32.1044921875
4443995,31.73828125
4444753,35.46142578125
4444980,37.53662109375
4457429,43.45703125
4457659,33.8134765625
4457724,32.04345703125
4457829,32.71484375
4458171,34.0576171875
4458825,35.94970703125
4460053,34.11865234375
4460867,31.494140625
4468999,31.3720703125
4469071,38.51318359375
4469217,37.353515625
4469407,36.31591796875
4469429,33.8134765625
4469675,39.306640625
4469798,41.93115234375
4470581,36.31591796875
4478087,31.73828125
4478269,33.5693359375
4478641,31.494140625
4478936,43.76220703125
4479138,34.36279296875
4488633,32.89794921875
4488714,32.89794921875
4488777,32.470703125
4489159,36.43798828125
4489355,43.76220703125
4498654,40.46630859375
4498807,34.5458984375
4499178,33.3251953125
4499365,32.8369140625
4499947,38.14697265625
4510188,47.9736328125
4510420,37.4755859375
4510606,35.400390625
4510965,33.14208984375
4511628,32.04345703125
4524662,39.794921875
4524818,35.15625
4525245,32.2265625
4525482,34.423828125
4525572,36.7431640625
4536791,39.00146484375
4536965,37.53662109375
4537089,33.203125
4537099,34.423828125
4537216,39.36767578125
4537533,32.40966796875
4537749,34.912109375
4537978,33.8134765625
4538153,40.46630859375
4538651,33.02001953125
4548829,33.5693359375
4549190,32.89794921875
4549564,32.89794921875
4558960,38.14697265625
4559754,31.92138671875
4560055,35.46142578125
4575375,35.400390625
4575539,31.8603515625
4575831,35.21728515625
4575881,33.50830078125
4575921,39.794921875
4576062,33.87451171875
4576232,31.79931640625
4593882,36.62109375
4594288,31.3720703125
4594335,38.818359375
4594487,37.90283203125
4594531,34.11865234375
4594600,36.865234375
4595036,35.0341796875
4595746,31.55517578125
4607852,37.41455078125
4608073,36.43798828125
4625555,36.19384765625
4625639,35.46142578125
4625751,41.1376953125
4625896,32.5927734375
4626415,31.982421875
4626584,31.67724609375
4626652,31.982421875
4627329,31.67724609375
4641544,34.85107421875
4641809,42.29736328125
4641906,38.4521484375
4642505,32.28759765625
4659381,32.53173828125
4659497,43.5791015625
4659607,32.2265625
4659873,39.97802734375
4660268,34.97314453125
4660395,43.3349609375
4660408,32.71484375
4660568,37.109375
4660613,38.63525390625
4675112,32.2265625
4675497,37.4755859375
4675922,36.19384765625
4717289,36.80419921875
4717874,34.36279296875
4718070,33.02001953125
4718534,31.8603515625
4749740,31.55517578125
4749818,38.4521484375
4749898,34.36279296875
4749963,31.8603515625
4750403,32.77587890625
4774869,33.5693359375
4775242,31.982421875
4775612,31.92138671875
4775859,31.3720703125
4802280,34.60693359375
4802509,36.62109375
4802539,31.43310546875
4830651,31.982421875
4841961,35.94970703125
4848893,34.36279296875
4849253,33.38623046875
4871952,35.5224609375
4872006,37.04833984375
4872028,33.99658203125
4872061,34.48486328125
4872139,32.3486328125
4872280,34.97314453125
4872380,31.92138671875
4872474,33.8134765625
4887637,36.19384765625
4919135,34.1796875
4932809,35.09521484375
4935656,33.99658203125
4943788,35.09521484375
4972513,34.0576171875
4985221,41.93115234375
4985522,33.63037109375
4993096,34.85107421875
5002988,40.8935546875
5015763,35.09521484375
5027316,33.69140625
5027454,39.00146484375
5027492,32.65380859375
5027505,51.3916015625
5027541,36.07177734375
5027608,38.14697265625
5027645,35.58349609375
5028105,36.43798828125
5028180,33.203125
5052574,31.8603515625
5053247,31.6162109375
5053285,37.17041015625
5060873,32.470703125
5061385,31.43310546875
5061754,31.79931640625
5078723,32.28759765625
5078810,32.89794921875
5083401,32.2265625
5083647,32.5927734375
5083691,32.65380859375
5083724,35.94970703125
5083814,33.38623046875
5083876,34.5458984375
5083915,32.1044921875
5084034,32.28759765625
5084139,33.38623046875
5084449,36.1328125
5105237,38.14697265625
5108640,33.63037109375
5109458,39.794921875
5109477,37.29248046875
5109570,39.1845703125
5109596,31.79931640625
5109690,31.55517578125
5109732,39.48974609375
5109788,38.818359375
5109982,33.02001953125
5110116,33.99658203125
5110229,38.9404296875
5123830,31.92138671875
5125954,38.6962890625
5129047,46.5087890625
5129505,35.21728515625
5138310,37.90283203125
5138586,31.982421875
5177592,34.85107421875
5177652,34.48486328125
5177766,37.53662109375
5177906,33.26416015625
5179207,31.43310546875
5183347,32.958984375
5183687,33.5693359375
5184277,32.53173828125
5208754,32.8369140625
5209168,31.494140625
5209986,32.65380859375
5210342,37.17041015625
5241923,31.79931640625
5245255,37.17041015625
5245357,33.8134765625
5245514,44.98291015625
5245596,32.40966796875
5247607,37.109375
5250894,37.04833984375
5251417,33.02001953125
5252311,31.3720703125
5253340,33.3251953125
5254478,32.470703125
5255579,36.31591796875
5256159,33.5693359375
5256479,32.89794921875
5256764,31.3720703125
5272136,31.8603515625
5272250,36.43798828125
5272422,31.494140625
5272524,31.6162109375
5292494,42.90771484375
5292861,40.10009765625
5292944,32.77587890625
5294800,31.982421875
5312011,32.3486328125
5312022,38.818359375
5312086,34.48486328125
5312154,38.0859375
5312213,37.109375
5314601,32.28759765625
5338651,32.71484375
5338725,36.07177734375
5338799,40.10009765625
5338990,38.2080078125
5339021,34.912109375
5339129,38.57421875
5339688,37.90283203125
5340218,35.58349609375
5341077,31.494140625
5344642,35.33935546875
5344889,34.66796875
5353032,31.92138671875
5353091,38.6962890625
5353123,33.8134765625
5353324,37.4755859375
5353497,34.912109375
5354102,36.1328125
5354595,34.85107421875
5354638,35.64453125
5354967,31.6162109375
5363502,49.1943359375
5363599,37.9638671875
5363748,39.61181640625
5363862,31.6162109375
5364444,35.58349609375
5364686,32.8369140625
5365345,39.97802734375
5369339,33.75244140625
5375248,38.2080078125
5375338,33.8134765625
5375415,32.28759765625
5375576,32.65380859375
5375962,31.982421875
5376388,35.70556640625
5378109,33.447265625
5383218,33.203125
5383295,34.5458984375
5383631,32.71484375
5384201,32.40966796875
5384554,34.48486328125
5386160,35.400390625
5387144,32.77587890625
5393321,40.8935546875
5393349,40.34423828125
5393553,37.4755859375
5394220,31.79931640625
5399085,37.65869140625
5399306,32.16552734375
5399798,32.28759765625
5401566,33.3251953125
5407455,32.65380859375
5407519,32.65380859375
5415211,34.423828125
5415230,37.4755859375
5416055,40.1611328125
5420957,39.0625
5420985,36.376953125
5421144,37.17041015625
5421392,31.6162109375
5421461,32.2265625
5421581,49.49951171875
5421802,60.05859375
5421857,36.92626953125
5424088,32.470703125
5424347,31.6162109375
5427377,33.63037109375
5427799,35.5224609375
5428347,35.82763671875
5432969,33.5693359375
5433121,32.470703125
5433350,37.7197265625
5433637,35.09521484375
5433946,32.3486328125
5434209,31.6162109375
5434662,32.04345703125
5434793,33.87451171875
5439331,46.08154296875
5439490,34.1796875
5440502,32.89794921875
5440805,31.73828125
5441612,44.98291015625
5447534,32.28759765625
5448789,31.73828125
5450798,42.96875
5451493,34.24072265625
5453052,35.0341796875
5453842,33.38623046875
5454601,33.87451171875
5461880,33.0810546875
5462053,42.05322265625
5465161,33.0810546875
5470235,31.3720703125
5470398,40.83251953125
5470975,43.3349609375
5471222,33.935546875
5477549,33.87451171875
5484226,40.83251953125
5484746,32.1044921875
5484783,38.51318359375
5485380,33.02001953125
5492132,34.3017578125
5492497,31.79931640625
5493011,33.5693359375
5494625,33.99658203125
5501433,32.28759765625
5501915,31.67724609375
5502845,38.87939453125
5512520,32.470703125
5512769,38.6962890625
5521439,31.92138671875
5530001,35.64453125
5530137,38.63525390625
5530465,40.283203125
5531178,32.1044921875
5533358,32.1044921875
5540892,32.71484375
5541104,32.16552734375
5541253,39.24560546875
5548591,33.14208984375
5548894,34.66796875
5549776,32.5927734375
5551345,32.1044921875
5569412,33.8134765625
5569626,46.93603515625
5570942,31.67724609375
5580305,31.92138671875
5580319,33.69140625
5586081,32.470703125
5586274,33.8134765625
5587015,36.0107421875
5587330,31.79931640625
5599027,31.79931640625
5599723,32.1044921875
5599924,32.53173828125
5600209,32.2265625
5610967,32.53173828125
5611523,32.3486328125
5613226,31.43310546875
5635103,31.6162109375
5650942,36.80419921875
5651066,36.865234375
5651410,33.203125
5651663,40.22216796875
5651886,36.43798828125
5652077,35.2783203125
5663198,46.69189453125
5663443,31.982421875
5663709,34.66796875
5680839,35.46142578125
5681141,36.92626953125
5692667,42.78564453125
5692732,32.28759765625
5692934,32.53173828125
5693108,34.36279296875
5693141,31.494140625
5693851,31.43310546875
5694364,37.04833984375
5694636,31.3720703125
5705986,38.6962890625
5706258,32.3486328125
5706395,31.3720703125
5707597,32.1044921875
5726293,46.9970703125
5726433,32.3486328125
5726643,35.46142578125
5726851,33.0810546875
5726990,34.5458984375
5727291,32.3486328125
5727807,35.94970703125
5738197,31.73828125
5738236,38.57421875
5756251,33.63037109375
5756472,32.40966796875
5756612,32.470703125
5770663,36.92626953125
5770810,37.59765625
5771346,38.57421875
5771912,41.6259765625
5772178,32.2265625
5793719,32.65380859375
5793876,38.87939453125
5793965,35.64453125
5821004,39.48974609375
5821080,32.8369140625
5821111,36.92626953125
5821125,44.37255859375
5821166,44.189453125
5821201,34.5458984375
5821724,31.55517578125
5844932,36.4990234375
5845031,47.30224609375
5845152,34.0576171875
5845228,41.32080078125
5845399,32.1044921875
5863460,34.423828125
5863590,33.02001953125
5864301,32.53173828125
5912078,33.0810546875
5912148,38.330078125
5912309,32.04345703125
5912599,36.19384765625
5912668,33.203125
5913248,31.494140625
5931267,36.1328125
5931475,32.53173828125
5931587,34.36279296875
5932009,33.14208984375
5962350,35.70556640625
5962441,35.888671875
5962864,33.447265625
5985014,31.73828125
5985239,32.2265625
6001193,31.6162109375
6001830,31.8603515625
6002078,32.470703125
6002395,40.771484375
6014496,31.3720703125
6015118,31.494140625
6015251,31.67724609375
6015508,36.56005859375
6015737,32.77587890625
6016015,32.28759765625
6016142,38.57421875
6016483,32.77587890625
6039905,34.97314453125
6039932,31.73828125
6039980,40.83251953125
6040114,33.14208984375
6040756,33.26416015625
6062802,32.04345703125
6062932,50.78125
6062942,36.376953125
6063009,33.87451171875
6063037,33.8134765625
6063063,41.93115234375
6063101,34.66796875
6063259,31.8603515625
6063415,37.59765625
6064355,32.470703125
6087504,35.0341796875
6087642,32.3486328125
6087791,35.400390625
6087914,33.87451171875
6110897,32.04345703125
6114754,32.40966796875
6121292,33.8134765625
6121380,40.22216796875
6121415,31.92138671875
6121440,31.92138671875
6138943,32.5927734375
6139106,35.82763671875
6139188,38.6962890625
6139322,32.28759765625
6139513,31.67724609375
6172696,32.1044921875
6172758,31.982421875
6172778,33.203125
6172814,44.98291015625
6172875,35.2783203125
6172959,33.935546875
6173883,32.3486328125
6188073,31.6162109375
6188378,34.72900390625
6188478,33.75244140625
6222121,34.60693359375
6222225,34.0576171875
6222255,37.04833984375
6222286,33.02001953125
6222319,33.50830078125
6222530,32.40966796875
6222668,33.02001953125
6252793,32.65380859375
6252940,37.53662109375
6252973,33.447265625
6253050,35.64453125
6253085,32.5927734375
6253168,31.79931640625
6253494,32.71484375
6279463,33.69140625
6279484,31.67724609375
6279528,36.865234375
6279578,40.34423828125
6279638,36.865234375
6279677,31.92138671875
6279873,35.33935546875
6299731,34.36279296875
6325994,31.43310546875
6326220,33.14208984375
6327158,36.07177734375
6346688,37.9638671875
6355775,31.55517578125
6365588,34.7900390625
6365894,32.470703125
6366325,37.41455078125
6366540,34.11865234375
6366812,32.65380859375
6395341,36.7431640625
6395877,32.71484375
6396088,33.0810546875
6396482,34.423828125
6396636,40.95458984375
6396823,34.0576171875
6412753,31.67724609375
6413856,35.5224609375
6414595,37.109375
6431738,32.2265625
6433927,31.494140625
6434093,32.8369140625
6434313,36.0107421875
6434736,31.3720703125
6461788,31.43310546875
6461976,34.912109375
6462016,38.9404296875
6462059,33.38623046875
6487927,44.49462890625
6488193,31.3720703125
6488325,31.6162109375
6488420,38.14697265625
6488476,36.376953125
6496992,31.43310546875
6518189,36.07177734375
6518336,34.48486328125
6518618,44.3115234375
6543243,32.958984375
6543287,32.3486328125
6544069,31.92138671875
6567933,31.982421875
6568176,35.46142578125
6568287,37.841796875
6584973,35.09521484375
6585048,31.494140625
6585144,33.02001953125
6585578,36.865234375
6595847,31.3720703125
6608873,33.99658203125
6616318,34.3017578125
6623985,31.8603515625
6625790,35.0341796875
6632429,41.6259765625
6632865,35.5224609375
6647095,32.40966796875
6649090,35.15625
6649650,32.2265625
6649807,32.40966796875
6649887,34.24072265625
6663124,32.3486328125
6663285,32.53173828125
6680886,33.447265625
6682405,32.470703125
6708152,40.83251953125
6708766,31.6162109375
6723535,32.77587890625
6724373,37.7197265625
6724463,33.69140625
6724516,31.92138671875
6724589,35.888671875
6739824,31.73828125
6740030,32.89794921875
6751927,32.2265625
6753055,34.7900390625
6753157,32.71484375
6753270,35.400390625
6753367,35.7666015625
6753661,40.58837890625
6768290,31.92138671875
6768871,36.31591796875
6769092,31.8603515625
6769436,31.3720703125
6795374,31.43310546875
6796249,35.82763671875
6796351,38.2080078125
6796405,35.64453125
6796492,49.1943359375
6796700,34.5458984375
6796855,33.5693359375
6812018,32.5927734375
6814041,35.82763671875
6814322,32.5927734375
6814471,35.2783203125
6814538,33.75244140625
6814677,34.66796875
6814837,31.6162109375
6817267,31.55517578125
6817681,34.423828125
6817805,32.1044921875
6817917,34.24072265625
6819781,31.73828125
6821766,34.66796875
6822521,34.24072265625
6824207,32.04345703125
6824784,32.28759765625
6825409,35.58349609375
6825480,34.0576171875
6840704,31.6162109375
6840769,31.79931640625
6840802,39.794921875
6840880,34.11865234375
6840915,31.982421875
6841034,36.31591796875
6841173,41.015625
6841327,48.03466796875
6841791,33.0810546875
6842337,38.2080078125
6842822,35.400390625
6843133,33.69140625
6843620,37.78076171875
6845402,44.12841796875
6846195,31.43310546875
6852405,35.70556640625
6852574,32.04345703125
6852957,32.5927734375
6853024,31.982421875
6853106,31.3720703125
6853132,31.92138671875
6854031,32.89794921875
6854212,34.66796875
6855759,45.654296875
6856533,32.53173828125
6858014,41.015625
6862328,34.423828125
6862682,31.55517578125
6862814,36.4990234375
6863072,35.0341796875
6863404,31.55517578125
6868146,40.83251953125
6868317,35.82763671875
6868334,34.3017578125
6869273,35.09521484375
6874326,31.55517578125
6875164,34.66796875
6877196,31.79931640625
6882044,37.78076171875
6882599,38.6962890625
6883562,31.6162109375
6884533,37.90283203125
6889968,31.494140625
6890061,34.36279296875
6890410,32.28759765625
6890491,35.400390625
6890537,32.28759765625
6890712,38.57421875
6890946,32.04345703125
6896609,34.912109375
6896820,36.31591796875
6896976,41.6259765625
6897005,32.65380859375
6898486,38.9404296875
6900829,32.470703125
6902209,36.92626953125
6907589,32.65380859375
6907842,32.958984375
6908006,37.7197265625
6908442,31.43310546875
6909428,32.89794921875
6914453,38.63525390625
6914481,36.80419921875
6919885,48.9501953125
6920100,34.5458984375
6920797,34.1796875
6921092,32.5927734375
6921514,33.935546875
6922093,45.166015625
6922358,33.99658203125
6927495,35.0341796875
6928112,33.3251953125
6928622,32.2265625
6929531,39.9169921875
6930868,31.67724609375
6935974,38.14697265625
6936526,31.3720703125
6936576,41.748046875
6937109,31.73828125
6937939,39.306640625
6938423,34.0576171875
6938486,35.70556640625
6940365,32.1044921875
6941064,33.14208984375
6942664,34.48486328125
6948420,33.99658203125
6948834,51.513671875
6949290,31.92138671875
6949300,32.77587890625
6961140,34.3017578125
6961757,32.3486328125
6961980,32.1044921875
6963574,32.89794921875
6964528,34.48486328125
6971702,42.1142578125
6974703,31.6162109375
6981097,33.63037109375
6981630,31.67724609375
6988509,31.6162109375
6988727,32.958984375
6988928,32.77587890625
6989750,41.07666015625
6990046,35.09521484375
6992228,31.43310546875
6996621,32.16552734375
6997150,31.6162109375
7002536,38.6962890625
7002958,35.33935546875
7003560,32.53173828125
7009598,35.64453125
7010030,38.2080078125
7010245,45.41015625
7010743,46.08154296875
7011573,31.67724609375
7016767,44.25048828125
7017018,37.4755859375
7023834,31.43310546875
7030811,34.36279296875
7031016,35.400390625
7031866,33.63037109375
7041374,34.5458984375
7041654,32.53173828125
7048400,32.8369140625
7054443,37.2314453125
7054749,32.40966796875
7055222,39.4287109375
7056225,31.73828125
7056525,39.36767578125
7061201,32.65380859375
7066266,33.38623046875
7074495,32.89794921875
7075193,37.2314453125
7081686,34.97314453125
7087647,32.3486328125
7088313,35.0341796875
7089703,32.65380859375
7089811,32.3486328125
7096765,32.04345703125
7102371,34.1796875
7102849,32.958984375
7103522,34.24072265625
7103772,40.1611328125
7103823,36.1328125
7104779,35.70556640625
7111261,31.6162109375
7112841,32.5927734375
7119332,39.6728515625
7120050,31.79931640625
7125566,31.73828125
7126366,33.203125
7126669,39.97802734375
7127466,37.841796875
7135257,32.77587890625
7145471,39.24560546875
7145531,32.470703125
7146967,32.89794921875
7155831,32.40966796875
7156530,31.8603515625
7156866,32.28759765625
7165910,31.92138671875
7166304,34.912109375
7166559,44.25048828125
7166926,31.3720703125
7167215,31.43310546875
7168050,31.3720703125
7179052,31.494140625
7179282,39.1845703125
7189891,33.8134765625
7191159,35.21728515625
7205004,31.3720703125
7205638,33.5693359375
7205840,34.24072265625
7218353,38.02490234375
7218391,34.85107421875
7221276,35.5224609375
7230165,35.15625
7230670,32.5927734375
7231693,37.4755859375
7244008,31.92138671875
7244026,32.28759765625
7244067,33.3251953125
7245783,34.3017578125
7262606,34.48486328125
7278750,36.4990234375
7279693,32.470703125
7297453,41.19873046875
7297571,32.470703125
7297730,36.68212890625
7297879,34.5458984375
7317406,38.26904296875
7334054,35.70556640625
7334271,38.87939453125
7346614,48.9501953125
7346862,31.79931640625
7361550,33.99658203125
7361706,32.28759765625
7369322,39.9169921875
7369896,32.3486328125
7370297,31.73828125
7386226,33.69140625
7386251,33.02001953125
7386311,34.72900390625
7386450,59.63134765625
7386690,32.16552734375
7387107,43.8232421875
7388604,33.63037109375
7398784,32.28759765625
7398874,32.28759765625
7398932,34.85107421875
7399575,32.28759765625
7414119,36.43798828125
7414194,32.1044921875
7414707,35.5224609375
7414876,33.203125
7414903,31.3720703125
7435800,39.4287109375
7436146,36.7431640625
7436906,31.3720703125
7461351,43.15185546875
7461553,32.04345703125
7461683,31.67724609375
7461831,32.5927734375
7462676,31.43310546875
7485755,38.87939453125
7485835,32.71484375
7486054,31.55517578125
7486187,31.982421875
7486333,31.8603515625
7486493,31.982421875
7486603,31.8603515625
7487189,31.982421875
7505611,34.66796875
7506116,33.99658203125
7507121,35.15625
7518987,38.14697265625
7519180,32.1044921875
7519425,45.0439453125
7520043,37.841796875
7520393,33.50830078125
7520595,46.32568359375
7524365,32.53173828125
7524650,35.33935546875
7524915,39.00146484375
7525848,38.0859375
7526550,32.40966796875
7559805,33.5693359375
7559847,41.56494140625
7559874,45.654296875
7559961,35.5224609375
7560032,33.0810546875
7560188,31.982421875
7560692,31.92138671875
7585380,33.38623046875
7585575,31.3720703125
7586209,48.4619140625
7586472,36.0107421875
7589104,32.2265625
7589788,31.3720703125
7590198,32.04345703125
7590232,33.14208984375
7590697,34.48486328125
7590720,36.7431640625
7591217,34.60693359375
7591623,34.1796875
7592063,41.6259765625
7592073,32.77587890625
7630531,38.57421875
7630547,36.0107421875
7630605,32.77587890625
7630629,37.9638671875
7630656,31.494140625
7630690,38.63525390625
7630840,38.26904296875
7630879,34.423828125
7667887,36.31591796875
7685902,33.69140625
7686653,35.33935546875
7689178,35.58349609375
7723246,31.43310546875
7724464,34.72900390625
7725120,36.0107421875
7726696,31.79931640625
7727008,31.982421875
7755103,33.203125
7755844,34.97314453125
7755858,33.5693359375
7758713,34.48486328125
7758975,33.69140625
7759027,34.24072265625
7791676,32.71484375
7791952,32.40966796875
7792243,35.70556640625
7792366,32.2265625
7792849,36.07177734375
7815447,34.60693359375
7816154,33.0810546875
7832591,31.8603515625
7832774,33.69140625
7833940,34.7900390625
7837050,36.07177734375
7871791,32.470703125
7871819,40.771484375
7871904,34.97314453125
7871988,34.85107421875
7872069,31.8603515625
7872946,31.79931640625
7915991,33.935546875
7916014,39.36767578125
7916091,36.31591796875
7916238,41.9921875
7916435,33.75244140625
7916492,31.982421875
7916625,32.40966796875
7916717,37.109375
7917189,31.79931640625
7931850,32.3486328125
7932480,34.11865234375
7932627,31.8603515625
7932766,37.04833984375
7935235,36.7431640625
7936084,35.82763671875
7936565,33.38623046875
7959354,37.9638671875
7982495,31.3720703125
7986213,34.1796875
7986298,41.56494140625
7986352,34.36279296875
7986435,33.447265625
7987384,36.19384765625
7987853,35.82763671875
8010792,31.8603515625
8019517,44.25048828125
8019533,39.6728515625
8019807,32.958984375
8019869,31.982421875
8019967,34.5458984375
8020092,42.1142578125
8055156,36.31591796875
8055209,39.85595703125
8055219,38.26904296875
8055254,37.4755859375
8055678,32.470703125
8055737,35.2783203125
8070563,32.8369140625
8072844,32.71484375
8074177,35.888671875
8074974,31.3720703125
8075071,33.935546875
8075127,45.59326171875
8075175,32.470703125
8075339,32.65380859375
8075676,33.63037109375
8076067,33.69140625
8089172,32.470703125
8095092,31.3720703125
8096300,32.77587890625
8097709,41.93115234375
8097788,44.37255859375
8097921,39.0625
8098006,32.470703125
8116938,35.15625
8117800,32.65380859375
8145294,31.92138671875
8145338,33.75244140625
8145383,40.34423828125
8145416,34.36279296875
8145736,35.46142578125
8145797,33.87451171875
8146407,32.3486328125
8162042,31.79931640625
8165787,34.0576171875
8166203,32.1044921875
8166254,34.48486328125
8166302,38.39111328125
8166344,48.76708984375
8166378,35.82763671875
8179365,38.818359375
8179381,31.92138671875
8179420,33.935546875
8179431,39.55078125
8179490,35.46142578125
8179533,32.958984375
8179728,31.73828125
8198969,31.3720703125
8211314,33.8134765625
8211359,50.10986328125
8211460,36.80419921875
8211935,31.3720703125
8212175,44.0673828125
8212744,31.79931640625
8242580,34.72900390625
8242639,31.494140625
8242681,33.75244140625
8242713,49.072265625
8242746,32.2265625
8242861,34.3017578125
8244111,33.935546875
8260765,31.43310546875
8264671,32.89794921875
8264741,32.71484375
8264802,34.423828125
8264856,34.11865234375
8264938,43.212890625
8291320,34.7900390625
8298447,34.11865234375
8298462,33.5693359375
8298494,31.3720703125
8298524,43.39599609375
8298576,31.92138671875
8299003,32.470703125
8299126,31.8603515625
8321412,34.85107421875
8326249,39.36767578125
8326306,32.470703125
8326332,31.982421875
8327089,37.90283203125
8327823,33.14208984375
8360694,40.52734375
8360789,37.41455078125
8360856,33.99658203125
8361017,36.19384765625
8361274,31.79931640625
8377583,34.423828125
8384385,32.71484375
8384545,32.53173828125
8384590,35.09521484375
8384792,32.40966796875
8384982,31.79931640625
8416455,36.68212890625
8416532,35.58349609375
8416580,32.470703125
8416620,34.24072265625
8446845,33.50830078125
8450190,31.67724609375
8450275,46.56982421875
8450332,31.67724609375
8450343,34.3017578125
8450368,36.31591796875
8450384,35.888671875
8470448,32.53173828125
8470880,32.470703125
8470942,42.66357421875
8471001,33.8134765625
8471054,33.5693359375
8471099,31.982421875
8471144,39.0625
8471275,33.75244140625
8471469,33.0810546875
8489485,35.94970703125
8500932,32.89794921875
8514288,33.26416015625
8514947,34.36279296875
8515014,32.1044921875
8515581,33.69140625
8516122,40.10009765625
8525624,31.92138671875
8525736,36.31591796875
8526350,36.4990234375
8526742,33.0810546875
8539484,38.39111328125
8539694,34.60693359375
8540193,31.8603515625
8574648,32.958984375
8574731,33.0810546875
8574805,39.36767578125
8574898,39.00146484375
8575307,35.58349609375
8605405,37.17041015625
8605675,32.8369140625
8606021,35.64453125
8633198,33.8134765625
8633371,32.5927734375
8633614,36.43798828125
8633804,31.79931640625
8633880,33.02001953125
8633941,36.4990234375
8633990,31.43310546875
8650171,43.64013671875
8650358,31.92138671875
8650398,32.40966796875
8650564,46.9970703125
8650719,32.89794921875
8651315,33.14208984375
8654593,32.958984375
8654804,31.494140625
8655202,33.203125
8685371,36.92626953125
8685690,34.423828125
8685975,32.65380859375
8715243,37.90283203125
8715400,32.1044921875
8715469,31.79931640625
8715679,32.40966796875
8731668,32.65380859375
8731807,31.6162109375
8745299,37.2314453125
8745692,38.818359375
8745964,40.6494140625
8746720,36.4990234375
8769616,32.5927734375
8769938,35.70556640625
8770392,32.04345703125
8793151,37.59765625
8793242,33.99658203125
8793477,32.04345703125
8793574,34.11865234375
8793759,41.32080078125
8793881,33.26416015625
8816776,32.958984375
8817483,33.26416015625
8817617,36.43798828125
8817738,40.52734375
8817805,32.04345703125
8838826,32.2265625
8839145,32.04345703125
8839301,31.43310546875
8839573,31.8603515625
8839877,33.87451171875
8840089,32.28759765625
8843231,39.24560546875
8843650,37.17041015625
8843774,33.69140625
8843987,34.85107421875
8844312,36.68212890625
8872966,32.8369140625
8873587,34.11865234375
8873845,33.935546875
8892289,34.1796875
8892520,32.8369140625
8892632,33.935546875
8892718,38.75732421875
8893151,38.0859375
8893485,33.69140625
8917976,43.212890625
8934222,38.14697265625
8934378,31.79931640625
8934600,36.56005859375
8935297,32.16552734375
8960277,32.40966796875
8960436,33.99658203125
8960603,32.2265625
8960625,35.21728515625
8960726,40.283203125
8985976,50.10986328125
8986472,32.470703125
8986603,32.958984375
8986794,35.21728515625
8986892,31.494140625
8987056,34.3017578125
9006284,32.3486328125
9006449,32.470703125
9006571,40.95458984375
9009830,32.77587890625
9010107,36.7431640625
9011010,33.14208984375
9011526,34.97314453125
9038430,33.3251953125
9038448,53.89404296875
9038493,34.24072265625
9038543,36.31591796875
9038963,34.66796875
9039207,32.16552734375
9063191,35.2783203125
9063272,32.16552734375
9063286,33.63037109375
9063445,46.875
9063575,33.8134765625
9064219,33.50830078125
9086067,39.6728515625
9086145,32.65380859375
9086242,42.8466796875
9086535,47.7294921875
9086788,34.48486328125
9087314,31.67724609375
9087506,41.259765625
9115379,40.283203125
9115574,38.818359375
9115704,32.40966796875
9115728,33.5693359375
9115872,32.16552734375
9116247,36.4990234375
9116329,31.55517578125
9116423,31.982421875
9133394,32.77587890625
9133571,31.43310546875
9133708,46.69189453125
9133777,31.92138671875
9133835,31.73828125
9134142,35.82763671875
9160961,32.958984375
9161073,47.9736328125
9161187,33.38623046875
9161256,48.4619140625
9162556,37.7197265625
9178497,48.2177734375
9178681,42.66357421875
9179332,36.80419921875
9179556,33.447265625
9190432,33.87451171875
9190561,33.447265625
9190660,33.87451171875
9190756,32.8369140625
9191515,32.77587890625
9194795,32.5927734375
9195004,35.46142578125
9195125,31.3720703125
9195187,32.8369140625
9196223,33.5693359375
9198078,42.05322265625
9199148,41.50390625
9207532,33.75244140625
9207782,43.88427734375
9207904,31.55517578125
9208032,33.69140625
9208614,35.64453125
9208813,35.82763671875
9215841,35.46142578125
9216427,31.6162109375
9222269,34.24072265625
9222375,51.1474609375
9223112,33.26416015625
9223192,32.40966796875
9223533,31.79931640625
9229044,32.16552734375
9229173,35.82763671875
9229395,31.6162109375
9229530,36.4990234375
9230306,31.43310546875
9234628,31.8603515625
9234814,35.09521484375
9235936,36.1328125
9241094,39.306640625
9241580,32.77587890625
9241965,36.7431640625
9242170,34.5458984375
9242378,32.04345703125
9242477,31.6162109375
9247304,32.40966796875
9247459,32.28759765625
9248790,38.39111328125
9248972,39.6728515625
9252076,32.65380859375
9252106,40.46630859375
9257476,52.978515625
9257636,45.2880859375
9264672,37.841796875
9264966,32.958984375
9265194,31.55517578125
9265339,32.77587890625
9268664,32.65380859375
9268700,35.82763671875
9269134,31.67724609375
9270177,37.9638671875
9274569,40.46630859375
9277913,31.3720703125
9282939,36.1328125
9283123,36.80419921875
9283241,33.63037109375
9283491,35.21728515625
9283971,33.935546875
9290111,31.6162109375
9290141,32.71484375
9290443,31.79931640625
9290494,35.33935546875
9290722,34.5458984375
9303709,36.376953125
9304238,32.77587890625
9304448,39.794921875
9305894,32.89794921875
9312869,42.1142578125
9313667,34.0576171875
9313950,34.11865234375
9319628,40.34423828125
9320778,38.9404296875
9326586,31.8603515625
9326709,32.28759765625
9327229,32.77587890625
9327455,35.94970703125
9335485,37.04833984375
9348263,31.43310546875
9348845,31.79931640625
9354362,31.982421875
9354624,32.40966796875
9355501,34.48486328125
9361167,32.77587890625
9362019,48.27880859375
9362618,31.79931640625
9374089,33.38623046875
9374288,32.958984375
9374776,31.43310546875
9375003,31.67724609375
9375267,37.9638671875
9376376,31.3720703125
9381535,40.22216796875
9382277,35.46142578125
9387235,42.724609375
9388435,32.04345703125
9388969,36.19384765625
9390470,31.55517578125
9396116,32.28759765625
9404286,39.85595703125
9410253,32.1044921875
9411409,39.306640625
9420848,39.9169921875
9434583,33.3251953125
9435068,31.79931640625
9436716,31.55517578125
9441117,40.83251953125
9441791,37.65869140625
9442433,32.28759765625
9450834,31.43310546875
9456785,31.73828125
9458852,41.80908203125
9461081,34.24072265625
9468303,32.1044921875
9469085,31.3720703125
9470236,31.79931640625
9476980,39.1845703125
9477685,32.470703125
9484306,32.470703125
9493209,34.60693359375
9493824,36.62109375
9500364,44.12841796875
9503151,37.2314453125
9519377,32.2265625
9520869,37.04833984375
9527846,41.44287109375
9536159,33.935546875
9537386,31.494140625
9538100,32.71484375
9545138,35.0341796875
9545860,32.3486328125
9546124,33.5693359375
9556741,31.67724609375
9557253,37.90283203125
9567491,34.85107421875
9579997,32.3486328125
9592125,32.2265625
9592468,36.7431640625
9592935,31.79931640625
9593116,31.3720703125
9594089,32.28759765625
9605748,32.28759765625
9628052,38.26904296875
9628162,33.8134765625
9628279,34.423828125
9628768,36.07177734375
9641536,37.17041015625
9642058,36.2548828125
9651178,32.28759765625
9651431,32.28759765625
9651629,35.09521484375
9651939,31.92138671875
9651958,35.09521484375
9665385,36.56005859375
9680087,44.5556640625
9680542,36.865234375
9680619,31.79931640625
9680944,36.62109375
9681796,33.447265625
9692479,41.9921875
9705192,31.73828125
9705268,33.14208984375
9706075,32.40966796875
9706782,36.9873046875
9718948,32.2265625
9719017,39.48974609375
9719703,35.21728515625
9735130,33.3251953125
9735618,32.16552734375
9735885,32.8369140625
9749039,33.8134765625
9749292,36.31591796875
9750072,33.203125
9770191,31.3720703125
9770244,34.72900390625
9770395,42.29736328125
9770507,36.9873046875
9770634,40.83251953125
9784110,44.43359375
9785374,32.28759765625
9816123,32.958984375
9826560,42.236328125
9826924,32.77587890625
9827052,39.12353515625
9827300,31.6162109375
9828082,34.24072265625
9844597,31.8603515625
9844767,31.79931640625
9844901,31.6162109375
9861846,33.38623046875
9861905,46.142578125
9862012,33.38623046875
9862764,33.38623046875
9883561,47.54638671875
9883642,33.02001953125
9883946,37.65869140625
9884354,31.55517578125
9884457,31.3720703125
9884615,38.14697265625
9884945,35.2783203125
9885385,36.92626953125
9920902,34.72900390625
9920949,33.14208984375
9921067,33.935546875
9921109,32.16552734375
9921359,31.67724609375
9921437,31.494140625
9921615,32.470703125
9921760,33.26416015625
9922988,36.9873046875
9924840,31.67724609375
9945708,38.26904296875
9945763,38.9404296875
9945828,39.36767578125
9945942,33.447265625
9946090,38.87939453125
9946346,41.19873046875
9947438,31.8603515625
9947623,36.9873046875
9970132,31.8603515625
9970305,48.095703125
9970493,34.7900390625
9970590,34.0576171875
9970611,45.5322265625
9970748,35.5224609375
9970902,40.6494140625
9971059,32.958984375
9971487,31.55517578125
9972568,35.58349609375
9993058,32.53173828125
9993409,35.82763671875
9993547,34.912109375
10018303,32.53173828125
10018355,33.50830078125
10018371,37.109375
10018398,46.9970703125
10018458,37.841796875
10018984,31.43310546875
10054708,31.3720703125
10084874,33.26416015625
10102030,33.3251953125
10102047,35.7666015625
10102116,51.8798828125
10102155,47.8515625
10102175,31.92138671875
10102201,44.49462890625
10102282,35.2783203125
10102320,35.0341796875
10102367,32.2265625
10102443,31.8603515625
10102500,38.0859375
10129626,36.4990234375
10129660,34.912109375
10129695,35.33935546875
10129718,31.494140625
10129866,35.33935546875
10130043,31.6162109375
10155371,35.70556640625
10156093,32.3486328125
10156211,34.72900390625
10156290,32.5927734375
10156363,36.56005859375
10156439,34.423828125
10156658,34.912109375
10186166,33.38623046875
10186336,35.82763671875
10186562,31.55517578125
10186686,35.15625
10187413,37.2314453125
10209715,38.02490234375
10213401,32.16552734375
10223785,41.1376953125
10223830,38.39111328125
10223883,32.958984375
10223922,32.2265625
10224109,34.7900390625
10224196,33.203125
10224394,34.423828125
10224704,32.3486328125
10224993,31.8603515625
10241646,32.77587890625
10242486,36.92626953125
10242576,34.97314453125
10243016,36.31591796875
10256064,32.2265625
10267793,33.38623046875
10269109,34.912109375
10269180,31.3720703125
10269247,31.6162109375
10269273,32.16552734375
10269306,33.14208984375
10269349,33.87451171875
10280495,33.50830078125
10304501,33.935546875
10304529,35.15625
10304562,33.0810546875
10304583,46.32568359375
10304599,34.60693359375
10304624,36.07177734375
10304668,36.376953125
10339087,33.26416015625
10339117,33.87451171875
10339432,32.2265625
10375575,38.51318359375
10375629,38.9404296875
10375662,37.59765625
10375686,50.9033203125
10375765,42.48046875
10376009,35.400390625
10376229,37.78076171875
10389948,33.0810546875
10391081,34.36279296875
10392262,36.62109375
10392637,31.67724609375
10407540,31.92138671875
10418675,32.53173828125
10421157,33.02001953125
10421283,38.6962890625
10421382,35.5224609375
10421725,38.51318359375
10448361,34.423828125
10448700,33.447265625
10448738,35.33935546875
10448981,34.7900390625
10449128,32.77587890625
10449236,33.99658203125
10449687,34.48486328125
10478031,31.6162109375
10482393,35.82763671875
10482460,38.75732421875
10482535,34.36279296875
10482633,31.55517578125
10482709,41.44287109375
10482791,32.53173828125
10518305,39.0625
10518451,37.353515625
10518478,33.38623046875
10518524,36.07177734375
10518597,35.21728515625
10518708,32.8369140625
10518866,34.24072265625
10518927,31.6162109375
10519008,32.1044921875
10547436,31.92138671875
10547495,32.28759765625
10547907,31.67724609375
10548209,34.66796875
10567533,31.494140625
10583510,44.61669921875
10583544,34.60693359375
10583571,35.0341796875
10583602,35.70556640625
10583630,34.85107421875
10583887,31.92138671875
10595223,31.982421875
10604127,32.1044921875
10615407,35.15625
10615451,31.55517578125
10615478,31.92138671875
10615506,37.109375
10615552,34.24072265625
10616201,39.306640625
10630931,32.8369140625
10648699,36.4990234375
10648919,40.771484375
10648946,33.50830078125
10649374,32.5927734375
10649879,32.40966796875
10679395,40.71044921875
10679427,32.8369140625
10679509,37.109375
10679689,35.94970703125
10679778,33.50830078125
10704996,34.24072265625
10714185,34.5458984375
10714744,33.447265625
10714997,36.68212890625
10715163,31.43310546875
10731380,33.447265625
10737134,33.5693359375
10737214,31.494140625
10737355,35.15625
10737454,33.447265625
10737575,44.7998046875
10763804,35.70556640625
10764010,42.54150390625
10764048,31.3720703125
10764093,40.771484375
10764119,37.7197265625
10764201,32.8369140625
10764247,32.65380859375
10764669,38.6962890625
10794876,32.53173828125
10795655,36.92626953125
10795705,36.19384765625
10795738,35.888671875
10795802,33.50830078125
10795883,31.55517578125
10817636,32.28759765625
10826853,31.92138671875
10827000,32.53173828125
10827394,37.65869140625
10850503,39.73388671875
10851305,35.46142578125
10851346,35.58349609375
10873508,32.16552734375
10873536,32.2265625
10873597,32.470703125
10873648,38.26904296875
10873726,35.70556640625
10874019,32.77587890625
10880765,41.1376953125
10915642,35.82763671875
10915660,36.56005859375
10915694,42.90771484375
10941652,33.8134765625
10942399,37.65869140625
10942508,45.71533203125
10942546,40.0390625
10943682,43.15185546875
10964439,31.92138671875
10964655,32.04345703125
10964908,37.04833984375
10965240,39.794921875
10965391,44.189453125
10965714,39.24560546875
10994923,32.89794921875
10995846,39.73388671875
10995896,34.423828125
10996007,46.44775390625
11021781,33.447265625
11021836,37.9638671875
11022003,32.958984375
11022078,38.39111328125
11053141,31.8603515625
11053181,31.73828125
11053577,32.958984375
11053624,33.203125
11053655,31.43310546875
11054015,39.9169921875
11054534,32.65380859375
11076927,31.92138671875
11077382,32.77587890625
11077444,34.5458984375
11078183,38.75732421875
11092844,36.07177734375
11092902,37.353515625
11092970,31.73828125
11123955,38.26904296875
11124097,33.75244140625
11124203,32.1044921875
11124285,39.61181640625
11124633,42.724609375
11125202,31.79931640625
11149737,32.3486328125
11150151,36.0107421875
11169393,31.43310546875
11169633,33.38623046875
11169643,34.97314453125
11169729,37.65869140625
11169774,31.982421875
11169874,36.19384765625
11194322,34.423828125
11194515,36.92626953125
11195367,40.22216796875
11216353,31.79931640625
11216395,37.90283203125
11216574,33.99658203125
11216811,33.447265625
11217427,32.04345703125
11238520,37.9638671875
11238556,32.2265625
11239290,31.73828125
11239526,32.04345703125
11264773,33.69140625
11264855,34.912109375
11264915,32.1044921875
11264976,33.26416015625
11265388,37.41455078125
11276156,32.5927734375
11276762,36.07177734375
11276778,36.07177734375
11276926,34.85107421875
11277469,31.494140625
11281209,31.494140625
11307803,39.73388671875
11308167,42.66357421875
11308444,33.26416015625
11308737,34.5458984375
11309342,32.40966796875
11329081,33.87451171875
11329184,33.69140625
11329691,32.40966796875
11329754,32.04345703125
11330079,31.55517578125
11330580,34.3017578125
11331038,32.3486328125
11354893,35.888671875
11355050,55.17578125
11355233,40.0390625
11355353,35.7666015625
11355425,32.8369140625
11375175,33.203125
11375800,32.28759765625
11401271,32.89794921875
11401674,33.447265625
11425217,31.55517578125
11425243,31.3720703125
11425297,40.6494140625
11425962,35.5224609375
11426070,43.5791015625
11426209,33.447265625
11426313,32.40966796875
11426522,34.97314453125
11443827,38.330078125
11444017,35.400390625
11444264,36.62109375
11446653,32.77587890625
11446676,34.60693359375
11447939,31.43310546875
11453187,34.60693359375
11453538,37.2314453125
11461584,33.14208984375
11461665,36.07177734375
11461696,36.4990234375
11461788,35.7666015625
11462118,39.6728515625
11462222,38.9404296875
11462742,33.99658203125
11469302,41.44287109375
11469384,45.8984375
11469472,31.73828125
11469576,31.982421875
11469794,32.470703125
11469897,32.470703125
11470035,33.69140625
11470851,37.59765625
11477441,36.43798828125
11477553,32.71484375
11477768,34.1796875
11477916,34.912109375
11478221,31.6162109375
11484111,33.75244140625
11484383,49.9267578125
11484522,36.68212890625
11484604,33.0810546875
11485671,31.92138671875
11485714,32.8369140625
11490513,35.7666015625
11490715,32.2265625
11490866,43.5791015625
11491055,33.0810546875
11493800,32.5927734375
11505010,43.3349609375
11505027,42.236328125
11505184,33.69140625
11511286,33.14208984375
11516403,34.7900390625
11516779,36.865234375
11521805,31.79931640625
11522267,33.02001953125
11522418,32.5927734375
11528275,31.55517578125
11534971,39.97802734375
11535618,33.63037109375
11538954,33.50830078125
11543496,33.447265625
11543515,36.92626953125
11543694,37.90283203125
11545872,36.62109375
11549789,33.3251953125
11549918,35.94970703125
11550106,34.66796875
11550597,34.60693359375
11555119,34.24072265625
11555158,35.888671875
11555459,33.0810546875
11560626,36.68212890625
11562176,42.17529296875
11566240,32.470703125
11566775,31.43310546875
11567030,31.73828125
11568914,33.935546875
11569478,36.19384765625
11574860,37.9638671875
11574967,31.3720703125
11575111,38.39111328125
11575665,31.79931640625
11580243,38.2080078125
11580569,36.4990234375
11582504,33.5693359375
11583284,32.2265625
11589541,31.982421875
11590247,35.70556640625
11590534,34.36279296875
11593304,37.78076171875
11597059,33.935546875
11604575,31.494140625
11609722,33.26416015625
11609891,36.865234375
11610852,35.70556640625
11610895,34.36279296875
11616200,31.494140625
11618129,38.14697265625
11619934,32.1044921875
11623267,39.4287109375
11624535,35.09521484375
11625612,34.24072265625
11633037,34.72900390625
11634365,31.73828125
11638183,33.8134765625
11639960,33.8134765625
11647062,38.9404296875
11647134,32.8369140625
11653218,31.3720703125
11653937,33.447265625
11654474,32.77587890625
11658858,31.6162109375
11659129,35.09521484375
11683861,32.89794921875
11692618,34.48486328125
11692857,31.79931640625
11693175,37.9638671875
11693560,37.17041015625
11707159,38.51318359375
11708247,42.54150390625
11722725,31.67724609375
11723503,34.36279296875
11732442,31.55517578125
11739537,31.79931640625
11740475,36.0107421875
11755475,32.28759765625
11756264,33.50830078125
11763958,36.376953125
11778872,33.0810546875
11779340,36.68212890625
11790310,32.04345703125
11791409,31.73828125
11792031,35.94970703125
11801774,38.330078125
11812523,44.43359375
11812705,34.1796875
11823122,31.79931640625
11823589,46.93603515625
11824284,37.59765625
11824768,35.82763671875
11835986,32.470703125
11836356,31.43310546875
11836385,34.5458984375
11850938,31.55517578125
11850977,31.79931640625
11851363,32.3486328125
11851871,33.02001953125
11861727,31.982421875
11863018,32.53173828125
11865144,42.8466796875
11877352,35.58349609375
11877536,32.89794921875
11892613,34.0576171875
11893390,33.447265625
11894200,36.07177734375
11910862,34.0576171875
11911499,32.958984375
11912027,35.5224609375
11912219,36.7431640625
11912489,34.60693359375
11912721,32.1044921875
11923019,37.4755859375
11923271,33.26416015625
11923469,34.48486328125
11923914,32.1044921875
11934701,31.494140625
11934945,32.958984375
11935557,32.77587890625
11948024,33.02001953125
11956943,31.8603515625
11957022,33.63037109375
11957180,35.70556640625
11968199,41.32080078125
11968853,31.494140625
11969242,32.5927734375
11979428,39.9169921875
11979497,39.36767578125
11979871,35.5224609375
11980312,34.72900390625
11980826,33.63037109375
11981016,39.1845703125
11993700,32.40966796875
11995057,32.71484375
12012846,33.38623046875
12013047,39.36767578125
12013269,34.423828125
12031961,31.92138671875
12032222,36.376953125
12032341,38.57421875
12052429,38.87939453125
12070391,37.9638671875
12070559,34.60693359375
12071244,35.46142578125
12073602,32.1044921875
12074182,33.69140625
12076317,31.55517578125
12077293,35.0341796875
12077659,33.14208984375
12100594,43.8232421875
12101112,39.4287109375
12101229,38.4521484375
12101566,36.07177734375
12101721,34.36279296875
12125835,41.50390625
12126029,33.447265625
12126057,39.24560546875
12126454,33.99658203125
12126753,37.17041015625
12126903,33.8134765625
12127449,38.2080078125
12128026,34.5458984375
12159551,33.26416015625
12159646,34.11865234375
12159711,34.912109375
12159843,36.31591796875
12159974,32.04345703125
12160495,38.26904296875
12160787,36.2548828125
12163074,31.79931640625
12185005,31.79931640625
12186022,34.85107421875
12186591,36.0107421875
12191489,38.63525390625
12191501,46.56982421875
12191652,39.36767578125
12191795,37.29248046875
12191947,34.3017578125
12192116,32.40966796875
12192599,31.3720703125
12214645,33.5693359375
12215489,32.16552734375
12218398,36.1328125
12219036,32.77587890625
12253175,32.53173828125
12253185,31.43310546875
12253233,31.43310546875
12253262,37.41455078125
12253792,31.67724609375
12268607,32.04345703125
12268990,32.40966796875
12269014,32.470703125
12269626,32.40966796875
12269959,33.87451171875
12272110,31.494140625
12273481,32.65380859375
12291542,36.80419921875
12291599,32.53173828125
12292576,39.36767578125
12294283,31.6162109375
12332243,38.0859375
12332664,36.7431640625
12332738,37.9638671875
12332867,33.3251953125
12332903,39.36767578125
12333022,32.28759765625
12333058,36.9873046875
12357787,32.8369140625
12368680,40.58837890625
12368703,32.53173828125
12368773,47.05810546875
12368806,40.8935546875
12368824,38.26904296875
12370071,33.63037109375
12387189,34.912109375
12388435,33.0810546875
12389838,34.72900390625
12440476,36.7431640625
12440501,33.75244140625
12440522,40.34423828125
12440540,32.28759765625
12440568,36.68212890625
12440724,32.77587890625
12441553,33.38623046875
12471598,32.2265625
12471695,32.04345703125
12471719,35.58349609375
12471781,46.56982421875
12471853,36.19384765625
12489319,33.0810546875
12490976,43.76220703125
12491027,33.75244140625
12491073,39.73388671875
12491108,32.77587890625
12509540,32.04345703125
12533025,32.3486328125
12539121,35.21728515625
12539197,38.0859375
12539242,34.1796875
12539285,32.71484375
12539879,35.46142578125
12540134,33.0810546875
12554777,31.982421875
12560335,33.935546875
12570121,31.8603515625
12570174,32.3486328125
12570191,34.36279296875
12570238,31.55517578125
12570541,33.75244140625
12570760,35.7666015625
12596523,33.99658203125
12602727,35.7666015625
12602837,32.16552734375
12602866,31.494140625
12602964,32.65380859375
12623538,31.67724609375
12636093,37.90283203125
12636163,38.87939453125
12636205,32.28759765625
12636237,40.6494140625
12636493,35.58349609375
12636784,32.40966796875
12637212,31.73828125
12651057,33.99658203125
12675655,31.67724609375
12675701,31.3720703125
12675746,35.58349609375
12675775,42.41943359375
12675814,32.89794921875
12675855,33.935546875
12675892,32.53173828125
12676114,32.470703125
12676295,32.3486328125
12676360,33.203125
12699341,35.64453125
12701958,33.69140625
12702003,39.0625
12702039,32.71484375
12702054,36.9873046875
12702182,39.12353515625
12702655,33.02001953125
12702848,33.87451171875
12702970,32.1044921875
12703126,31.92138671875
12715142,31.982421875
12723983,31.92138671875
12735010,31.8603515625
12735098,48.4619140625
12735163,31.43310546875
12735192,34.423828125
12735256,33.87451171875
12735350,31.6162109375
12736294,35.2783203125
12747323,34.3017578125
12763893,35.09521484375
12763933,34.48486328125
12764022,38.330078125
12764054,32.65380859375
12765264,31.8603515625
12801550,32.5927734375
12804587,31.494140625
12804600,32.71484375
12804645,37.109375
12804674,33.87451171875
12804693,39.55078125
12804719,33.69140625
12804894,31.494140625
12805155,32.1044921875
12805404,38.87939453125
12834039,32.77587890625
12834062,32.958984375
12835467,32.53173828125
12839838,33.63037109375
12840003,36.0107421875
12840073,32.04345703125
12840157,33.935546875
12840185,31.79931640625
12840255,31.79931640625
12840372,33.69140625
12841084,33.26416015625
12865245,33.14208984375
12865290,43.5791015625
12865329,31.8603515625
12865356,34.66796875
12865410,35.70556640625
12904157,31.92138671875
12904268,35.94970703125
12922246,32.28759765625
12940577,36.19384765625
12940658,36.2548828125
12940681,41.6259765625
12940693,46.0205078125
12940745,33.5693359375
12940765,32.958984375
12940862,31.8603515625
12941199,36.1328125
12955915,34.5458984375
12956271,31.982421875
12956296,35.2783203125
12956403,31.3720703125
12957044,31.79931640625
12957164,37.841796875
12979085,33.935546875
12983875,34.1796875
12986954,33.203125
12986980,31.6162109375
12987110,38.2080078125
12987154,32.28759765625
12987725,32.77587890625
12988424,33.3251953125
13024157,33.447265625
13024279,35.400390625
13024336,33.0810546875
13024373,43.212890625
13024428,33.38623046875
13025215,33.69140625
13048226,40.283203125
13048840,35.2783203125
13048911,34.66796875
13049003,32.65380859375
13049058,33.38623046875
13049471,36.7431640625
13049751,32.16552734375
13049956,37.353515625
13084552,33.50830078125
13084628,31.8603515625
13084650,46.9970703125
13084679,32.2265625
13084776,31.3720703125
13084992,34.7900390625
13085288,37.17041015625
13117649,33.3251953125
13117817,35.58349609375
13118081,33.50830078125
13118134,43.3349609375
13118706,36.7431640625
13148383,40.6494140625
13148451,33.75244140625
13148472,49.13330078125
13148517,35.64453125
13148540,35.15625
13148570,38.57421875
13148704,33.0810546875
13174975,34.11865234375
13175087,35.2783203125
13175745,32.470703125
13203292,31.67724609375
13203328,34.97314453125
13203421,44.5556640625
13203538,40.46630859375
13204088,32.16552734375
13239421,35.94970703125
13262095,31.6162109375
13262116,31.73828125
13262205,36.31591796875
13262269,33.5693359375
13262314,31.55517578125
13279060,35.21728515625
13296326,35.400390625
13296603,40.4052734375
13306974,33.99658203125
13319064,34.85107421875
13319582,32.89794921875
13319866,36.43798828125
13337360,31.79931640625
13337798,32.71484375
13338109,32.8369140625
13355619,34.48486328125
13355839,31.982421875
13355917,31.3720703125
13356173,32.04345703125
13356707,33.87451171875
13373416,34.36279296875
13373714,35.5224609375
13374138,36.7431640625
13374548,32.65380859375
13384259,31.67724609375
13384509,33.69140625
13410254,31.6162109375
13410291,33.87451171875
13410457,31.73828125
13410859,32.71484375
13411121,32.71484375
13411596,36.31591796875
13426002,32.53173828125
13426176,33.02001953125
13426204,32.16552734375
13426751,33.203125
13426944,39.9169921875
13449462,31.6162109375
13449508,44.61669921875
13449966,32.40966796875
13450078,35.82763671875
13450220,35.64453125
13450445,32.40966796875
13477188,31.8603515625
13478426,38.63525390625
13478799,35.5224609375
13478824,39.6728515625
13478947,32.53173828125
13479391,31.494140625
13503636,37.59765625
13503843,32.89794921875
13504174,46.7529296875
13504244,31.73828125
13528465,31.55517578125
13528626,31.8603515625
13528877,36.2548828125
13553849,35.7666015625
13553991,31.8603515625
13554102,34.60693359375
13554451,31.67724609375
13554615,31.79931640625
13554941,31.494140625
13556023,40.46630859375
13575584,31.8603515625
13575792,33.8134765625
13575962,35.2783203125
13576257,32.28759765625
13576473,33.8134765625
13576979,35.94970703125
13595660,33.02001953125
13595721,37.4755859375
13596019,38.51318359375
13620924,33.50830078125
13621177,31.8603515625
13621284,36.4990234375
13621706,31.79931640625
13621864,33.203125
13621979,32.958984375
13634198,31.8603515625
13634222,34.24072265625
13634367,43.9453125
13634552,32.470703125
13634605,34.1796875
13634737,38.39111328125
13652466,34.60693359375
13652494,31.67724609375
13652549,32.470703125
13652610,37.53662109375
13663091,34.11865234375
13663449,34.423828125
13663631,34.0576171875
13665404,33.75244140625
13670104,34.1796875
13670176,35.94970703125
13670237,33.0810546875
13670384,35.94970703125
13676833,32.28759765625
13687115,33.447265625
13687639,32.958984375
13687737,35.888671875
13692524,32.53173828125
13693167,36.31591796875
13693247,34.912109375
13693440,32.40966796875
13698631,37.59765625
13699254,36.07177734375
13699904,35.400390625
13705276,31.73828125
13707454,32.71484375
13711022,32.28759765625
13711380,31.43310546875
13711639,36.43798828125
13711753,33.63037109375
13714678,35.58349609375
13718430,33.63037109375
13724228,35.46142578125
13724687,32.28759765625
13724877,36.9873046875
13730996,32.53173828125
13731319,36.80419921875
13732064,31.3720703125
13736963,32.5927734375
13737603,34.7900390625
13744472,38.26904296875
13744937,39.9169921875
13750739,34.7900390625
13750974,34.24072265625
13751275,31.982421875
13752427,35.0341796875
13755635,37.65869140625
13757439,32.04345703125
13760972,35.46142578125
13761491,33.14208984375
13762085,31.6162109375
13763398,36.1328125
13766748,32.2265625
13767386,37.65869140625
13770285,31.494140625
13776843,33.935546875
13777695,36.865234375
13779282,32.8369140625
13784406,32.65380859375
13790621,37.04833984375
13791020,44.86083984375
13794662,32.40966796875
13794696,33.50830078125
13794899,33.26416015625
13795582,39.4287109375
13822051,32.2265625
13832906,33.935546875
13833016,31.79931640625
13835049,34.36279296875
13843026,33.69140625
13848410,31.79931640625
13858320,34.48486328125
13871006,32.1044921875
13880037,36.62109375
13880327,35.94970703125
13904654,40.4052734375
13912383,34.60693359375
13919251,35.21728515625
13920202,39.9169921875
13920415,31.73828125
13920960,31.43310546875
13927669,32.89794921875
13930008,32.2265625
13930284,32.40966796875
13936243,32.77587890625
13936352,31.73828125
13936986,33.14208984375
13937530,31.8603515625
13946912,31.3720703125
13955759,33.50830078125
13957022,31.92138671875
13965040,33.0810546875
13975543,32.28759765625
13976957,36.1328125
13977762,32.28759765625
13985978,33.5693359375
13986612,37.9638671875
14016756,37.841796875
14017724,32.16552734375
14018033,31.79931640625
14018604,34.423828125
14019616,38.26904296875
14030106,39.61181640625
14030707,31.67724609375
14038140,33.14208984375
14038727,32.958984375
14051715,32.04345703125
14064622,32.89794921875
14064987,32.65380859375
14071353,36.62109375
14074322,32.28759765625
14082706,34.66796875
14105873,33.26416015625
14105904,31.494140625
14106784,47.91259765625
14110406,31.79931640625
14135033,32.3486328125
14136038,32.53173828125
14146341,33.5693359375
14146722,32.28759765625
14147566,31.79931640625
14162801,35.94970703125
14163304,31.982421875
14172695,33.14208984375
14172938,33.87451171875
14173193,36.07177734375
14173431,38.330078125
14175044,31.43310546875
14210354,31.494140625
14210537,32.470703125
14227579,34.24072265625
14227650,34.11865234375
14244454,34.72900390625
14244608,33.5693359375
14244724,32.1044921875
14244907,31.43310546875
14245033,33.203125
14246074,33.3251953125
14261458,32.16552734375
14273739,31.8603515625
14273813,32.77587890625
14273929,33.02001953125
14274092,34.72900390625
14274248,34.66796875
14274440,37.53662109375
14290410,49.01123046875
14290538,31.494140625
14290634,32.53173828125
14292104,32.28759765625
14305099,48.03466796875
14305213,31.92138671875
14305383,36.376953125
14305582,43.64013671875
14305765,44.3115234375
14305936,32.2265625
14315088,32.16552734375
14315100,32.89794921875
14315234,33.3251953125
14315411,31.92138671875
14315602,35.46142578125
14316260,31.79931640625
14332288,33.50830078125
14332807,38.51318359375
14351232,36.62109375
14351540,32.04345703125
14351805,34.912109375
14352058,33.14208984375
