14355000,0
953441,33.5693359375
1906761,31.982421875
1947571,32.8369140625
2627101,33.50830078125
2837574,32.470703125
4575366,33.87451171875
4641549,31.6162109375
4803046,32.53173828125
5177639,32.40966796875
6280402,31.982421875
6882215,31.67724609375
7728008,35.15625
8020105,35.888671875
8360821,32.470703125
8385253,32.71484375
8471053,31.92138671875
9630898,32.28759765625
9664525,33.26416015625
10518343,32.65380859375
10518391,31.8603515625
10679526,31.79931640625
10679564,33.447265625
11561255,32.3486328125
12570168,35.888671875
