14355000,0
9593,55.0537109375
10686,59.02099609375
12147,61.46240234375
12349,47.79052734375
39657,53.7109375
39970,39.12353515625
39994,39.12353515625
40018,45.34912109375
40100,48.40087890625
40185,41.259765625
63790,55.2978515625
63819,70.9228515625
86155,54.5654296875
86261,53.466796875
86428,42.41943359375
86778,43.8232421875
109483,46.93603515625
109728,54.443359375
127035,44.12841796875
145562,47.91259765625
167988,49.62158203125
168028,40.1611328125
168103,55.419921875
187870,42.41943359375
188086,44.921875
206645,54.19921875
206897,43.212890625
207032,42.8466796875
221745,46.32568359375
221913,62.744140625
232399,52.67333984375
232481,44.5556640625
236617,55.0537109375
236736,54.443359375
246225,45.2880859375
246439,49.37744140625
256229,43.5791015625
256273,39.97802734375
256394,41.3818359375
260279,41.80908203125
260899,49.86572265625
268372,39.61181640625
268543,47.9736328125
277415,48.828125
277563,57.2509765625
285491,48.2177734375
285724,42.96875
286795,40.0390625
292979,50.35400390625
299208,39.97802734375
299435,45.654296875
304953,60.11962890625
305048,41.748046875
312674,49.8046875
312855,52.8564453125
313092,39.794921875
316365,67.93212890625
326331,39.55078125
326474,49.13330078125
326747,40.4052734375
326943,44.189453125
327380,44.5556640625
331370,68.17626953125
331442,53.16162109375
332847,56.15234375
343673,41.259765625
343808,39.36767578125
344070,39.97802734375
348795,53.955078125
357848,43.51806640625
358033,46.875
358399,42.05322265625
358776,43.39599609375
368267,43.51806640625
368543,53.16162109375
368855,59.2041015625
369188,41.93115234375
372085,65.73486328125
372710,75.439453125
372758,74.52392578125
373941,57.80029296875
381352,63.17138671875
381416,56.70166015625
388109,56.15234375
388369,48.52294921875
389080,45.654296875
396329,52.978515625
396462,39.61181640625
396744,47.66845703125
397007,41.259765625
397349,45.5322265625
400089,65.24658203125
400489,44.0673828125
408118,44.98291015625
408342,46.9970703125
408529,43.45703125
408941,40.771484375
410623,56.70166015625
411181,77.94189453125
416644,42.17529296875
416905,44.86083984375
417283,43.15185546875
417654,42.05322265625
418054,66.7724609375
426396,46.2646484375
426739,46.875
428208,65.0634765625
436299,51.3916015625
436657,48.33984375
437353,57.6171875
439173,52.67333984375
440099,68.78662109375
440605,62.07275390625
440733,49.62158203125
441130,53.64990234375
449189,48.52294921875
449391,50.72021484375
449682,42.66357421875
449779,39.00146484375
458183,58.28857421875
460552,60.36376953125
460728,41.9921875
460811,53.7109375
469164,42.8466796875
469430,38.9404296875
469974,40.8935546875
470252,53.03955078125
478153,43.5791015625
478596,43.212890625
479089,45.7763671875
489372,44.0673828125
490580,67.19970703125
497980,59.38720703125
498403,39.9169921875
499831,57.4951171875
499882,46.0205078125
499905,54.6875
505856,62.255859375
514703,60.9130859375
514751,40.95458984375
525295,42.724609375
525512,39.0625
525713,48.4619140625
527997,54.50439453125
528581,67.32177734375
530097,66.0400390625
530440,55.11474609375
530771,57.9833984375
531125,56.884765625
531369,59.2041015625
539875,55.419921875
540041,50.537109375
547316,66.2841796875
547609,58.89892578125
547661,40.4052734375
548340,52.490234375
548442,54.13818359375
556998,54.0771484375
557049,43.51806640625
557836,45.654296875
558053,60.36376953125
558082,51.57470703125
566775,47.91259765625
566840,46.875
576988,62.80517578125
577019,44.98291015625
577273,71.8994140625
577296,52.490234375
578844,55.7861328125
579134,65.36865234375
588081,53.8330078125
588143,51.6357421875
598609,53.77197265625
600086,66.89453125
608437,64.39208984375
609677,50.6591796875
609726,51.26953125
620704,64.208984375
630207,55.908203125
630256,39.24560546875
630266,59.26513671875
634941,58.53271484375
635339,60.791015625
646636,39.61181640625
646649,61.4013671875
657257,63.8427734375
670298,42.236328125
671014,65.673828125
671134,44.5556640625
672680,59.50927734375
685620,46.142578125
687188,51.20849609375
687233,44.3115234375
687325,45.41015625
699865,49.98779296875
700979,53.64990234375
716298,57.06787109375
735371,46.08154296875
740435,57.55615234375
740506,60.302734375
778178,50.84228515625
778617,62.6220703125
800063,53.7109375
800408,58.7158203125
823463,51.45263671875
823571,51.025390625
847175,49.4384765625
847362,63.8427734375
847477,54.74853515625
875848,39.97802734375
875899,54.13818359375
876062,60.48583984375
883041,63.17138671875
883683,52.55126953125
903117,65.0634765625
903130,51.20849609375
903580,55.0537109375
937829,54.5654296875
937905,65.4296875
938113,39.85595703125
952526,47.607421875
953418,50.048828125
953727,56.884765625
953973,53.7109375
976607,54.443359375
976718,49.49951171875
976797,41.1376953125
976818,46.38671875
1004058,56.0302734375
1004962,50.048828125
1005062,46.44775390625
1036130,62.19482421875
1036173,40.1611328125
1036215,45.47119140625
1036383,46.56982421875
1049923,53.3447265625
1050297,47.54638671875
1050463,44.49462890625
1050775,51.3916015625
1094831,46.93603515625
1096482,59.4482421875
1097038,58.89892578125
1097055,73.66943359375
1097083,39.9169921875
1097115,46.56982421875
1116742,60.9130859375
1116876,55.17578125
1151925,65.00244140625
1151997,50.29296875
1152057,40.46630859375
1178208,60.4248046875
1178300,44.25048828125
1209542,59.75341796875
1210191,53.1005859375
1210583,58.9599609375
1210732,62.31689453125
1210869,44.49462890625
1216051,62.6220703125
1216244,45.8984375
1216466,50.72021484375
1216846,53.8330078125
1217100,58.349609375
1217414,46.08154296875
1217626,45.95947265625
1217799,43.0908203125
1217947,43.0908203125
1219910,39.55078125
1220465,39.85595703125
1220653,42.48046875
1220869,47.91259765625
1221106,42.90771484375
1221278,48.828125
1221491,44.677734375
1221742,52.79541015625
1222306,46.5087890625
1249510,59.26513671875
1249561,43.76220703125
1267091,78.857421875
1267187,39.24560546875
1267646,64.63623046875
1269640,62.68310546875
1269803,42.3583984375
1270651,61.46240234375
1270968,43.5791015625
1271215,42.29736328125
1271473,52.24609375
1271699,46.142578125
1271938,48.52294921875
1272509,52.6123046875
1305916,54.6875
1305976,39.12353515625
1308089,64.0869140625
1308308,62.43896484375
1308898,48.40087890625
1309488,56.884765625
1309733,53.955078125
1310217,54.6875
1310554,57.4951171875
1310842,51.69677734375
1322928,54.6875
1323232,52.6123046875
1323540,49.01123046875
1324115,50.35400390625
1325189,46.38671875
1326047,50.6591796875
1326318,42.48046875
1326802,52.734375
1339175,60.9130859375
1339559,57.18994140625
1339715,42.54150390625
1340304,54.6875
1340829,54.87060546875
1341036,52.3681640625
1341550,58.10546875
1342130,63.53759765625
1342301,49.4384765625
1342484,55.2978515625
1368175,59.87548828125
1368260,40.283203125
1368613,41.07666015625
1368777,56.396484375
1370181,52.734375
1370263,41.19873046875
1370351,39.36767578125
1370544,44.37255859375
1370823,45.654296875
1371067,56.21337890625
1371304,48.4619140625
1371656,56.396484375
1372019,49.98779296875
1372989,48.7060546875
1373202,48.7060546875
1373983,52.06298828125
1374981,48.9501953125
1376465,57.2509765625
1377018,53.22265625
1388192,53.3447265625
1388540,50.78125
1388733,55.84716796875
1389244,48.27880859375
1389391,60.546875
1390141,60.85205078125
1390215,42.1142578125
1408004,70.068359375
1408098,48.03466796875
1408297,61.95068359375
1409258,44.5556640625
1409671,58.53271484375
1409905,50.59814453125
1410216,52.18505859375
1410597,54.01611328125
1410804,52.79541015625
1411670,48.4619140625
1412761,47.30224609375
1413442,54.13818359375
1413712,51.7578125
1413976,55.48095703125
1414232,54.01611328125
1414742,55.0537109375
1435076,72.998046875
1435091,40.771484375
1436688,54.62646484375
1436791,50.10986328125
1437253,60.24169921875
1437497,49.4384765625
1437679,54.0771484375
1438896,69.03076171875
1439370,47.119140625
1453152,65.12451171875
1453553,66.5283203125
1454406,73.79150390625
1455544,40.58837890625
1455740,49.072265625
1456253,49.01123046875
1456501,56.57958984375
1478469,58.837890625
1480668,64.88037109375
1480741,52.1240234375
1480810,43.15185546875
1480986,42.90771484375
1481400,54.0771484375
1481675,59.38720703125
1481978,54.87060546875
1482236,50.78125
1482643,50.84228515625
1483129,50.4150390625
1499955,68.29833984375
1500078,57.55615234375
1501245,62.43896484375
1501855,60.60791015625
1504615,64.8193359375
1504838,44.00634765625
1505031,63.17138671875
1505770,53.1005859375
1507364,45.166015625
1509056,50.6591796875
1509345,51.7578125
1524299,71.10595703125
1524356,41.3818359375
1524428,41.93115234375
1526297,54.50439453125
1526680,55.72509765625
1527480,53.5888671875
1543661,74.15771484375
1543859,67.9931640625
1561595,61.8896484375
1561790,49.560546875
1565245,66.40625
1565340,45.59326171875
1565616,52.490234375
1565693,41.19873046875
1566386,55.419921875
1567167,55.419921875
1582861,59.08203125
1582928,61.279296875
1583021,54.01611328125
1585650,61.34033203125
1585818,51.69677734375
1586203,50.048828125
1601046,60.05859375
1604420,52.1240234375
1604508,47.91259765625
1605474,52.06298828125
1605786,51.26953125
1608177,56.396484375
1608416,59.6923828125
1608886,56.5185546875
1629626,44.86083984375
1629670,48.88916015625
1629772,59.5703125
1641495,50.537109375
1642005,47.36328125
1657646,58.4716796875
1657677,57.6171875
1677382,53.466796875
1683028,49.49951171875
1700188,54.50439453125
1700278,43.45703125
1726562,42.8466796875
1726629,60.24169921875
1726647,48.03466796875
1731457,67.32177734375
1740458,52.18505859375
1774899,58.2275390625
1774931,53.28369140625
1774979,44.0673828125
1775015,42.17529296875
1816987,63.41552734375
1817082,53.52783203125
1817106,61.70654296875
1822595,48.15673828125
1822672,66.71142578125
1848046,76.171875
1848099,51.513671875
1872952,49.74365234375
1906470,60.1806640625
1907740,46.93603515625
1907814,43.02978515625
1929070,64.63623046875
1929142,46.142578125
1929158,39.00146484375
1929182,53.03955078125
1945596,38.9404296875
1946815,46.81396484375
1947153,47.119140625
1977155,71.044921875
1997858,47.79052734375
1998415,41.50390625
1998557,51.8798828125
1998697,39.0625
2036983,44.86083984375
2058114,46.2646484375
2080750,58.16650390625
2091254,59.26513671875
2091395,49.25537109375
2122289,44.5556640625
2122645,51.45263671875
2122732,42.6025390625
2122773,48.2177734375
2139462,60.05859375
2140414,54.5654296875
2140443,64.39208984375
2140456,42.29736328125
2140569,49.86572265625
2140690,39.36767578125
2140738,41.9921875
2172378,59.02099609375
2198613,53.77197265625
2216645,55.72509765625
2216727,41.015625
2216854,52.18505859375
2234278,47.79052734375
2235312,45.71533203125
2235593,51.57470703125
2236535,41.93115234375
2266898,54.3212890625
2266940,41.44287109375
2273541,59.02099609375
2273594,41.8701171875
2273681,41.32080078125
2273778,41.015625
2302800,42.1142578125
2327083,68.603515625
2327195,42.05322265625
2341211,58.41064453125
2360254,67.138671875
2388499,57.0068359375
2388558,48.095703125
2388727,45.83740234375
2388737,62.8662109375
2388984,48.095703125
2401990,66.40625
2402027,58.53271484375
2421310,49.13330078125
2421334,50.10986328125
2422015,53.22265625
2438966,67.81005859375
2442331,60.97412109375
2463570,53.7109375
2463590,46.08154296875
2467341,70.37353515625
2467360,43.9453125
2467399,57.92236328125
2467433,55.2978515625
2488630,39.24560546875
2488776,57.67822265625
2505951,56.82373046875
2506333,55.72509765625
2506398,52.06298828125
2525025,60.48583984375
2525122,59.99755859375
2547215,51.025390625
2547248,58.10546875
2547288,43.3349609375
2562186,72.3876953125
2562248,47.30224609375
2585855,61.8896484375
2585904,46.56982421875
2586930,65.49072265625
2587011,49.13330078125
2600498,52.18505859375
2600540,49.37744140625
2601885,60.6689453125
2601943,63.41552734375
2602066,42.6025390625
2625489,46.0205078125
2625928,46.38671875
2625993,41.6259765625
2645507,79.9560546875
2681473,56.82373046875
2681875,58.2275390625
2681898,55.17578125
2682850,54.443359375
2683301,59.814453125
2683422,49.62158203125
2694471,65.7958984375
2696636,45.41015625
2726385,41.1376953125
2726505,65.36865234375
2726587,51.69677734375
2753236,56.640625
2754082,60.1806640625
2754135,50.048828125
2776599,51.6357421875
2776663,43.0908203125
2777625,57.12890625
2777746,42.90771484375
2799611,52.55126953125
2815259,60.85205078125
2816659,63.04931640625
2816694,68.05419921875
2818699,63.96484375
2837596,62.1337890625
2837671,39.4287109375
2837682,55.48095703125
2845466,56.94580078125
2846304,57.7392578125
2846602,52.06298828125
2847822,59.814453125
2850964,56.70166015625
2851021,44.7998046875
2852177,48.76708984375
2852279,48.9501953125
2866826,55.5419921875
2866897,48.03466796875
2866949,52.55126953125
2887156,51.69677734375
2887464,65.185546875
2887506,54.6875
2890185,64.88037109375
2891012,64.39208984375
2891229,59.6923828125
2894337,68.54248046875
2894432,49.560546875
2895368,69.88525390625
2895443,43.45703125
2901878,55.11474609375
2902001,54.5654296875
2902030,51.94091796875
2903989,55.5419921875
2904524,48.15673828125
2905125,54.931640625
2908263,60.791015625
2908375,62.5
2914420,40.22216796875
2914552,48.15673828125
2914578,45.22705078125
2921497,46.142578125
2921649,43.45703125
2921673,60.302734375
2928512,41.56494140625
2928718,56.15234375
2928755,47.7294921875
2928805,60.9130859375
2938042,69.3359375
2938202,44.12841796875
2938272,44.0673828125
2943830,50.537109375
2944005,50.96435546875
2944028,43.51806640625
2950358,51.025390625
2950375,56.2744140625
2950587,46.32568359375
2951045,48.095703125
2956883,44.73876953125
2957167,44.37255859375
2957686,48.40087890625
2959022,60.4248046875
2959085,42.6025390625
2959366,63.04931640625
2959479,45.71533203125
2959521,58.89892578125
2959930,61.58447265625
2960094,41.9921875
2960322,52.6123046875
2960506,46.38671875
2960538,56.45751953125
2961309,52.42919921875
2967939,39.61181640625
2968173,48.76708984375
2968352,39.6728515625
2968396,67.5048828125
2970085,61.5234375
2970860,59.814453125
2977620,53.7109375
2977834,56.15234375
2978185,45.95947265625
2980778,59.38720703125
2981147,69.03076171875
2981367,49.01123046875
2987303,63.5986328125
2987347,64.75830078125
2987381,45.7763671875
2987817,44.00634765625
2992558,56.2744140625
2992599,46.630859375
2992647,47.4853515625
2994948,60.97412109375
2996022,50.6591796875
2996097,39.6728515625
2996404,58.53271484375
2996548,41.3818359375
3001837,57.92236328125
3001890,41.56494140625
3001925,41.07666015625
3003516,63.78173828125
3003599,48.27880859375
3003982,56.884765625
3008687,62.92724609375
3008782,46.7529296875
3008863,52.3681640625
3009586,56.2744140625
3009678,48.2177734375
3009688,54.50439453125
3014350,69.15283203125
3014428,44.49462890625
3014443,40.46630859375
3017459,50.537109375
3017500,42.8466796875
3017853,55.60302734375
3017940,48.76708984375
3018646,58.41064453125
3018737,42.90771484375
3018919,47.66845703125
3019302,51.81884765625
3019794,64.94140625
3025307,65.4296875
3025355,50.048828125
3032657,54.3212890625
3032715,42.05322265625
3032735,43.9453125
3034705,58.4716796875
3034769,45.7763671875
3035008,54.13818359375
3035085,43.39599609375
3040088,60.1806640625
3040190,50.23193359375
3040323,46.20361328125
3041290,55.0537109375
3041354,54.931640625
3041537,48.2177734375
3041718,42.96875
3041789,44.37255859375
3041964,59.26513671875
3042151,40.71044921875
3050642,58.28857421875
3050730,39.85595703125
3051431,61.1572265625
3051452,42.66357421875
3057744,59.02099609375
3057793,43.45703125
3058494,46.44775390625
3058601,43.212890625
3059037,54.5654296875
3059114,51.57470703125
3064565,61.82861328125
3064659,66.95556640625
3065712,61.70654296875
3065830,41.44287109375
3065856,46.630859375
3066083,57.55615234375
3066172,51.57470703125
3071343,60.791015625
3071789,56.640625
3071843,52.24609375
3072105,57.2509765625
3072154,46.9970703125
3072500,47.30224609375
3073292,58.65478515625
3073897,45.47119140625
3074416,55.17578125
3080187,55.23681640625
3080249,44.12841796875
3080357,46.630859375
3080451,47.30224609375
3080779,52.978515625
3081154,57.0068359375
3081214,46.9970703125
3081408,61.4013671875
3087830,53.3447265625
3087882,46.38671875
3088412,48.2177734375
3088449,41.015625
3088830,50.59814453125
3088875,52.67333984375
3089074,53.7109375
3089357,51.6357421875
3089412,39.85595703125
3089661,62.80517578125
3090026,48.27880859375
3095496,62.43896484375
3095562,48.9501953125
3095785,51.8798828125
3095906,45.166015625
3096128,47.7294921875
3096207,41.50390625
3096405,45.166015625
3096666,47.54638671875
3097025,54.6875
3102913,54.8095703125
3102978,45.166015625
3103178,57.31201171875
3103228,53.40576171875
3103465,55.2978515625
3103850,58.837890625
3103983,41.9921875
3104670,56.15234375
3104804,47.9736328125
3105552,58.7158203125
3105911,62.6220703125
3106047,43.45703125
3111976,46.20361328125
3112046,46.5087890625
3112191,50.35400390625
3112266,51.26953125
3112646,46.81396484375
3112853,54.87060546875
3113098,54.74853515625
3113713,58.89892578125
3113776,48.40087890625
3119878,60.791015625
3119936,45.34912109375
3120147,53.64990234375
3120246,52.24609375
3120586,62.92724609375
3120673,47.05810546875
3127968,49.01123046875
3128019,43.212890625
3128053,59.75341796875
3128226,53.52783203125
3128243,44.49462890625
3128714,61.767578125
3128768,50.35400390625
3128862,53.8330078125
3129067,39.9169921875
3129400,63.29345703125
3129563,48.4619140625
3130829,53.40576171875
3138226,51.69677734375
3138326,61.03515625
3138662,50.78125
3138676,65.61279296875
3139014,56.5185546875
3139083,45.34912109375
3139302,54.87060546875
3139623,60.36376953125
3139688,56.7626953125
3147195,52.978515625
3147237,42.54150390625
3147433,58.16650390625
3147893,52.30712890625
3147991,45.34912109375
3148293,42.236328125
3148554,53.8330078125
3148630,47.79052734375
3149120,39.48974609375
3149528,51.513671875
3156693,52.67333984375
3156798,41.80908203125
3156984,53.7109375
3157042,47.9736328125
3157344,54.443359375
3157358,42.96875
3157688,41.9921875
3157731,53.77197265625
3158027,45.71533203125
3158406,46.5087890625
3165991,57.43408203125
3166075,60.48583984375
3166235,42.96875
3166331,60.05859375
3166849,49.74365234375
3166899,56.884765625
3167330,60.97412109375
3167376,46.2646484375
3167777,46.56982421875
3175471,46.81396484375
3175522,40.771484375
3175555,47.119140625
3175797,52.91748046875
3175820,44.5556640625
3176091,54.3212890625
3176149,41.015625
3176865,52.001953125
3186579,53.28369140625
3186618,42.17529296875
3186634,41.1376953125
3186762,44.189453125
3186779,43.02978515625
3187003,45.5322265625
3187046,46.5087890625
3187231,47.18017578125
3187418,53.8330078125
3187587,45.654296875
3188045,45.34912109375
3188293,44.7998046875
3198667,46.142578125
3198721,41.50390625
3198827,44.98291015625
3198911,62.01171875
3199245,41.8701171875
3199564,41.015625
3210001,65.36865234375
3210054,47.36328125
3210095,43.64013671875
3210227,45.59326171875
3210587,49.25537109375
3210632,44.5556640625
3211088,61.03515625
3211119,46.93603515625
3211349,47.05810546875
3211386,47.54638671875
3220380,52.734375
3220444,42.48046875
3220667,63.41552734375
3220781,40.6494140625
3221042,42.41943359375
3221260,48.03466796875
3221850,47.79052734375
3233609,52.42919921875
3233671,57.43408203125
3233940,53.77197265625
3233954,44.98291015625
3234236,53.03955078125
3234278,50.84228515625
3234567,66.46728515625
3234581,54.19921875
3234937,46.08154296875
3251498,52.8564453125
3251530,51.513671875
3251550,44.00634765625
3251961,60.4248046875
3252582,58.28857421875
3252849,53.28369140625
3253165,59.326171875
3266688,45.22705078125
3266760,47.05810546875
3266959,41.9921875
3267003,43.8232421875
3267291,52.18505859375
3267466,66.2841796875
3267851,56.640625
3267908,50.537109375
3288549,59.5703125
3288568,40.71044921875
3288976,46.69189453125
3289961,52.06298828125
3317461,45.0439453125
3317606,43.02978515625
3340730,47.607421875
3341022,55.2978515625
3358921,46.81396484375
3359158,40.83251953125
3359418,46.875
3392040,73.2421875
3408635,40.22216796875
3409038,45.95947265625
3432016,49.072265625
3432603,69.580078125
3432773,51.69677734375
3450644,61.03515625
3473301,57.06787109375
3474353,62.68310546875
3474431,53.22265625
3474953,52.06298828125
3488624,60.791015625
3489158,71.10595703125
3497797,55.72509765625
3512564,50.9033203125
3512624,46.08154296875
3524158,49.13330078125
3524351,47.36328125
3524546,54.50439453125
3546679,64.8193359375
3548931,69.82421875
3562013,48.52294921875
3565203,59.326171875
3565380,52.3681640625
3580955,42.90771484375
3592853,66.0400390625
3593568,51.45263671875
3614222,62.3779296875
3614339,41.3818359375
3614506,54.87060546875
3614678,50.35400390625
3614938,43.02978515625
3638654,63.96484375
3638782,50.29296875
3638888,47.8515625
3639055,49.072265625
3649827,59.50927734375
3651485,53.64990234375
3651631,58.2275390625
3651919,66.650390625
3652268,55.17578125
3679078,59.4482421875
3679155,40.46630859375
3679237,41.32080078125
3679396,44.25048828125
3679732,61.70654296875
3679761,39.306640625
3691523,52.8564453125
3691665,62.1337890625
3691789,45.5322265625
3691967,47.9736328125
3692277,48.03466796875
3692728,43.27392578125
3713426,61.46240234375
3713843,63.96484375
3713887,39.1845703125
3714368,46.9970703125
3714546,43.212890625
3736507,55.17578125
3736593,54.0771484375
3736673,55.84716796875
3757106,73.486328125
3757242,57.55615234375
3757388,52.001953125
3758097,48.88916015625
3788541,62.1337890625
3788647,67.56591796875
3788790,48.095703125
3788908,56.7626953125
3819505,64.75830078125
3819583,47.42431640625
3819724,45.10498046875
3819838,55.419921875
3820117,60.48583984375
3838086,58.16650390625
3838517,55.11474609375
3872069,45.95947265625
3872153,44.5556640625
3872357,47.54638671875
3872750,54.3212890625
3887234,42.05322265625
3887429,54.0771484375
3887876,55.48095703125
3888163,54.62646484375
3927359,58.41064453125
3938882,61.58447265625
3947847,53.28369140625
3951991,58.7158203125
3952083,48.15673828125
3952211,43.64013671875
3972482,45.83740234375
3976993,44.0673828125
3995276,55.17578125
3996891,53.77197265625
3997017,59.6923828125
4009708,60.1806640625
4016266,51.33056640625
4017737,67.44384765625
4018214,54.0771484375
4021697,67.87109375
4022633,49.072265625
4023732,54.01611328125
4024826,52.6123046875
4045281,58.349609375
4046203,60.05859375
4046316,41.44287109375
4046347,62.744140625
4059281,71.10595703125
4059344,40.34423828125
4060492,54.931640625
4061569,64.697265625
4062368,70.73974609375
4062643,53.466796875
4073806,52.3681640625
4074796,65.49072265625
4076195,66.89453125
4076250,39.9169921875
4078483,59.814453125
4079515,55.72509765625
4079752,56.15234375
4089218,57.31201171875
4089280,49.4384765625
4089882,47.54638671875
4091359,54.62646484375
4118013,56.884765625
4118085,45.22705078125
4118148,40.52734375
4132744,60.11962890625
4136592,46.142578125
4137218,60.546875
4138018,48.88916015625
4138610,52.67333984375
4141305,47.36328125
4155402,39.97802734375
4163558,56.884765625
4181682,59.38720703125
4181731,51.1474609375
4183806,57.861328125
4217033,55.11474609375
4219479,75.1953125
4220325,52.18505859375
4220405,39.794921875
4226616,53.28369140625
4227480,53.52783203125
4227662,44.37255859375
4229237,67.93212890625
4229397,43.0908203125
4249139,61.09619140625
4249158,41.19873046875
4249179,47.7294921875
4249201,60.791015625
4261281,52.6123046875
4278837,59.6923828125
4288405,60.72998046875
4290914,69.2138671875
4312395,62.8662109375
4313001,54.74853515625
4313027,47.30224609375
4343027,60.24169921875
4343084,48.88916015625
4357569,57.6171875
4357810,39.55078125
4369313,50.96435546875
4379043,64.208984375
4379095,57.31201171875
4379857,49.13330078125
4398125,47.9736328125
4398170,39.36767578125
4398843,58.41064453125
4398999,64.453125
4409994,41.8701171875
4425818,58.349609375
4425876,39.12353515625
4426712,41.68701171875
4427086,49.31640625
4427552,40.10009765625
4431001,41.1376953125
4431348,50.4150390625
4431684,56.2744140625
4431694,43.27392578125
4432183,58.4716796875
4432270,45.5322265625
4443719,42.17529296875
4443862,55.17578125
4444128,42.48046875
4444638,46.142578125
4457913,41.9921875
4457997,39.36767578125
4469423,48.76708984375
4469677,41.19873046875
4469845,42.48046875
4478567,53.52783203125
4478658,42.54150390625
4479331,42.54150390625
4489846,39.1845703125
4498993,42.6025390625
4499247,61.46240234375
4499583,39.24560546875
4499907,39.4287109375
4510708,50.6591796875
4511377,42.96875
4525158,48.583984375
4525295,44.921875
4526450,54.01611328125
4537276,56.15234375
4537377,42.1142578125
4537534,41.3818359375
4538121,39.55078125
4538268,49.31640625
4549091,59.2041015625
4549226,39.55078125
4549562,48.583984375
4549849,38.9404296875
4559589,40.6494140625
4559675,40.83251953125
4559930,40.34423828125
4560371,39.12353515625
4560972,45.7763671875
4575501,46.875
4575604,41.259765625
4575783,47.18017578125
4576145,43.02978515625
4576372,42.236328125
4576978,40.46630859375
4594255,46.9970703125
4594532,45.5322265625
4595304,46.142578125
4608133,50.47607421875
4608257,46.0205078125
4609477,39.48974609375
4609850,39.36767578125
4625974,52.30712890625
4626072,41.44287109375
4626511,40.10009765625
4626919,41.259765625
4641620,46.2646484375
4641821,42.1142578125
4641978,42.41943359375
4642300,38.9404296875
4642738,41.259765625
4643130,45.47119140625
4659778,46.9970703125
4660313,41.19873046875
4661105,39.12353515625
4661365,44.00634765625
4675378,59.38720703125
4675472,47.607421875
4676650,39.24560546875
4717650,51.94091796875
4717769,39.73388671875
4717893,40.22216796875
4717918,43.8232421875
4718289,40.22216796875
4749729,39.12353515625
4774853,43.76220703125
4775103,49.01123046875
4776095,40.52734375
4802609,46.44775390625
4802730,39.55078125
4802887,39.306640625
4803231,50.10986328125
4823215,55.7861328125
4830357,53.89404296875
4830525,40.52734375
4841251,73.3642578125
4848494,61.5234375
4849407,45.34912109375
4859770,46.142578125
4871901,71.1669921875
4872018,40.58837890625
4872041,43.64013671875
4886897,61.1572265625
4911265,57.67822265625
4911333,43.3349609375
4916127,66.7724609375
4916291,49.98779296875
4918911,61.4013671875
4918973,44.49462890625
4919890,48.27880859375
4920044,51.1474609375
4932415,58.2275390625
4932467,42.8466796875
4932509,43.76220703125
4943206,49.9267578125
4944025,47.91259765625
4944078,58.04443359375
4952566,57.861328125
4961385,61.279296875
4962525,53.77197265625
4962668,42.17529296875
4971428,58.837890625
4972593,50.72021484375
4978659,60.24169921875
4984413,54.931640625
4984469,51.45263671875
4992801,56.33544921875
5002101,53.03955078125
5002126,42.96875
5003112,60.05859375
5015373,53.8330078125
5024563,81.6650390625
5024610,46.0205078125
5027419,65.673828125
5027467,42.54150390625
5027487,39.306640625
5027515,58.9599609375
5052085,52.734375
5052136,41.19873046875
5053150,56.0302734375
5053200,41.748046875
5060637,58.89892578125
5060687,43.02978515625
5078572,57.12890625
5083435,47.66845703125
5104972,53.64990234375
5105031,42.48046875
5109327,56.57958984375
5109633,39.61181640625
5109757,48.9501953125
5125142,69.091796875
5125167,39.61181640625
5125232,54.38232421875
5126315,42.6025390625
5128295,55.7861328125
5128356,41.8701171875
5129043,62.31689453125
5147749,57.2509765625
5163430,49.62158203125
5163463,52.91748046875
5177618,53.3447265625
5177678,49.49951171875
5177747,40.58837890625
5183527,72.509765625
5198462,51.8798828125
5198517,57.18994140625
5208188,56.70166015625
5209050,61.1572265625
5209919,63.232421875
5210303,58.349609375
5241065,58.16650390625
5245073,70.49560546875
5245524,52.6123046875
5247488,55.908203125
5249417,55.17578125
5251180,45.83740234375
5252011,61.03515625
5252322,47.36328125
5253641,55.84716796875
5254446,66.2841796875
5255581,54.0771484375
5256506,55.7861328125
5256661,56.33544921875
5274457,63.3544921875
5292027,60.11962890625
5292094,53.3447265625
5292541,61.95068359375
5292637,50.96435546875
5292902,51.08642578125
5296004,48.4619140625
5296062,47.05810546875
5297161,54.38232421875
5297276,40.4052734375
5312189,60.05859375
5316125,47.66845703125
5338414,51.94091796875
5338437,44.3115234375
5339009,40.95458984375
5342898,56.70166015625
5344968,49.25537109375
5353289,39.55078125
5363655,44.43359375
5363797,40.71044921875
5363987,45.41015625
5367446,61.1572265625
5368124,62.07275390625
5368226,46.08154296875
5368408,62.56103515625
5369180,77.0263671875
5375751,50.4150390625
5375852,58.41064453125
5383631,45.41015625
5383749,43.88427734375
5393230,50.47607421875
5393316,42.17529296875
5393364,66.71142578125
5399299,51.6357421875
5399373,62.80517578125
5408127,48.2177734375
5416514,46.0205078125
5421466,41.259765625
5421653,44.86083984375
5421678,59.326171875
5424993,53.8330078125
5425048,41.93115234375
5427033,51.81884765625
5433353,73.18115234375
5433441,40.46630859375
5439984,66.22314453125
5440085,46.38671875
5441564,51.7578125
5441636,51.025390625
5447571,58.16650390625
5447646,51.33056640625
5450444,61.34033203125
5450691,56.45751953125
5451233,57.92236328125
5451977,53.466796875
5452459,48.88916015625
5452675,55.0537109375
5453247,54.3212890625
5453851,48.03466796875
5454027,57.7392578125
5454139,51.7578125
5464426,67.9931640625
5464465,40.71044921875
5470921,45.41015625
5471388,54.5654296875
5471445,51.33056640625
5477446,48.76708984375
5477530,55.6640625
5483733,67.81005859375
5492520,52.001953125
5494394,41.9921875
5494527,40.52734375
5494657,49.49951171875
5501937,54.6875
5502025,54.19921875
5502164,57.0068359375
5503197,59.63134765625
5503287,40.6494140625
5511846,68.2373046875
5511882,50.78125
5520512,67.68798828125
5520557,44.189453125
5521336,47.18017578125
5521405,51.6357421875
5531087,49.13330078125
5531157,57.9833984375
5531174,40.58837890625
5532933,53.955078125
5533062,49.74365234375
5533355,55.72509765625
5541529,54.74853515625
5541590,39.00146484375
5549381,55.23681640625
5549472,49.37744140625
5559798,65.3076171875
5559842,42.6025390625
5559863,41.44287109375
5569578,56.94580078125
5581082,48.03466796875
5581215,56.33544921875
5581269,45.0439453125
5586895,64.02587890625
5588336,49.49951171875
5588398,39.00146484375
5588425,44.3115234375
5599211,65.49072265625
5601183,65.4296875
5601542,56.640625
5601633,48.4619140625
5611392,71.83837890625
5613153,51.69677734375
5613812,71.10595703125
5625007,56.82373046875
5625111,53.8330078125
5635142,57.2509765625
5635204,38.9404296875
5651606,57.861328125
5664001,63.90380859375
5664024,49.98779296875
5680638,47.36328125
5680752,66.7724609375
5693467,57.18994140625
5693832,42.78564453125
5694486,54.19921875
5706078,47.607421875
5706677,66.34521484375
5707512,58.7158203125
5707977,60.11962890625
5727170,68.603515625
5727264,59.63134765625
5727732,51.8798828125
5739209,55.84716796875
5739467,53.40576171875
5740022,52.8564453125
5757461,47.7294921875
5757558,47.4853515625
5757707,54.0771484375
5758098,51.025390625
5770153,67.07763671875
5771639,40.34423828125
5771823,39.9169921875
5772265,61.21826171875
5793545,61.58447265625
5793608,40.46630859375
5820576,45.2880859375
5821118,49.98779296875
5821135,46.69189453125
5844469,58.41064453125
5844891,59.02099609375
5844992,56.21337890625
5863217,53.28369140625
5863685,75.439453125
5863808,51.08642578125
5864444,60.302734375
5912158,49.13330078125
5912195,60.4248046875
5912260,40.1611328125
5930697,52.490234375
5931272,64.51416015625
5953127,65.00244140625
5953180,42.41943359375
5960427,56.82373046875
5960470,46.20361328125
5961518,55.48095703125
5962242,63.96484375
5962395,40.46630859375
5962541,47.79052734375
5983351,46.81396484375
5984243,50.6591796875
5984629,65.36865234375
5985082,54.50439453125
5985181,47.54638671875
5999850,58.53271484375
6001128,57.861328125
6001940,60.546875
6002537,46.69189453125
6014074,52.3681640625
6015309,46.93603515625
6015537,41.56494140625
6038981,67.138671875
6039649,49.98779296875
6039765,58.4716796875
6039887,47.8515625
6062917,67.19970703125
6062986,42.90771484375
6063065,57.2509765625
6087457,55.48095703125
6087513,42.41943359375
6087611,44.189453125
6087688,39.61181640625
6121175,53.77197265625
6121251,40.83251953125
6121279,40.22216796875
6138651,67.3828125
6138985,62.80517578125
6139121,55.17578125
6172127,54.99267578125
6172188,66.5283203125
6172698,62.6220703125
6172769,39.4287109375
6172835,39.61181640625
6172919,39.36767578125
6187991,76.66015625
6188381,52.91748046875
6221330,56.0302734375
6221989,57.4951171875
6222130,49.9267578125
6250177,52.001953125
6252243,51.33056640625
6252296,42.8466796875
6252829,58.28857421875
6252944,58.59375
6253075,48.76708984375
6278831,57.0068359375
6279466,69.51904296875
6279527,52.6123046875
6299771,49.74365234375
6299818,49.25537109375
6315350,60.85205078125
6315411,45.8984375
6315446,49.74365234375
6325407,57.06787109375
6325475,40.6494140625
6326287,40.4052734375
6344222,68.42041015625
6355637,63.8427734375
6362377,44.7998046875
6365838,56.0302734375
6366354,55.419921875
6382484,49.01123046875
6382543,43.39599609375
6391670,59.326171875
6391718,51.33056640625
6395471,53.3447265625
6395561,42.66357421875
6396330,50.47607421875
6396460,59.38720703125
6396653,52.24609375
6408356,61.82861328125
6408883,39.794921875
6408896,73.486328125
6411736,49.98779296875
6412719,55.908203125
6413299,47.4853515625
6413550,56.0302734375
6413732,41.9921875
6414574,51.33056640625
6432699,55.419921875
6434407,57.18994140625
6455967,53.22265625
6460907,53.955078125
6461755,53.52783203125
6461872,40.6494140625
6462086,48.33984375
6475655,54.87060546875
6488107,62.5
6488181,47.2412109375
6488540,51.81884765625
6488781,54.99267578125
6511167,47.30224609375
6515763,56.70166015625
6518167,62.98828125
6518254,41.9921875
6518405,58.04443359375
6518810,48.9501953125
6519087,46.56982421875
6535145,51.8798828125
6535205,40.4052734375
6543042,62.31689453125
6543208,55.17578125
6560192,62.01171875
6560239,39.85595703125
6567114,55.48095703125
6567981,54.01611328125
6584599,70.98388671875
6585035,59.99755859375
6585054,56.70166015625
6608144,46.08154296875
6608736,57.373046875
6616118,59.63134765625
6616189,42.724609375
6631370,52.490234375
6631470,57.31201171875
6632695,42.236328125
6646848,65.4296875
6646949,42.05322265625
6648901,63.5986328125
6648949,42.1142578125
6649794,57.373046875
6662673,68.54248046875
6662734,39.12353515625
6680715,45.10498046875
6680802,49.37744140625
6682566,43.9453125
6697195,49.31640625
6697236,38.9404296875
6697271,56.396484375
6708228,53.16162109375
6708291,53.466796875
6723331,53.03955078125
6723382,46.0205078125
6724669,62.8662109375
6724685,42.17529296875
6739592,68.54248046875
6739661,41.1376953125
6751790,40.95458984375
6751812,55.6640625
6751873,53.16162109375
6751890,52.6123046875
6753116,47.4853515625
6753276,39.4287109375
6753311,53.40576171875
6767944,76.96533203125
6768035,45.34912109375
6769202,41.68701171875
6796146,42.29736328125
6796248,51.025390625
6796301,54.62646484375
6796347,41.015625
6813838,55.23681640625
6814987,57.12890625
6815128,43.02978515625
6815278,61.03515625
6818069,46.44775390625
6818180,47.119140625
6819792,54.87060546875
6820337,55.35888671875
6820479,41.6259765625
6821122,60.05859375
6821284,58.16650390625
6822287,62.80517578125
6822471,58.41064453125
6823131,50.84228515625
6823348,55.17578125
6825094,57.43408203125
6825184,56.09130859375
6841104,43.3349609375
6841140,59.38720703125
6841294,49.86572265625
6843246,49.31640625
6843275,53.40576171875
6843476,46.81396484375
6845267,49.49951171875
6845448,44.189453125
6845715,48.40087890625
6845818,39.794921875
6846141,51.7578125
6846165,47.9736328125
6846399,47.2412109375
6847406,57.43408203125
6852691,53.77197265625
6852729,38.9404296875
6852920,39.4287109375
6855751,68.84765625
6856481,54.931640625
6857888,57.80029296875
6857954,41.56494140625
6862761,52.42919921875
6862967,51.20849609375
6868449,48.33984375
6868493,50.048828125
6874680,59.5703125
6874749,51.20849609375
6874820,42.05322265625
6874937,65.0634765625
6875095,43.9453125
6882406,54.62646484375
6882424,49.6826171875
6882838,40.34423828125
6884854,62.01171875
6884911,47.05810546875
6885222,39.61181640625
6885297,46.630859375
6890379,57.6171875
6890402,45.0439453125
6890518,50.84228515625
6890853,45.166015625
6897072,53.7109375
6897112,45.71533203125
6897162,61.279296875
6897606,50.4150390625
6899639,60.4248046875
6900178,62.5
6900239,41.3818359375
6900866,55.7861328125
6900961,45.22705078125
6901473,43.701171875
6901561,45.166015625
6901932,59.26513671875
6902012,52.001953125
6907950,64.0869140625
6908179,57.12890625
6909021,59.08203125
6914134,66.40625
6914307,52.8564453125
6920213,65.3076171875
6920261,48.9501953125
6920418,96.0693359375
6927172,42.8466796875
6927299,65.7958984375
6928195,55.908203125
6930334,58.04443359375
6930713,54.62646484375
6930778,40.95458984375
6936484,42.05322265625
6936546,63.4765625
6937576,41.56494140625
6938091,59.5703125
6938504,46.81396484375
6939033,53.16162109375
6939108,45.47119140625
6939373,63.53759765625
6940108,55.48095703125
6940323,51.81884765625
6942614,59.6923828125
6942735,42.8466796875
6948730,49.01123046875
6948855,48.03466796875
6948872,46.81396484375
6954835,50.6591796875
6954885,74.40185546875
6955043,39.4287109375
6955121,57.80029296875
6955171,47.119140625
6955380,39.794921875
6961456,53.7109375
6961577,39.55078125
6961657,58.9599609375
6963160,59.08203125
6963491,54.3212890625
6963559,48.76708984375
6963748,52.978515625
6964105,56.884765625
6971596,55.7861328125
6971663,50.47607421875
6971770,46.142578125
6971805,56.82373046875
6974565,65.49072265625
6974633,44.25048828125
6974844,60.36376953125
6974869,39.97802734375
6975074,51.1474609375
6975150,43.76220703125
6975253,56.82373046875
6975639,44.73876953125
6981089,42.96875
6981140,53.955078125
6981699,46.56982421875
6981770,57.7392578125
6982266,53.22265625
6988492,57.861328125
6988616,51.94091796875
6988718,57.373046875
6988788,42.236328125
6989254,59.5703125
6989317,48.03466796875
6989472,52.24609375
6989525,42.6025390625
6989732,55.7861328125
6990174,44.3115234375
6990632,40.8935546875
6991138,45.71533203125
6996658,51.6357421875
6996724,48.03466796875
6997022,52.18505859375
6997097,47.05810546875
7002349,48.15673828125
7002425,51.025390625
7002639,40.71044921875
7002658,45.59326171875
7003580,56.396484375
7003606,55.48095703125
7009945,45.0439453125
7009997,50.72021484375
7010207,53.1005859375
7010264,49.86572265625
7011033,56.21337890625
7011046,47.8515625
7011305,49.9267578125
7011357,46.9970703125
7016922,50.1708984375
7017974,55.908203125
7018071,40.71044921875
7018392,49.74365234375
7018468,42.48046875
7024292,55.2978515625
7024371,45.10498046875
7024552,51.81884765625
7025214,64.208984375
7025249,43.45703125
7025424,48.76708984375
7025447,44.43359375
7031182,68.4814453125
7031262,51.81884765625
7032638,51.20849609375
7032722,47.119140625
7032756,39.6728515625
7032847,40.771484375
7033051,48.9501953125
7033110,51.33056640625
7040323,53.8330078125
7040787,55.96923828125
7041111,65.73486328125
7041620,52.24609375
7041651,42.54150390625
7041834,42.236328125
7041930,52.18505859375
7042060,40.0390625
7042118,49.072265625
7048551,63.65966796875
7048625,40.771484375
7048949,60.72998046875
7049004,43.15185546875
7049546,54.0771484375
7049615,39.85595703125
7049791,52.55126953125
7055084,57.18994140625
7055157,46.630859375
7055596,56.0302734375
7055648,45.2880859375
7055886,55.7861328125
7055929,47.9736328125
7056206,48.15673828125
7056290,45.5322265625
7062148,56.57958984375
7062242,44.86083984375
7062455,49.25537109375
7067320,63.5986328125
7067421,47.8515625
7067557,53.28369140625
7067637,40.95458984375
7068042,48.4619140625
7073914,64.94140625
7073987,39.85595703125
7074380,65.49072265625
7074485,45.10498046875
7074874,54.26025390625
7075142,54.62646484375
7075209,42.78564453125
7081603,62.01171875
7081661,80.62744140625
7087843,60.302734375
7087892,45.166015625
7088362,56.21337890625
7088409,42.29736328125
7097058,52.06298828125
7103065,48.76708984375
7103158,47.42431640625
7103185,49.6826171875
7103443,55.6640625
7103514,50.29296875
7103741,57.7392578125
7104183,57.06787109375
7104678,50.23193359375
7111555,67.87109375
7111904,54.19921875
7111992,46.69189453125
7112815,50.84228515625
7119334,52.24609375
7119393,39.306640625
7119455,39.4287109375
7119644,56.57958984375
7120639,49.9267578125
7126294,48.33984375
7126376,43.27392578125
7126739,55.419921875
7127407,57.06787109375
7127735,55.35888671875
7135184,61.82861328125
7135284,59.4482421875
7135594,63.17138671875
7136058,58.59375
7136563,62.98828125
7136850,54.50439453125
7146083,58.89892578125
7146267,43.0908203125
7156237,56.7626953125
7156885,61.6455078125
7156936,53.3447265625
7166358,67.68798828125
7166409,42.78564453125
7168015,45.47119140625
7168376,54.74853515625
7168480,46.630859375
7169045,57.92236328125
7178579,63.04931640625
7178633,42.8466796875
7179473,50.6591796875
7179552,48.03466796875
7189874,65.0634765625
7190087,39.6728515625
7190691,65.7958984375
7190778,50.29296875
7191129,52.55126953125
7205415,73.486328125
7205450,50.9033203125
7206007,54.99267578125
7206983,51.513671875
7207525,55.48095703125
7207922,54.13818359375
7218783,57.92236328125
7219422,53.3447265625
7219496,47.79052734375
7219808,51.81884765625
7219863,49.25537109375
7220410,57.18994140625
7230831,59.02099609375
7230890,48.88916015625
7230902,49.560546875
7231672,63.1103515625
7232307,54.19921875
7244500,59.14306640625
7245453,63.5986328125
7245501,45.83740234375
7245513,52.79541015625
7262820,68.29833984375
7262835,52.734375
7263235,49.6826171875
7263868,57.7392578125
7280317,53.955078125
7280387,48.095703125
7280962,48.52294921875
7297613,46.81396484375
7297969,39.794921875
7299287,57.9833984375
7299872,58.10546875
7301156,62.3779296875
7301213,50.47607421875
7318007,58.04443359375
7318115,47.18017578125
7334104,39.6728515625
7334255,49.9267578125
7334368,40.10009765625
7347333,47.8515625
7369052,50.9033203125
7370698,54.62646484375
7386827,62.31689453125
7386876,57.55615234375
7398658,53.16162109375
7400134,59.326171875
7414533,46.142578125
7414804,46.93603515625
7414995,49.25537109375
7415223,67.9931640625
7415484,53.466796875
7436485,61.767578125
7436542,43.212890625
7461632,57.18994140625
7487637,54.99267578125
7487663,52.42919921875
7487703,47.2412109375
7504943,48.88916015625
7506766,61.279296875
7507357,71.8994140625
7507559,53.955078125
7508150,61.95068359375
7518359,48.9501953125
7520504,47.7294921875
7522582,63.232421875
7523353,60.72998046875
7524040,55.84716796875
7524751,50.10986328125
7525898,54.01611328125
7526417,46.2646484375
7559847,58.65478515625
7559897,42.54150390625
7559952,50.1708984375
7584745,39.73388671875
7586547,65.73486328125
7587426,55.11474609375
7588276,55.84716796875
7588893,52.55126953125
7589351,58.10546875
7590141,52.6123046875
7590657,54.26025390625
7591159,42.8466796875
7591544,55.419921875
7630320,50.29296875
7630559,48.33984375
7630604,61.6455078125
7661618,67.626953125
7663347,55.908203125
7664724,48.9501953125
7665423,57.0068359375
7666491,50.47607421875
7667148,57.12890625
7668690,57.31201171875
7685747,57.92236328125
7687007,51.3916015625
7687689,62.3779296875
7688217,48.583984375
7689150,58.65478515625
7722893,40.8935546875
7723733,49.8046875
7724458,51.7578125
7726270,53.03955078125
7726599,52.55126953125
7726932,60.97412109375
7727366,57.43408203125
7727949,48.33984375
7728371,58.77685546875
7754968,44.0673828125
7756734,52.67333984375
7757199,55.48095703125
7757699,49.01123046875
7758173,62.80517578125
7758675,47.8515625
7758748,46.93603515625
7759020,61.46240234375
7791295,51.81884765625
7792091,55.0537109375
7815019,67.7490234375
7815416,68.54248046875
7817297,59.08203125
7832177,50.537109375
7832791,62.31689453125
7832837,52.06298828125
7834214,88.7451171875
7834935,51.45263671875
7835696,51.81884765625
7836068,58.04443359375
7837516,57.4951171875
7837993,56.33544921875
7871688,62.255859375
7871748,43.212890625
7871805,39.9169921875
7871934,54.38232421875
7916029,75.3173828125
7916101,39.48974609375
7932532,50.35400390625
7934133,70.1904296875
7934457,54.50439453125
7934852,71.96044921875
7936034,60.6689453125
7936263,64.39208984375
7957077,51.94091796875
7957129,40.83251953125
7957207,44.86083984375
7959340,63.1103515625
7984927,43.701171875
7985926,46.875
7986253,49.560546875
7986354,44.7998046875
7986389,41.93115234375
8019537,44.189453125
8019554,63.90380859375
8019566,40.52734375
8019609,49.31640625
8019627,39.97802734375
8019659,42.90771484375
8055241,44.86083984375
8055258,42.41943359375
8055291,40.8935546875
8055309,40.34423828125
8073886,53.955078125
8074661,54.99267578125
8075123,51.08642578125
8096223,42.78564453125
8097195,51.33056640625
8097624,46.0205078125
8097720,42.05322265625
8097951,39.00146484375
8116628,50.1708984375
8116661,40.283203125
8116866,54.13818359375
8116878,42.17529296875
8145242,47.30224609375
8145371,44.25048828125
8145423,44.189453125
8166144,54.443359375
8166229,43.45703125
8179315,46.142578125
8179399,40.283203125
8211094,50.6591796875
8211185,43.701171875
8211273,39.0625
8211335,40.1611328125
8211466,53.89404296875
8242677,44.7998046875
8242712,66.40625
8242743,40.95458984375
8264090,48.583984375
8264634,44.0673828125
8264762,43.39599609375
8264882,44.189453125
8291294,48.095703125
8298530,62.68310546875
8298553,43.27392578125
8298581,46.20361328125
8326194,47.79052734375
8326303,50.10986328125
8360616,50.96435546875
8360700,41.3818359375
8360733,56.7626953125
8384238,76.84326171875
8384376,51.08642578125
8384475,40.34423828125
8416185,45.95947265625
8416313,39.9169921875
8416442,39.00146484375
8450195,58.349609375
8450305,46.38671875
8470169,55.11474609375
8470859,44.49462890625
8471067,44.73876953125
8471210,45.7763671875
8471384,40.95458984375
8500978,51.6357421875
8501017,78.18603515625
8501028,40.22216796875
8514318,39.4287109375
8514674,55.7861328125
8514806,39.85595703125
8514966,43.76220703125
8525715,50.72021484375
8526813,40.4052734375
8539750,49.6826171875
8540413,41.93115234375
8552945,57.80029296875
8574797,63.4765625
8574829,59.63134765625
8574861,42.41943359375
8600984,66.58935546875
8605253,39.0625
8605281,53.8330078125
8605327,49.6826171875
8605348,45.71533203125
8631756,54.50439453125
8633647,47.4853515625
8633809,66.162109375
8650224,63.3544921875
8650314,59.2041015625
8650410,40.0390625
8650742,41.32080078125
8654696,58.7158203125
8654854,46.2646484375
8654960,45.166015625
8655516,40.22216796875
8655844,43.39599609375
8684763,57.06787109375
8684822,58.41064453125
8685347,40.4052734375
8685605,52.734375
8685829,40.46630859375
8685848,75.01220703125
8686067,42.236328125
8714684,48.9501953125
8714742,45.8984375
8715002,52.490234375
8715159,45.22705078125
8715346,58.2275390625
8715358,54.62646484375
8731082,49.9267578125
8731206,78.0029296875
8731515,39.48974609375
8731768,45.654296875
8731849,60.24169921875
8732633,39.6728515625
8744247,47.79052734375
8745075,44.12841796875
8745338,43.212890625
8745364,43.39599609375
8746478,41.9921875
8769560,53.8330078125
8769578,41.32080078125
8769626,62.43896484375
8769652,43.76220703125
8769762,41.50390625
8769900,46.142578125
8770160,49.13330078125
8770435,42.3583984375
8770771,50.048828125
8792973,68.84765625
8793176,55.7861328125
8793316,51.7578125
8793504,39.48974609375
8793700,41.1376953125
8793745,59.50927734375
8793839,39.85595703125
8794098,40.8935546875
8816520,68.29833984375
8816566,46.44775390625
8816821,39.24560546875
8817019,40.771484375
8817337,42.6025390625
8817468,62.80517578125
8817551,46.56982421875
8838843,57.7392578125
8838992,46.630859375
8839116,45.0439453125
8839327,48.27880859375
8839530,44.98291015625
8840054,39.4287109375
8843376,53.28369140625
8843556,49.37744140625
8843676,58.89892578125
8844034,41.015625
8844282,55.96923828125
8844466,45.654296875
8845057,45.2880859375
8872737,62.8662109375
8873221,43.15185546875
8873394,49.86572265625
8873433,70.1904296875
8873499,44.7998046875
8892021,61.70654296875
8892417,45.83740234375
8892645,45.34912109375
8892727,74.951171875
8892879,59.38720703125
8893025,45.95947265625
8917307,65.3076171875
8917354,40.8935546875
8917419,52.42919921875
8917611,65.0634765625
8917691,48.64501953125
8917874,46.08154296875
8917888,43.5791015625
8934013,48.88916015625
8934088,42.90771484375
8934494,42.8466796875
8934636,45.47119140625
8934668,55.72509765625
8934861,41.015625
8959805,57.18994140625
8960092,54.01611328125
8960213,48.4619140625
8960379,53.955078125
8960389,49.9267578125
8986430,42.66357421875
8986463,58.10546875
8986491,41.50390625
8986517,40.283203125
8986624,46.38671875
9005814,60.48583984375
9006156,40.0390625
9006301,59.26513671875
9006421,56.82373046875
9006523,39.1845703125
9010471,61.95068359375
9010513,53.7109375
9010686,41.8701171875
9010850,46.2646484375
9010956,44.49462890625
9011079,44.5556640625
9011291,41.259765625
9011358,42.8466796875
9011475,53.5888671875
9011730,46.38671875
9012162,47.30224609375
9012331,46.08154296875
9038549,64.63623046875
9038564,40.46630859375
9038590,40.46630859375
9038614,39.85595703125
9063530,62.19482421875
9063554,43.15185546875
9063587,47.54638671875
9063641,43.3349609375
9086368,49.9267578125
9086405,62.31689453125
9086490,56.0302734375
9115814,62.744140625
9115824,51.8798828125
9115953,41.015625
9133047,48.64501953125
9133446,39.55078125
9133575,52.6123046875
9133674,42.29736328125
9133716,51.08642578125
9133980,58.4716796875
9160944,56.57958984375
9161031,51.94091796875
9161113,53.64990234375
9161127,45.22705078125
9178604,68.84765625
9178652,52.8564453125
9178732,47.36328125
9190451,61.6455078125
9190503,43.701171875
9190897,56.0302734375
9191092,50.72021484375
9191308,51.26953125
9193388,58.59375
9193653,64.94140625
9193857,45.10498046875
9194015,40.1611328125
9195714,45.10498046875
9195862,43.45703125
9196026,41.748046875
9198088,51.94091796875
9198676,55.5419921875
9198883,59.38720703125
9199077,55.72509765625
9199280,43.76220703125
9199564,52.67333984375
9199773,43.51806640625
9199976,51.8798828125
9200247,45.83740234375
9200491,42.78564453125
9201008,43.5791015625
9201261,51.20849609375
9201562,50.9033203125
9202054,43.51806640625
9207931,45.47119140625
9208033,54.74853515625
9208877,55.0537109375
9209781,53.03955078125
9210121,49.86572265625
9215695,52.24609375
9215832,46.630859375
9215997,57.2509765625
9216131,41.93115234375
9216371,52.55126953125
9216572,50.537109375
9216864,61.4013671875
9222567,45.47119140625
9222699,46.630859375
9222767,39.0625
9222888,40.22216796875
9223126,48.27880859375
9223441,61.03515625
9229483,50.29296875
9229614,50.84228515625
9229713,49.4384765625
9229980,42.90771484375
9230149,44.61669921875
9230527,40.52734375
9230639,41.56494140625
9230893,48.27880859375
9231047,41.3818359375
9235255,52.734375
9235327,42.1142578125
9235542,51.6357421875
9235574,39.1845703125
9235810,46.93603515625
9236059,46.5087890625
9241646,63.90380859375
9241847,43.64013671875
9242244,50.72021484375
9242381,45.5322265625
9242858,56.7626953125
9247689,47.54638671875
9247842,52.30712890625
9247939,39.794921875
9248349,48.583984375
9248694,55.60302734375
9249031,51.33056640625
9249189,48.76708984375
9249516,52.6123046875
9249973,59.08203125
9257862,53.28369140625
9258071,41.1376953125
9258471,54.5654296875
9259009,56.396484375
9265057,56.884765625
9265238,47.91259765625
9265441,64.39208984375
9265915,50.84228515625
9266402,49.01123046875
9274684,53.28369140625
9274757,41.8701171875
9275489,55.48095703125
9275701,44.0673828125
9275934,42.48046875
9276505,48.64501953125
9276772,54.3212890625
9277024,48.4619140625
9277310,57.55615234375
9277571,52.1240234375
9277790,49.86572265625
9277976,50.4150390625
9278194,51.7578125
9278493,46.630859375
9283223,49.49951171875
9283355,43.64013671875
9283460,39.0625
9283716,50.23193359375
9283967,47.42431640625
9284599,53.3447265625
9285385,51.3916015625
9290035,51.94091796875
9290226,49.01123046875
9290599,48.27880859375
9290847,43.5791015625
9291059,51.6357421875
9291188,49.98779296875
9291279,44.98291015625
9291668,56.884765625
9296517,62.07275390625
9296742,39.85595703125
9297406,48.2177734375
9297698,55.0537109375
9297956,47.36328125
9298283,55.48095703125
9303899,52.06298828125
9303971,42.6025390625
9304178,41.80908203125
9304343,45.10498046875
9304478,48.15673828125
9304596,45.71533203125
9304751,41.19873046875
9304879,55.17578125
9305278,42.90771484375
9305714,47.66845703125
9308894,52.30712890625
9313194,45.654296875
9313254,41.32080078125
9313375,44.43359375
9313706,44.189453125
9313951,52.42919921875
9314349,54.931640625
9314954,39.97802734375
9315243,54.87060546875
9315322,47.42431640625
9315619,56.2744140625
9319996,56.7626953125
9320329,54.3212890625
9320436,56.70166015625
9320777,52.91748046875
9321180,44.61669921875
9321285,45.654296875
9321343,42.6025390625
9321636,47.2412109375
9321853,52.001953125
9326554,58.77685546875
9326947,40.71044921875
9327017,51.1474609375
9327157,51.94091796875
9327376,44.25048828125
9327644,51.57470703125
9327749,42.29736328125
9328073,39.24560546875
9328718,45.654296875
9333838,44.98291015625
9333897,39.73388671875
9334083,49.4384765625
9334339,50.78125
9334615,55.7861328125
9334684,42.8466796875
9334840,51.26953125
9335207,45.59326171875
9335491,45.2880859375
9335794,56.5185546875
9336711,45.5322265625
9341208,55.5419921875
9341277,51.025390625
9341377,42.96875
9341409,49.25537109375
9341657,49.25537109375
9341913,52.001953125
9342011,48.583984375
9342213,50.9033203125
9342557,52.42919921875
9342870,47.91259765625
9342963,43.45703125
9343417,47.54638671875
9348158,62.68310546875
9348211,40.10009765625
9348472,46.5087890625
9348615,52.8564453125
9348761,42.66357421875
9349077,45.71533203125
9349102,41.56494140625
9349346,51.08642578125
9349616,47.36328125
9354611,43.39599609375
9354915,55.6640625
9354971,41.259765625
9355153,56.33544921875
9355458,57.9833984375
9355541,40.0390625
9355856,39.00146484375
9356219,41.19873046875
9356345,44.00634765625
9357303,51.025390625
9361716,48.03466796875
9361915,48.33984375
9361994,51.7578125
9362192,50.29296875
9362562,46.9970703125
9362739,44.5556640625
9362975,46.9970703125
9363378,52.734375
9363923,56.0302734375
9364202,44.98291015625
9373695,62.255859375
9373971,41.32080078125
9374094,42.236328125
9374217,41.93115234375
9374500,44.25048828125
9374575,53.64990234375
9374700,47.91259765625
9374945,44.43359375
9375452,48.15673828125
9375968,45.95947265625
9380975,50.29296875
9381202,44.43359375
9381439,51.33056640625
9381665,53.28369140625
9381726,39.9169921875
9381910,41.80908203125
9382193,42.8466796875
9382421,41.07666015625
9382624,55.5419921875
9382851,42.66357421875
9383133,42.236328125
9383233,54.5654296875
9388642,64.63623046875
9388892,54.13818359375
9389159,48.15673828125
9389459,51.69677734375
9389683,50.35400390625
9389727,38.9404296875
9390446,55.908203125
9390539,41.56494140625
9390989,47.30224609375
9395856,53.64990234375
9396052,56.5185546875
9396129,44.00634765625
9396285,52.24609375
9396336,46.38671875
9396669,48.03466796875
9396818,53.64990234375
9397097,56.33544921875
9397672,46.69189453125
9403318,70.86181640625
9403588,50.10986328125
9403979,58.9599609375
9404078,39.73388671875
9404226,57.4951171875
9404424,62.6220703125
9410923,55.908203125
9411199,49.37744140625
9411365,49.072265625
9411481,47.607421875
9411774,40.71044921875
9411949,39.55078125
9412231,48.828125
9413093,47.66845703125
9413330,41.68701171875
9419730,54.13818359375
9419938,46.0205078125
9419997,42.48046875
9420171,57.06787109375
9420265,46.875
9420511,58.04443359375
9420816,50.96435546875
9426672,61.58447265625
9426854,57.43408203125
9427313,55.2978515625
9427426,48.03466796875
9427630,50.048828125
9428345,39.48974609375
9429010,47.607421875
9434805,47.4853515625
9434974,39.73388671875
9435214,43.701171875
9435295,54.87060546875
9435501,43.9453125
9436619,40.71044921875
9441564,53.52783203125
9441835,50.84228515625
9442073,46.0205078125
9442385,43.212890625
9442414,46.5087890625
9442968,51.33056640625
9443183,58.04443359375
9443213,50.35400390625
9449474,57.0068359375
9449547,40.71044921875
9449585,43.5791015625
9449761,42.8466796875
9449998,53.03955078125
9450273,57.31201171875
9450434,50.10986328125
9450705,52.42919921875
9450875,42.05322265625
9457556,63.8427734375
9457626,39.4287109375
9458094,53.955078125
9458528,47.7294921875
9460143,51.513671875
9460382,51.3916015625
9460478,43.15185546875
9460702,42.66357421875
9461016,51.81884765625
9461270,51.8798828125
9461311,47.7294921875
9469108,49.25537109375
9469373,49.8046875
9469953,61.5234375
9470183,42.3583984375
9477060,56.57958984375
9477294,52.6123046875
9477889,53.03955078125
9478662,56.33544921875
9478717,46.20361328125
9484770,44.86083984375
9484933,43.88427734375
9485572,43.9453125
9485833,63.5986328125
9486037,57.31201171875
9486760,54.931640625
9493759,65.4296875
9494014,45.8984375
9494075,43.76220703125
9494343,53.3447265625
9494892,46.81396484375
9500956,51.7578125
9501275,53.5888671875
9503095,49.74365234375
9503460,43.8232421875
9509956,59.9365234375
9510073,40.71044921875
9519174,49.6826171875
9519416,56.7626953125
9520224,43.64013671875
9528101,60.11962890625
9528335,57.12890625
9528834,61.70654296875
9528850,46.2646484375
9536286,70.00732421875
9536541,47.54638671875
9537385,43.3349609375
9537717,48.40087890625
9545926,82.45849609375
9546479,66.71142578125
9546654,52.79541015625
9546783,38.9404296875
9557283,62.31689453125
9557525,40.6494140625
9567467,46.875
9580189,51.7578125
9580378,49.86572265625
9581499,57.31201171875
9582019,51.08642578125
9594113,55.17578125
9594437,59.87548828125
9606401,49.49951171875
9607368,52.79541015625
9629856,46.20361328125
9630879,61.4013671875
9641114,58.9599609375
9641731,51.26953125
9651785,61.6455078125
9653063,65.36865234375
9664677,57.55615234375
9665686,61.95068359375
9680812,62.3779296875
9693362,54.13818359375
9694255,58.59375
9719815,64.88037109375
9749798,65.4296875
9751118,60.97412109375
9751755,52.8564453125
9772796,48.583984375
9783668,61.767578125
9784713,51.08642578125
9827108,49.86572265625
9827448,39.61181640625
9827477,54.931640625
9843889,60.60791015625
9860083,77.0263671875
9861495,47.607421875
9883213,58.349609375
9921024,60.791015625
9923563,65.91796875
9924010,51.45263671875
9945736,65.5517578125
9964673,43.39599609375
9973092,51.26953125
9992073,62.56103515625
9992637,68.603515625
9994387,68.90869140625
9994530,47.91259765625
9994677,42.78564453125
10011042,45.59326171875
10018328,46.142578125
10018355,39.6728515625
10018420,39.306640625
10018439,49.072265625
10018459,46.7529296875
10047404,60.4248046875
10054521,58.4716796875
10054620,49.072265625
10102154,59.99755859375
10102229,60.11962890625
10120876,61.279296875
10120937,49.1943359375
10128685,51.3916015625
10129668,73.30322265625
10129737,46.5087890625
10129816,40.1611328125
10155673,71.71630859375
10156053,63.17138671875
10180786,58.89892578125
10186241,61.5234375
10223826,72.265625
10223862,40.46630859375
10223900,50.048828125
10241629,51.94091796875
10241697,50.96435546875
10242418,39.12353515625
10268921,46.9970703125
10269286,64.88037109375
10269457,54.87060546875
10304479,67.138671875
10304526,44.25048828125
10304583,51.57470703125
10304667,41.6259765625
10338088,59.2041015625
10338684,66.7724609375
10339002,41.6259765625
10339048,59.2041015625
10364262,47.607421875
10375602,56.45751953125
10375633,42.41943359375
10375714,65.5517578125
10391283,52.734375
10391365,66.34521484375
10421233,63.04931640625
10421278,41.68701171875
10421347,47.66845703125
10448393,61.09619140625
10448801,57.31201171875
10448855,42.48046875
10449020,54.19921875
10480134,54.87060546875
10480945,55.60302734375
10482320,62.31689453125
10506681,57.92236328125
10518443,45.22705078125
10518453,68.78662109375
10518464,55.7861328125
10546431,52.55126953125
10546510,54.74853515625
10547316,56.45751953125
10570840,39.306640625
10583549,53.5888671875
10583582,44.3115234375
10583618,53.16162109375
10615306,63.232421875
10615340,41.3818359375
10615371,41.19873046875
10615550,41.015625
10647681,63.96484375
10648171,51.94091796875
10648553,50.10986328125
10679272,68.7255859375
10679355,54.0771484375
10679472,39.4287109375
10679506,40.10009765625
10713991,64.0869140625
10714804,60.72998046875
10715145,54.50439453125
10715212,47.54638671875
10715466,42.48046875
10730946,49.560546875
10736656,52.67333984375
10736812,52.79541015625
10737244,55.419921875
10737260,43.88427734375
10737483,46.69189453125
10755749,64.27001953125
10763977,59.14306640625
10764027,48.583984375
10764052,44.43359375
10795677,74.5849609375
10795690,42.1142578125
10795732,54.8095703125
10795746,63.29345703125
10795834,46.69189453125
10824519,49.01123046875
10825630,49.4384765625
10826063,60.85205078125
10826757,50.29296875
10826825,41.50390625
10849248,48.828125
10849594,43.3349609375
10850243,49.25537109375
10851166,59.50927734375
10851179,42.29736328125
10851306,52.734375
10851346,55.5419921875
10872310,54.74853515625
10873627,51.1474609375
10873683,49.98779296875
10873861,45.0439453125
10879261,61.82861328125
10880475,50.96435546875
10880687,58.53271484375
10881091,57.18994140625
10881298,51.94091796875
10881489,40.83251953125
10881659,40.95458984375
10881932,39.97802734375
10882244,41.259765625
10915464,53.7109375
10915484,47.30224609375
10915591,54.5654296875
10915743,48.33984375
10942418,60.11962890625
10942438,43.51806640625
10942464,48.7060546875
10942488,43.0908203125
10942610,50.9033203125
10964190,53.22265625
10964693,44.43359375
10965132,51.94091796875
10965240,42.90771484375
10965276,45.166015625
10965359,45.7763671875
10995550,45.10498046875
10995617,70.37353515625
10995686,44.25048828125
10995741,49.86572265625
10995942,41.015625
11021629,61.95068359375
11021654,39.24560546875
11021690,42.90771484375
11021720,42.17529296875
11021800,50.9033203125
11052873,58.7158203125
11052957,41.50390625
11053183,70.1904296875
11053526,52.978515625
11053645,49.74365234375
11053774,50.47607421875
11076755,53.52783203125
11077248,44.189453125
11077275,41.259765625
11077287,51.6357421875
11077387,49.98779296875
11077596,41.9921875
11092726,49.86572265625
11092742,40.4052734375
11092798,52.42919921875
11123647,63.17138671875
11123984,48.33984375
11124204,54.38232421875
11124384,65.00244140625
11124508,54.50439453125
11149423,66.34521484375
11150160,67.0166015625
11150196,39.6728515625
11150228,50.23193359375
11168729,58.7158203125
11169169,53.89404296875
11169582,46.93603515625
11169729,48.03466796875
11169757,43.5791015625
11194235,64.02587890625
11194295,51.69677734375
11194481,42.17529296875
11194522,42.41943359375
11216234,52.001953125
11216288,38.9404296875
11216813,54.6875
11216855,48.33984375
11217022,51.45263671875
11217166,50.537109375
11217494,59.326171875
11238975,55.48095703125
11239234,48.76708984375
11239369,44.5556640625
11264659,52.978515625
11264714,46.7529296875
11264791,47.66845703125
11276430,52.001953125
11276517,44.677734375
11276660,51.1474609375
11276719,41.259765625
11276868,52.79541015625
11277109,41.80908203125
11277286,41.015625
11281948,55.2978515625
11283096,55.2978515625
11283346,49.86572265625
11307978,63.29345703125
11308077,58.9599609375
11308113,48.095703125
11329165,56.33544921875
11329457,48.828125
11329482,49.6826171875
11329571,44.7998046875
11329812,51.45263671875
11355183,57.6171875
11355256,49.37744140625
11355338,39.85595703125
11374926,47.30224609375
11374998,44.43359375
11375410,46.32568359375
11375607,43.3349609375
11375807,52.734375
11376076,39.48974609375
11376496,45.83740234375
11401192,67.3828125
11401308,49.6826171875
11401393,40.95458984375
11401419,51.94091796875
11401547,45.5322265625
11401875,51.6357421875
11402653,50.35400390625
11425561,56.70166015625
11425658,51.513671875
11425853,52.490234375
11426776,58.41064453125
11443572,55.6640625
11443914,45.22705078125
11444046,42.05322265625
11445148,77.5146484375
11445389,55.7861328125
11446036,47.8515625
11446280,66.34521484375
11446639,61.34033203125
11447013,49.4384765625
11447281,49.25537109375
11447438,44.00634765625
11447601,61.34033203125
11447918,56.2744140625
11448201,47.607421875
11448372,46.32568359375
11448544,42.66357421875
11448813,42.05322265625
11451057,53.16162109375
11451303,43.701171875
11451777,44.98291015625
11461900,53.7109375
11462045,47.9736328125
11462221,51.8798828125
11469765,57.4951171875
11469850,83.0078125
11471263,52.734375
11477866,70.61767578125
11478025,59.2041015625
11478037,54.01611328125
11484494,55.908203125
11484682,49.74365234375
11484700,44.5556640625
11484724,39.24560546875
11484809,43.64013671875
11485791,55.72509765625
11490694,62.43896484375
11490751,45.8984375
11490774,40.22216796875
11492211,54.19921875
11492421,49.86572265625
11492892,59.08203125
11493472,53.7109375
11493760,56.57958984375
11493960,52.978515625
11494196,48.52294921875
11494478,48.27880859375
11494709,52.6123046875
11499796,59.02099609375
11499886,49.4384765625
11499897,50.1708984375
11501133,66.83349609375
11505326,56.2744140625
11505422,52.8564453125
11505492,54.13818359375
11505558,49.01123046875
11505608,45.7763671875
11505889,60.9130859375
11506268,48.03466796875
11511109,41.6259765625
11511194,39.00146484375
11511328,55.0537109375
11516475,53.52783203125
11516651,53.8330078125
11516687,41.56494140625
11517169,44.37255859375
11522053,60.11962890625
11522285,50.9033203125
11522326,47.8515625
11522638,65.91796875
11522820,51.513671875
11528561,64.51416015625
11528658,44.12841796875
11529394,50.59814453125
11529449,49.25537109375
11529931,50.23193359375
11534943,55.11474609375
11535031,43.76220703125
11535249,57.43408203125
11536218,48.52294921875
11536497,56.0302734375
11537539,47.4853515625
11538193,64.14794921875
11538547,49.01123046875
11538929,48.095703125
11543620,48.583984375
11543988,41.259765625
11549572,58.2275390625
11549644,54.5654296875
11549714,42.54150390625
11549787,43.8232421875
11549913,42.41943359375
11549963,47.30224609375
11550954,50.29296875
11555026,53.89404296875
11555098,40.1611328125
11555364,50.6591796875
11560585,48.583984375
11560659,39.97802734375
11560849,55.908203125
11561050,51.81884765625
11561598,51.7578125
11562153,60.791015625
11562197,45.7763671875
11566489,64.208984375
11566779,50.47607421875
11566864,41.32080078125
11567212,51.94091796875
11567582,42.96875
11567688,55.35888671875
11568081,45.0439453125
11568160,41.68701171875
11568925,51.6357421875
11569170,56.640625
11569516,55.2978515625
11570066,57.4951171875
11574620,55.908203125
11574757,48.52294921875
11574986,51.1474609375
11575617,51.57470703125
11575714,46.2646484375
11580447,45.8984375
11580584,47.9736328125
11580695,46.08154296875
11581771,45.7763671875
11581871,77.5146484375
11582168,52.42919921875
11582195,42.17529296875
11582446,48.88916015625
11582798,43.02978515625
11583402,56.94580078125
11583644,51.94091796875
11583952,52.24609375
11585494,57.0068359375
11586377,49.1943359375
11590217,44.677734375
11590601,59.2041015625
11592649,51.94091796875
11592907,43.27392578125
11592992,50.84228515625
11593338,47.2412109375
11597768,63.4765625
11597858,49.560546875
11598689,57.06787109375
11598808,42.17529296875
11598841,53.5888671875
11604350,42.78564453125
11604493,49.8046875
11604565,46.9970703125
11604798,44.61669921875
11605154,48.2177734375
11605464,51.8798828125
11605542,42.48046875
11605681,49.1943359375
11606100,47.30224609375
11610268,55.96923828125
11610325,40.0390625
11610590,52.42919921875
11616609,57.92236328125
11616665,44.3115234375
11616744,39.4287109375
11616896,51.3916015625
11616938,45.71533203125
11617437,56.884765625
11617783,44.921875
11623548,41.68701171875
11623646,46.08154296875
11623795,47.8515625
11624498,54.8095703125
11624749,45.59326171875
11624816,51.26953125
11625082,39.9169921875
11625126,48.33984375
11625333,40.83251953125
11633323,55.60302734375
11633396,47.91259765625
11633985,53.3447265625
11634068,44.3115234375
11634347,58.53271484375
11638825,51.08642578125
11639059,53.52783203125
11639551,53.8330078125
11639610,43.27392578125
11639886,54.01611328125
11645355,52.978515625
11645590,40.22216796875
11645648,57.43408203125
11646098,48.76708984375
11646649,65.61279296875
11646783,47.2412109375
11647420,47.607421875
11647455,40.10009765625
11647616,49.1943359375
11648195,45.34912109375
11653632,48.583984375
11653698,43.0908203125
11653830,56.2744140625
11653952,49.01123046875
11659480,55.60302734375
11659546,43.9453125
11659652,41.19873046875
11660217,50.1708984375
11660317,43.02978515625
11660861,54.931640625
11661108,50.10986328125
11661175,41.6259765625
11666753,48.583984375
11667071,50.72021484375
11667334,53.64990234375
11667407,45.0439453125
11667752,40.4052734375
11668043,41.8701171875
11668437,44.43359375
11668565,53.03955078125
11668873,45.59326171875
11675957,56.45751953125
11676400,52.67333984375
11677326,53.03955078125
11678026,52.3681640625
11678654,50.6591796875
11684179,53.89404296875
11684340,43.701171875
11684772,46.81396484375
11685590,57.4951171875
11685842,45.59326171875
11685854,47.79052734375
11686055,61.1572265625
11686331,48.583984375
11686460,49.25537109375
11692196,63.4765625
11692260,41.259765625
11692326,53.16162109375
11692577,56.09130859375
11692811,54.87060546875
11692836,45.71533203125
11693192,52.42919921875
11693242,43.45703125
11693523,50.048828125
11699847,47.36328125
11700089,40.8935546875
11700198,40.58837890625
11700542,48.76708984375
11701042,55.2978515625
11701133,50.9033203125
11707936,54.26025390625
11708000,50.9033203125
11708753,39.794921875
11709192,59.50927734375
11709252,40.0390625
11709573,58.16650390625
11709847,47.18017578125
11723111,58.41064453125
11723513,43.02978515625
11723958,42.724609375
11723993,57.2509765625
11724555,41.6259765625
11725110,54.13818359375
11732046,55.23681640625
11732309,44.12841796875
11732853,62.31689453125
11733022,47.8515625
11738736,49.6826171875
11739262,46.93603515625
11739982,49.49951171875
11740505,58.10546875
11747234,56.82373046875
11747332,46.20361328125
11747506,51.08642578125
11755933,52.30712890625
11756251,55.84716796875
11756308,50.78125
11764330,63.41552734375
11764410,46.2646484375
11764513,56.7626953125
11764797,55.7861328125
11769333,62.01171875
11769642,52.06298828125
11770403,57.67822265625
11770446,44.25048828125
11771158,49.98779296875
11771450,43.3349609375
11779451,51.513671875
11779510,41.56494140625
11790466,50.6591796875
11791355,55.419921875
11792010,47.9736328125
11792455,51.1474609375
11802062,58.9599609375
11802958,56.45751953125
11803021,57.9833984375
11813099,50.10986328125
11813524,43.15185546875
11814335,51.3916015625
11814787,51.3916015625
11823804,49.13330078125
11824749,48.52294921875
11824826,47.607421875
11825220,52.06298828125
11825600,53.64990234375
11836414,55.35888671875
11837289,62.5
11837347,42.3583984375
11850537,47.05810546875
11850988,41.9921875
11851748,59.75341796875
11862499,51.6357421875
11863403,54.5654296875
11865092,47.42431640625
11877983,51.26953125
11878347,57.55615234375
11890970,50.59814453125
11892035,53.466796875
11892065,59.08203125
11892541,48.33984375
11892624,52.42919921875
11893291,50.78125
11893796,52.30712890625
11910818,57.67822265625
11912203,48.583984375
11923413,51.6357421875
11923513,49.86572265625
11934313,52.001953125
11935157,43.9453125
11948031,39.0625
11948054,56.884765625
11949015,61.1572265625
11949578,53.52783203125
11957989,46.630859375
11958849,56.15234375
11959103,51.33056640625
11969104,68.42041015625
11969255,47.66845703125
11980207,50.35400390625
11993014,48.9501953125
11994650,50.59814453125
12013353,50.4150390625
12013447,40.58837890625
12013620,41.80908203125
12032883,41.1376953125
12052826,53.03955078125
12053113,44.98291015625
12073073,51.33056640625
12074939,61.03515625
12076261,52.67333984375
12101162,54.931640625
12101346,42.17529296875
12125523,58.10546875
12127358,53.7109375
12159217,57.861328125
12160349,52.42919921875
12165237,40.34423828125
12185106,67.56591796875
12191940,67.7490234375
12213580,51.94091796875
12213796,63.78173828125
12218838,55.48095703125
12253214,58.04443359375
12268593,63.4765625
12268792,62.3779296875
12271632,54.6875
12273458,56.396484375
12292437,48.03466796875
12294158,56.0302734375
12332696,61.34033203125
12332720,41.44287109375
12332836,49.31640625
12332893,41.3818359375
12368798,62.8662109375
12368808,46.0205078125
12368845,52.734375
12385908,59.814453125
12386663,46.2646484375
12389565,55.6640625
12440511,41.259765625
12440532,45.83740234375
12440554,44.98291015625
12471636,43.5791015625
12471706,78.06396484375
12471757,42.78564453125
12491072,53.16162109375
12491096,72.1435546875
12491125,49.9267578125
12491143,44.43359375
12539212,69.15283203125
12539261,42.1142578125
12555368,40.58837890625
12569663,45.0439453125
12570074,54.26025390625
12570154,57.2509765625
12602786,61.1572265625
12602828,58.28857421875
12602869,42.66357421875
12636151,51.1474609375
12636164,54.01611328125
12636207,43.39599609375
12675797,59.9365234375
12675810,46.7529296875
12701990,51.1474609375
12702024,66.650390625
12702102,43.64013671875
12734568,53.64990234375
12734894,42.6025390625
12735037,47.30224609375
12763884,41.3818359375
12763912,41.748046875
12763939,69.2138671875
12763972,51.3916015625
12763983,39.12353515625
12804707,42.8466796875
12804724,105.712890625
12804766,54.74853515625
12804823,40.771484375
12839982,39.9169921875
12840036,53.89404296875
12840058,47.18017578125
12840186,39.1845703125
12865229,41.015625
12865285,60.36376953125
12865314,43.45703125
12865332,53.40576171875
12903851,58.53271484375
12903865,49.86572265625
12903888,43.15185546875
12903964,40.52734375
12940663,41.07666015625
12940712,38.9404296875
12940726,72.998046875
12940789,39.00146484375
12956109,56.21337890625
12956152,42.8466796875
12956167,39.12353515625
12956184,54.6875
12956227,41.015625
12987098,62.8662109375
12987150,41.56494140625
13023878,53.8330078125
13023915,39.61181640625
13023928,40.58837890625
13024234,54.3212890625
13024285,71.533203125
13024332,42.90771484375
13047734,54.87060546875
13047859,41.259765625
13048148,52.3681640625
13048176,52.18505859375
13048685,41.80908203125
13048834,42.6025390625
13048994,56.09130859375
13084653,56.5185546875
13084677,56.15234375
13084724,39.73388671875
13117250,59.87548828125
13117482,44.73876953125
13117577,40.52734375
13148444,52.8564453125
13148484,56.884765625
13148514,48.095703125
13148536,49.4384765625
13174687,55.0537109375
13174885,40.46630859375
13175201,42.236328125
13175379,45.83740234375
13203359,69.3359375
13203404,62.01171875
13239189,51.1474609375
13239250,73.05908203125
13239262,38.9404296875
13239322,54.99267578125
13261879,54.19921875
13262149,50.35400390625
13262237,66.89453125
13262321,42.66357421875
13278346,64.75830078125
13278493,45.166015625
13278529,39.97802734375
13278649,54.8095703125
13278982,45.0439453125
13295620,51.45263671875
13295701,40.34423828125
13296389,43.5791015625
13296455,41.07666015625
13296488,53.89404296875
13296732,45.5322265625
13318945,43.51806640625
13319045,44.37255859375
13319241,51.6357421875
13319373,42.54150390625
13319569,49.31640625
13319631,40.6494140625
13337470,63.232421875
13337524,43.64013671875
13337559,48.4619140625
13355340,63.53759765625
13355396,47.05810546875
13355882,47.91259765625
13355966,55.35888671875
13356003,50.29296875
13356203,39.00146484375
13373142,60.24169921875
13373205,43.76220703125
13373396,51.26953125
13373793,43.212890625
13373817,62.01171875
13374189,44.73876953125
13384158,52.001953125
13384228,58.53271484375
13384250,42.236328125
13384302,42.1142578125
13384466,54.443359375
13410472,48.2177734375
13410597,42.66357421875
13410786,60.60791015625
13426049,55.908203125
13426110,44.61669921875
13426301,44.5556640625
13449918,43.212890625
13449952,50.048828125
13450055,73.91357421875
13478836,66.0400390625
13478932,48.2177734375
13503880,50.10986328125
13503952,61.09619140625
13503982,48.76708984375
13504037,49.13330078125
13528825,42.3583984375
13528904,51.025390625
13529065,45.7763671875
13553939,52.18505859375
13554153,47.2412109375
13554257,52.30712890625
13554403,42.41943359375
13575869,55.6640625
13575887,56.45751953125
13575902,41.6259765625
13575930,46.08154296875
13576050,41.50390625
13595660,76.7822265625
13595735,39.12353515625
13595757,55.48095703125
13620881,63.5986328125
13621000,46.44775390625
13621115,48.76708984375
13621223,56.2744140625
13634451,58.53271484375
13634530,53.40576171875
13634551,41.80908203125
13652169,50.72021484375
13652305,59.63134765625
13652501,54.13818359375
13652558,54.99267578125
13662918,52.3681640625
13663042,48.27880859375
13663434,52.30712890625
13663500,52.24609375
13663717,47.607421875
13670233,48.33984375
13670283,45.8984375
13670308,49.1943359375
13670380,50.96435546875
13670441,40.10009765625
13670744,56.396484375
13672909,49.8046875
13673219,44.37255859375
13673382,44.3115234375
13673586,46.142578125
13673777,39.85595703125
13674022,48.40087890625
13674232,39.9169921875
13675083,39.794921875
13675319,40.58837890625
13677420,43.88427734375
13677671,45.71533203125
13678073,44.5556640625
13678611,49.74365234375
13678841,41.56494140625
13679491,48.64501953125
13679691,40.83251953125
13679974,44.73876953125
13680218,43.45703125
13687596,56.396484375
13687702,59.26513671875
13687800,41.1376953125
13688006,53.955078125
13688328,52.24609375
13688598,47.9736328125
13688879,49.13330078125
13692979,67.32177734375
13693055,41.56494140625
13693232,51.025390625
13693308,50.4150390625
13693466,54.13818359375
13693678,42.41943359375
13693880,54.01611328125
13694180,44.37255859375
13695127,53.1005859375
13698975,53.89404296875
13699103,44.43359375
13699248,52.001953125
13699259,39.6728515625
13699507,40.4052734375
13699747,45.59326171875
13700099,53.1005859375
13700284,60.1806640625
13705577,54.8095703125
13705642,42.96875
13705830,49.1943359375
13705994,57.4951171875
13706832,54.8095703125
13707333,44.73876953125
13711379,57.43408203125
13711469,44.921875
13711524,45.0439453125
13711612,55.96923828125
13711920,55.84716796875
13712360,41.80908203125
13712794,50.59814453125
13713981,57.2509765625
13718508,43.3349609375
13718704,43.15185546875
13719060,53.28369140625
13719225,46.81396484375
13719647,47.4853515625
13724601,57.18994140625
13724837,57.18994140625
13725220,59.02099609375
13725515,47.05810546875
13726009,51.33056640625
13726339,41.259765625
13731264,47.42431640625
13731561,44.98291015625
13731775,47.7294921875
13731806,48.15673828125
13731998,56.45751953125
13732180,52.734375
13732448,51.6357421875
13737236,57.31201171875
13737464,51.33056640625
13737612,41.80908203125
13737813,48.88916015625
13738004,49.74365234375
13738287,41.68701171875
13738853,54.38232421875
13739605,42.48046875
13740058,54.26025390625
13744160,57.92236328125
13744338,40.0390625
13744495,55.2978515625
13744757,40.46630859375
13745105,44.7998046875
13745266,41.32080078125
13745976,52.734375
13751026,56.396484375
13751295,40.52734375
13751472,45.95947265625
13751636,53.466796875
13751877,54.5654296875
13751950,41.80908203125
13752618,53.16162109375
13752886,49.74365234375
13753048,53.1005859375
13753192,42.3583984375
13753320,45.83740234375
13753988,54.0771484375
13755402,55.0537109375
13756764,57.80029296875
13760849,52.001953125
13761019,41.32080078125
13761216,56.640625
13761444,46.38671875
13761777,50.23193359375
13762011,54.0771484375
13762348,49.25537109375
13762803,44.00634765625
13766278,52.79541015625
13766408,39.97802734375
13766636,57.9833984375
13766944,51.08642578125
13767715,43.212890625
13770406,56.70166015625
13770679,44.25048828125
13770925,52.06298828125
13771211,50.23193359375
13771662,56.45751953125
13773732,46.38671875
13777440,50.84228515625
13777520,40.46630859375
13777740,50.59814453125
13777854,54.01611328125
13777984,44.61669921875
13778214,55.48095703125
13778273,39.306640625
13778928,54.0771484375
13779214,45.83740234375
13779557,48.76708984375
13783322,56.884765625
13783419,39.9169921875
13783729,48.27880859375
13783881,47.2412109375
13784028,56.396484375
13784344,44.189453125
13784954,53.28369140625
13785435,50.59814453125
13789722,47.9736328125
13789803,41.015625
13789976,53.955078125
13790279,48.15673828125
13790362,51.3916015625
13790528,45.47119140625
13794595,46.44775390625
13794660,42.05322265625
13794785,43.45703125
13794983,54.38232421875
13795049,47.36328125
13795274,50.537109375
13795368,42.41943359375
13795500,45.0439453125
13795701,52.79541015625
13795889,52.1240234375
13796154,39.55078125
13800420,51.08642578125
13800686,53.955078125
13800812,50.35400390625
13800948,46.20361328125
13801066,42.17529296875
13801238,46.69189453125
13801809,49.072265625
13802114,42.724609375
13807049,43.39599609375
13807278,44.189453125
13807471,56.57958984375
13807690,49.98779296875
13807751,42.96875
13807964,59.5703125
13813495,48.27880859375
13813711,51.20849609375
13813996,50.10986328125
13814245,42.6025390625
13814283,43.0908203125
13814490,43.15185546875
13814591,40.58837890625
13814763,53.5888671875
13815005,40.83251953125
13820771,53.28369140625
13820951,54.6875
13821061,42.78564453125
13821174,45.71533203125
13821323,46.38671875
13821805,49.31640625
13821857,39.4287109375
13821994,45.7763671875
13822537,41.93115234375
13826960,42.96875
13827205,41.50390625
13827421,56.640625
13827659,53.77197265625
13827712,49.6826171875
13827897,63.17138671875
13828009,42.236328125
13833195,59.6923828125
13833417,56.57958984375
13833639,54.3212890625
13833691,41.015625
13833874,44.921875
13833945,39.12353515625
13834105,44.00634765625
13835083,39.85595703125
13835525,43.88427734375
13843047,53.3447265625
13843108,41.6259765625
13843201,45.10498046875
13843302,51.33056640625
13843516,45.34912109375
13843567,50.47607421875
13844218,54.19921875
13844290,39.0625
13844703,43.39599609375
13844977,43.9453125
13849058,55.6640625
13849212,54.443359375
13849360,39.24560546875
13849468,51.513671875
13849676,44.189453125
13849740,44.12841796875
13849968,49.74365234375
13856218,54.01611328125
13856293,44.00634765625
13856429,48.40087890625
13856478,52.06298828125
13856564,44.0673828125
13856747,50.35400390625
13857386,48.03466796875
13857484,41.68701171875
13857647,52.06298828125
13863936,43.45703125
13864044,46.56982421875
13864066,40.52734375
13864296,39.36767578125
13864461,53.77197265625
13864717,55.72509765625
13871130,60.1806640625
13871188,46.5087890625
13871418,41.8701171875
13872204,52.978515625
13872321,49.37744140625
13872437,52.24609375
13879321,57.2509765625
13879448,50.78125
13879665,53.3447265625
13879709,42.66357421875
13879946,47.36328125
13880023,46.32568359375
13880396,41.56494140625
13888466,61.8896484375
13888595,61.34033203125
13888817,56.0302734375
13888849,44.37255859375
13889001,48.64501953125
13889272,55.23681640625
13889366,39.1845703125
13889717,49.49951171875
13889795,45.2880859375
13896357,53.28369140625
13896459,38.9404296875
13896649,44.7998046875
13896664,43.8232421875
13897156,50.4150390625
13897187,55.419921875
13897407,51.20849609375
13897983,43.8232421875
13904092,45.83740234375
13904147,39.12353515625
13904306,46.7529296875
13904387,39.6728515625
13904523,47.42431640625
13904765,46.9970703125
13904902,40.71044921875
13905297,45.83740234375
13905436,48.828125
13905814,42.54150390625
13911614,42.29736328125
13911673,41.8701171875
13911783,48.03466796875
13912110,44.25048828125
13912314,57.43408203125
13912998,39.24560546875
13919783,52.06298828125
13919884,44.0673828125
13919927,39.306640625
13920122,47.119140625
13920629,41.8701171875
13921279,43.45703125
13928264,57.80029296875
13928346,46.20361328125
13928498,57.18994140625
13928699,54.99267578125
13929285,43.701171875
13929676,62.43896484375
13936867,59.6923828125
13937125,55.11474609375
13937227,55.48095703125
13937464,54.8095703125
13937794,39.55078125
13937997,41.748046875
13946612,53.03955078125
13946832,45.166015625
13946865,48.27880859375
13947686,40.283203125
13956182,48.03466796875
13956261,50.29296875
13956514,45.59326171875
13956610,44.37255859375
13965628,51.81884765625
13965902,49.8046875
13966017,39.1845703125
13966164,41.07666015625
13966500,45.71533203125
13966843,47.66845703125
13975917,54.01611328125
13976107,50.84228515625
13976350,54.443359375
13976613,48.03466796875
13977832,40.283203125
13985214,47.119140625
13985410,62.6220703125
13985654,56.0302734375
13985935,51.69677734375
13994476,53.466796875
13995802,39.0625
13997270,46.2646484375
14006870,54.6875
14007211,51.81884765625
14007628,43.15185546875
14017091,57.373046875
14017446,57.9833984375
14017539,47.4853515625
14028299,59.63134765625
14028563,54.62646484375
14029141,40.52734375
14029367,47.79052734375
14030395,39.85595703125
14038381,54.0771484375
14049768,59.4482421875
14050339,40.83251953125
14051398,42.17529296875
14063400,47.607421875
14067770,43.15185546875
14083261,45.95947265625
14093610,45.41015625
14106131,51.33056640625
14133814,48.27880859375
14146531,64.02587890625
14160974,53.7109375
14161062,63.1103515625
14175977,42.66357421875
14191357,50.4150390625
14227880,50.23193359375
14228272,49.31640625
14244845,53.466796875
14245011,54.50439453125
14247351,49.86572265625
14261975,49.49951171875
14262263,55.23681640625
14263774,50.23193359375
14292112,60.6689453125
14305655,54.13818359375
14314926,45.7763671875
14316504,55.5419921875
14333070,52.6123046875
14352124,47.79052734375
