14355000,0
9647,37.353515625
10734,52.42919921875
40140,35.33935546875
63942,32.28759765625
86398,35.33935546875
86643,35.400390625
113435,33.26416015625
131110,46.44775390625
167743,49.072265625
187550,37.109375
187780,32.77587890625
206587,33.75244140625
232331,50.6591796875
246054,35.94970703125
246356,31.79931640625
256091,44.5556640625
259851,34.36279296875
260888,32.5927734375
271299,32.3486328125
278049,39.1845703125
316140,34.0576171875
374144,38.63525390625
381415,33.8134765625
381432,32.04345703125
418074,32.71484375
428343,33.63037109375
439387,34.48486328125
440606,40.52734375
469100,33.3251953125
470185,43.9453125
480772,35.82763671875
499851,39.1845703125
505897,38.75732421875
528603,35.15625
530749,32.89794921875
531157,33.87451171875
531365,31.8603515625
539939,35.46142578125
548397,39.85595703125
556961,43.3349609375
557117,35.0341796875
558082,34.423828125
566788,32.2265625
576977,34.423828125
579087,37.17041015625
588112,36.376953125
598675,36.68212890625
600133,51.81884765625
609680,33.50830078125
609715,31.92138671875
609944,36.9873046875
620802,42.05322265625
630202,37.353515625
634988,34.60693359375
635337,31.8603515625
646357,36.2548828125
670962,46.32568359375
672702,34.0576171875
687237,44.86083984375
687278,36.07177734375
700991,31.79931640625
735172,34.24072265625
777522,31.982421875
847278,33.87451171875
875841,40.71044921875
876178,43.02978515625
902549,34.48486328125
937705,42.6025390625
937922,33.02001953125
938024,35.46142578125
938444,36.43798828125
952447,32.470703125
976603,33.447265625
1004919,32.16552734375
1005106,40.4052734375
1036153,32.16552734375
1036458,34.423828125
1050251,38.330078125
1097090,35.58349609375
1117560,33.447265625
1210437,32.1044921875
1219506,31.982421875
1269777,35.15625
1270654,33.3251953125
1270974,35.46142578125
1305936,33.935546875
1310578,34.60693359375
1326355,45.34912109375
1340933,34.36279296875
1341081,32.5927734375
1368175,55.7861328125
1370295,38.57421875
1371080,32.958984375
1372611,35.58349609375
1377026,34.7900390625
1409285,32.89794921875
1410256,32.5927734375
1435052,36.7431640625
1436567,37.65869140625
1436723,36.07177734375
1436987,38.26904296875
1437149,33.447265625
1437447,40.8935546875
1437668,33.99658203125
1439369,44.49462890625
1453142,34.72900390625
1456279,33.99658203125
1456520,34.1796875
1478513,37.78076171875
1479504,34.48486328125
1480757,40.1611328125
1500112,53.89404296875
1500616,36.19384765625
1501257,34.60693359375
1501912,33.3251953125
1504704,34.912109375
1505090,36.9873046875
1509306,36.19384765625
1524369,32.04345703125
1526303,53.89404296875
1527493,32.53173828125
1527676,32.3486328125
1528163,35.94970703125
1561495,47.91259765625
1565295,32.65380859375
1582808,35.46142578125
1585841,31.79931640625
1600581,31.8603515625
1600858,35.5224609375
1600995,31.982421875
1601180,55.7861328125
1608398,32.2265625
1629386,35.5224609375
1629605,37.7197265625
1629770,41.9921875
1630362,43.701171875
1641539,44.25048828125
1677275,34.0576171875
1700223,37.109375
1700590,40.283203125
1726710,37.4755859375
1774807,33.99658203125
1774915,33.63037109375
1775088,33.50830078125
1775209,32.5927734375
1817047,32.8369140625
1817096,36.43798828125
1821539,32.04345703125
1847981,39.1845703125
1848205,33.8134765625
1872838,38.9404296875
1907416,32.16552734375
1927922,35.46142578125
1929105,34.11865234375
1947124,32.8369140625
1947182,39.48974609375
1947290,34.60693359375
1977205,32.28759765625
1998669,33.02001953125
1999765,33.75244140625
2037064,35.888671875
2037115,31.982421875
2037203,42.48046875
2037454,32.1044921875
2037533,34.3017578125
2080783,33.87451171875
2081001,32.5927734375
2091790,37.90283203125
2122681,43.0908203125
2122725,37.353515625
2122746,34.48486328125
2140612,38.39111328125
2140683,36.1328125
2140701,37.78076171875
2141229,33.75244140625
2172449,32.53173828125
2216644,33.63037109375
2216791,38.818359375
2267004,42.17529296875
2273622,35.5224609375
2273632,37.53662109375
2273731,32.04345703125
2273914,32.470703125
2303123,32.65380859375
2327345,31.79931640625
2341401,34.1796875
2388732,34.85107421875
2488185,32.28759765625
2505950,35.5224609375
2547302,42.96875
2586283,49.072265625
2625911,32.8369140625
2625964,35.09521484375
2626017,52.490234375
2682877,32.470703125
2695323,43.5791015625
2696847,34.48486328125
2776849,34.72900390625
2816633,33.447265625
2845531,46.142578125
2847838,40.6494140625
2847910,33.8134765625
2852208,32.2265625
2866565,34.5458984375
2866996,34.36279296875
2869402,36.4990234375
2887075,47.30224609375
2901799,33.14208984375
2902010,35.46142578125
2904041,38.51318359375
2914549,37.04833984375
2928713,43.51806640625
2943727,43.02978515625
2944206,32.53173828125
2950521,39.306640625
2980858,32.40966796875
2980877,33.69140625
2987349,36.865234375
2987374,32.958984375
2992600,31.92138671875
2996485,32.53173828125
3001944,44.37255859375
3003568,38.57421875
3009634,42.05322265625
3014476,32.958984375
3014494,32.5927734375
3019314,36.0107421875
3032684,37.65869140625
3034730,34.24072265625
3041923,32.8369140625
3051446,36.1328125
3057928,40.34423828125
3058590,33.02001953125
3065837,35.5224609375
3066328,37.90283203125
3071323,36.9873046875
3080122,33.50830078125
3080364,41.68701171875
3080429,34.1796875
3081201,36.865234375
3081424,38.26904296875
3087898,33.447265625
3087988,32.470703125
3088417,31.79931640625
3088978,33.8134765625
3089123,32.04345703125
3095781,32.1044921875
3102929,32.958984375
3102965,35.09521484375
3105954,34.11865234375
3112872,33.02001953125
3119845,36.0107421875
3129381,33.3251953125
3138249,34.85107421875
3138689,31.92138671875
3147154,40.283203125
3147244,32.77587890625
3148575,32.40966796875
3156593,32.28759765625
3157053,33.14208984375
3165933,39.0625
3167087,38.2080078125
3175467,39.794921875
3175553,31.92138671875
3186473,31.79931640625
3186728,32.71484375
3187177,32.470703125
3198555,44.73876953125
3198976,38.14697265625
3210047,33.38623046875
3211684,33.63037109375
3233613,32.16552734375
3233646,35.7666015625
3233983,34.5458984375
3234551,32.40966796875
3251450,32.53173828125
3254417,32.28759765625
3266688,33.75244140625
3266750,35.7666015625
3267481,32.5927734375
3268266,33.50830078125
3288627,32.65380859375
3288852,38.02490234375
3289449,44.12841796875
3341020,34.11865234375
3391863,32.04345703125
3392104,34.85107421875
3392316,32.71484375
3450929,41.259765625
3474384,32.65380859375
3489126,45.34912109375
3512856,41.6259765625
3547850,51.94091796875
3562612,35.400390625
3592874,32.1044921875
3592888,39.4287109375
3593287,32.2265625
3638528,37.29248046875
3679900,49.01123046875
3713875,32.958984375
4016287,32.53173828125
4018235,38.4521484375
4018257,38.2080078125
4023762,42.1142578125
4059356,36.0107421875
4076177,34.3017578125
4078541,33.87451171875
4090052,42.05322265625
4118008,37.41455078125
4118047,45.654296875
4118109,37.109375
4118179,32.04345703125
4133390,35.64453125
4138275,35.7666015625
4155391,35.5224609375
4163634,32.16552734375
4165306,38.4521484375
4181769,32.470703125
4182236,38.02490234375
4220336,34.24072265625
4227470,41.748046875
4227641,35.70556640625
4249126,34.1796875
4249205,31.982421875
4249252,49.01123046875
4249766,32.77587890625
4261716,35.58349609375
4279765,35.64453125
4281009,34.912109375
4289487,32.53173828125
4312960,39.306640625
4343152,43.8232421875
4343602,33.14208984375
4379854,41.32080078125
4410152,34.36279296875
4425911,35.21728515625
4432153,34.85107421875
4443500,34.3017578125
4443832,38.02490234375
4458074,36.865234375
4469454,32.470703125
4489396,39.306640625
4510839,39.73388671875
4525188,32.1044921875
4675348,32.28759765625
4718070,35.2783203125
4718122,37.90283203125
4718685,36.31591796875
4750108,33.02001953125
4830360,35.09521484375
4841935,32.8369140625
4849241,42.236328125
4859974,34.7900390625
4871930,41.8701171875
4871946,36.80419921875
4871972,35.58349609375
4872006,43.76220703125
4872019,40.4052734375
4872076,36.865234375
4918936,33.203125
4944048,34.912109375
4961435,32.40966796875
4961527,37.59765625
4962540,34.85107421875
4971783,38.02490234375
4972628,35.70556640625
4984722,34.85107421875
4985412,33.203125
4993186,32.28759765625
5015490,33.50830078125
5015702,34.0576171875
5027443,46.08154296875
5027454,40.95458984375
5027532,36.43798828125
5053188,47.30224609375
5078606,35.5224609375
5083442,36.0107421875
5083522,35.64453125
5083563,35.5224609375
5083626,39.306640625
5083741,43.02978515625
5084525,32.16552734375
5109605,31.8603515625
5109692,40.4052734375
5109753,35.5224609375
5109977,38.75732421875
5110522,33.87451171875
5128348,37.59765625
5129009,33.87451171875
5129499,31.79931640625
5147890,32.04345703125
5163474,33.75244140625
5177637,41.748046875
5177684,32.71484375
5198596,36.19384765625
5209096,38.63525390625
5209166,32.04345703125
5209909,34.60693359375
5209930,40.71044921875
5245239,56.70166015625
5247153,31.982421875
5247447,40.4052734375
5247491,33.5693359375
5251196,33.14208984375
5251956,32.3486328125
5273465,38.51318359375
5274417,46.875
5292489,37.2314453125
5292805,34.5458984375
5293211,32.77587890625
5296050,36.0107421875
5312090,38.87939453125
5312147,33.63037109375
5312423,32.04345703125
5312789,31.92138671875
5314388,48.03466796875
5338611,39.794921875
5339073,43.701171875
5339516,32.65380859375
5353471,32.16552734375
5363626,32.28759765625
5427046,37.78076171875
5439982,38.02490234375
5440007,32.470703125
5452055,36.92626953125
5453283,33.87451171875
5464423,35.94970703125
5471402,34.60693359375
5483951,39.0625
5492568,39.85595703125
5494552,33.5693359375
5494589,33.75244140625
5501959,33.935546875
5503517,34.72900390625
5511880,32.71484375
5520497,53.7109375
5521366,32.28759765625
5531153,36.4990234375
5533335,51.57470703125
5541581,39.0625
5559835,39.55078125
5586975,37.29248046875
5587000,40.10009765625
5588338,36.19384765625
5588366,40.8935546875
5599463,45.7763671875
5601216,48.88916015625
5601589,33.447265625
5613213,46.7529296875
5613787,36.0107421875
5625066,41.748046875
5651614,33.02001953125
5664069,32.89794921875
5692980,35.5224609375
5693812,36.62109375
5770876,32.1044921875
5793633,32.2265625
5793777,32.28759765625
5820973,34.60693359375
5821061,33.63037109375
5821097,51.33056640625
5821153,35.33935546875
5845031,32.40966796875
5845478,36.43798828125
5863193,32.3486328125
5863642,33.3251953125
5912140,40.4052734375
5912150,34.423828125
5912184,49.072265625
5912226,34.912109375
5912236,34.36279296875
5961547,33.14208984375
5984536,31.92138671875
6001143,33.203125
6001951,39.97802734375
6002002,33.26416015625
6039340,36.1328125
6062964,43.76220703125
6062994,56.5185546875
6063169,32.470703125
6087533,37.53662109375
6087596,43.5791015625
6121495,33.87451171875
6121565,35.33935546875
6121684,35.888671875
6172738,37.2314453125
6172822,34.11865234375
6172835,37.53662109375
6172884,33.69140625
6222276,36.1328125
6279532,32.3486328125
6279550,42.1142578125
6279582,32.28759765625
6279629,33.38623046875
6280133,32.65380859375
6315563,31.79931640625
6326258,36.4990234375
6395514,39.55078125
6408451,33.63037109375
6408855,40.71044921875
6408891,34.3017578125
6411760,34.7900390625
6515851,32.470703125
6560296,32.04345703125
6567947,34.97314453125
6567958,35.400390625
6585010,41.9921875
6585037,40.1611328125
6585071,37.109375
6608705,33.14208984375
6616188,34.85107421875
6616511,32.77587890625
6631528,34.97314453125
6632440,33.38623046875
6646938,35.15625
6646964,32.89794921875
6649842,33.75244140625
6680795,33.5693359375
6680992,35.15625
6683764,35.94970703125
6708215,36.2548828125
6723448,38.39111328125
6724426,33.99658203125
6739666,31.79931640625
6739933,32.2265625
6751864,38.51318359375
6752852,33.87451171875
6753060,33.50830078125
6768017,34.60693359375
6768145,35.21728515625
6768838,41.80908203125
6769104,33.14208984375
6796263,34.60693359375
6796379,52.79541015625
6814052,36.4990234375
6814518,34.66796875
6815042,36.2548828125
6817474,49.01123046875
6824491,31.92138671875
6840733,50.78125
6841203,33.14208984375
6841493,40.0390625
6843464,32.65380859375
6845772,34.36279296875
6846447,33.38623046875
6852611,33.5693359375
6855800,37.29248046875
6868519,39.73388671875
6874746,37.90283203125
6882426,32.04345703125
6882578,32.28759765625
6890473,39.0625
6897195,31.79931640625
6900201,36.56005859375
6914114,33.5693359375
6914166,42.41943359375
6920178,37.59765625
6920427,32.04345703125
6921565,36.7431640625
6928175,35.64453125
6930355,32.3486328125
6938462,32.04345703125
6948647,33.447265625
6948856,46.81396484375
6954833,35.82763671875
6955063,32.16552734375
6955099,35.70556640625
6961394,36.865234375
6961523,36.68212890625
6963106,32.16552734375
6963705,36.07177734375
6964041,34.97314453125
6971543,37.53662109375
6971849,33.87451171875
6974587,35.888671875
6975057,33.02001953125
6981143,32.40966796875
6982236,34.24072265625
6988515,32.8369140625
6988729,34.72900390625
6989459,33.26416015625
6992180,34.48486328125
6997050,35.888671875
7002310,34.66796875
7003506,36.56005859375
7010016,32.71484375
7010247,32.77587890625
7012020,31.8603515625
7016986,32.1044921875
7017979,38.63525390625
7024294,31.8603515625
7024570,37.29248046875
7025186,33.63037109375
7041122,37.04833984375
7042371,34.66796875
7048563,34.7900390625
7049557,36.865234375
7055089,34.423828125
7055593,36.68212890625
7062253,41.80908203125
7062407,32.89794921875
7067344,43.0908203125
7067573,32.65380859375
7067961,33.8134765625
7068524,34.0576171875
7087871,32.3486328125
7088379,40.46630859375
7089562,35.400390625
7097159,32.04345703125
7103103,32.04345703125
7103259,34.97314453125
7105008,32.8369140625
7119352,36.865234375
7126352,41.93115234375
7137415,37.9638671875
7146097,32.8369140625
7156233,33.69140625
7156878,34.36279296875
7156942,41.93115234375
7166864,33.87451171875
7167150,42.66357421875
7168352,37.841796875
7169082,33.26416015625
7178613,36.68212890625
7190687,34.5458984375
7191769,43.76220703125
7205421,37.41455078125
7219420,31.982421875
7219820,33.203125
7220401,33.935546875
7230863,34.423828125
7231631,37.9638671875
7231662,33.3251953125
7262777,33.447265625
7263890,35.888671875
7280980,43.51806640625
7297553,43.45703125
7299279,35.64453125
7299844,39.00146484375
7301184,35.21728515625
7317749,34.423828125
7318021,35.70556640625
7334107,36.2548828125
7369458,37.59765625
7369474,32.1044921875
7386603,37.29248046875
7386938,33.87451171875
7400152,38.9404296875
7414335,34.11865234375
7436154,34.0576171875
7437120,39.12353515625
7461399,37.353515625
7461841,40.71044921875
7487653,37.65869140625
7506764,41.07666015625
7524118,33.0810546875
7524340,33.447265625
7524373,31.8603515625
7524687,35.5224609375
7525240,32.5927734375
7525572,33.50830078125
7525886,34.3017578125
7525931,37.2314453125
7559842,50.96435546875
7559886,31.8603515625
7586210,32.2265625
7586235,35.82763671875
7586491,32.04345703125
7589318,43.0908203125
7589750,35.21728515625
7590154,32.71484375
7630567,37.9638671875
7630587,33.14208984375
7630607,32.5927734375
7662643,36.07177734375
7663343,41.80908203125
7665081,37.04833984375
7666507,38.14697265625
7667173,33.5693359375
7668698,40.52734375
7686976,37.59765625
7687691,62.31689453125
7687870,34.11865234375
7688202,39.4287109375
7727384,32.470703125
7728373,34.60693359375
7755038,35.58349609375
7757218,36.19384765625
7757722,33.69140625
7758200,34.72900390625
7815659,33.3251953125
7832788,38.63525390625
7834214,41.8701171875
7837012,35.46142578125
7871800,51.81884765625
7871843,36.2548828125
7871865,32.2265625
7872127,34.97314453125
7872670,35.09521484375
7915946,35.09521484375
7916024,37.7197265625
7916981,32.40966796875
7932584,33.5693359375
7935181,34.60693359375
7959333,47.79052734375
7986296,34.1796875
7986334,34.5458984375
7986362,35.33935546875
7986420,33.935546875
7987698,35.888671875
8019513,33.447265625
8019559,45.8984375
8019570,39.4287109375
8055235,36.19384765625
8055260,33.203125
8055296,36.62109375
8097625,32.3486328125
8097706,45.2880859375
8097812,35.09521484375
8097895,34.24072265625
8098795,33.447265625
8116779,33.99658203125
8116884,47.79052734375
8145332,37.353515625
8145364,32.16552734375
8145428,32.04345703125
8145563,38.63525390625
8146582,34.0576171875
8166208,33.26416015625
8166402,34.0576171875
8166461,38.818359375
8179570,31.982421875
8211382,54.87060546875
8242665,39.85595703125
8242703,32.28759765625
8242775,40.771484375
8264650,35.7666015625
8264822,34.72900390625
8264910,36.7431640625
8265035,32.28759765625
8298459,33.5693359375
8298499,33.0810546875
8298545,41.80908203125
8298604,42.724609375
8298614,38.0859375
8326196,34.5458984375
8326232,36.31591796875
8326290,34.24072265625
8326325,33.50830078125
8360719,34.1796875
8360770,42.90771484375
8384302,35.33935546875
8384367,33.38623046875
8384415,33.26416015625
8384570,38.2080078125
8416421,34.72900390625
8416488,46.69189453125
8416587,39.0625
8416841,31.79931640625
8450235,35.58349609375
8450393,34.423828125
8450516,32.71484375
8470993,32.71484375
8500966,35.7666015625
8501087,40.95458984375
8501371,32.2265625
8574889,44.43359375
8574935,42.8466796875
8575616,39.0625
8605361,39.0625
8654645,34.7900390625
8714931,32.40966796875
8793037,39.306640625
8892321,43.27392578125
9006093,32.40966796875
9006392,35.888671875
9038551,61.82861328125
9116045,31.79931640625
9194798,43.5791015625
9195025,33.02001953125
9195049,32.2265625
9195229,34.60693359375
9215878,40.22216796875
9229641,40.34423828125
9235320,37.17041015625
9241682,34.5458984375
9247718,31.79931640625
9247764,32.5927734375
9248772,32.71484375
9249288,33.5693359375
9249629,36.62109375
9258003,36.80419921875
9274757,35.400390625
9275560,36.4990234375
9275750,32.2265625
9276321,33.75244140625
9283247,35.0341796875
9284631,45.5322265625
9296572,34.7900390625
9304696,32.16552734375
9306751,32.5927734375
9313233,32.53173828125
9313734,34.3017578125
9314952,32.40966796875
9321658,36.56005859375
9333818,32.3486328125
9334882,35.64453125
9348127,39.97802734375
9348548,31.92138671875
9348772,33.26416015625
9349369,35.5224609375
9349619,39.97802734375
9354597,32.5927734375
9354919,34.66796875
9355479,32.65380859375
9356119,33.26416015625
9361772,32.28759765625
9373732,32.71484375
9373860,36.19384765625
9373874,33.0810546875
9374068,35.21728515625
9375210,34.36279296875
9381483,38.02490234375
9388682,36.62109375
9389172,31.8603515625
9389409,33.87451171875
9395883,34.0576171875
9403314,32.3486328125
9405651,32.04345703125
9410964,32.71484375
9413783,32.3486328125
9420556,32.53173828125
9426902,36.2548828125
9428040,32.8369140625
9435031,31.92138671875
9435221,32.28759765625
9435792,39.97802734375
9443529,32.77587890625
9460178,32.40966796875
9460714,37.90283203125
9477722,32.8369140625
9484806,35.21728515625
9486761,35.82763671875
9493791,32.53173828125
9494312,32.2265625
9502509,32.16552734375
9509955,36.19384765625
9519112,44.189453125
9528382,34.3017578125
9537086,39.24560546875
9537300,36.92626953125
9538732,32.16552734375
9545931,33.14208984375
9546435,36.68212890625
9557190,31.92138671875
9567408,32.8369140625
9567512,35.94970703125
9580149,32.53173828125
9580187,32.8369140625
9580370,38.0859375
9580453,34.5458984375
9581479,35.09521484375
9582015,31.8603515625
9594073,33.87451171875
9595280,32.65380859375
9607370,34.97314453125
9628492,44.98291015625
9629819,33.38623046875
9630263,37.04833984375
9640944,32.65380859375
9641112,35.5224609375
9653059,34.48486328125
9664618,32.16552734375
9665689,33.75244140625
9706532,31.8603515625
9749832,35.46142578125
9751769,32.04345703125
9770740,33.447265625
9770916,31.79931640625
9784418,33.8134765625
9784703,32.71484375
9826954,36.9873046875
9827532,34.48486328125
9827929,32.53173828125
9844257,40.46630859375
9844506,33.447265625
9861908,34.66796875
9862120,38.02490234375
9883807,32.04345703125
9921633,36.07177734375
9945826,35.400390625
9945979,35.82763671875
9970301,35.58349609375
9970515,32.40966796875
9970949,39.24560546875
9993880,36.0107421875
10018331,31.79931640625
10018366,60.05859375
10018382,45.10498046875
10055137,33.26416015625
10102098,32.40966796875
10102126,39.0625
10102138,59.326171875
10102171,34.0576171875
10129599,32.89794921875
10129657,38.02490234375
10129813,34.7900390625
10156056,37.29248046875
10186237,42.8466796875
10186399,37.29248046875
10186920,33.3251953125
10223765,33.447265625
10223807,38.51318359375
10223844,39.0625
10269256,56.884765625
10269473,32.28759765625
10269652,32.28759765625
10304516,41.44287109375
10304585,32.8369140625
10304597,39.36767578125
10304641,32.470703125
10304664,31.8603515625
10338769,36.19384765625
10339103,51.1474609375
10375700,36.43798828125
10376577,33.02001953125
10421236,33.63037109375
10421275,31.79931640625
10421324,37.59765625
10421382,36.19384765625
10482304,32.3486328125
10482448,33.935546875
10518419,40.83251953125
10518446,43.3349609375
10546752,39.1845703125
10547320,32.65380859375
10583543,36.7431640625
10583575,45.166015625
10583620,35.33935546875
10648575,37.59765625
10649082,32.8369140625
10679391,36.07177734375
10679502,37.78076171875
10679522,41.50390625
10714808,39.0625
10714840,39.00146484375
10715295,37.7197265625
10736726,32.470703125
10763959,41.93115234375
10764001,31.79931640625
10764085,44.61669921875
10764190,33.3251953125
10795705,31.79931640625
10795724,45.5322265625
10795789,47.66845703125
10795832,33.26416015625
10850246,38.330078125
10851206,31.79931640625
10851776,32.1044921875
10873641,42.8466796875
10915666,45.47119140625
10915705,36.1328125
10915767,44.25048828125
10915806,32.3486328125
10942472,31.8603515625
10942500,32.16552734375
10942587,41.6259765625
10942941,34.912109375
10965430,39.73388671875
10994990,43.701171875
10995957,39.85595703125
10996021,34.60693359375
11021779,45.8984375
11053710,33.38623046875
11077448,37.2314453125
11123961,33.87451171875
11150080,33.203125
11194424,47.42431640625
11216395,38.4521484375
11264806,34.11865234375
11264884,33.69140625
11307864,34.3017578125
11355394,33.5693359375
11425276,32.5927734375
11447432,34.5458984375
11469774,32.3486328125
11469792,32.89794921875
11477585,32.77587890625
11499896,36.376953125
11511133,34.60693359375
11511302,34.48486328125
11516703,35.09521484375
11522062,40.0390625
11528580,36.1328125
11534981,40.52734375
11549909,34.3017578125
11550966,42.29736328125
11555180,33.447265625
11560838,36.43798828125
11567196,35.70556640625
11575674,33.87451171875
11580616,37.59765625
11582161,33.69140625
11582476,32.2265625
11582779,35.0341796875
11584842,33.02001953125
11590249,37.841796875
11590626,34.85107421875
11592693,32.40966796875
11597776,35.0341796875
11598638,38.26904296875
11604522,33.02001953125
11605222,33.87451171875
11610283,32.3486328125
11610625,32.71484375
11611346,35.33935546875
11623673,34.97314453125
11624780,32.65380859375
11633397,32.77587890625
11634011,34.60693359375
11634344,32.71484375
11638887,54.0771484375
11639044,44.5556640625
11645347,33.75244140625
11645367,32.3486328125
11646647,40.0390625
11647571,31.92138671875
11653919,31.79931640625
11659501,35.64453125
11661152,37.109375
11666753,32.77587890625
11667639,32.65380859375
11668148,33.02001953125
11676061,33.0810546875
11677244,37.65869140625
11684140,33.203125
11685756,33.63037109375
11686651,32.958984375
11692200,34.66796875
11693182,33.3251953125
11701056,32.71484375
11708713,36.376953125
11709270,33.99658203125
11709859,32.89794921875
11723152,35.82763671875
11723473,34.24072265625
11732072,32.1044921875
11732853,32.04345703125
11738706,34.912109375
11739196,35.888671875
11739988,34.7900390625
11747250,34.423828125
11755871,34.1796875
11764313,41.3818359375
11769301,38.2080078125
11770071,31.92138671875
11770371,32.65380859375
11779443,34.66796875
11790215,34.1796875
11792439,37.29248046875
11813488,36.56005859375
11814336,33.63037109375
11815086,31.8603515625
11823819,43.5791015625
11825246,33.38623046875
11825570,32.2265625
11836735,36.0107421875
11837269,37.353515625
11850532,32.958984375
11850911,36.376953125
11862513,39.6728515625
11862544,34.97314453125
11863380,35.94970703125
11865085,38.57421875
11890577,33.26416015625
11892040,36.1328125
11912188,35.64453125
11923704,32.958984375
11956998,32.04345703125
11969124,36.0107421875
11993168,32.71484375
11993899,49.62158203125
11994674,39.4287109375
12013219,34.5458984375
12013646,35.09521484375
12032370,33.75244140625
12052380,34.24072265625
12052574,41.259765625
12053170,34.97314453125
12071138,38.63525390625
12073041,32.89794921875
12074977,35.7666015625
12101005,34.36279296875
12101278,38.818359375
12128943,35.400390625
12159580,39.24560546875
12159992,33.38623046875
12160979,34.66796875
12185064,41.19873046875
12214079,33.203125
12214814,35.400390625
12253172,46.32568359375
12253189,32.53173828125
12268730,32.3486328125
12273053,32.89794921875
12273482,33.447265625
12291594,31.92138671875
12294826,44.43359375
12332761,46.32568359375
12332782,38.39111328125
12332794,35.64453125
12332869,48.9501953125
12368748,33.5693359375
12368781,45.59326171875
12389121,36.376953125
12389542,33.38623046875
12440491,36.56005859375
12440512,35.400390625
12440528,31.982421875
12471702,41.6259765625
12471722,32.3486328125
12491053,32.65380859375
12491101,41.50390625
12491195,36.0107421875
12491261,31.92138671875
12539198,46.5087890625
12539215,37.2314453125
12539251,32.04345703125
12570158,59.6923828125
12602779,40.283203125
12636107,40.4052734375
12636147,44.0673828125
12636165,32.3486328125
12636355,32.8369140625
12675766,36.43798828125
12675790,65.5517578125
12675845,34.11865234375
12701997,48.03466796875
12702042,40.1611328125
12702099,34.1796875
12735048,35.70556640625
12735082,33.87451171875
12735110,36.19384765625
12735155,35.0341796875
12735195,31.8603515625
12763900,36.62109375
12763929,34.3017578125
12764000,39.1845703125
12764364,37.2314453125
12804693,32.16552734375
12804705,33.14208984375
12804719,55.17578125
12804775,38.87939453125
12805406,34.24072265625
12840043,37.59765625
12840074,57.92236328125
12840094,34.1796875
12865285,33.0810546875
12865314,48.9501953125
12865350,32.470703125
12865610,34.423828125
12903823,39.61181640625
12903850,39.6728515625
12903924,38.0859375
12903954,32.04345703125
12940684,39.61181640625
12940717,43.51806640625
12940731,39.12353515625
12940789,35.70556640625
12956273,49.8046875
12987084,33.02001953125
12987105,34.85107421875
12987138,31.92138671875
12987156,33.447265625
12987346,32.2265625
13024307,54.01611328125
13024396,35.888671875
13048155,36.80419921875
13048939,40.95458984375
13049066,34.912109375
13084693,53.16162109375
13084765,34.423828125
13117334,33.203125
13117849,36.2548828125
13117974,41.1376953125
13148431,31.8603515625
13148478,60.1806640625
13148497,32.89794921875
13175131,37.41455078125
13203337,32.53173828125
13203371,35.5224609375
13203398,31.982421875
13203476,43.5791015625
13203548,36.56005859375
13203969,37.41455078125
13239296,46.56982421875
13239368,32.53173828125
13239418,42.90771484375
13262244,37.53662109375
13319114,33.3251953125
13337496,42.29736328125
13373499,32.89794921875
13410268,38.51318359375
13503631,32.89794921875
13529031,33.447265625
13554305,31.982421875
13575567,34.97314453125
13595811,31.92138671875
13620823,36.80419921875
13652752,36.43798828125
13663085,31.79931640625
13670359,31.92138671875
13699180,45.71533203125
13705625,36.68212890625
13705844,42.6025390625
13718786,38.87939453125
13724695,32.3486328125
13726101,32.71484375
13731571,34.85107421875
13737199,38.63525390625
13737506,34.912109375
13744494,37.4755859375
13751300,33.935546875
13751908,31.79931640625
13752640,34.5458984375
13762068,37.29248046875
13766720,39.73388671875
13770482,33.02001953125
13770694,36.7431640625
13770956,37.29248046875
13777499,33.26416015625
13777757,35.70556640625
13778092,31.79931640625
13784734,33.3251953125
13790326,32.65380859375
13795026,33.99658203125
13795755,39.0625
13800983,35.15625
13807346,37.65869140625
13813519,35.400390625
13814234,34.11865234375
13814804,33.5693359375
13820746,34.11865234375
13821103,31.8603515625
13827223,34.912109375
13827432,34.0576171875
13833711,33.38623046875
13843084,33.02001953125
13843746,35.2783203125
13844233,36.62109375
13856245,32.71484375
13856255,37.353515625
13864059,34.5458984375
13864252,32.65380859375
13879339,42.48046875
13888473,34.0576171875
13888778,32.16552734375
13904152,32.16552734375
13912596,36.376953125
13919904,32.89794921875
13928536,36.62109375
13929228,33.8134765625
13929935,34.11865234375
13936870,39.36767578125
13937166,32.65380859375
13938274,35.7666015625
13948076,32.89794921875
13956503,41.93115234375
13965702,32.2265625
13965900,31.982421875
13966427,37.04833984375
13978229,33.87451171875
13985239,35.09521484375
13985663,34.66796875
13994503,34.36279296875
13995006,35.46142578125
13995706,35.58349609375
13996289,31.8603515625
13997497,35.33935546875
14006907,32.470703125
14007206,34.66796875
14008158,32.2265625
14017161,33.8134765625
14019160,36.92626953125
14028298,33.5693359375
14030097,34.48486328125
14031465,34.66796875
14039488,40.771484375
14039944,32.8369140625
14051026,34.24072265625
14051638,32.40966796875
14066178,31.982421875
14072360,32.2265625
14083116,35.21728515625
14083895,32.958984375
14093606,33.3251953125
14093905,37.41455078125
14106446,38.39111328125
14120579,36.9873046875
14121671,35.70556640625
14133556,35.400390625
14147064,35.09521484375
14160897,32.958984375
14161979,31.92138671875
14174250,35.09521484375
14191244,33.26416015625
14191351,34.1796875
14192236,33.87451171875
14193120,35.7666015625
14211211,37.9638671875
14227657,33.3251953125
14227855,35.5224609375
14228250,38.75732421875
14247376,32.1044921875
14261672,31.92138671875
14261847,33.02001953125
14262020,50.59814453125
14262194,34.912109375
14276812,35.400390625
14290987,40.10009765625
14315132,48.76708984375
14332281,39.4287109375
14351274,33.02001953125
14351987,45.2880859375
