14355000,0
10729,41.015625
10755,50.537109375
10786,42.48046875
10798,36.31591796875
10858,39.9169921875
12175,38.26904296875
12211,36.0107421875
12236,47.2412109375
12272,44.98291015625
12297,39.36767578125
12310,37.41455078125
39906,38.6962890625
39949,43.39599609375
39968,58.89892578125
39985,40.52734375
40000,35.888671875
40014,45.47119140625
40031,45.59326171875
40079,66.71142578125
40098,35.94970703125
40132,41.07666015625
40183,59.814453125
40263,37.353515625
63671,38.51318359375
63703,41.68701171875
63740,48.40087890625
63764,36.4990234375
63820,40.6494140625
63839,61.4013671875
63873,39.24560546875
63914,50.35400390625
63942,38.6962890625
64073,38.39111328125
85661,41.748046875
86390,36.80419921875
86412,50.6591796875
86433,35.82763671875
86462,55.23681640625
86492,36.56005859375
86503,39.97802734375
86525,40.0390625
86545,46.32568359375
86605,39.306640625
86658,46.38671875
86721,53.7109375
86796,45.22705078125
86846,35.58349609375
87273,43.88427734375
108628,36.92626953125
109810,37.90283203125
111201,35.5224609375
111442,38.9404296875
114843,35.46142578125
125086,35.7666015625
131099,43.9453125
131340,41.9921875
136788,35.888671875
137486,37.90283203125
145163,36.1328125
167739,38.57421875
167762,44.3115234375
167976,40.4052734375
168096,37.04833984375
187475,36.07177734375
187579,38.0859375
187893,38.0859375
206608,38.9404296875
206665,49.49951171875
206841,39.306640625
221417,38.0859375
221429,41.8701171875
221480,37.59765625
221647,47.30224609375
221676,37.17041015625
221697,37.41455078125
221802,40.83251953125
222523,35.888671875
232325,43.212890625
235699,36.376953125
246362,35.64453125
255852,44.37255859375
255876,39.306640625
259582,35.82763671875
260044,38.6962890625
267760,35.70556640625
267794,42.78564453125
268028,37.59765625
276936,35.94970703125
277043,35.64453125
277863,40.83251953125
285019,36.0107421875
285073,35.94970703125
285274,39.0625
299195,36.92626953125
312506,35.94970703125
312733,37.53662109375
312909,37.65869140625
312961,37.9638671875
313141,36.80419921875
326190,36.31591796875
326276,36.376953125
326388,36.0107421875
343278,37.109375
344453,37.41455078125
360510,36.43798828125
367893,35.58349609375
371414,38.39111328125
372665,39.36767578125
381442,37.59765625
410747,36.56005859375
416221,36.92626953125
425758,42.17529296875
426334,35.58349609375
426825,38.02490234375
497498,37.7197265625
540000,38.39111328125
576933,37.78076171875
608599,39.0625
620758,43.9453125
629796,39.9169921875
630225,40.71044921875
645900,38.63525390625
646336,45.5322265625
647045,35.64453125
657260,36.4990234375
670209,37.7197265625
670415,38.6962890625
699181,41.07666015625
715946,37.9638671875
734913,40.46630859375
756192,41.32080078125
756257,46.630859375
756491,36.2548828125
777863,45.166015625
799390,38.57421875
846065,37.04833984375
875842,43.15185546875
903120,37.29248046875
937897,38.51318359375
937934,47.91259765625
938069,37.4755859375
1004585,39.4287109375
1004782,44.73876953125
1005229,38.87939453125
1005555,37.109375
1035726,36.865234375
1096918,52.734375
1096958,44.189453125
1096975,40.71044921875
1097014,47.607421875
1097027,55.17578125
1097038,37.109375
1097078,52.734375
1097106,67.9931640625
1097127,46.32568359375
1097162,60.791015625
1097207,44.0673828125
1097268,39.9169921875
1098343,35.94970703125
1116788,40.34423828125
1116972,38.14697265625
1116987,46.875
1117109,48.33984375
1152072,43.701171875
1152120,46.32568359375
1152189,44.12841796875
1152271,39.0625
1152347,37.17041015625
1152522,39.48974609375
1210816,40.46630859375
1210835,40.1611328125
1210955,47.119140625
1267340,37.2314453125
1267985,41.9921875
1271006,35.888671875
1305869,35.5224609375
1305974,41.56494140625
1306120,41.32080078125
1306646,37.59765625
1322857,37.17041015625
1325146,36.80419921875
1327238,40.95458984375
1339187,36.865234375
1370303,36.43798828125
1371308,42.8466796875
1388298,35.94970703125
1388683,38.02490234375
1388862,43.39599609375
1388875,37.90283203125
1390221,42.724609375
1435001,36.1328125
1435049,38.26904296875
1435068,36.56005859375
1435078,43.8232421875
1435235,36.68212890625
1436527,42.54150390625
1453113,43.45703125
1453666,39.55078125
1478397,36.4990234375
1500113,36.376953125
1500128,37.7197265625
1509337,36.1328125
1524215,36.92626953125
1524247,35.5224609375
1524299,40.71044921875
1526108,41.19873046875
1526339,37.65869140625
1543256,36.92626953125
1543285,41.56494140625
1543344,48.7060546875
1543503,37.17041015625
1543589,35.46142578125
1561024,35.64453125
1561845,38.26904296875
1562054,36.19384765625
1562289,36.376953125
1582464,39.24560546875
1582549,39.61181640625
1582749,41.1376953125
1600839,40.771484375
1601022,40.34423828125
1601148,41.07666015625
1601166,37.9638671875
1604426,36.68212890625
1608832,36.865234375
1629090,41.68701171875
1629212,42.1142578125
1629730,55.5419921875
1641939,37.4755859375
1642282,44.98291015625
1657330,37.17041015625
1677299,39.4287109375
1677576,37.53662109375
1700027,41.50390625
1700071,40.52734375
1700128,36.68212890625
1726437,40.34423828125
1726474,39.1845703125
1726553,41.6259765625
1726576,42.1142578125
1726704,51.025390625
1726733,36.376953125
1729476,35.5224609375
1739806,36.92626953125
1739867,36.1328125
1740181,39.48974609375
1740378,38.4521484375
1774942,41.1376953125
1774953,37.353515625
1774972,44.37255859375
1774991,64.63623046875
1775013,47.119140625
1775071,40.0390625
1775087,74.27978515625
1775154,44.00634765625
1816863,36.56005859375
1816951,40.283203125
1817115,65.00244140625
1817159,38.14697265625
1817306,35.70556640625
1820821,36.56005859375
1848401,35.888671875
1873049,40.771484375
1947051,40.6494140625
1947063,44.98291015625
1947093,61.34033203125
1947117,59.50927734375
1947127,61.95068359375
1947154,55.72509765625
1947170,61.5234375
1947192,35.94970703125
1947209,38.63525390625
1947235,39.00146484375
1947246,42.8466796875
1947289,49.86572265625
1947304,38.63525390625
1947344,46.875
1947374,41.19873046875
1947929,39.1845703125
1977176,38.9404296875
1977336,36.62109375
1977437,36.68212890625
1998372,38.14697265625
1998415,35.58349609375
1998475,37.7197265625
1998524,37.53662109375
1998548,47.8515625
1998563,45.166015625
1998603,39.12353515625
1998631,38.26904296875
1998667,41.6259765625
1998730,35.7666015625
1998804,52.42919921875
1998890,37.53662109375
2036711,38.0859375
2036734,44.7998046875
2036804,46.93603515625
2036859,45.166015625
2036902,48.828125
2037009,41.93115234375
2037043,41.50390625
2037083,54.0771484375
2037100,62.68310546875
2037134,44.37255859375
2037678,35.82763671875
2037897,41.32080078125
2037912,37.353515625
2082275,35.46142578125
2091075,39.6728515625
2091297,37.841796875
2091331,50.1708984375
2091388,36.4990234375
2091406,44.7998046875
2091448,39.12353515625
2091462,36.0107421875
2091489,46.5087890625
2091528,41.93115234375
2091582,45.71533203125
2091597,39.00146484375
2091694,41.3818359375
2091871,39.97802734375
2091900,37.78076171875
2092138,36.9873046875
2122544,51.81884765625
2122578,48.03466796875
2122605,38.26904296875
2122624,55.908203125
2122644,62.744140625
2122659,46.2646484375
2122736,40.6494140625
2122765,45.2880859375
2122818,45.83740234375
2122841,38.63525390625
2140464,41.80908203125
2140498,35.58349609375
2140508,51.20849609375
2140534,47.36328125
2140546,69.4580078125
2140571,46.2646484375
2140584,60.9130859375
2140636,42.54150390625
2140654,40.771484375
2140828,40.34423828125
2140896,36.62109375
2142203,36.62109375
2172602,36.376953125
2174135,36.2548828125
2216417,48.2177734375
2216471,38.2080078125
2216491,49.49951171875
2216576,44.49462890625
2216597,35.7666015625
2216625,38.2080078125
2216662,50.96435546875
2216675,39.00146484375
2216721,39.306640625
2216760,63.41552734375
2216791,44.86083984375
2216817,45.2880859375
2216921,44.7998046875
2217136,39.48974609375
2217288,42.54150390625
2217551,40.34423828125
2235159,36.4990234375
2235389,35.46142578125
2235629,36.56005859375
2235733,37.841796875
2235791,37.41455078125
2273549,37.353515625
2273579,45.41015625
2273604,46.142578125
2273654,58.53271484375
2273678,52.18505859375
2273699,35.82763671875
2273725,41.56494140625
2273741,42.41943359375
2273754,72.20458984375
2273807,46.20361328125
2273977,39.9169921875
2274145,42.8466796875
2302380,43.15185546875
2302474,47.05810546875
2302514,48.9501953125
2302524,44.49462890625
2302664,47.4853515625
2302787,57.0068359375
2302799,39.85595703125
2302818,38.14697265625
2302966,42.1142578125
2341290,39.0625
2341312,37.53662109375
2341325,38.0859375
2341357,46.38671875
2341378,38.14697265625
2341417,41.50390625
2341470,39.9169921875
2341548,35.7666015625
2341580,36.7431640625
2341599,36.865234375
2341840,40.52734375
2360413,51.26953125
2360435,67.19970703125
2360447,47.66845703125
2360499,41.015625
2360536,44.49462890625
2388690,46.7529296875
2388731,45.59326171875
2388876,37.353515625
2388916,38.4521484375
2388967,41.015625
2389095,42.05322265625
2402089,36.19384765625
2402105,41.80908203125
2402187,41.015625
2421269,37.04833984375
2421295,39.36767578125
2421319,43.88427734375
2421989,48.27880859375
2421999,42.29736328125
2442396,37.2314453125
2442438,35.70556640625
2442564,37.7197265625
2467178,36.68212890625
2467259,37.78076171875
2467437,52.6123046875
2467467,38.63525390625
2467559,36.0107421875
2488540,37.90283203125
2488894,36.9873046875
2504810,40.1611328125
2505186,36.376953125
2506226,36.31591796875
2506237,38.02490234375
2506339,36.19384765625
2506365,49.1943359375
2506404,36.07177734375
2524400,36.865234375
2524657,36.2548828125
2525094,36.376953125
2525109,50.59814453125
2525166,36.0107421875
2547275,39.12353515625
2547340,35.5224609375
2562333,42.3583984375
2586269,41.9921875
2586760,36.0107421875
2587102,40.83251953125
2587229,38.63525390625
2600580,35.5224609375
2601954,41.50390625
2625844,44.5556640625
2625854,58.10546875
2625882,72.08251953125
2625917,38.87939453125
2625950,40.6494140625
2626011,36.1328125
2626049,41.93115234375
2626121,39.36767578125
2626144,36.80419921875
2626196,38.39111328125
2681801,37.59765625
2681832,36.0107421875
2683006,36.19384765625
2683306,41.80908203125
2683346,35.82763671875
2683438,50.537109375
2695267,39.36767578125
2695312,40.71044921875
2696000,38.57421875
2725682,42.724609375
2726224,37.4755859375
2726615,40.283203125
2727023,36.07177734375
2753310,40.46630859375
2753357,37.53662109375
2754149,42.05322265625
2776872,36.865234375
2777588,43.3349609375
2799626,38.63525390625
2799715,40.95458984375
2815654,37.29248046875
2816912,37.17041015625
2845999,37.04833984375
2846291,36.19384765625
2847869,36.19384765625
2847879,39.24560546875
2866753,37.2314453125
2866970,39.794921875
2868651,35.70556640625
2887247,47.42431640625
2887275,36.4990234375
2895509,42.17529296875
2895607,42.724609375
2901962,36.56005859375
2901974,38.87939453125
2902160,35.94970703125
2913964,36.07177734375
2914694,38.39111328125
2921072,36.31591796875
2921669,38.330078125
2928139,38.9404296875
2937983,36.56005859375
2938339,36.92626953125
2943963,37.9638671875
2950280,39.12353515625
2956423,43.45703125
2977235,41.015625
2979120,38.2080078125
2986968,39.00146484375
3001290,36.376953125
3001466,37.41455078125
3003604,38.39111328125
3051051,37.65869140625
3064987,35.5224609375
3087960,38.02490234375
3103207,38.02490234375
3103973,37.04833984375
3112276,38.14697265625
3198739,36.376953125
3220742,45.654296875
3233241,37.353515625
3251275,36.31591796875
3266237,35.5224609375
3288639,37.353515625
3317063,37.04833984375
3340413,37.2314453125
3340783,36.56005859375
3358505,35.70556640625
3392263,37.65869140625
3431426,36.56005859375
3473897,38.6962890625
3489458,36.7431640625
3547636,36.7431640625
3549116,39.97802734375
3593751,36.68212890625
3593973,36.68212890625
3638431,38.75732421875
3679293,36.80419921875
3679311,41.19873046875
3679608,44.61669921875
3679627,36.07177734375
3691938,36.56005859375
3736610,43.3349609375
3736652,50.72021484375
3736678,41.44287109375
3736709,36.31591796875
3736796,35.7666015625
3737072,36.7431640625
3757705,51.57470703125
3788910,35.46142578125
3789086,38.57421875
3820708,36.2548828125
3838060,37.2314453125
3838459,39.794921875
3839074,37.04833984375
3872500,35.46142578125
3887453,35.5224609375
3928184,42.05322265625
3952185,38.87939453125
3952311,45.8984375
3952443,44.921875
3996991,36.62109375
3997251,36.1328125
4016555,39.306640625
4018349,38.02490234375
4019034,40.95458984375
4045365,37.65869140625
4045406,41.50390625
4046180,52.18505859375
4059405,39.55078125
4060036,35.82763671875
4074222,37.90283203125
4089522,36.31591796875
4117955,36.43798828125
4117988,46.56982421875
4118007,52.001953125
4118030,58.16650390625
4118057,67.3828125
4118107,57.43408203125
4118141,47.7294921875
4118195,55.6640625
4118210,41.93115234375
4118323,43.45703125
4132840,38.6962890625
4132865,42.96875
4136583,35.5224609375
4154564,36.0107421875
4154603,38.2080078125
4163694,43.15185546875
4163998,37.41455078125
4164578,35.82763671875
4219341,36.56005859375
4220199,38.2080078125
4226800,38.4521484375
4226838,39.9169921875
4249067,39.24560546875
4249121,38.6962890625
4249139,46.5087890625
4249177,38.26904296875
4249246,66.5283203125
4249341,43.9453125
4249427,43.88427734375
4261386,39.1845703125
4261427,37.17041015625
4278951,37.90283203125
4279339,35.7666015625
4279412,39.0625
4279734,38.02490234375
4288605,39.55078125
4288659,35.70556640625
4342891,38.75732421875
4342942,36.7431640625
4343064,40.52734375
4343117,36.68212890625
4343140,37.4755859375
4343394,35.64453125
4357734,45.0439453125
4357803,37.17041015625
4357911,36.9873046875
4369832,37.353515625
4379607,36.7431640625
4380011,41.32080078125
4398343,37.17041015625
4410220,38.02490234375
4410499,35.94970703125
4443292,35.58349609375
4443785,38.39111328125
4444737,37.90283203125
4469085,42.54150390625
4469224,44.37255859375
4469419,44.37255859375
4469434,40.58837890625
4478472,41.748046875
4479172,36.865234375
4488642,37.04833984375
4488983,37.53662109375
4489368,39.36767578125
4498640,43.64013671875
4499216,44.0673828125
4510258,40.46630859375
4510635,40.6494140625
4510652,36.07177734375
4510671,43.5791015625
4510854,39.61181640625
4511007,39.794921875
4524757,37.353515625
4525133,39.4287109375
4536877,38.51318359375
4549447,36.2548828125
4549645,36.31591796875
4559556,44.86083984375
4575368,37.04833984375
4593893,36.19384765625
4594034,38.39111328125
4625636,38.9404296875
4625910,41.44287109375
4626059,42.724609375
4626105,38.4521484375
4626414,36.43798828125
4641276,39.9169921875
4641772,36.31591796875
4660162,35.888671875
4717740,41.50390625
4717989,36.07177734375
4718133,35.70556640625
4718146,53.5888671875
4749722,37.9638671875
4749760,38.2080078125
4749794,39.55078125
4749812,36.865234375
4749847,35.888671875
4750042,37.41455078125
4774834,36.43798828125
4775050,41.93115234375
4803074,40.34423828125
4830401,44.43359375
4830439,36.62109375
4830668,35.7666015625
4849289,36.9873046875
4871860,37.2314453125
4871897,48.095703125
4871917,46.142578125
4871960,39.794921875
4871980,52.18505859375
4872004,42.236328125
4872021,42.6025390625
4872069,47.36328125
4872082,38.26904296875
4872122,39.55078125
4872137,46.93603515625
4872221,42.54150390625
4887574,44.3115234375
4916247,39.0625
4919681,39.12353515625
4919984,41.80908203125
4943773,46.7529296875
4943796,36.7431640625
4962623,40.0390625
4985189,36.31591796875
4985230,35.82763671875
4985399,37.90283203125
4985426,47.9736328125
4992920,41.748046875
5002195,38.51318359375
5024734,39.306640625
5027373,43.51806640625
5027407,62.92724609375
5027417,46.69189453125
5027438,68.84765625
5027458,53.16162109375
5027470,42.05322265625
5027512,53.64990234375
5027525,64.75830078125
5027540,43.64013671875
5027566,42.724609375
5027577,43.39599609375
5027606,44.5556640625
5027628,45.59326171875
5028422,37.2314453125
5083546,54.87060546875
5083561,59.08203125
5083572,39.85595703125
5083619,46.630859375
5083653,55.72509765625
5083672,41.6259765625
5083698,60.36376953125
5083729,47.54638671875
5083752,36.865234375
5083783,40.83251953125
5083804,43.02978515625
5109505,45.47119140625
5109537,55.48095703125
5109562,44.00634765625
5109596,36.62109375
5109628,39.306640625
5109646,43.51806640625
5109671,41.80908203125
5109710,37.9638671875
5109742,57.31201171875
5109763,36.0107421875
5109801,41.3818359375
5109824,37.2314453125
5109956,42.17529296875
5110067,36.31591796875
5110093,39.794921875
5110114,39.24560546875
5110805,40.58837890625
5126009,37.90283203125
5126048,42.3583984375
5126141,40.46630859375
5128394,36.0107421875
5129095,39.97802734375
5129509,36.1328125
5147810,38.9404296875
5177543,46.142578125
5177582,61.03515625
5177599,42.66357421875
5177632,63.41552734375
5177672,47.42431640625
5177727,38.14697265625
5177752,36.9873046875
5177797,39.55078125
5209154,36.4990234375
5209169,40.771484375
5209970,59.9365234375
5209998,35.888671875
5210238,37.109375
5210282,50.47607421875
5210344,52.06298828125
5210393,37.2314453125
5210566,37.29248046875
5245313,39.97802734375
5245426,42.48046875
5245478,42.8466796875
5245571,41.56494140625
5245618,39.85595703125
5245745,38.75732421875
5245883,36.1328125
5247563,43.212890625
5247958,36.865234375
5248189,37.90283203125
5272308,39.794921875
5272433,37.53662109375
5272585,37.9638671875
5273424,38.4521484375
5292416,39.9169921875
5292451,39.1845703125
5292486,38.51318359375
5292498,52.42919921875
5292710,35.888671875
5292974,38.51318359375
5293008,36.19384765625
5294510,42.17529296875
5312078,36.62109375
5312111,41.80908203125
5312148,43.8232421875
5312253,44.12841796875
5312281,35.5224609375
5312339,40.10009765625
5314251,42.8466796875
5338562,35.94970703125
5338869,37.9638671875
5338975,36.43798828125
5339222,35.82763671875
5363382,47.4853515625
5363410,51.94091796875
5363671,41.56494140625
5366344,41.07666015625
5375269,36.31591796875
5375674,36.31591796875
5375794,35.82763671875
5393101,35.7666015625
5393351,37.841796875
5393546,40.52734375
5399334,36.0107421875
5407549,37.29248046875
5407703,44.5556640625
5407910,50.9033203125
5410098,38.6962890625
5415011,39.36767578125
5415034,41.07666015625
5417068,35.7666015625
5441629,35.70556640625
5521198,42.3583984375
5559371,36.92626953125
5580367,38.6962890625
5599248,39.55078125
5635265,36.865234375
5651072,38.9404296875
5651495,40.4052734375
5726324,36.62109375
5793591,39.73388671875
5793636,45.83740234375
5793688,50.72021484375
5793791,41.6259765625
5793808,63.53759765625
5793876,35.7666015625
5793999,36.80419921875
5821011,49.8046875
5821038,45.2880859375
5821059,54.62646484375
5821090,40.83251953125
5821117,49.74365234375
5821143,48.9501953125
5821164,52.42919921875
5821207,37.29248046875
5821288,42.724609375
5821326,36.56005859375
5845039,36.7431640625
5845204,35.5224609375
5845525,50.10986328125
5845563,39.48974609375
5863915,36.0107421875
5912030,45.7763671875
5912065,41.6259765625
5912106,41.19873046875
5912116,51.81884765625
5912142,43.51806640625
5912163,43.3349609375
5912205,51.57470703125
5912216,42.78564453125
5912241,37.65869140625
5912310,44.7998046875
5912345,36.62109375
5912403,38.14697265625
5931472,36.1328125
5962445,48.88916015625
5962475,44.0673828125
5962812,41.1376953125
5985026,36.376953125
5985226,44.25048828125
5985445,36.9873046875
6039807,44.189453125
6039875,40.46630859375
6039909,37.109375
6062829,37.7197265625
6062925,47.2412109375
6062945,54.3212890625
6062978,55.7861328125
6062997,44.86083984375
6063008,45.10498046875
6063032,40.1611328125
6063068,42.90771484375
6063182,36.07177734375
6063219,36.1328125
6063341,44.37255859375
6063414,42.05322265625
6063446,36.07177734375
6087447,60.72998046875
6087493,54.13818359375
6087520,38.57421875
6087554,47.119140625
6087569,36.9873046875
6087605,45.71533203125
6087671,43.51806640625
6087768,60.302734375
6087928,35.58349609375
6087982,36.56005859375
6088119,41.748046875
6088499,36.2548828125
6121265,37.41455078125
6121288,63.41552734375
6121338,54.0771484375
6121400,60.6689453125
6121412,48.15673828125
6121428,37.353515625
6121458,51.513671875
6121531,37.17041015625
6121644,35.94970703125
6121669,41.9921875
6121722,39.85595703125
6121782,39.55078125
6121846,39.97802734375
6122038,43.8232421875
6139214,46.9970703125
6139246,39.12353515625
6139400,39.306640625
6139512,39.0625
6139576,36.31591796875
6172714,50.72021484375
6172726,42.724609375
6172739,36.07177734375
6172765,53.89404296875
6172809,71.044921875
6172822,54.19921875
6172865,37.353515625
6172920,43.51806640625
6172961,36.0107421875
6173025,39.85595703125
6173095,49.49951171875
6173469,39.73388671875
6188396,41.748046875
6188740,39.306640625
6222143,37.17041015625
6222214,51.7578125
6222224,36.0107421875
6222254,35.888671875
6222304,35.7666015625
6222318,45.41015625
6252874,37.59765625
6252897,48.2177734375
6252941,35.94970703125
6252984,76.35498046875
6253136,37.2314453125
6279487,54.0771484375
6279515,47.119140625
6279527,38.0859375
6279550,37.17041015625
6279567,47.42431640625
6279601,38.75732421875
6279630,44.921875
6279675,46.630859375
6279787,52.18505859375
6279865,37.2314453125
6280427,38.75732421875
6326496,41.07666015625
6366190,39.00146484375
6366386,36.376953125
6396194,37.353515625
6461974,40.771484375
6462018,40.52734375
6462078,37.65869140625
6462436,38.9404296875
6488322,36.9873046875
6488530,38.87939453125
6518456,35.5224609375
6543172,36.865234375
6543242,41.8701171875
6543272,36.62109375
6543293,41.748046875
6567942,39.36767578125
6584951,37.109375
6584991,50.47607421875
6585026,56.0302734375
6585052,54.87060546875
6585081,37.78076171875
6585108,43.64013671875
6585119,38.39111328125
6585170,35.5224609375
6585197,36.1328125
6585233,38.4521484375
6585292,40.771484375
6585404,37.2314453125
6585601,35.5224609375
6585759,35.7666015625
6585874,38.75732421875
6632412,35.70556640625
6632483,50.9033203125
6632742,39.85595703125
6632949,37.53662109375
6649095,36.1328125
6649669,35.888671875
6649686,51.1474609375
6649776,36.0107421875
6649977,38.57421875
6680816,36.376953125
6683702,35.82763671875
6708360,61.09619140625
6708463,48.4619140625
6724516,38.330078125
6724702,37.78076171875
6751947,35.888671875
6752872,35.94970703125
6753072,36.1328125
6753401,36.56005859375
6768035,40.22216796875
6768066,40.771484375
6769105,40.46630859375
6795487,36.7431640625
6795912,39.306640625
6796241,37.53662109375
6796361,41.9921875
6796371,49.01123046875
6796395,49.072265625
6796423,64.75830078125
6796491,39.6728515625
6814524,38.6962890625
6821506,40.46630859375
6840693,35.82763671875
6840705,35.5224609375
6840722,37.9638671875
6840759,35.888671875
6840913,35.70556640625
6852824,36.56005859375
6863065,38.2080078125
6863796,36.43798828125
6868350,36.1328125
6874383,40.4052734375
6882878,37.04833984375
6890014,37.41455078125
6890141,47.119140625
6896671,35.64453125
6901391,36.62109375
6907638,38.87939453125
6908271,39.73388671875
6914489,36.376953125
6920215,41.93115234375
6920702,39.6728515625
6927057,35.888671875
6955119,36.2548828125
6961375,36.43798828125
6961534,37.04833984375
6961755,35.46142578125
6971556,37.78076171875
6972096,38.2080078125
6972331,37.17041015625
7042153,35.7666015625
7126366,36.07177734375
7142073,42.96875
7189933,43.9453125
7205488,38.39111328125
7318084,35.82763671875
7334165,37.109375
7346597,37.41455078125
7386451,36.68212890625
7414714,36.07177734375
7436293,39.0625
7462483,35.82763671875
7485799,37.78076171875
7524673,36.68212890625
7559804,38.63525390625
7559829,37.04833984375
7559847,76.416015625
7559867,57.6171875
7559889,65.4296875
7559915,50.23193359375
7559927,55.908203125
7559953,53.1005859375
7559969,38.2080078125
7559990,39.36767578125
7560008,38.330078125
7560051,47.9736328125
7560608,36.92626953125
7585479,38.39111328125
7630497,52.1240234375
7630533,48.76708984375
7630546,57.06787109375
7630578,69.9462890625
7630603,52.734375
7630622,40.71044921875
7630643,39.48974609375
7630660,37.78076171875
7630679,38.0859375
7630770,45.71533203125
7630849,39.12353515625
7631122,38.4521484375
7687745,35.64453125
7755005,36.07177734375
7755159,37.29248046875
7758654,39.97802734375
7832802,44.86083984375
7835770,35.70556640625
7871765,52.06298828125
7871798,41.50390625
7871820,44.921875
7871866,60.9130859375
7871889,45.0439453125
7871909,38.4521484375
7871937,40.4052734375
7871948,38.39111328125
7871991,41.32080078125
7872017,35.46142578125
7872053,36.1328125
7872159,41.6259765625
7872321,36.43798828125
7915921,37.41455078125
7915958,37.59765625
7915989,38.4521484375
7916002,54.6875
7916029,63.4765625
7916062,45.2880859375
7916102,36.56005859375
7916129,35.58349609375
7916152,38.57421875
7916227,36.31591796875
7916252,38.4521484375
7932733,47.54638671875
7957204,44.25048828125
7986210,37.7197265625
7986242,44.61669921875
7986262,40.34423828125
7986281,58.04443359375
7986297,62.07275390625
7986317,51.33056640625
7986334,46.20361328125
7986355,42.90771484375
7986386,46.2646484375
7986424,49.13330078125
7986479,47.91259765625
7986518,37.29248046875
7986612,41.015625
7986936,42.29736328125
7986963,35.82763671875
7987126,39.73388671875
8019399,38.9404296875
8019446,36.31591796875
8019473,62.01171875
8019492,40.22216796875
8019508,54.62646484375
8019539,40.4052734375
8019552,47.7294921875
8019562,36.68212890625
8019595,37.2314453125
8019615,46.38671875
8019635,41.44287109375
8019676,43.212890625
8019707,39.4287109375
8019725,38.02490234375
8020275,36.31591796875
8055109,42.3583984375
8055155,66.46728515625
8055175,74.0966796875
8055206,56.70166015625
8055250,48.64501953125
8055261,41.3818359375
8055284,37.90283203125
8055305,38.26904296875
8055329,37.841796875
8055346,62.8662109375
8055389,37.78076171875
8055466,42.96875
8055728,41.80908203125
8055951,40.83251953125
8056223,37.65869140625
8074631,35.7666015625
8074803,38.330078125
8074922,41.32080078125
8074935,38.39111328125
8074982,37.353515625
8075015,36.62109375
8075036,49.74365234375
8075061,46.56982421875
8075095,40.95458984375
8075116,40.52734375
8075135,46.38671875
8075152,37.59765625
8075213,43.212890625
8075246,38.2080078125
8075330,43.5791015625
8075449,40.283203125
8097608,45.83740234375
8097648,54.19921875
8097666,47.8515625
8097688,44.73876953125
8097724,61.279296875
8097736,47.05810546875
8097759,40.4052734375
8097781,37.78076171875
8097822,41.32080078125
8097860,42.8466796875
8097917,43.76220703125
8097944,41.6259765625
8098010,40.22216796875
8098433,36.865234375
8098974,51.26953125
8099446,36.31591796875
8116578,36.9873046875
8116613,42.41943359375
8116718,44.5556640625
8116777,36.43798828125
8116845,64.208984375
8116867,49.74365234375
8116897,57.12890625
8116926,86.181640625
8116942,41.32080078125
8116955,50.4150390625
8116966,55.419921875
8116983,36.865234375
8117014,45.7763671875
8117046,35.46142578125
8117085,36.0107421875
8117210,49.9267578125
8145216,37.90283203125
8145232,54.26025390625
8145261,41.56494140625
8145290,65.85693359375
8145311,39.24560546875
8145362,58.53271484375
8145397,62.744140625
8145441,39.306640625
8145453,44.921875
8145529,40.52734375
8145544,48.15673828125
8146066,35.888671875
8166212,37.65869140625
8166229,50.10986328125
8166262,46.2646484375
8166278,44.0673828125
8166289,51.3916015625
8166328,43.5791015625
8166343,44.43359375
8166379,49.072265625
8166410,36.2548828125
8166432,39.0625
8166450,39.9169921875
8166525,41.07666015625
8166620,46.38671875
8166663,38.330078125
8167166,38.57421875
8179299,41.44287109375
8179330,49.072265625
8179344,38.63525390625
8179364,39.61181640625
8179396,44.49462890625
8179453,54.26025390625
8179482,49.072265625
8179524,49.4384765625
8179568,36.1328125
8179601,45.5322265625
8179677,36.19384765625
8179757,38.87939453125
8211281,37.90283203125
8211293,44.3115234375
8211321,38.75732421875
8211342,54.01611328125
8211362,49.37744140625
8211382,63.29345703125
8211401,43.3349609375
8211427,35.46142578125
8211454,38.14697265625
8211477,52.001953125
8211503,40.46630859375
8211594,41.07666015625
8212127,35.82763671875
8242666,47.54638671875
8242681,77.08740234375
8242711,37.17041015625
8242734,46.20361328125
8242769,48.88916015625
8242788,41.19873046875
8242812,43.9453125
8242839,39.6728515625
8242876,42.41943359375
8242925,36.43798828125
8243229,36.62109375
8243266,35.58349609375
8264634,35.70556640625
8264681,41.44287109375
8264691,35.64453125
8264714,40.83251953125
8264740,59.2041015625
8264751,43.45703125
8264779,52.42919921875
8264808,44.86083984375
8264852,47.18017578125
8264884,35.7666015625
8264915,46.875
8265004,36.19384765625
8265127,52.55126953125
8265234,46.7529296875
8265599,40.6494140625
8298395,39.9169921875
8298423,38.4521484375
8298461,50.35400390625
8298482,54.6875
8298500,42.1142578125
8298524,47.91259765625
8298536,53.77197265625
8298565,51.26953125
8298582,52.6123046875
8298633,47.79052734375
8298678,40.10009765625
8298708,39.24560546875
8298782,37.29248046875
8298794,38.75732421875
8299501,40.0390625
8299624,43.9453125
8300142,40.10009765625
8326105,38.87939453125
8326154,37.353515625
8326184,58.10546875
8326218,65.85693359375
8326240,64.453125
8326255,69.76318359375
8326278,37.4755859375
8326325,45.95947265625
8326345,42.05322265625
8326371,37.17041015625
8326399,36.68212890625
8326440,35.46142578125
8326835,40.283203125
8326977,36.865234375
8360593,38.57421875
8360652,56.21337890625
8360663,46.630859375
8360686,58.9599609375
8360702,47.42431640625
8360739,43.51806640625
8360773,36.1328125
8360792,37.41455078125
8360806,47.119140625
8360835,42.90771484375
8361505,39.36767578125
8384387,64.27001953125
8384403,49.01123046875
8384430,61.5234375
8384464,69.7021484375
8384477,46.44775390625
8384493,41.50390625
8384537,42.96875
8384573,35.70556640625
8384612,50.6591796875
8384709,51.3916015625
8384731,37.41455078125
8384766,36.865234375
8416370,35.64453125
8416389,57.373046875
8416411,57.2509765625
8416434,49.6826171875
8416449,57.4951171875
8416477,48.095703125
8416508,38.14697265625
8416529,43.02978515625
8416550,36.0107421875
8416607,42.66357421875
8416749,37.29248046875
8416853,37.9638671875
8416972,42.1142578125
8417198,37.841796875
8450193,55.60302734375
8450226,39.00146484375
8450267,37.17041015625
8450282,36.2548828125
8450309,74.70703125
8450323,39.48974609375
8450394,50.47607421875
8450491,41.07666015625
8450672,38.14697265625
8470865,39.48974609375
8470945,44.49462890625
8470970,38.02490234375
8471005,42.724609375
8471029,55.11474609375
8471062,45.2880859375
8471090,51.69677734375
8471130,41.9921875
8471286,45.0439453125
8500871,41.07666015625
8500903,45.2880859375
8500925,39.48974609375
8500950,45.2880859375
8500971,37.7197265625
8500995,62.56103515625
8501018,51.3916015625
8501040,35.5224609375
8501072,38.87939453125
8501089,45.7763671875
8501114,41.6259765625
8501170,52.1240234375
8501188,50.4150390625
8501229,39.61181640625
8501350,42.8466796875
8501452,40.10009765625
8514618,35.94970703125
8514725,35.7666015625
8514835,37.41455078125
8514931,36.9873046875
8514956,36.2548828125
8515062,36.43798828125
8525702,35.7666015625
8525727,37.65869140625
8525759,46.20361328125
8525796,39.00146484375
8526016,35.64453125
8539636,38.02490234375
8539738,42.96875
8539767,44.43359375
8539795,38.4521484375
8539821,38.14697265625
8539833,47.2412109375
8539867,37.29248046875
8540038,39.6728515625
8574759,39.55078125
8574795,62.92724609375
8574819,43.76220703125
8574855,47.05810546875
8574878,46.81396484375
8574899,36.80419921875
8574925,41.8701171875
8574954,38.0859375
8575017,45.95947265625
8575066,48.27880859375
8605256,43.0908203125
8605287,35.5224609375
8605299,38.330078125
8605334,38.4521484375
8605374,45.59326171875
8605407,39.61181640625
8605515,39.9169921875
8605573,35.58349609375
8633223,36.62109375
8633270,36.62109375
8633578,37.29248046875
8633840,41.259765625
8650255,37.2314453125
8650318,42.54150390625
8650348,47.42431640625
8650391,44.677734375
8650422,38.26904296875
8650560,38.75732421875
8685814,36.376953125
8685885,37.59765625
8715164,35.64453125
8715314,45.0439453125
8715361,41.44287109375
8715464,40.58837890625
8731773,39.9169921875
8769985,35.82763671875
8793003,38.818359375
8793075,44.189453125
8793284,36.376953125
8839117,39.306640625
8839132,35.94970703125
8843487,42.17529296875
8873344,36.62109375
8873428,36.2548828125
8917550,36.56005859375
8917686,37.59765625
8917811,37.17041015625
8917883,44.73876953125
8917927,35.70556640625
8934484,40.46630859375
8934921,35.70556640625
8960386,37.41455078125
8986010,38.4521484375
8986632,39.48974609375
9006124,36.43798828125
9006395,37.90283203125
9038524,41.93115234375
9038536,39.794921875
9038577,44.189453125
9038613,39.9169921875
9038648,36.7431640625
9038780,40.58837890625
9038811,37.9638671875
9063267,37.7197265625
9063682,38.2080078125
9086113,44.921875
9086425,37.17041015625
9115553,38.26904296875
9116041,45.10498046875
9133636,36.865234375
9133692,38.9404296875
9178571,44.189453125
9178585,61.95068359375
9178674,39.0625
9178704,40.95458984375
9178723,36.1328125
9178879,40.0390625
9190339,41.748046875
9190537,38.14697265625
9194775,36.1328125
9195015,36.4990234375
9215340,39.73388671875
9222935,39.61181640625
9222953,43.701171875
9229420,49.62158203125
9234957,36.31591796875
9235358,41.9921875
9241108,36.68212890625
9241612,39.1845703125
9257630,36.9873046875
9268347,37.65869140625
9274398,36.62109375
9283570,36.80419921875
9320305,35.7666015625
9341367,41.9921875
9579727,35.46142578125
9718987,36.0107421875
9734883,39.36767578125
9783980,35.64453125
9844467,36.80419921875
9862399,36.92626953125
9921031,39.9169921875
9921241,36.62109375
9922121,36.376953125
9945740,35.70556640625
9970384,40.10009765625
10018296,42.78564453125
10018336,36.62109375
10018354,68.90869140625
10018372,48.9501953125
10018383,59.75341796875
10018406,38.87939453125
10018416,53.466796875
10018481,44.677734375
10018502,35.82763671875
10018526,48.64501953125
10018542,38.02490234375
10018729,38.51318359375
10054674,45.95947265625
10054797,36.19384765625
10102050,54.50439453125
10102082,74.64599609375
10102097,72.08251953125
10102116,37.4755859375
10102130,47.7294921875
10102174,66.22314453125
10102184,43.02978515625
10102200,51.08642578125
10102284,41.748046875
10102336,37.9638671875
10102351,42.48046875
10129571,43.0908203125
10129608,46.630859375
10129625,64.27001953125
10129665,47.119140625
10129681,51.57470703125
10129703,40.6494140625
10129716,37.65869140625
10129757,36.43798828125
10129786,45.2880859375
10129807,48.88916015625
10129839,41.8701171875
10129942,42.236328125
10130156,38.63525390625
10156194,38.39111328125
10156405,44.49462890625
10156515,35.82763671875
10156753,37.4755859375
10186242,44.3115234375
10186331,41.44287109375
10186347,39.6728515625
10186384,43.39599609375
10186409,67.44384765625
10186441,49.31640625
10186468,37.109375
10186547,41.44287109375
10186645,42.29736328125
10186701,37.7197265625
10186788,50.10986328125
10187070,37.109375
10223702,42.90771484375
10223774,48.52294921875
10223793,60.85205078125
10223824,72.93701171875
10223842,56.15234375
10223856,45.71533203125
10223878,45.0439453125
10223900,62.43896484375
10223948,39.6728515625
10223966,38.75732421875
10224017,39.55078125
10224142,41.3818359375
10241968,41.8701171875
10242624,38.6962890625
10269134,64.94140625
10269166,39.1845703125
10269186,39.9169921875
10269201,38.87939453125
10269217,41.259765625
10269323,54.50439453125
10269388,47.18017578125
10269436,40.46630859375
10269477,37.65869140625
10269505,39.9169921875
10269563,36.376953125
10269643,36.92626953125
10269908,36.07177734375
10304488,43.212890625
10304506,41.9921875
10304541,56.09130859375
10304565,69.27490234375
10304589,42.1142578125
10304604,41.56494140625
10304614,37.78076171875
10304751,42.3583984375
10304789,48.828125
10304969,38.4521484375
10305934,37.59765625
10338727,37.7197265625
10338931,35.64453125
10338964,49.98779296875
10338984,41.80908203125
10339011,44.7998046875
10339030,36.07177734375
10339072,74.8291015625
10339126,38.330078125
10339139,76.171875
10339186,36.56005859375
10339294,38.75732421875
10339336,39.73388671875
10339540,52.001953125
10339638,37.29248046875
10375522,37.353515625
10375568,47.30224609375
10375590,39.48974609375
10375621,49.560546875
10375640,53.64990234375
10375677,43.39599609375
10375721,43.64013671875
10375756,76.11083984375
10375824,37.59765625
10375858,41.50390625
10375905,42.54150390625
10376181,36.1328125
10391240,39.55078125
10391285,36.31591796875
10391347,43.51806640625
10391373,45.8984375
10391471,46.08154296875
10391482,41.6259765625
10391574,37.17041015625
10421164,49.1943359375
10421199,44.677734375
10421224,48.27880859375
10421235,56.82373046875
10421272,48.4619140625
10421304,48.15673828125
10421314,52.734375
10421336,47.36328125
10421366,36.92626953125
10421637,35.5224609375
10421715,37.841796875
10422003,42.1142578125
10448749,38.87939453125
10448763,42.17529296875
10448882,40.10009765625
10448919,38.4521484375
10448990,51.33056640625
10449018,47.119140625
10449556,35.94970703125
10482320,41.6259765625
10482427,42.96875
10482451,43.8232421875
10482461,40.1611328125
10482535,45.22705078125
10482598,36.92626953125
10482652,40.58837890625
10518324,54.62646484375
10518361,47.2412109375
10518374,63.8427734375
10518408,42.1142578125
10518421,49.01123046875
10518446,65.5517578125
10518468,69.091796875
10518495,40.6494140625
10518554,39.306640625
10518568,52.42919921875
10518636,38.39111328125
10518737,37.90283203125
10546791,40.1611328125
10547323,35.5224609375
10547400,37.4755859375
10547411,41.015625
10547432,39.24560546875
10547486,65.4296875
10583482,37.65869140625
10583516,55.48095703125
10583538,50.84228515625
10583564,52.3681640625
10583579,45.654296875
10583747,44.37255859375
10583805,41.259765625
10615351,38.4521484375
10615376,56.82373046875
10615415,44.86083984375
10615435,60.05859375
10615469,49.560546875
10615489,38.9404296875
10615550,62.744140625
10615610,42.236328125
10615644,37.41455078125
10648609,51.8798828125
10648677,38.2080078125
10648827,35.58349609375
10648874,55.5419921875
10648999,37.353515625
10649103,35.7666015625
10649146,39.24560546875
10649267,38.75732421875
10679398,41.93115234375
10679438,41.259765625
10679459,72.57080078125
10679483,72.08251953125
10679502,62.3779296875
10679542,56.57958984375
10679575,41.56494140625
10679585,36.1328125
10679660,40.22216796875
10679697,41.3818359375
10679751,39.00146484375
10680111,39.9169921875
10714852,45.7763671875
10715122,38.0859375
10715184,39.97802734375
10715255,35.70556640625
10715356,44.3115234375
10715748,36.865234375
10737151,36.62109375
10737239,57.06787109375
10737250,37.78076171875
10737277,37.17041015625
10737300,40.4052734375
10737335,41.68701171875
10737378,35.46142578125
10737393,39.97802734375
10763895,46.0205078125
10763929,57.373046875
10763944,44.7998046875
10763976,61.03515625
10763989,60.11962890625
10764018,51.8798828125
10764045,45.41015625
10764059,47.8515625
10764121,37.4755859375
10764322,46.38671875
10764628,37.9638671875
10764806,37.78076171875
10795584,65.3076171875
10795664,47.91259765625
10795694,36.62109375
10795731,35.70556640625
10795780,46.5087890625
10795800,60.791015625
10795854,52.24609375
10795881,39.306640625
10796016,38.818359375
10826524,41.8701171875
10826607,37.65869140625
10826625,40.71044921875
10826664,36.43798828125
10826722,36.92626953125
10826755,39.1845703125
10850491,45.22705078125
10851270,41.44287109375
10851325,41.748046875
10851355,44.12841796875
10851386,43.3349609375
10873565,35.70556640625
10873614,36.1328125
10873790,41.56494140625
10915588,38.0859375
10915616,37.7197265625
10915636,52.67333984375
10915646,36.31591796875
10915659,49.25537109375
10915709,36.4990234375
10915800,37.90283203125
10915877,61.8896484375
10916021,48.27880859375
10941870,37.59765625
10941897,37.90283203125
10942409,36.62109375
10942466,36.68212890625
10942482,66.162109375
10942505,35.888671875
10942529,40.22216796875
10942597,36.7431640625
10942679,35.7666015625
10965225,38.63525390625
10965263,39.9169921875
10965291,35.70556640625
10965333,54.01611328125
10965548,37.78076171875
10995690,36.1328125
10995772,35.94970703125
10995847,40.58837890625
10995872,39.306640625
10995937,39.24560546875
11021693,35.64453125
11021767,51.3916015625
11021813,41.56494140625
11021872,59.87548828125
11053584,37.65869140625
11053610,38.75732421875
11053656,41.8701171875
11077466,38.26904296875
11077488,39.85595703125
11092224,41.748046875
11092261,38.75732421875
11092820,39.73388671875
11092858,37.90283203125
11124004,37.59765625
11124351,35.82763671875
11150152,35.5224609375
11150351,35.46142578125
11169839,37.90283203125
11169862,35.58349609375
11194354,47.42431640625
11194376,40.22216796875
11194420,46.32568359375
11194437,35.94970703125
11194451,47.54638671875
11194515,45.166015625
11216505,37.841796875
11217104,35.46142578125
11264805,44.00634765625
11264844,49.49951171875
11264882,50.537109375
11264903,42.66357421875
11264938,39.1845703125
11276601,41.32080078125
11277155,36.62109375
11277586,37.17041015625
11308247,36.62109375
11308972,38.39111328125
11329772,36.80419921875
11354956,46.5087890625
11354986,38.0859375
11355406,45.83740234375
11375188,54.8095703125
11375517,38.57421875
11401522,35.7666015625
11425197,35.58349609375
11425223,35.64453125
11425267,45.8984375
11443495,37.59765625
11461635,37.53662109375
11462395,36.80419921875
11469301,36.31591796875
11469496,36.07177734375
11477513,39.73388671875
11484155,35.94970703125
11490279,36.43798828125
11490570,36.56005859375
11499285,39.61181640625
11510657,35.70556640625
11516393,37.59765625
11516782,41.259765625
11534799,36.9873046875
11535019,35.58349609375
11549725,36.62109375
11549942,37.4755859375
11550115,35.94970703125
11560649,40.8935546875
11560856,43.64013671875
11659341,36.92626953125
11684161,39.85595703125
11684649,36.0107421875
11708018,37.41455078125
11709907,38.02490234375
11790155,36.68212890625
11792010,36.2548828125
11836193,37.841796875
11837307,43.76220703125
11890023,37.7197265625
11910584,44.98291015625
11956835,42.724609375
11957996,35.5224609375
12125891,35.64453125
12185095,40.4052734375
12253092,36.376953125
12253128,65.61279296875
12253156,44.43359375
12253183,66.5283203125
12253193,60.85205078125
12253230,42.78564453125
12253295,39.6728515625
12253330,40.58837890625
12253364,46.875
12253393,43.0908203125
12253975,36.19384765625
12292566,39.794921875
12332776,64.453125
12332793,39.55078125
12332815,53.89404296875
12332841,54.0771484375
12332858,37.29248046875
12332883,42.48046875
12332899,37.78076171875
12332932,52.30712890625
12332965,41.3818359375
12332979,36.68212890625
12333021,44.0673828125
12333077,37.4755859375
12333463,36.0107421875
12333774,38.39111328125
12368663,41.93115234375
12368709,53.955078125
12368731,42.29736328125
12368747,44.189453125
12368765,69.9462890625
12368786,50.23193359375
12368824,62.92724609375
12368843,36.19384765625
12368869,38.57421875
12368938,39.48974609375
12368972,50.1708984375
12368997,40.283203125
12369041,38.57421875
12369104,36.2548828125
12369350,37.41455078125
12369384,36.1328125
12369452,40.46630859375
12369606,36.80419921875
12440403,36.07177734375
12440442,40.83251953125
12440479,50.47607421875
12440509,44.7998046875
12440522,60.11962890625
12440552,47.36328125
12440572,36.376953125
12440618,40.10009765625
12440745,37.2314453125
12471595,41.93115234375
12471642,53.03955078125
12471658,73.66943359375
12471684,76.47705078125
12471702,56.82373046875
12471717,39.36767578125
12471742,78.06396484375
12471763,39.00146484375
12471777,52.6123046875
12471822,41.44287109375
12471952,43.3349609375
12471977,37.2314453125
12490898,40.34423828125
12490976,44.677734375
12491011,41.9921875
12491037,45.166015625
12491050,37.90283203125
12491073,37.53662109375
12491104,46.08154296875
12491137,39.24560546875
12491150,54.26025390625
12491196,41.07666015625
12491222,41.015625
12491256,37.90283203125
12491280,38.818359375
12491504,35.70556640625
12539116,41.50390625
12539139,40.52734375
12539153,49.072265625
12539176,55.419921875
12539193,39.85595703125
12539205,52.42919921875
12539220,37.65869140625
12539239,43.5791015625
12539270,60.97412109375
12539293,40.71044921875
12539379,38.818359375
12539391,37.109375
12539444,41.19873046875
12540042,37.17041015625
12540100,35.64453125
12570029,37.90283203125
12570040,38.57421875
12570072,50.10986328125
12570087,38.330078125
12570120,36.43798828125
12570135,72.57080078125
12570160,59.99755859375
12570178,49.31640625
12570201,35.70556640625
12570215,57.92236328125
12570261,49.1943359375
12570280,40.34423828125
12570847,39.55078125
12602655,37.59765625
12602676,38.2080078125
12602699,62.1337890625
12602715,42.1142578125
12602749,45.47119140625
12602775,65.24658203125
12602802,57.9833984375
12602867,37.109375
12602888,40.1611328125
12602909,48.88916015625
12602935,42.1142578125
12603394,38.02490234375
12604062,35.5224609375
12636062,59.63134765625
12636074,54.19921875
12636090,76.7822265625
12636116,49.86572265625
12636131,48.15673828125
12636152,46.69189453125
12636172,57.373046875
12636234,39.4287109375
12636247,44.3115234375
12636262,42.236328125
12636294,44.5556640625
12636329,42.48046875
12636393,51.025390625
12636734,36.43798828125
12636881,39.24560546875
12675682,39.4287109375
12675721,65.00244140625
12675735,37.65869140625
12675765,56.884765625
12675795,54.38232421875
12675812,43.45703125
12675826,51.20849609375
12675861,36.0107421875
12675881,38.330078125
12676169,35.82763671875
12676415,37.41455078125
12676702,37.7197265625
12701881,41.80908203125
12701931,37.841796875
12701943,38.330078125
12701979,45.95947265625
12702001,68.4814453125
12702051,46.142578125
12702064,59.6923828125
12702125,41.32080078125
12702157,42.54150390625
12702200,43.45703125
12735054,40.71044921875
12735076,68.2373046875
12735099,43.8232421875
12735138,37.841796875
12735160,39.36767578125
12735180,45.41015625
12735258,38.0859375
12735330,38.818359375
12735408,36.07177734375
12763807,46.08154296875
12763849,41.50390625
12763881,54.0771484375
12763897,57.12890625
12763911,44.677734375
12763943,40.0390625
12763973,66.58935546875
12764015,42.66357421875
12764151,45.95947265625
12804595,36.2548828125
12804637,42.96875
12804648,54.3212890625
12804662,42.05322265625
12804683,74.0966796875
12804704,62.6220703125
12804716,52.3681640625
12804753,40.0390625
12804826,41.32080078125
12804865,39.6728515625
12804992,36.19384765625
12805053,36.376953125
12805143,43.27392578125
12805191,45.59326171875
12839941,50.9033203125
12839981,39.9169921875
12840001,53.1005859375
12840017,64.5751953125
12840044,58.41064453125
12840073,41.3818359375
12840097,56.15234375
12840160,38.818359375
12840199,36.7431640625
12865157,35.82763671875
12865219,47.79052734375
12865242,52.18505859375
12865263,66.5283203125
12865274,46.875
12865299,64.63623046875
12865340,54.01611328125
12865380,51.7578125
12865431,41.19873046875
12865582,35.82763671875
12865662,39.4287109375
12903735,39.0625
12903776,42.17529296875
12903795,65.49072265625
12903808,40.10009765625
12903838,49.98779296875
12903848,63.1103515625
12903888,57.06787109375
12904011,46.2646484375
12904066,40.22216796875
12904149,36.80419921875
12904422,38.9404296875
12940594,37.53662109375
12940643,45.83740234375
12940661,53.03955078125
12940683,60.05859375
12940706,48.2177734375
12940723,45.95947265625
12940767,39.97802734375
12940868,46.9970703125
12940949,40.52734375
12940986,37.41455078125
12941147,35.70556640625
12941239,37.90283203125
12941701,37.65869140625
12941846,38.9404296875
12956128,49.6826171875
12956153,43.51806640625
12956180,43.0908203125
12956200,46.69189453125
12956221,42.236328125
12956259,63.65966796875
12956274,38.330078125
12956329,39.12353515625
12956353,39.55078125
12956383,39.61181640625
12956417,36.376953125
12956642,37.7197265625
12956977,38.39111328125
12957051,36.9873046875
12987028,47.18017578125
12987058,46.38671875
12987073,48.2177734375
12987119,43.45703125
12987137,63.720703125
12987167,42.8466796875
12987209,36.2548828125
12987249,45.59326171875
12987273,35.888671875
12987363,36.62109375
12987476,37.17041015625
12987537,35.64453125
12987583,40.95458984375
12987767,35.888671875
13024184,40.283203125
13024236,76.47705078125
13024261,41.44287109375
13024290,35.70556640625
13024309,49.01123046875
13024337,47.36328125
13024347,49.560546875
13024358,43.15185546875
13024370,38.14697265625
13024400,48.03466796875
13024415,48.7060546875
13024491,37.04833984375
13024644,38.63525390625
13024921,39.1845703125
13025450,35.94970703125
13048864,60.1806640625
13048876,37.353515625
13048915,44.43359375
13048969,37.9638671875
13048990,39.6728515625
13049011,37.59765625
13049057,36.2548828125
13049076,37.7197265625
13049119,40.71044921875
13049138,48.15673828125
13049171,36.31591796875
13049297,36.68212890625
13049474,40.1611328125
13084573,44.43359375
13084607,58.65478515625
13084618,44.37255859375
13084633,43.5791015625
13084664,45.83740234375
13084688,57.0068359375
13084713,45.0439453125
13084746,46.9970703125
13084803,40.58837890625
13084845,56.5185546875
13084961,40.46630859375
13117306,37.65869140625
13117366,40.22216796875
13117510,36.07177734375
13117618,35.58349609375
13117641,42.8466796875
13117662,39.9169921875
13117751,41.56494140625
13117790,36.0107421875
13117878,40.34423828125
13117909,42.1142578125
13117968,35.82763671875
13117980,36.2548828125
13148347,37.17041015625
13148373,42.6025390625
13148431,43.701171875
13148449,38.9404296875
13148465,49.9267578125
13148494,44.25048828125
13148507,42.78564453125
13148551,48.64501953125
13148604,37.2314453125
13148667,41.80908203125
13148694,36.19384765625
13148714,37.29248046875
13174759,38.0859375
13174843,53.77197265625
13174926,37.04833984375
13174960,51.8798828125
13175054,48.9501953125
13175110,37.17041015625
13175125,42.1142578125
13175290,36.4990234375
13175330,38.6962890625
13203288,43.76220703125
13203321,37.04833984375
13203341,39.55078125
13203352,59.99755859375
13203414,48.7060546875
13203426,52.91748046875
13203459,60.546875
13203478,36.92626953125
13203493,40.52734375
13203553,36.56005859375
13203635,35.58349609375
13203917,45.83740234375
13239183,35.82763671875
13239261,38.63525390625
13239306,49.560546875
13239322,48.03466796875
13239352,36.92626953125
13239363,38.330078125
13239434,49.31640625
13239485,37.78076171875
13239643,36.19384765625
13239678,37.7197265625
13262117,36.1328125
13262184,39.55078125
13262218,35.70556640625
13262242,36.1328125
13262274,41.80908203125
13262297,37.4755859375
13262308,37.7197265625
13262480,36.62109375
13262522,38.2080078125
13262574,36.7431640625
13278512,41.8701171875
13278613,38.57421875
13296393,35.64453125
13296603,35.46142578125
13319120,37.109375
13319476,45.0439453125
13319645,38.75732421875
13319698,38.14697265625
13319762,39.306640625
13319907,38.63525390625
13337464,41.68701171875
13337576,38.6962890625
13337614,38.14697265625
13337629,45.0439453125
13337726,41.259765625
13355572,37.353515625
13356073,40.0390625
13356177,38.0859375
13384337,44.12841796875
13384388,37.65869140625
13384409,52.06298828125
13384466,37.29248046875
13384486,46.0205078125
13384883,40.83251953125
13410253,37.41455078125
13410268,42.90771484375
13410620,38.2080078125
13410826,36.865234375
13426145,36.07177734375
13426206,39.85595703125
13426279,38.02490234375
13426483,41.1376953125
13449502,41.50390625
13449941,37.29248046875
13478489,38.6962890625
13503587,40.771484375
13503647,40.771484375
13528466,42.6025390625
13528526,41.8701171875
13528843,38.0859375
13529025,36.1328125
13529061,39.24560546875
13529075,36.43798828125
13553894,47.05810546875
13554337,35.46142578125
13575830,35.82763671875
13595657,42.05322265625
13595740,39.85595703125
13595775,41.8701171875
13596022,35.64453125
13620865,38.87939453125
13621057,35.70556640625
13621204,36.80419921875
13634157,39.00146484375
13634171,40.83251953125
13652239,37.4755859375
13652330,36.31591796875
13662990,48.7060546875
13670116,39.4287109375
13670177,37.17041015625
13670353,37.53662109375
13670895,35.46142578125
13687819,35.888671875
13711007,36.376953125
13711447,35.94970703125
13737538,37.7197265625
13744240,48.40087890625
13744456,35.5224609375
13751777,36.31591796875
13752692,38.6962890625
13761250,35.46142578125
13871451,36.68212890625
14273812,35.94970703125
14332447,36.7431640625
