11999000,0
34858,32.40966796875
34952,30.57861328125
35029,31.43310546875
35191,35.94970703125
35303,36.2548828125
35343,33.203125
35362,34.1796875
35441,33.63037109375
35457,32.2265625
35529,40.83251953125
35596,30.3955078125
35618,37.78076171875
35691,32.89794921875
35717,34.3017578125
35778,41.259765625
35861,33.203125
35905,32.470703125
35944,32.40966796875
36107,42.66357421875
36141,31.92138671875
36829,30.82275390625
101645,30.1513671875
101703,31.982421875
101805,42.1142578125
101985,33.3251953125
102120,31.67724609375
102136,50.72021484375
102210,39.12353515625
102227,39.12353515625
102296,30.3955078125
102359,30.76171875
102400,32.71484375
102514,42.54150390625
102648,42.17529296875
102751,37.109375
102827,35.33935546875
102958,32.5927734375
103121,32.89794921875
103220,30.2734375
103581,32.28759765625
177258,36.56005859375
177300,37.4755859375
177364,33.99658203125
177421,38.818359375
177484,31.92138671875
177578,33.14208984375
177604,46.875
177624,37.29248046875
177719,31.92138671875
177807,42.48046875
177847,34.1796875
177918,34.912109375
178020,32.3486328125
178047,40.22216796875
178188,31.55517578125
178253,32.16552734375
178847,35.15625
179043,30.6396484375
179315,31.25
236152,38.87939453125
236252,35.888671875
236265,30.70068359375
236332,32.8369140625
236410,35.21728515625
236444,35.70556640625
236525,42.54150390625
236648,36.7431640625
236788,32.28759765625
236978,30.94482421875
237064,34.423828125
287653,32.2265625
287709,33.203125
287873,31.31103515625
287941,33.38623046875
288005,31.8603515625
288053,32.40966796875
288215,31.67724609375
288277,47.66845703125
288352,31.3720703125
288489,35.09521484375
375760,36.68212890625
376055,31.3720703125
376080,33.0810546875
376111,39.55078125
376148,37.2314453125
376201,37.04833984375
376304,30.517578125
376343,33.14208984375
376428,32.3486328125
376483,36.865234375
376548,30.76171875
377082,36.376953125
377139,35.888671875
462538,32.2265625
462637,39.4287109375
462656,32.1044921875
462690,31.55517578125
462848,39.97802734375
462944,32.1044921875
463049,37.65869140625
463104,31.3720703125
463133,30.6396484375
463172,45.654296875
463263,31.3720703125
463292,32.65380859375
463405,30.94482421875
463587,33.935546875
463878,34.912109375
463888,32.28759765625
464163,30.6396484375
464652,33.0810546875
538689,30.76171875
539014,30.33447265625
539085,30.33447265625
539142,31.43310546875
539197,30.6396484375
539215,31.67724609375
539352,30.57861328125
539412,33.69140625
539486,33.75244140625
539614,38.75732421875
539648,39.4287109375
539790,32.8369140625
540087,30.2734375
540126,31.55517578125
540991,31.06689453125
631734,30.57861328125
631902,34.0576171875
632159,32.89794921875
632185,31.3720703125
632248,30.1513671875
632292,39.306640625
632361,33.99658203125
632432,30.8837890625
632507,35.46142578125
632577,30.2734375
632674,31.55517578125
632719,40.283203125
632769,36.865234375
632875,30.2734375
632963,37.29248046875
633083,31.18896484375
633284,30.45654296875
633779,32.3486328125
695372,33.99658203125
695974,31.31103515625
695986,31.31103515625
696055,38.818359375
696085,34.11865234375
696102,34.36279296875
696187,39.794921875
696220,33.3251953125
696465,30.45654296875
696564,33.26416015625
696719,30.517578125
697140,32.89794921875
751052,35.33935546875
751495,32.958984375
751557,35.0341796875
751721,30.82275390625
838098,36.92626953125
838135,32.71484375
838171,43.88427734375
838265,37.41455078125
838289,43.5791015625
838434,31.43310546875
838515,30.8837890625
838589,36.92626953125
838626,33.0810546875
838664,30.76171875
838728,32.28759765625
838764,36.43798828125
838801,31.55517578125
838872,32.89794921875
838935,37.04833984375
838974,31.005859375
839098,38.14697265625
839123,32.3486328125
839140,30.45654296875
840197,33.3251953125
931931,31.8603515625
932208,37.17041015625
932386,37.7197265625
932521,30.8837890625
932626,31.1279296875
932744,31.982421875
932803,33.14208984375
932823,34.66796875
933086,30.76171875
933336,37.9638671875
1000211,39.12353515625
1000399,35.2783203125
1000458,38.39111328125
1000483,35.15625
1000532,30.76171875
1000812,30.3955078125
1000845,35.64453125
1001037,31.55517578125
1001176,32.16552734375
1001495,30.45654296875
1042996,36.2548828125
1043439,33.0810546875
1043620,31.005859375
1122415,31.25
1122651,30.33447265625
1122755,36.376953125
1122854,32.28759765625
1123122,34.0576171875
1123518,34.60693359375
1123623,48.2177734375
1123780,31.982421875
1123855,33.447265625
1202230,31.6162109375
1202337,30.8837890625
1202547,40.95458984375
1202652,33.447265625
1202745,40.771484375
1202785,31.8603515625
1202828,33.935546875
1202853,30.6396484375
1203027,32.77587890625
1203107,31.67724609375
1203292,34.11865234375
1203407,30.2734375
1203671,34.7900390625
1287381,34.1796875
1287392,31.92138671875
1287604,32.04345703125
1287648,30.3955078125
1287704,30.3955078125
1287829,43.212890625
1287842,34.60693359375
1287885,31.1279296875
1287921,31.92138671875
1288002,40.83251953125
1288090,31.06689453125
1288133,37.04833984375
1288208,31.43310546875
1288255,36.2548828125
1288273,31.494140625
1288364,37.65869140625
1288433,30.21240234375
1288471,34.48486328125
1289048,30.94482421875
1289308,31.18896484375
1289701,30.8837890625
1347846,31.18896484375
1348349,30.33447265625
1348444,31.31103515625
1348624,31.3720703125
1348901,31.67724609375
1349135,34.912109375
1349185,31.31103515625
1397045,30.45654296875
1397574,32.1044921875
1397906,30.6396484375
1502011,33.87451171875
1502110,31.06689453125
1502189,30.70068359375
1502200,30.1513671875
1502226,32.89794921875
1502376,30.2734375
1502397,33.69140625
1502438,38.02490234375
1502575,40.95458984375
1502707,32.1044921875
1502873,31.43310546875
1502971,30.1513671875
1503035,30.33447265625
1503261,36.0107421875
1503274,31.18896484375
1503485,30.33447265625
1503759,36.19384765625
1504235,36.4990234375
1504326,32.3486328125
1589228,31.67724609375
1589370,32.3486328125
1589423,35.7666015625
1589539,32.28759765625
1589563,31.005859375
1589714,30.76171875
1589795,34.912109375
1589807,36.2548828125
1589832,34.1796875
1589922,35.2783203125
1590005,36.62109375
1590126,30.70068359375
1590168,31.6162109375
1590281,31.18896484375
1590970,30.76171875
1703642,31.25
1703688,37.78076171875
1703766,37.841796875
1703807,31.8603515625
1703869,41.6259765625
1703987,39.306640625
1704052,34.0576171875
1704110,31.005859375
1704120,34.11865234375
1704226,31.55517578125
1704316,37.841796875
1704445,32.3486328125
1704522,34.24072265625
1704578,30.82275390625
1704620,30.76171875
1704988,30.33447265625
1705216,33.87451171875
1705325,30.70068359375
1705561,30.8837890625
1854462,37.29248046875
1854660,34.48486328125
1854692,34.7900390625
1854737,31.005859375
1854770,31.6162109375
1854976,30.76171875
1855189,40.0390625
1855379,32.89794921875
1855393,35.400390625
1855488,30.21240234375
1855607,34.24072265625
1855939,31.55517578125
1856338,33.75244140625
1856712,33.63037109375
1856918,31.3720703125
1977362,31.31103515625
1977622,36.56005859375
1977727,34.5458984375
1977805,32.958984375
1977856,31.73828125
1977902,30.33447265625
1977931,44.49462890625
1977946,34.36279296875
1977969,37.41455078125
1978005,31.43310546875
1978064,36.19384765625
1978094,32.53173828125
1978125,31.06689453125
1978179,35.94970703125
1978203,32.3486328125
1978289,30.70068359375
1978442,40.95458984375
1978621,32.1044921875
1978653,32.470703125
1979141,32.3486328125
1979335,32.3486328125
1979487,34.7900390625
2102987,32.2265625
2103202,35.33935546875
2103277,33.8134765625
2103334,37.17041015625
2103401,33.38623046875
2103434,39.12353515625
2103482,32.2265625
2103495,32.40966796875
2103528,41.32080078125
2103560,31.005859375
2103628,32.470703125
2103663,34.60693359375
2103702,36.0107421875
2103787,33.50830078125
2103820,38.57421875
2103852,31.06689453125
2104222,31.3720703125
2104374,32.470703125
2104636,35.0341796875
2104851,31.55517578125
2105203,31.8603515625
2183747,33.87451171875
2183815,35.94970703125
2183883,33.50830078125
2183895,33.75244140625
2183918,30.2734375
2183977,35.82763671875
2183994,31.005859375
2184071,46.08154296875
2184103,32.2265625
2184178,35.70556640625
2184277,35.888671875
2184314,30.21240234375
2184373,33.63037109375
2184446,31.982421875
2184528,32.77587890625
2184568,34.0576171875
2184663,32.470703125
2184696,33.38623046875
2184851,38.63525390625
2184970,32.53173828125
2185052,33.0810546875
2185671,32.40966796875
2185905,32.53173828125
2314003,31.8603515625
2314178,33.0810546875
2314215,35.70556640625
2314258,54.26025390625
2314462,35.82763671875
2314481,35.82763671875
2314512,30.70068359375
2314665,30.2734375
2314714,31.8603515625
2314841,31.494140625
2314913,33.0810546875
2314964,33.38623046875
2314991,39.4287109375
2315304,31.1279296875
2315692,33.14208984375
2315935,32.28759765625
2315946,38.0859375
2316048,31.8603515625
2360280,30.1513671875
2361043,34.423828125
2361085,33.75244140625
2361196,33.0810546875
2361227,34.1796875
2361279,38.0859375
2361323,38.330078125
2361596,32.2265625
2361793,35.5224609375
2454063,37.9638671875
2454201,31.67724609375
2454223,32.71484375
2454248,37.90283203125
2454332,39.306640625
2454403,31.6162109375
2454519,33.935546875
2454671,39.794921875
2455112,32.3486328125
2455839,31.25
2550009,39.48974609375
2550255,30.76171875
2550305,31.1279296875
2550371,31.18896484375
2550430,30.517578125
2550566,46.142578125
2550612,33.8134765625
2550650,31.494140625
2550680,30.21240234375
2550795,35.46142578125
2550831,30.76171875
2550877,30.57861328125
2550892,32.89794921875
2550960,31.31103515625
2551093,38.39111328125
2551122,30.76171875
2552191,38.818359375
2658396,34.1796875
2658475,30.70068359375
2658588,36.865234375
2658659,30.70068359375
2658694,38.51318359375
2658822,32.77587890625
2658874,35.94970703125
2659013,31.494140625
2659041,38.14697265625
2659186,31.982421875
2659218,36.68212890625
2659541,30.2734375
2659774,36.1328125
2660033,38.14697265625
2660507,31.18896484375
2751187,31.005859375
2751257,34.60693359375
2751331,37.29248046875
2751506,34.60693359375
2751583,33.0810546875
2751696,31.6162109375
2751710,30.76171875
2751788,31.31103515625
2751911,32.77587890625
2752046,31.79931640625
2752196,33.69140625
2752398,35.94970703125
2752523,31.3720703125
2752948,33.69140625
2848798,31.25
2848840,30.76171875
2848952,30.45654296875
2849019,30.1513671875
2849234,33.935546875
2849308,32.2265625
2849400,32.71484375
2849517,31.43310546875
2849681,33.69140625
2849832,32.28759765625
2849867,31.55517578125
2849989,33.935546875
2850587,31.18896484375
2958559,45.10498046875
2958653,30.45654296875
2958756,37.17041015625
2958845,30.6396484375
2958904,33.203125
2958975,38.02490234375
2959065,40.4052734375
2959096,32.3486328125
2959207,33.447265625
2959245,40.83251953125
2959433,31.43310546875
2959565,30.94482421875
2959799,31.92138671875
2959895,31.1279296875
2959969,32.958984375
3061257,32.40966796875
3061407,44.3115234375
3061459,37.109375
3061505,35.64453125
3061524,31.43310546875
3061633,34.24072265625
3062067,32.40966796875
3062304,32.89794921875
3169092,31.79931640625
3169146,34.24072265625
3169162,31.982421875
3169218,34.97314453125
3169293,30.21240234375
3169303,33.203125
3169355,32.77587890625
3169368,30.2734375
3169470,30.57861328125
3169614,43.45703125
3169793,30.45654296875
3170379,32.65380859375
3286102,31.982421875
3286142,30.6396484375
3286367,38.75732421875
3286407,38.2080078125
3286467,32.1044921875
3286556,31.8603515625
3286585,34.48486328125
3286643,30.76171875
3286685,34.0576171875
3286798,31.8603515625
3286846,39.48974609375
3287148,31.06689453125
3287556,30.45654296875
3382037,31.06689453125
3382212,31.494140625
3382478,32.2265625
3382532,35.15625
3382560,31.8603515625
3382647,30.94482421875
3382708,36.31591796875
3382737,36.865234375
3382803,31.1279296875
3382898,37.04833984375
3383022,32.470703125
3383603,43.39599609375
3383816,33.5693359375
3384165,30.1513671875
3476788,31.92138671875
3476912,30.76171875
3476983,30.33447265625
3477008,32.1044921875
3477164,31.43310546875
3477265,35.21728515625
3477347,36.68212890625
3477370,33.8134765625
3477411,33.99658203125
3477443,31.3720703125
3477673,32.1044921875
3477922,30.76171875
3478094,36.07177734375
3478537,35.70556640625
3571461,39.48974609375
3571474,32.40966796875
3571582,37.2314453125
3571621,35.21728515625
3571699,30.8837890625
3571709,35.09521484375
3571749,30.3955078125
3571976,33.5693359375
3572035,36.376953125
3572157,32.77587890625
3572232,31.43310546875
3572247,45.95947265625
3572329,36.9873046875
3572723,30.21240234375
3572760,34.36279296875
3573451,31.18896484375
3665766,42.05322265625
3665949,40.1611328125
3666054,34.3017578125
3666092,33.02001953125
3666275,32.77587890625
3666339,33.3251953125
3666380,32.470703125
3666670,30.21240234375
3666721,30.57861328125
3666751,32.470703125
3666835,31.18896484375
3666917,38.14697265625
3666980,30.57861328125
3667207,31.25
3753045,35.400390625
3753097,31.31103515625
3753229,31.25
3753265,33.3251953125
3753304,32.470703125
3753349,37.4755859375
3753457,33.447265625
3753608,31.982421875
3753659,30.1513671875
3753771,30.33447265625
3753961,35.21728515625
3754037,30.2734375
3754646,31.3720703125
3754839,30.94482421875
3754978,31.43310546875
3820175,30.57861328125
3820262,32.04345703125
3820314,33.26416015625
3820356,35.2783203125
3820468,36.4990234375
3820617,31.005859375
3820728,36.0107421875
3820788,32.16552734375
3820821,30.2734375
3821006,32.2265625
3821206,31.67724609375
3905377,30.21240234375
3905857,31.1279296875
3906097,33.447265625
3906364,31.1279296875
3906416,34.66796875
3906521,32.16552734375
3906621,30.3955078125
3907431,33.87451171875
3907517,33.63037109375
4003704,33.02001953125
4003961,34.48486328125
4004159,30.517578125
4004267,36.92626953125
4004314,33.447265625
4004404,31.3720703125
4004484,30.21240234375
4004514,35.46142578125
4004552,30.2734375
4004572,41.9921875
4004877,31.31103515625
4004892,33.5693359375
4005341,31.1279296875
4005768,31.06689453125
4094116,31.43310546875
4094163,30.8837890625
4094284,34.7900390625
4094342,30.76171875
4094425,30.57861328125
4094564,33.3251953125
4094609,33.63037109375
4094673,32.53173828125
4094805,33.02001953125
4094952,33.63037109375
4196967,36.80419921875
4197044,33.8134765625
4197076,31.55517578125
4197290,30.3955078125
4197327,35.09521484375
4197342,40.58837890625
4197477,34.60693359375
4197617,31.43310546875
4197851,34.423828125
4197962,35.5224609375
4198307,34.0576171875
4198450,31.1279296875
4198837,33.0810546875
4199526,32.53173828125
4283676,30.76171875
4283754,32.3486328125
4283848,35.2783203125
4283908,30.21240234375
4284076,36.1328125
4284093,33.69140625
4284156,40.46630859375
4284275,31.982421875
4284395,30.517578125
4284465,30.57861328125
4284483,39.24560546875
4284584,36.07177734375
4284905,31.1279296875
4285065,32.958984375
4285187,31.06689453125
4285303,31.494140625
4377508,32.71484375
4377671,46.7529296875
4377694,33.50830078125
4377806,31.1279296875
4377840,37.841796875
4377885,36.1328125
4378139,34.423828125
4378282,35.09521484375
4378328,49.01123046875
4378551,32.8369140625
4378958,30.8837890625
4379413,30.6396484375
4483116,34.11865234375
4483294,46.630859375
4483420,35.15625
4483469,30.45654296875
4483496,32.65380859375
4483512,34.66796875
4483581,32.16552734375
4483602,35.2783203125
4483741,33.50830078125
4483914,31.55517578125
4483979,36.31591796875
4484070,30.82275390625
4484328,31.005859375
4484538,34.5458984375
4484967,30.21240234375
4485001,33.87451171875
4587849,32.16552734375
4587972,31.55517578125
4588072,30.33447265625
4588085,33.38623046875
4588418,32.2265625
4588662,36.0107421875
4588703,30.57861328125
4588721,30.8837890625
4588754,38.0859375
4588823,36.1328125
4588894,33.203125
4589044,31.06689453125
4589166,32.1044921875
4589302,34.5458984375
4589772,32.958984375
4590406,33.5693359375
4685372,30.82275390625
4685506,30.2734375
4685915,31.55517578125
4685974,41.6259765625
4686020,35.82763671875
4686059,33.26416015625
4686142,39.48974609375
4686199,30.82275390625
4686296,31.25
4686534,38.63525390625
4686557,32.958984375
4687358,39.36767578125
4687703,30.70068359375
4688287,35.33935546875
4774167,31.1279296875
4774197,33.3251953125
4774240,30.33447265625
4774263,33.8134765625
4774601,31.06689453125
4774619,32.8369140625
4774780,30.45654296875
4775091,34.48486328125
4775193,32.5927734375
4775427,32.3486328125
4775682,30.94482421875
4867747,33.5693359375
4867781,36.376953125
4867927,33.50830078125
4868030,30.70068359375
4868237,30.76171875
4868313,39.36767578125
4868454,33.8134765625
4868576,32.16552734375
4868681,31.79931640625
4869058,36.865234375
4869136,36.2548828125
4869350,30.76171875
4970171,31.8603515625
4970205,31.1279296875
4970481,32.958984375
4970610,31.67724609375
4970753,30.33447265625
4970801,31.25
4970838,39.48974609375
4970913,31.982421875
4971010,31.494140625
4971055,32.28759765625
4971204,30.70068359375
4971228,38.9404296875
4971252,32.1044921875
4971404,31.06689453125
4971432,30.6396484375
4971528,34.0576171875
4971578,32.16552734375
4971827,30.33447265625
4972130,33.63037109375
5062568,30.57861328125
5062705,33.3251953125
5062733,34.97314453125
5062878,32.04345703125
5062908,30.21240234375
5063104,36.0107421875
5063160,30.2734375
5063294,30.1513671875
5063376,34.423828125
5063609,30.45654296875
5063702,33.63037109375
5064207,33.14208984375
5159426,30.70068359375
5159507,32.65380859375
5159617,34.48486328125
5159826,35.09521484375
5159901,35.46142578125
5159916,36.43798828125
5159943,35.33935546875
5160023,31.6162109375
5160150,38.14697265625
5160350,30.21240234375
5160473,33.99658203125
5160483,34.97314453125
5160613,34.24072265625
5160664,33.26416015625
5161002,31.79931640625
5161476,34.3017578125
5161574,32.77587890625
5161822,31.3720703125
5161871,32.28759765625
5258068,30.82275390625
5258632,34.1796875
5258756,30.3955078125
5259050,44.49462890625
5259974,31.79931640625
5364844,32.53173828125
5364933,31.31103515625
5365114,31.67724609375
5365244,50.84228515625
5365434,41.19873046875
5365467,30.21240234375
5471193,31.1279296875
5471489,30.76171875
5471691,30.517578125
5472004,32.40966796875
5472219,43.45703125
5472475,30.21240234375
5472524,30.3955078125
5472907,37.59765625
5580823,35.33935546875
5581069,34.72900390625
5581176,35.58349609375
5581204,35.58349609375
5581414,39.97802734375
5581526,33.447265625
5581586,36.80419921875
5581931,32.470703125
5582049,36.376953125
5582091,35.64453125
5582178,30.3955078125
5582442,30.94482421875
5670500,36.62109375
5670714,31.1279296875
5670804,33.75244140625
5670887,31.31103515625
5671020,37.109375
5671291,35.94970703125
5671575,32.8369140625
5671639,37.353515625
5671980,30.45654296875
5672207,32.71484375
5724095,34.48486328125
5724402,31.982421875
5724593,32.04345703125
5724623,30.1513671875
5724679,31.73828125
5724803,37.841796875
5724907,30.21240234375
5725103,36.68212890625
5725621,30.94482421875
5726083,42.96875
5828811,33.02001953125
5828914,41.07666015625
5828935,30.94482421875
5828990,31.43310546875
5829049,30.94482421875
5829110,30.517578125
5829348,31.79931640625
5829383,32.8369140625
5829498,32.5927734375
5829676,30.2734375
5829981,30.45654296875
5830024,30.2734375
5943235,41.9921875
5943298,33.50830078125
5943344,39.73388671875
5943416,39.36767578125
5943559,34.36279296875
5943694,38.75732421875
5943766,43.212890625
5943986,35.21728515625
6061102,33.935546875
6061523,30.76171875
6061662,38.26904296875
6061830,38.39111328125
6061847,30.76171875
6061870,39.36767578125
6062502,32.04345703125
6062987,32.77587890625
6177717,31.494140625
6177758,33.50830078125
6177840,32.2265625
6177974,38.0859375
6177995,31.8603515625
6178058,31.06689453125
6178074,35.2783203125
6178208,35.64453125
6178424,31.494140625
6178446,36.43798828125
6178529,34.0576171875
6178547,32.71484375
6178703,32.2265625
6179444,31.982421875
6179703,33.50830078125
6180278,31.8603515625
6296618,33.3251953125
6296714,37.90283203125
6296875,31.3720703125
6296888,45.47119140625
6297269,38.02490234375
6297333,32.65380859375
6297371,32.77587890625
6298145,32.5927734375
6298239,32.470703125
6420378,36.43798828125
6420588,31.06689453125
6420617,38.39111328125
6420641,31.67724609375
6420956,32.16552734375
6421384,31.55517578125
6421464,31.3720703125
6421906,32.1044921875
6422421,31.73828125
6422520,34.7900390625
6422538,30.2734375
6569735,37.78076171875
6569820,30.70068359375
6570119,39.0625
6571786,30.82275390625
6721382,41.56494140625
6721484,32.77587890625
6721534,33.02001953125
6721591,32.65380859375
6721681,32.40966796875
6721856,38.26904296875
6722204,30.70068359375
6722252,30.1513671875
6723425,31.005859375
6723609,30.76171875
6841128,31.43310546875
6841242,30.2734375
6841596,36.07177734375
6841940,30.1513671875
6842417,31.31103515625
6981164,30.1513671875
6981506,31.494140625
6981534,31.67724609375
6981578,38.14697265625
6982492,31.92138671875
7088552,34.11865234375
7088597,30.57861328125
7088662,31.92138671875
7088742,30.94482421875
7088867,33.0810546875
7088898,31.6162109375
7089128,35.46142578125
7089639,32.2265625
7196081,30.33447265625
7196572,30.8837890625
7196625,34.97314453125
7196647,30.94482421875
7196674,35.82763671875
7196992,31.6162109375
7197204,32.89794921875
7197264,31.005859375
7197307,36.9873046875
7306089,32.65380859375
7306260,31.3720703125
7306291,30.76171875
7306410,31.494140625
7306524,34.97314453125
7306767,31.982421875
7307169,30.76171875
7307488,31.06689453125
7307534,30.3955078125
7438649,34.423828125
7438755,33.87451171875
7438839,31.55517578125
7438983,32.77587890625
7439012,33.26416015625
7439120,31.005859375
7540018,33.203125
7540171,32.1044921875
7540228,30.21240234375
7540934,31.67724609375
7540951,30.33447265625
7541153,32.3486328125
7541206,30.94482421875
7671969,31.005859375
7672337,32.89794921875
7672481,31.25
7672509,32.8369140625
7672640,33.69140625
7673422,30.6396484375
7783609,36.7431640625
7783712,32.40966796875
7783766,31.005859375
7783844,34.11865234375
7783915,34.48486328125
7783939,33.14208984375
7784040,30.6396484375
7784336,32.89794921875
7898854,34.48486328125
7898980,30.57861328125
7899281,30.33447265625
7899985,35.94970703125
8047025,34.36279296875
8047185,31.73828125
8047529,33.203125
8047824,33.26416015625
8047875,31.3720703125
8048378,35.5224609375
8048592,33.87451171875
8153145,31.73828125
8153448,31.31103515625
8153633,31.8603515625
8153682,41.8701171875
8153693,33.69140625
8153733,30.8837890625
8154032,38.39111328125
8268423,30.1513671875
8268713,39.0625
8268816,37.2314453125
8268911,31.79931640625
8268985,39.1845703125
8269374,37.78076171875
8270101,31.31103515625
8270679,33.38623046875
8369237,30.8837890625
8369298,30.8837890625
8369476,31.1279296875
8369558,32.958984375
8369576,33.38623046875
8369862,34.11865234375
8369885,30.6396484375
8370204,30.76171875
8371273,33.69140625
8499285,31.67724609375
8499321,38.0859375
8500063,31.8603515625
8500215,33.75244140625
8500511,32.1044921875
8624693,31.31103515625
8624848,33.26416015625
8625402,33.8134765625
8626049,32.3486328125
8626440,30.1513671875
8733056,30.21240234375
8733248,32.04345703125
8733293,38.0859375
8733459,33.38623046875
8852983,34.48486328125
8853164,36.62109375
8853416,33.3251953125
8854833,35.09521484375
8854854,31.18896484375
8978269,30.45654296875
8978595,31.3720703125
8978665,30.70068359375
8978733,39.55078125
8978809,43.27392578125
8979421,31.982421875
8979579,31.06689453125
9083718,31.06689453125
9083790,37.65869140625
9084791,35.21728515625
9084831,30.33447265625
9225812,31.92138671875
9226676,32.65380859375
9226773,35.400390625
9226909,34.24072265625
9227644,35.400390625
9228879,30.2734375
9373277,30.3955078125
9373301,30.82275390625
9493430,30.2734375
9493561,33.0810546875
9493614,36.80419921875
9493782,32.89794921875
9493879,31.06689453125
9495215,32.1044921875
9619586,30.8837890625
9619861,30.517578125
9619993,31.494140625
9739634,31.6162109375
9739782,30.82275390625
9739823,30.33447265625
9739842,33.69140625
9740363,30.3955078125
9740557,31.06689453125
9740742,31.92138671875
9908791,30.517578125
9908822,31.43310546875
9909067,30.1513671875
9909368,31.67724609375
9910002,30.33447265625
10066403,34.1796875
10066440,32.40966796875
10066575,30.8837890625
10067257,32.04345703125
10067864,31.005859375
10189952,32.16552734375
10190055,31.92138671875
10190194,30.6396484375
10190848,32.53173828125
10190983,31.1279296875
10191469,31.005859375
10329552,33.38623046875
10330315,33.8134765625
10330435,33.02001953125
10464497,32.2265625
10464876,33.203125
10465364,35.888671875
10465575,34.48486328125
10466063,33.69140625
10466236,30.70068359375
10627071,33.203125
10627306,31.982421875
10627406,30.517578125
10755179,30.70068359375
10755541,33.38623046875
10755730,32.1044921875
10756096,32.8369140625
10756395,30.3955078125
10938409,31.06689453125
10938505,33.0810546875
10938717,30.70068359375
10939281,32.77587890625
11094525,30.33447265625
11094575,30.8837890625
11094600,35.0341796875
11094677,31.982421875
11252603,33.02001953125
11252855,30.82275390625
11253391,30.21240234375
11253635,31.43310546875
11377924,34.24072265625
11378589,31.6162109375
11378687,33.203125
11378815,30.6396484375
11622476,30.517578125
11623070,38.2080078125
11623268,33.26416015625
11623282,30.57861328125
11791471,30.3955078125
11792333,30.57861328125
11966368,30.45654296875
11966694,31.92138671875
