11999000,0
35007,29.84619140625
35038,37.841796875
35077,42.90771484375
35109,30.33447265625
35142,30.70068359375
35174,46.32568359375
35210,41.80908203125
35221,30.76171875
35258,42.724609375
35270,43.212890625
35296,37.41455078125
35335,36.31591796875
35369,47.18017578125
35390,44.0673828125
35411,33.203125
35437,60.302734375
35467,30.57861328125
35484,37.109375
35536,31.92138671875
35563,39.4287109375
35587,37.78076171875
35616,37.353515625
35640,51.94091796875
35651,49.4384765625
35697,30.82275390625
35720,36.92626953125
35755,30.8837890625
35775,30.3955078125
35794,29.296875
35823,29.541015625
35885,38.818359375
35915,44.921875
35932,30.82275390625
35945,36.9873046875
35982,31.8603515625
36007,35.94970703125
36077,30.57861328125
36092,31.005859375
36134,38.0859375
36252,40.46630859375
36292,29.35791015625
36334,30.21240234375
36351,32.40966796875
36398,28.80859375
36482,32.16552734375
36545,30.2734375
36606,28.9306640625
36632,29.9072265625
36647,32.5927734375
36767,28.99169921875
36801,29.78515625
36825,33.26416015625
36865,29.11376953125
36898,32.28759765625
37416,29.72412109375
101806,32.53173828125
101859,28.99169921875
101939,29.9072265625
101973,43.51806640625
101996,41.1376953125
102025,31.005859375
102055,41.015625
102120,30.029296875
102133,47.7294921875
102167,32.40966796875
102187,32.5927734375
102215,29.4189453125
102242,48.88916015625
102268,29.6630859375
102282,39.6728515625
102312,38.2080078125
102325,37.4755859375
102356,28.74755859375
102379,39.9169921875
102397,29.11376953125
102422,42.724609375
102450,35.400390625
102487,32.77587890625
102509,41.50390625
102524,56.70166015625
102598,42.724609375
102627,32.77587890625
102654,53.40576171875
102670,29.4189453125
102701,48.64501953125
102734,35.70556640625
102766,32.958984375
102793,29.9072265625
102835,37.353515625
102854,32.8369140625
102907,41.50390625
102920,37.59765625
102964,39.36767578125
102975,34.48486328125
103055,36.4990234375
103111,39.55078125
103128,38.2080078125
103238,31.06689453125
103253,32.958984375
103287,38.0859375
103304,34.3017578125
103359,36.43798828125
103378,30.6396484375
103397,31.25
103533,29.4189453125
103575,31.25
103632,32.89794921875
103692,29.4189453125
103948,28.80859375
103978,29.541015625
104291,29.84619140625
176973,29.6630859375
177081,41.9921875
177091,37.17041015625
177131,32.958984375
177159,43.88427734375
177202,32.89794921875
177218,36.92626953125
177298,34.85107421875
177337,29.11376953125
177353,35.58349609375
177383,43.02978515625
177412,54.38232421875
177423,36.0107421875
177460,48.03466796875
177473,33.02001953125
177508,46.20361328125
177524,41.259765625
177576,30.8837890625
177606,38.6962890625
177619,46.2646484375
177646,35.33935546875
177691,30.517578125
177707,54.3212890625
177744,34.912109375
177757,64.51416015625
177792,38.26904296875
177811,45.7763671875
177833,30.21240234375
177883,32.65380859375
177931,29.1748046875
177989,37.65869140625
178067,29.72412109375
178096,42.1142578125
178131,37.04833984375
178196,35.58349609375
178291,32.28759765625
178308,34.423828125
178354,28.80859375
178401,31.494140625
178417,42.29736328125
178524,30.1513671875
178547,35.09521484375
178594,45.654296875
178693,29.9072265625
178721,33.63037109375
178788,30.82275390625
178915,31.43310546875
178954,30.70068359375
179042,34.7900390625
179204,31.494140625
179243,30.45654296875
179380,31.92138671875
179894,30.70068359375
180357,30.6396484375
235484,28.74755859375
235590,30.6396484375
236137,33.99658203125
236170,36.4990234375
236200,42.78564453125
236210,30.1513671875
236270,38.51318359375
236300,61.8896484375
236331,43.3349609375
236375,36.9873046875
236433,40.1611328125
236447,34.11865234375
236468,28.74755859375
236498,41.56494140625
236533,33.87451171875
236554,42.3583984375
236589,42.78564453125
236632,30.21240234375
236650,31.73828125
236698,30.76171875
236768,29.96826171875
236876,29.6630859375
236913,47.79052734375
236927,33.3251953125
236965,29.4189453125
236993,33.02001953125
237024,42.1142578125
237044,31.92138671875
237139,37.841796875
237214,36.2548828125
237243,33.63037109375
237294,37.41455078125
237386,30.33447265625
237485,36.9873046875
237583,29.35791015625
237839,31.8603515625
238514,29.6630859375
287251,32.28759765625
287369,29.78515625
287547,32.5927734375
287654,34.3017578125
287676,34.0576171875
287751,31.73828125
287789,29.9072265625
287823,40.8935546875
287853,33.935546875
287877,35.0341796875
287904,31.18896484375
287920,46.69189453125
287959,30.45654296875
287982,36.0107421875
288007,42.1142578125
288058,37.78076171875
288080,32.2265625
288118,45.34912109375
288149,33.447265625
288187,39.4287109375
288225,43.02978515625
288237,32.89794921875
288283,38.2080078125
288345,31.31103515625
288398,37.109375
288415,30.2734375
288447,29.6630859375
288476,32.1044921875
288486,31.67724609375
288512,32.1044921875
288528,29.60205078125
288592,29.6630859375
288622,34.11865234375
288694,30.3955078125
288850,29.96826171875
288884,29.11376953125
288905,28.80859375
288939,28.80859375
289035,28.80859375
289080,29.296875
289189,36.1328125
289303,28.99169921875
289332,30.70068359375
375703,30.57861328125
375796,33.38623046875
375863,32.65380859375
375923,32.16552734375
375963,29.9072265625
376012,29.1748046875
376042,30.21240234375
376055,40.283203125
376142,31.8603515625
376232,42.96875
376278,40.71044921875
376316,35.5224609375
376361,38.75732421875
376380,32.2265625
376401,32.71484375
376431,29.4189453125
376465,35.58349609375
376518,35.70556640625
376534,48.15673828125
376565,32.53173828125
376581,47.607421875
376592,41.68701171875
376622,38.02490234375
376635,47.36328125
376688,29.84619140625
376710,35.15625
376735,35.400390625
376779,41.44287109375
376793,51.513671875
376815,37.41455078125
376846,36.2548828125
376879,44.86083984375
376897,30.09033203125
376908,33.87451171875
376942,30.57861328125
376965,42.724609375
377004,35.46142578125
377028,29.84619140625
377062,34.48486328125
377099,35.58349609375
377182,31.3720703125
377208,30.1513671875
377225,29.23583984375
377322,30.8837890625
377348,38.14697265625
377376,39.306640625
377396,33.75244140625
377419,49.98779296875
377464,28.99169921875
377595,31.6162109375
377678,32.16552734375
377790,29.6630859375
377897,36.62109375
378271,30.70068359375
378480,29.84619140625
462094,30.33447265625
462415,29.6630859375
462507,37.9638671875
462533,33.935546875
462573,33.3251953125
462615,34.7900390625
462632,36.2548828125
462655,33.0810546875
462687,35.09521484375
462710,49.1943359375
462753,29.296875
462767,34.7900390625
462800,28.74755859375
462822,38.9404296875
462856,32.40966796875
462893,31.8603515625
462924,69.4580078125
462942,40.95458984375
462956,30.3955078125
463005,29.60205078125
463016,28.99169921875
463029,53.8330078125
463051,40.8935546875
463101,42.17529296875
463127,41.259765625
463174,38.9404296875
463200,42.48046875
463262,35.70556640625
463326,48.15673828125
463359,39.12353515625
463424,33.38623046875
463456,39.00146484375
463480,34.36279296875
463535,32.40966796875
463554,29.9072265625
463579,28.9306640625
463710,30.029296875
463869,34.66796875
463896,30.21240234375
463907,31.73828125
463960,31.43310546875
464019,36.2548828125
464086,32.77587890625
464121,31.6162109375
464313,34.72900390625
464395,30.2734375
464439,43.88427734375
464676,35.888671875
464686,34.24072265625
538832,44.0673828125
538882,31.06689453125
539106,30.09033203125
539155,34.3017578125
539182,33.63037109375
539220,45.41015625
539243,32.71484375
539272,41.19873046875
539331,39.73388671875
539357,31.73828125
539386,54.19921875
539426,32.53173828125
539497,29.1748046875
539522,29.4189453125
539627,43.5791015625
539648,37.841796875
539688,60.6689453125
539710,39.0625
539749,38.39111328125
539772,35.33935546875
539793,44.5556640625
539823,32.65380859375
539841,34.72900390625
539898,37.59765625
539923,33.02001953125
539958,39.36767578125
540035,30.76171875
540046,33.8134765625
540104,37.29248046875
540330,29.4189453125
540379,31.3720703125
540408,40.6494140625
540529,30.21240234375
540651,30.82275390625
540686,29.6630859375
540796,31.8603515625
540830,34.3017578125
631607,33.69140625
631737,29.4189453125
631952,32.3486328125
631976,38.14697265625
632010,31.06689453125
632041,36.376953125
632061,31.3720703125
632104,33.50830078125
632133,33.0810546875
632161,42.66357421875
632187,57.06787109375
632205,38.330078125
632221,31.8603515625
632260,34.66796875
632293,45.41015625
632308,42.724609375
632345,42.6025390625
632364,46.32568359375
632394,34.5458984375
632406,36.43798828125
632438,47.119140625
632458,31.1279296875
632471,34.1796875
632511,37.17041015625
632532,41.07666015625
632586,29.60205078125
632598,34.912109375
632643,30.517578125
632678,36.56005859375
632713,39.36767578125
632728,54.26025390625
632771,39.73388671875
632799,35.09521484375
632825,29.23583984375
632844,31.55517578125
632880,29.4189453125
633059,37.7197265625
633110,31.005859375
633120,34.5458984375
633200,29.96826171875
633271,32.1044921875
633286,47.05810546875
633756,31.06689453125
633777,29.96826171875
633892,36.80419921875
633967,29.96826171875
634037,32.2265625
634051,34.0576171875
634148,37.41455078125
634316,32.1044921875
634355,32.53173828125
634367,33.02001953125
695203,35.400390625
695373,29.1748046875
695657,31.6162109375
695737,37.53662109375
695796,44.61669921875
695904,35.21728515625
695926,43.701171875
695966,30.2734375
695994,31.73828125
696013,28.9306640625
696048,42.54150390625
696072,33.935546875
696110,29.541015625
696147,30.029296875
696186,37.7197265625
696258,29.78515625
696300,34.60693359375
696319,38.26904296875
696336,34.97314453125
696376,34.3017578125
696451,34.85107421875
696490,56.21337890625
696506,35.94970703125
696569,39.36767578125
696594,32.77587890625
696618,33.14208984375
696697,29.9072265625
696717,31.494140625
696809,37.65869140625
696840,30.57861328125
697156,32.2265625
697377,35.64453125
697457,31.005859375
697785,32.53173828125
750882,34.60693359375
751061,31.06689453125
751144,33.935546875
751195,28.9306640625
751214,31.25
751249,37.109375
751295,34.48486328125
751335,29.6630859375
751360,38.57421875
751392,44.7998046875
751421,42.3583984375
751532,41.19873046875
751564,32.8369140625
751591,28.74755859375
751613,29.23583984375
751651,29.1748046875
751746,36.7431640625
751803,30.82275390625
751896,35.15625
751993,30.45654296875
752062,43.51806640625
752091,35.7666015625
752277,29.47998046875
752333,29.35791015625
752456,30.6396484375
752870,31.18896484375
837736,29.052734375
837869,31.8603515625
837923,30.6396484375
837941,30.09033203125
838019,36.7431640625
838064,33.8134765625
838108,32.40966796875
838126,29.4189453125
838164,33.447265625
838185,29.541015625
838233,29.11376953125
838247,50.9033203125
838284,33.02001953125
838332,40.46630859375
838372,34.0576171875
838424,34.1796875
838452,34.0576171875
838468,37.353515625
838522,43.64013671875
838550,33.5693359375
838574,35.2783203125
838646,32.958984375
838670,30.70068359375
838695,43.9453125
838723,33.02001953125
838737,28.86962890625
838762,30.8837890625
838790,32.470703125
838832,34.85107421875
838858,43.5791015625
838881,30.6396484375
838903,32.65380859375
838935,30.09033203125
838962,44.43359375
838975,42.54150390625
839026,32.8369140625
839135,29.296875
839158,36.56005859375
839198,30.029296875
839223,33.203125
839248,44.43359375
839285,39.48974609375
839377,28.9306640625
839417,36.4990234375
839435,32.8369140625
839467,33.87451171875
839498,36.9873046875
839545,29.35791015625
839587,38.2080078125
839622,28.99169921875
839638,41.748046875
839653,34.3017578125
839693,34.48486328125
839737,36.7431640625
839808,31.1279296875
839862,31.79931640625
840014,30.45654296875
840085,29.6630859375
840133,36.0107421875
840187,29.84619140625
840213,32.1044921875
840361,32.65380859375
840388,29.96826171875
840446,43.02978515625
840461,29.23583984375
840588,30.6396484375
840626,34.48486328125
840916,32.8369140625
841269,31.494140625
931948,31.005859375
931979,37.78076171875
932027,29.72412109375
932052,32.71484375
932115,32.2265625
932153,49.1943359375
932178,34.11865234375
932217,30.1513671875
932238,36.376953125
932264,29.4189453125
932287,33.14208984375
932333,42.05322265625
932372,32.04345703125
932386,28.86962890625
932416,30.33447265625
932440,37.53662109375
932462,39.73388671875
932524,33.203125
932541,39.306640625
932560,35.21728515625
932588,30.76171875
932610,28.74755859375
932630,36.62109375
932651,30.45654296875
932705,41.015625
932743,47.7294921875
932790,31.55517578125
932817,28.86962890625
932835,55.2978515625
932874,40.58837890625
932983,30.45654296875
933006,37.78076171875
933022,38.0859375
933060,49.8046875
933098,29.052734375
933137,38.14697265625
933155,32.53173828125
933172,38.4521484375
933224,37.109375
933315,37.04833984375
933368,30.8837890625
933433,32.40966796875
933450,31.18896484375
933466,29.541015625
933561,41.93115234375
933726,32.1044921875
933921,31.005859375
933973,29.23583984375
934369,31.92138671875
934407,32.28759765625
934509,29.23583984375
999847,32.65380859375
999928,32.04345703125
1000133,38.26904296875
1000157,32.28759765625
1000189,34.72900390625
1000207,32.958984375
1000233,33.50830078125
1000247,57.0068359375
1000280,28.80859375
1000299,52.91748046875
1000315,35.46142578125
1000344,32.1044921875
1000380,37.78076171875
1000441,28.9306640625
1000462,29.541015625
1000509,34.423828125
1000586,32.71484375
1000617,33.69140625
1000658,29.72412109375
1000670,36.19384765625
1000720,43.212890625
1000735,30.57861328125
1000757,29.6630859375
1000857,31.6162109375
1000877,39.4287109375
1000939,32.958984375
1000949,42.29736328125
1001005,33.50830078125
1001029,33.447265625
1001089,33.447265625
1001148,28.86962890625
1001237,32.65380859375
1001621,33.447265625
1001693,39.9169921875
1042878,36.80419921875
1043009,30.2734375
1043134,32.470703125
1043184,35.5224609375
1043219,32.5927734375
1043307,30.76171875
1043327,35.70556640625
1043369,34.423828125
1043400,41.9921875
1043428,34.1796875
1043443,29.72412109375
1043526,31.005859375
1043599,34.423828125
1043657,30.76171875
1043679,37.2314453125
1043762,35.400390625
1043814,32.40966796875
1043839,30.029296875
1044153,37.841796875
1044167,31.005859375
1044348,28.86962890625
1044452,32.2265625
1122456,31.79931640625
1122528,36.1328125
1122585,29.052734375
1122712,29.84619140625
1122837,33.0810546875
1122850,43.02978515625
1122921,30.94482421875
1122983,44.49462890625
1123091,37.29248046875
1123144,43.76220703125
1123171,29.96826171875
1123243,41.19873046875
1123277,37.53662109375
1123293,40.83251953125
1123351,36.4990234375
1123375,43.64013671875
1123413,36.376953125
1123426,37.841796875
1123459,29.35791015625
1123479,32.8369140625
1123494,28.86962890625
1123528,46.9970703125
1123596,41.015625
1123619,33.447265625
1123653,35.82763671875
1123671,29.72412109375
1123701,37.59765625
1123795,29.4189453125
1123838,35.46142578125
1123858,36.92626953125
1123882,41.6259765625
1123899,31.005859375
1124037,31.005859375
1124061,29.1748046875
1124120,33.99658203125
1124160,32.470703125
1124250,29.96826171875
1201329,30.21240234375
1202102,30.94482421875
1202160,35.5224609375
1202203,29.052734375
1202250,32.1044921875
1202279,33.935546875
1202291,30.3955078125
1202337,28.74755859375
1202352,45.34912109375
1202394,30.2734375
1202428,43.9453125
1202476,31.982421875
1202525,35.70556640625
1202549,34.66796875
1202604,32.89794921875
1202676,32.3486328125
1202704,39.9169921875
1202784,35.09521484375
1202812,30.70068359375
1202834,48.15673828125
1202857,37.2314453125
1202886,38.4521484375
1202908,42.05322265625
1202933,29.1748046875
1203008,29.72412109375
1203066,33.26416015625
1203170,34.3017578125
1203410,31.31103515625
1203467,31.3720703125
1203538,29.6630859375
1203585,31.982421875
1203692,33.8134765625
1203721,29.84619140625
1203905,34.11865234375
1204193,29.052734375
1286979,28.80859375
1286996,29.72412109375
1287228,34.1796875
1287296,32.958984375
1287335,32.53173828125
1287366,41.8701171875
1287381,38.14697265625
1287442,40.58837890625
1287470,37.65869140625
1287481,30.82275390625
1287547,30.94482421875
1287600,32.958984375
1287632,30.6396484375
1287686,31.18896484375
1287727,33.75244140625
1287739,35.7666015625
1287784,35.5224609375
1287801,41.93115234375
1287823,42.96875
1287836,30.09033203125
1287914,50.23193359375
1287930,30.45654296875
1287962,30.2734375
1288038,45.8984375
1288051,43.15185546875
1288089,29.9072265625
1288144,35.46142578125
1288164,29.72412109375
1288179,33.0810546875
1288212,34.97314453125
1288261,39.0625
1288339,37.4755859375
1288389,31.55517578125
1288480,30.57861328125
1288528,39.24560546875
1288574,31.92138671875
1288597,35.400390625
1288627,34.423828125
1288662,31.55517578125
1288699,36.4990234375
1288748,30.45654296875
1288833,45.0439453125
1288876,29.23583984375
1288924,29.296875
1289049,32.16552734375
1289071,28.86962890625
1289103,35.09521484375
1289372,31.67724609375
1289440,31.1279296875
1289520,28.9306640625
1347618,33.3251953125
1347837,29.23583984375
1347996,32.1044921875
1348072,32.28759765625
1348218,35.82763671875
1348297,30.029296875
1348372,36.19384765625
1348408,33.203125
1348448,32.3486328125
1348477,33.5693359375
1348487,29.60205078125
1348546,29.6630859375
1348560,30.8837890625
1348602,39.97802734375
1348615,31.31103515625
1348645,28.99169921875
1348685,34.11865234375
1348810,31.6162109375
1348848,32.1044921875
1348863,34.36279296875
1348914,35.09521484375
1348935,29.11376953125
1348974,44.61669921875
1349090,40.0390625
1349136,31.92138671875
1349803,30.70068359375
1396705,30.45654296875
1396957,30.3955078125
1397206,29.47998046875
1397413,30.3955078125
1397451,29.1748046875
1397528,29.72412109375
1397552,36.92626953125
1397634,30.6396484375
1397790,32.04345703125
1397914,35.7666015625
1398103,28.86962890625
1398216,29.35791015625
1398692,35.70556640625
1398916,28.80859375
1399209,32.958984375
1501843,29.60205078125
1502005,30.21240234375
1502026,33.02001953125
1502112,33.14208984375
1502146,35.15625
1502191,29.6630859375
1502217,43.8232421875
1502240,38.2080078125
1502265,34.24072265625
1502295,31.982421875
1502329,31.06689453125
1502365,29.60205078125
1502403,49.25537109375
1502433,53.1005859375
1502463,48.095703125
1502491,32.28759765625
1502531,34.7900390625
1502560,64.3310546875
1502572,42.29736328125
1502601,39.55078125
1502611,34.97314453125
1502669,33.0810546875
1502690,29.72412109375
1502736,37.7197265625
1502758,29.4189453125
1502792,44.5556640625
1502811,32.53173828125
1502839,37.4755859375
1502857,46.875
1502902,29.9072265625
1502919,40.46630859375
1502953,36.9873046875
1503039,28.86962890625
1503068,33.3251953125
1503106,34.36279296875
1503121,29.296875
1503227,30.09033203125
1503307,33.99658203125
1503447,39.24560546875
1503500,32.16552734375
1503544,35.400390625
1503575,30.3955078125
1503601,29.296875
1503688,29.11376953125
1503794,35.70556640625
1503947,41.015625
1503972,29.23583984375
1504023,30.3955078125
1504041,28.9306640625
1504171,40.283203125
1504350,29.9072265625
1504686,32.958984375
1504919,28.80859375
1505271,28.86962890625
1588673,33.0810546875
1588762,29.296875
1589283,33.5693359375
1589306,39.61181640625
1589422,32.5927734375
1589456,35.0341796875
1589573,36.1328125
1589608,37.17041015625
1589629,33.203125
1589654,36.43798828125
1589678,47.2412109375
1589727,36.7431640625
1589752,44.677734375
1589772,49.13330078125
1589793,32.958984375
1589822,34.85107421875
1589836,29.6630859375
1589860,47.79052734375
1589942,29.6630859375
1589960,48.33984375
1590025,29.78515625
1590079,34.24072265625
1590148,37.109375
1590184,30.517578125
1590201,41.07666015625
1590226,41.44287109375
1590239,30.82275390625
1590258,31.982421875
1590309,44.43359375
1590372,33.75244140625
1590394,38.26904296875
1590473,30.1513671875
1590582,33.5693359375
1590616,29.296875
1590638,33.26416015625
1590683,35.2783203125
1590719,30.3955078125
1590766,36.92626953125
1590793,29.47998046875
1590858,29.47998046875
1590902,31.43310546875
1590936,29.052734375
1590952,34.24072265625
1591473,33.26416015625
1703550,29.47998046875
1703669,30.029296875
1703683,43.27392578125
1703722,33.99658203125
1703742,31.18896484375
1703786,34.85107421875
1703844,36.865234375
1703880,45.71533203125
1703914,28.86962890625
1703934,30.76171875
1703947,29.72412109375
1703976,32.77587890625
1703988,35.400390625
1704040,51.3916015625
1704064,32.04345703125
1704093,33.447265625
1704107,40.8935546875
1704137,31.005859375
1704164,39.24560546875
1704178,40.8935546875
1704194,28.99169921875
1704225,37.29248046875
1704249,40.4052734375
1704330,31.8603515625
1704349,35.33935546875
1704366,30.82275390625
1704381,29.72412109375
1704413,35.09521484375
1704461,32.3486328125
1704501,34.97314453125
1704574,30.76171875
1704603,45.34912109375
1704616,29.23583984375
1704735,33.69140625
1704758,35.33935546875
1704788,31.005859375
1704835,29.052734375
1704946,31.982421875
1704963,46.5087890625
1705027,28.80859375
1705084,34.0576171875
1705115,33.02001953125
1705180,29.541015625
1705193,28.9306640625
1705317,34.11865234375
1705377,34.7900390625
1705442,31.43310546875
1705549,29.96826171875
1705568,28.74755859375
1705583,33.14208984375
1705601,44.37255859375
1705781,32.958984375
1705836,31.06689453125
1705864,32.470703125
1705936,31.005859375
1706444,34.0576171875
1854459,32.470703125
1854522,30.6396484375
1854578,29.84619140625
1854601,28.74755859375
1854651,32.958984375
1854673,44.49462890625
1854687,47.119140625
1854723,42.90771484375
1854746,51.7578125
1854772,34.1796875
1854782,41.9921875
1854805,38.0859375
1854855,39.85595703125
1854874,31.18896484375
1854889,45.34912109375
1854912,32.5927734375
1854928,33.935546875
1854957,49.31640625
1854984,35.15625
1855014,37.17041015625
1855036,39.61181640625
1855055,41.50390625
1855083,40.8935546875
1855107,40.58837890625
1855145,41.50390625
1855168,40.22216796875
1855203,37.4755859375
1855224,29.96826171875
1855258,67.3828125
1855272,49.1943359375
1855319,34.97314453125
1855330,35.82763671875
1855376,55.84716796875
1855439,38.6962890625
1855468,41.259765625
1855487,32.89794921875
1855507,40.34423828125
1855561,30.029296875
1855643,35.58349609375
1855668,30.029296875
1855750,30.94482421875
1855774,30.21240234375
1855882,30.45654296875
1855924,29.1748046875
1856022,29.1748046875
1856051,33.0810546875
1856097,30.57861328125
1856131,31.92138671875
1856190,35.94970703125
1856214,30.1513671875
1856235,37.109375
1856319,35.5224609375
1856376,33.203125
1856428,32.958984375
1856487,36.43798828125
1856736,38.6962890625
1856777,31.06689453125
1856886,37.41455078125
1856950,29.96826171875
1857049,33.447265625
1857390,38.39111328125
1857564,30.82275390625
1857881,29.4189453125
1977443,28.9306640625
1977655,35.70556640625
1977684,34.66796875
1977712,32.71484375
1977782,35.7666015625
1977810,39.36767578125
1977847,41.015625
1977868,30.76171875
1977908,29.35791015625
1977937,38.2080078125
1977966,38.26904296875
1977996,47.9736328125
1978020,31.79931640625
1978032,31.982421875
1978058,41.259765625
1978101,35.5224609375
1978120,37.29248046875
1978134,34.5458984375
1978157,41.015625
1978189,29.23583984375
1978223,44.43359375
1978244,47.54638671875
1978283,39.24560546875
1978307,29.23583984375
1978340,34.24072265625
1978360,55.11474609375
1978407,31.1279296875
1978448,36.1328125
1978487,37.29248046875
1978519,34.97314453125
1978548,30.21240234375
1978578,42.96875
1978589,34.1796875
1978611,29.23583984375
1978642,34.60693359375
1978664,34.72900390625
1978740,31.3720703125
1978793,33.69140625
1978918,36.0107421875
1978951,33.203125
1978964,30.029296875
1979025,39.0625
1979064,32.89794921875
1979097,37.41455078125
1979144,30.94482421875
1979186,30.029296875
1979197,31.67724609375
1979413,30.45654296875
1979509,31.494140625
1979636,34.11865234375
1979689,33.75244140625
1979783,30.94482421875
1979850,31.25
1979893,33.8134765625
1980460,30.09033203125
1980541,30.33447265625
2103067,30.94482421875
2103097,34.72900390625
2103173,37.109375
2103262,31.43310546875
2103300,37.109375
2103319,28.74755859375
2103352,44.0673828125
2103387,38.0859375
2103434,33.99658203125
2103456,37.65869140625
2103499,29.78515625
2103541,34.66796875
2103561,38.4521484375
2103586,33.50830078125
2103602,46.142578125
2103629,42.54150390625
2103665,40.71044921875
2103682,29.11376953125
2103715,65.97900390625
2103737,31.55517578125
2103764,35.70556640625
2103798,46.20361328125
2103827,37.04833984375
2103862,43.8232421875
2103896,38.39111328125
2103926,30.21240234375
2103958,34.85107421875
2103982,42.48046875
2104221,30.57861328125
2104263,38.87939453125
2104362,32.71484375
2104425,32.40966796875
2104497,31.494140625
2104544,29.6630859375
2104571,29.052734375
2104633,40.58837890625
2104690,31.6162109375
2104814,29.96826171875
2104880,30.8837890625
2104901,30.517578125
2104916,28.80859375
2104973,29.1748046875
2104985,29.1748046875
2105032,29.96826171875
2105076,33.8134765625
2105103,32.3486328125
2105232,31.67724609375
2105348,37.65869140625
2105431,29.541015625
2105630,28.80859375
2105663,33.99658203125
2105758,30.70068359375
2105896,37.2314453125
2105944,30.94482421875
2106049,29.78515625
2107327,29.296875
2183349,29.052734375
2183667,32.1044921875
2183730,30.76171875
2183748,29.96826171875
2183771,29.72412109375
2183874,31.06689453125
2183897,29.1748046875
2183916,34.3017578125
2183947,34.1796875
2183998,33.203125
2184045,33.203125
2184056,36.865234375
2184085,50.10986328125
2184100,42.17529296875
2184121,31.18896484375
2184131,44.43359375
2184156,35.400390625
2184229,32.89794921875
2184257,40.8935546875
2184294,37.53662109375
2184344,29.35791015625
2184362,35.7666015625
2184401,29.35791015625
2184449,30.33447265625
2184469,32.16552734375
2184499,43.0908203125
2184562,34.36279296875
2184625,46.2646484375
2184638,39.0625
2184683,38.2080078125
2184746,30.09033203125
2184798,33.5693359375
2184817,49.072265625
2184957,29.78515625
2185035,31.55517578125
2185063,35.94970703125
2185148,31.8603515625
2185198,31.67724609375
2185249,30.09033203125
2185297,28.9306640625
2185425,31.3720703125
2185524,37.109375
2185593,31.982421875
2186014,32.28759765625
2186270,34.3017578125
2313312,32.28759765625
2313798,29.23583984375
2313856,30.82275390625
2314084,29.60205078125
2314184,29.6630859375
2314195,32.16552734375
2314220,55.72509765625
2314234,32.28759765625
2314267,35.2783203125
2314313,31.31103515625
2314328,40.83251953125
2314371,44.00634765625
2314395,46.630859375
2314419,49.37744140625
2314429,29.6630859375
2314493,30.1513671875
2314557,39.24560546875
2314570,58.04443359375
2314589,52.978515625
2314613,29.84619140625
2314642,44.921875
2314670,34.0576171875
2314691,35.400390625
2314739,33.0810546875
2314764,39.1845703125
2314782,29.1748046875
2314807,37.109375
2314853,38.2080078125
2314907,34.11865234375
2314958,32.04345703125
2314983,34.423828125
2315012,36.80419921875
2315029,33.0810546875
2315054,32.1044921875
2315091,39.00146484375
2315130,34.85107421875
2315182,31.06689453125
2315304,30.82275390625
2315329,35.2783203125
2315361,30.70068359375
2315444,36.43798828125
2315474,29.296875
2315542,33.75244140625
2315577,34.85107421875
2315685,31.31103515625
2315722,37.17041015625
2315743,28.80859375
2315872,30.3955078125
2315962,30.09033203125
2316117,31.8603515625
2316622,29.96826171875
2316664,30.70068359375
2316965,31.1279296875
2360555,29.72412109375
2360681,30.33447265625
2360729,38.0859375
2360790,30.57861328125
2360844,32.1044921875
2360884,36.4990234375
2360911,31.06689453125
2360948,42.3583984375
2360972,42.236328125
2360993,31.92138671875
2361041,29.78515625
2361097,36.1328125
2361114,30.21240234375
2361161,30.94482421875
2361200,31.67724609375
2361210,31.25
2361234,35.64453125
2361259,40.10009765625
2361311,33.69140625
2361353,33.26416015625
2361364,35.46142578125
2361410,39.1845703125
2361445,29.72412109375
2361480,34.5458984375
2361530,34.423828125
2361571,32.2265625
2361589,44.73876953125
2361605,31.1279296875
2361642,32.53173828125
2361705,33.5693359375
2361748,41.80908203125
2361760,28.99169921875
2361807,33.3251953125
2361844,43.212890625
2361972,31.3720703125
2362015,31.92138671875
2362053,32.04345703125
2362091,32.958984375
2362104,31.92138671875
2362156,32.16552734375
2362243,35.70556640625
2362267,29.11376953125
2453909,30.82275390625
2453938,33.02001953125
2453966,32.470703125
2453999,35.64453125
2454040,30.21240234375
2454059,41.19873046875
2454081,31.3720703125
2454134,44.98291015625
2454175,53.40576171875
2454185,35.0341796875
2454222,32.40966796875
2454235,37.7197265625
2454273,33.447265625
2454299,33.26416015625
2454353,30.517578125
2454384,40.4052734375
2454432,57.06787109375
2454462,35.58349609375
2454492,32.16552734375
2454533,36.80419921875
2454554,33.203125
2454566,31.25
2454597,31.494140625
2454610,29.11376953125
2454627,70.556640625
2454652,38.4521484375
2454672,31.73828125
2454693,39.12353515625
2454786,29.052734375
2454834,36.1328125
2454847,32.04345703125
2454894,37.17041015625
2454970,32.3486328125
2455018,34.72900390625
2455074,33.8134765625
2455109,37.78076171875
2455132,28.9306640625
2455164,29.47998046875
2455204,32.958984375
2455257,31.1279296875
2455440,29.72412109375
2455459,45.7763671875
2455499,34.912109375
2455521,35.0341796875
2455619,28.99169921875
2456035,28.9306640625
2456052,28.99169921875
2456151,38.6962890625
2456267,40.52734375
2550059,28.86962890625
2550106,31.982421875
2550121,33.63037109375
2550207,37.4755859375
2550231,33.26416015625
2550251,29.78515625
2550274,28.74755859375
2550304,33.8134765625
2550349,39.794921875
2550419,32.53173828125
2550475,40.771484375
2550501,46.38671875
2550535,42.48046875
2550558,30.21240234375
2550588,39.1845703125
2550616,29.11376953125
2550643,30.94482421875
2550664,31.25
2550722,32.28759765625
2550755,30.09033203125
2550785,37.53662109375
2550816,36.2548828125
2550843,32.3486328125
2550872,63.41552734375
2550930,46.630859375
2550976,35.64453125
2551017,29.541015625
2551068,33.14208984375
2551085,32.470703125
2551120,31.67724609375
2551137,46.93603515625
2551180,31.18896484375
2551232,31.43310546875
2551256,32.40966796875
2551279,36.7431640625
2551292,29.9072265625
2551408,29.23583984375
2551501,30.8837890625
2551528,31.982421875
2551592,34.97314453125
2551630,35.58349609375
2551876,29.78515625
2551911,30.21240234375
2552004,30.6396484375
2552070,42.05322265625
2552227,29.541015625
2552388,28.86962890625
2552427,29.296875
2552617,29.4189453125
2552849,30.21240234375
2658336,30.94482421875
2658487,28.9306640625
2658591,38.4521484375
2658640,31.55517578125
2658661,30.09033203125
2658684,38.57421875
2658721,32.71484375
2658753,36.07177734375
2658809,31.67724609375
2658862,30.3955078125
2658904,48.15673828125
2658930,43.39599609375
2658978,32.3486328125
2659010,34.7900390625
2659034,38.39111328125
2659068,33.3251953125
2659158,53.3447265625
2659190,36.56005859375
2659285,33.63037109375
2659306,33.26416015625
2659336,29.1748046875
2659370,34.0576171875
2659400,33.203125
2659439,49.1943359375
2659452,29.35791015625
2659473,46.93603515625
2659559,30.57861328125
2659600,49.8046875
2659634,29.296875
2659649,54.38232421875
2659703,29.1748046875
2659739,36.07177734375
2659760,37.90283203125
2659839,38.0859375
2659934,33.63037109375
2659965,28.86962890625
2660010,32.16552734375
2660057,44.12841796875
2660080,31.43310546875
2660203,29.541015625
2660234,29.1748046875
2660297,29.052734375
2660324,33.203125
2660957,33.26416015625
2660973,33.69140625
2661352,29.72412109375
2661405,29.23583984375
2661588,31.982421875
2751038,33.0810546875
2751067,33.14208984375
2751221,39.61181640625
2751245,31.3720703125
2751312,44.677734375
2751360,40.95458984375
2751392,31.005859375
2751406,52.06298828125
2751441,29.72412109375
2751495,31.005859375
2751513,34.11865234375
2751553,36.9873046875
2751569,35.09521484375
2751594,40.0390625
2751679,29.47998046875
2751763,47.91259765625
2751785,35.21728515625
2751862,44.86083984375
2752034,37.9638671875
2752053,43.02978515625
2752073,35.2783203125
2752084,40.22216796875
2752138,32.65380859375
2752167,45.71533203125
2752197,31.43310546875
2752266,30.6396484375
2752290,35.82763671875
2752420,33.935546875
2752479,29.296875
2752509,31.06689453125
2752551,31.8603515625
2752565,39.00146484375
2752654,34.7900390625
2752744,31.55517578125
2752782,32.470703125
2752916,29.47998046875
2752947,31.6162109375
2753020,30.57861328125
2753082,32.1044921875
2753156,31.1279296875
2753210,33.02001953125
2753328,30.029296875
2753344,34.5458984375
2753415,29.11376953125
2753866,34.1796875
2848619,40.83251953125
2848711,35.64453125
2848741,41.1376953125
2848773,32.1044921875
2848801,38.39111328125
2848839,48.33984375
2848849,31.43310546875
2848902,29.60205078125
2848939,38.9404296875
2848970,34.85107421875
2849006,44.00634765625
2849072,41.1376953125
2849110,51.33056640625
2849132,38.330078125
2849150,31.43310546875
2849185,31.73828125
2849216,29.6630859375
2849227,29.296875
2849250,39.97802734375
2849273,38.818359375
2849299,38.4521484375
2849333,45.7763671875
2849362,32.8369140625
2849391,33.5693359375
2849520,33.69140625
2849594,49.31640625
2849624,33.447265625
2849647,33.02001953125
2849671,30.029296875
2849696,30.2734375
2849771,31.92138671875
2849781,33.02001953125
2849804,42.3583984375
2849861,31.73828125
2849882,35.888671875
2849903,30.3955078125
2849951,29.4189453125
2850020,34.97314453125
2850068,47.30224609375
2850105,33.50830078125
2850166,35.09521484375
2850227,29.4189453125
2850255,35.888671875
2850479,31.3720703125
2850509,35.09521484375
2850582,34.66796875
2850624,35.400390625
2850970,35.64453125
2851012,31.31103515625
2851242,30.57861328125
2851634,29.23583984375
2958216,35.94970703125
2958366,28.9306640625
2958407,38.39111328125
2958451,36.2548828125
2958470,30.8837890625
2958522,29.84619140625
2958540,39.55078125
2958601,33.14208984375
2958631,40.4052734375
2958648,33.02001953125
2958679,40.83251953125
2958717,31.494140625
2958729,38.63525390625
2958753,39.36767578125
2958772,31.31103515625
2958804,35.5224609375
2958814,41.015625
2958851,36.1328125
2958863,35.0341796875
2958889,66.650390625
2958903,38.330078125
2958942,37.841796875
2958970,33.8134765625
2959009,32.28759765625
2959019,41.259765625
2959065,62.80517578125
2959087,32.5927734375
2959098,32.16552734375
2959166,44.37255859375
2959195,42.17529296875
2959236,30.33447265625
2959259,28.9306640625
2959307,44.5556640625
2959344,30.70068359375
2959389,33.447265625
2959403,44.3115234375
2959457,42.8466796875
2959547,29.96826171875
2959643,29.96826171875
2959696,29.6630859375
2959794,34.0576171875
2959808,51.3916015625
2959834,30.6396484375
2959874,32.958984375
2959976,36.2548828125
2960020,33.99658203125
2960040,31.43310546875
2960086,33.203125
2960411,34.912109375
2960616,45.59326171875
2960727,32.3486328125
2961055,29.35791015625
2961311,33.0810546875
2961351,35.888671875
2961515,31.79931640625
3060944,29.052734375
3061039,34.3017578125
3061204,42.1142578125
3061231,31.06689453125
3061300,29.1748046875
3061330,28.86962890625
3061351,29.84619140625
3061392,35.33935546875
3061406,45.0439453125
3061426,30.1513671875
3061470,32.53173828125
3061508,30.09033203125
3061527,40.22216796875
3061568,46.630859375
3061582,49.4384765625
3061614,31.25
3061647,31.494140625
3061686,31.005859375
3061718,34.5458984375
3061759,32.2265625
3061787,35.400390625
3061808,32.71484375
3061836,44.677734375
3061853,38.75732421875
3061865,33.50830078125
3061904,47.7294921875
3061937,35.2783203125
3061950,39.00146484375
3061995,29.9072265625
3062070,35.64453125
3062113,39.24560546875
3062177,29.6630859375
3062241,44.73876953125
3062272,29.72412109375
3062323,48.76708984375
3062397,31.6162109375
3062590,32.8369140625
3062708,35.21728515625
3062719,31.73828125
3062757,30.21240234375
3062877,30.70068359375
3063003,30.517578125
3063146,32.04345703125
3063304,28.80859375
3063379,32.8369140625
3063488,30.57861328125
3063602,29.541015625
3063642,34.60693359375
3063688,37.65869140625
3063970,29.541015625
3064862,30.21240234375
3168651,31.79931640625
3168771,33.8134765625
3168810,33.3251953125
3168825,28.80859375
3168976,43.212890625
3168988,45.59326171875
3169035,45.59326171875
3169045,31.43310546875
3169062,30.517578125
3169101,30.57861328125
3169129,37.04833984375
3169153,39.1845703125
3169186,33.02001953125
3169222,32.958984375
3169246,32.3486328125
3169275,40.0390625
3169321,42.1142578125
3169337,33.38623046875
3169354,48.9501953125
3169377,53.52783203125
3169437,44.98291015625
3169493,35.94970703125
3169537,31.43310546875
3169584,42.78564453125
3169620,34.36279296875
3169636,31.18896484375
3169675,32.16552734375
3169710,32.16552734375
3169761,28.86962890625
3169786,41.259765625
3169812,34.24072265625
3169914,28.74755859375
3170013,29.9072265625
3170079,33.203125
3170101,39.6728515625
3170129,31.31103515625
3170187,43.9453125
3170283,34.85107421875
3170374,30.33447265625
3170443,36.68212890625
3170499,36.07177734375
3170587,28.74755859375
3170984,31.8603515625
3171140,29.72412109375
3171643,33.0810546875
3285397,34.7900390625
3285740,39.00146484375
3285818,31.92138671875
3285957,40.34423828125
3285983,35.0341796875
3286001,32.8369140625
3286020,33.63037109375
3286043,35.70556640625
3286072,35.58349609375
3286116,31.92138671875
3286182,33.26416015625
3286214,33.0810546875
3286246,54.6875
3286267,32.28759765625
3286280,40.46630859375
3286328,30.09033203125
3286346,32.3486328125
3286383,30.94482421875
3286416,33.935546875
3286474,42.05322265625
3286487,44.73876953125
3286526,33.99658203125
3286549,31.67724609375
3286573,38.2080078125
3286631,33.02001953125
3286692,39.794921875
3286724,29.1748046875
3286763,36.865234375
3286855,29.78515625
3286870,28.9306640625
3286912,37.29248046875
3286964,33.3251953125
3287034,33.3251953125
3287084,30.1513671875
3287125,32.40966796875
3287234,29.23583984375
3287279,39.24560546875
3287321,29.78515625
3287440,34.85107421875
3287496,29.052734375
3287579,36.1328125
3287753,29.23583984375
3287811,33.38623046875
3287977,28.74755859375
3288083,30.82275390625
3288143,30.70068359375
3288163,29.9072265625
3288296,37.78076171875
3288544,31.982421875
3289346,29.72412109375
3382019,31.3720703125
3382049,30.82275390625
3382134,36.376953125
3382153,32.470703125
3382185,33.87451171875
3382299,38.6962890625
3382381,31.494140625
3382403,33.38623046875
3382435,29.6630859375
3382467,37.4755859375
3382478,40.8935546875
3382523,34.11865234375
3382538,34.11865234375
3382578,31.06689453125
3382621,35.94970703125
3382636,64.02587890625
3382656,38.818359375
3382703,31.005859375
3382716,38.6962890625
3382756,34.85107421875
3382767,28.80859375
3382814,30.94482421875
3382846,29.052734375
3382870,41.1376953125
3382890,37.353515625
3382967,52.490234375
3382998,53.89404296875
3383027,39.0625
3383079,41.32080078125
3383095,29.35791015625
3383136,53.40576171875
3383167,38.0859375
3383217,33.203125
3383260,29.296875
3383299,30.33447265625
3383322,41.19873046875
3383425,42.8466796875
3383608,39.61181640625
3383659,28.74755859375
3383739,37.2314453125
3383780,31.005859375
3383912,28.9306640625
3384127,29.78515625
3384289,30.1513671875
3384305,30.94482421875
3384375,31.43310546875
3384588,32.53173828125
3384815,34.11865234375
3384886,29.9072265625
3476487,29.96826171875
3476566,34.85107421875
3476840,29.4189453125
3476870,29.11376953125
3476891,48.40087890625
3476917,29.23583984375
3476934,31.67724609375
3476961,35.33935546875
3477006,39.61181640625
3477025,33.0810546875
3477053,51.57470703125
3477139,37.9638671875
3477157,29.6630859375
3477245,32.65380859375
3477266,31.18896484375
3477288,32.3486328125
3477303,30.6396484375
3477346,29.052734375
3477377,42.6025390625
3477403,30.70068359375
3477432,32.5927734375
3477467,30.76171875
3477483,39.306640625
3477529,41.80908203125
3477724,34.24072265625
3477761,29.35791015625
3477815,29.72412109375
3477847,30.3955078125
3477884,30.3955078125
3477900,34.912109375
3477934,34.11865234375
3477983,34.1796875
3478006,29.23583984375
3478023,32.3486328125
3478046,34.1796875
3478133,31.73828125
3478194,38.63525390625
3478216,29.47998046875
3478235,34.3017578125
3478339,33.8134765625
3478368,30.029296875
3478530,35.5224609375
3478675,31.79931640625
3478721,29.11376953125
3478748,30.6396484375
3479070,30.8837890625
3479222,33.447265625
3479353,40.34423828125
3479774,28.86962890625
3571096,33.447265625
3571123,35.400390625
3571194,29.47998046875
3571231,29.35791015625
3571371,30.70068359375
3571427,37.41455078125
3571455,30.6396484375
3571486,29.96826171875
3571512,30.517578125
3571553,39.48974609375
3571645,43.27392578125
3571657,47.05810546875
3571708,37.53662109375
3571752,33.5693359375
3571766,30.1513671875
3571776,34.48486328125
3571824,38.02490234375
3571875,47.607421875
3571896,35.15625
3571930,53.7109375
3571947,47.607421875
3571964,33.203125
3571980,34.0576171875
3572028,32.5927734375
3572058,29.60205078125
3572084,32.04345703125
3572119,32.40966796875
3572157,29.35791015625
3572185,37.04833984375
3572242,31.55517578125
3572268,42.96875
3572278,30.70068359375
3572356,36.43798828125
3572462,30.09033203125
3572531,32.77587890625
3572556,37.353515625
3572632,39.55078125
3572775,32.958984375
3572837,52.91748046875
3573176,30.1513671875
3573213,36.43798828125
3573505,29.35791015625
3573560,28.80859375
3573763,31.3720703125
3573913,30.45654296875
3664279,29.47998046875
3665638,30.76171875
3665854,31.43310546875
3665918,35.82763671875
3665968,30.21240234375
3666001,47.54638671875
3666014,32.958984375
3666039,31.494140625
3666058,52.6123046875
3666109,32.5927734375
3666123,40.1611328125
3666166,36.4990234375
3666182,38.2080078125
3666208,34.1796875
3666260,37.53662109375
3666290,37.7197265625
3666314,31.79931640625
3666332,28.74755859375
3666368,30.45654296875
3666395,47.119140625
3666432,31.494140625
3666444,40.58837890625
3666462,47.54638671875
3666506,43.0908203125
3666587,32.8369140625
3666697,38.6962890625
3666726,37.29248046875
3666820,36.865234375
3666843,32.77587890625
3666899,29.541015625
3666913,46.08154296875
3667032,29.23583984375
3667069,31.55517578125
3667137,32.04345703125
3667193,30.33447265625
3667226,32.1044921875
3667286,29.296875
3667431,36.19384765625
3667484,31.55517578125
3667607,31.982421875
3667958,31.982421875
3668082,29.72412109375
3668163,28.99169921875
3668560,34.912109375
3752846,32.53173828125
3752927,33.87451171875
3752947,34.24072265625
3752981,28.86962890625
3753010,30.57861328125
3753027,33.5693359375
3753057,35.58349609375
3753133,29.84619140625
3753169,32.65380859375
3753189,32.28759765625
3753226,39.9169921875
3753264,34.0576171875
3753326,36.92626953125
3753364,32.470703125
3753401,32.958984375
3753453,35.09521484375
3753546,32.65380859375
3753572,64.39208984375
3753614,32.16552734375
3753695,29.6630859375
3753708,32.2265625
3753739,33.75244140625
3753752,41.6259765625
3753797,42.1142578125
3753807,42.1142578125
3753854,45.8984375
3753951,35.70556640625
3753971,33.26416015625
3754000,29.84619140625
3754030,29.84619140625
3754061,29.84619140625
3754088,30.94482421875
3754118,29.23583984375
3754150,28.80859375
3754168,31.6162109375
3754233,31.1279296875
3754271,46.81396484375
3754401,33.38623046875
3754470,37.65869140625
3754588,28.9306640625
3754698,37.353515625
3754709,29.35791015625
3754745,34.85107421875
3754799,33.935546875
3754889,32.470703125
3755674,32.53173828125
3819838,29.1748046875
3819895,28.80859375
3819918,28.99169921875
3819987,32.77587890625
3820022,37.353515625
3820054,30.70068359375
3820087,32.470703125
3820124,37.17041015625
3820184,29.47998046875
3820213,29.4189453125
3820249,46.875
3820312,36.43798828125
3820371,30.45654296875
3820440,36.31591796875
3820451,37.2314453125
3820477,30.3955078125
3820490,34.24072265625
3820514,30.1513671875
3820557,29.9072265625
3820585,43.02978515625
3820660,32.5927734375
3820703,54.13818359375
3820750,49.37744140625
3820809,36.56005859375
3820863,36.62109375
3820896,29.296875
3820930,39.24560546875
3820993,38.6962890625
3821021,31.18896484375
3821031,35.2783203125
3821055,29.11376953125
3821103,29.11376953125
3821156,32.958984375
3821174,28.9306640625
3821276,39.6728515625
3821313,31.18896484375
3821340,39.00146484375
3821482,28.74755859375
3821717,33.14208984375
3821883,29.47998046875
3904011,31.67724609375
3905533,29.1748046875
3905574,30.3955078125
3905727,33.87451171875
3905755,30.70068359375
3905773,37.90283203125
3905799,41.259765625
3905854,30.33447265625
3905868,29.78515625
3905904,36.4990234375
3905922,35.15625
3905959,31.06689453125
3905982,31.79931640625
3906013,39.48974609375
3906023,41.9921875
3906085,41.015625
3906173,29.296875
3906217,44.37255859375
3906251,40.283203125
3906303,35.09521484375
3906360,34.24072265625
3906399,44.7998046875
3906447,37.90283203125
3906606,30.1513671875
3906627,47.119140625
3906637,29.296875
3906716,35.2783203125
3906746,29.1748046875
3906903,31.67724609375
3906930,31.67724609375
3906955,29.11376953125
3907098,34.0576171875
3907189,32.77587890625
3907226,29.78515625
3907262,34.66796875
3907361,40.95458984375
3907405,29.6630859375
3907458,32.04345703125
3907602,33.3251953125
3907787,38.39111328125
4003662,33.935546875
4003734,35.7666015625
4003751,30.57861328125
4003847,33.0810546875
4003950,28.80859375
4003993,31.005859375
4004028,35.82763671875
4004042,48.03466796875
4004055,29.23583984375
4004111,31.25
4004152,35.400390625
4004184,39.55078125
4004217,41.6259765625
4004234,32.28759765625
4004272,32.04345703125
4004327,31.25
4004354,32.71484375
4004380,28.86962890625
4004411,31.31103515625
4004462,32.5927734375
4004478,37.109375
4004499,30.3955078125
4004517,39.1845703125
4004578,30.1513671875
4004690,33.63037109375
4004714,34.60693359375
4004729,32.53173828125
4004835,30.76171875
4004889,34.1796875
4004921,35.21728515625
4004943,28.86962890625
4005005,31.06689453125
4005039,34.423828125
4005145,34.85107421875
4005182,32.04345703125
4005209,32.3486328125
4005272,28.74755859375
4005340,30.09033203125
4005369,29.47998046875
4005408,34.72900390625
4005477,30.6396484375
4005492,39.306640625
4005539,30.76171875
4005853,33.0810546875
4006286,30.2734375
4006327,30.33447265625
4006359,29.541015625
4006384,31.982421875
4006578,28.86962890625
4006905,29.11376953125
4094020,35.5224609375
4094037,29.35791015625
4094133,33.5693359375
4094155,31.31103515625
4094269,35.58349609375
4094312,39.61181640625
4094326,33.8134765625
4094364,32.77587890625
4094413,31.92138671875
4094435,36.376953125
4094478,29.60205078125
4094518,32.1044921875
4094606,29.541015625
4094634,30.94482421875
4094687,29.9072265625
4094727,33.69140625
4094740,30.76171875
4094803,29.35791015625
4094817,34.0576171875
4094957,42.48046875
4095016,34.36279296875
4095043,31.1279296875
4095134,37.65869140625
4095242,35.70556640625
4095256,37.353515625
4095298,29.4189453125
4095366,29.23583984375
4095380,36.80419921875
4095477,29.541015625
4095533,31.18896484375
4095573,29.78515625
4095759,29.78515625
4095862,30.029296875
4095937,31.79931640625
4196378,34.72900390625
4196873,34.3017578125
4196968,28.80859375
4197010,34.1796875
4197045,31.67724609375
4197183,29.11376953125
4197200,31.79931640625
4197230,32.89794921875
4197265,37.4755859375
4197280,35.0341796875
4197307,40.52734375
4197371,35.94970703125
4197403,43.51806640625
4197429,28.80859375
4197457,31.92138671875
4197500,39.12353515625
4197532,43.39599609375
4197546,33.3251953125
4197622,44.677734375
4197668,33.935546875
4197692,39.4287109375
4197758,36.7431640625
4197858,38.63525390625
4197891,35.82763671875
4197937,32.71484375
4197975,29.60205078125
4198022,30.3955078125
4198069,31.6162109375
4198082,32.1044921875
4198142,34.66796875
4198192,43.64013671875
4198256,30.029296875
4198311,28.74755859375
4198360,32.5927734375
4198372,33.203125
4198451,31.79931640625
4198522,31.3720703125
4198538,31.6162109375
4198589,28.99169921875
4198613,29.72412109375
4198704,28.99169921875
4198775,29.296875
4198806,34.5458984375
4198834,29.23583984375
4198927,31.25
4199024,29.23583984375
4199064,31.43310546875
4199080,29.541015625
4199111,32.53173828125
4199173,30.09033203125
4199205,34.5458984375
4199241,40.6494140625
4199267,29.35791015625
4199288,35.15625
4199313,31.982421875
4199439,29.4189453125
4200393,33.14208984375
4283360,30.3955078125
4283424,29.11376953125
4283495,31.25
4283522,32.8369140625
4283642,34.85107421875
4283714,30.82275390625
4283754,40.283203125
4283771,36.62109375
4283808,32.8369140625
4283868,29.1748046875
4283900,42.17529296875
4283928,32.77587890625
4283969,32.2265625
4283988,30.45654296875
4284019,33.8134765625
4284054,38.39111328125
4284064,41.56494140625
4284092,30.1513671875
4284177,29.47998046875
4284204,34.11865234375
4284224,32.958984375
4284244,29.23583984375
4284260,45.34912109375
4284307,41.93115234375
4284332,38.26904296875
4284367,49.13330078125
4284446,29.78515625
4284465,30.33447265625
4284503,33.5693359375
4284552,34.11865234375
4284571,32.71484375
4284626,32.16552734375
4284660,33.87451171875
4284691,36.92626953125
4284727,32.1044921875
4284750,34.0576171875
4284785,34.97314453125
4284831,31.3720703125
4284848,33.75244140625
4284866,45.71533203125
4284892,41.19873046875
4284919,32.2265625
4284958,30.1513671875
4285007,36.43798828125
4285186,30.76171875
4285321,33.69140625
4285399,33.14208984375
4285436,29.1748046875
4285617,32.89794921875
4285654,31.55517578125
4285709,29.78515625
4285723,34.3017578125
4286375,30.57861328125
4286858,33.3251953125
4287064,29.1748046875
4376777,31.43310546875
4377070,34.11865234375
4377245,30.70068359375
4377273,33.38623046875
4377319,41.32080078125
4377356,32.958984375
4377385,40.95458984375
4377399,30.21240234375
4377429,30.82275390625
4377459,31.494140625
4377485,33.203125
4377553,28.99169921875
4377566,69.9462890625
4377604,34.11865234375
4377630,34.66796875
4377657,47.119140625
4377758,44.86083984375
4377786,31.982421875
4377799,41.44287109375
4377831,29.72412109375
4377885,32.89794921875
4377907,37.29248046875
4377939,29.23583984375
4377997,38.14697265625
4378032,32.3486328125
4378062,36.92626953125
4378131,29.96826171875
4378179,33.0810546875
4378333,41.32080078125
4378468,38.14697265625
4378559,29.1748046875
4378661,34.66796875
4378674,39.24560546875
4378776,41.56494140625
4378813,30.029296875
4378926,34.60693359375
4379048,30.8837890625
4379247,32.16552734375
4379326,34.5458984375
4379365,33.63037109375
4379442,35.15625
4379539,30.029296875
4379808,31.92138671875
4379998,35.21728515625
4482957,41.9921875
4483004,31.1279296875
4483068,28.80859375
4483104,30.2734375
4483143,30.70068359375
4483195,31.31103515625
4483258,32.8369140625
4483307,36.80419921875
4483342,29.72412109375
4483414,29.6630859375
4483501,38.6962890625
4483539,33.26416015625
4483616,44.00634765625
4483637,42.48046875
4483671,31.73828125
4483731,29.23583984375
4483794,30.1513671875
4483815,35.0341796875
4483837,31.982421875
4483869,31.494140625
4483896,33.69140625
4483961,31.18896484375
4483990,49.9267578125
4484066,32.53173828125
4484137,33.50830078125
4484300,33.5693359375
4484388,34.0576171875
4484516,30.09033203125
4484531,33.87451171875
4484661,29.541015625
4484714,32.8369140625
4484800,31.8603515625
4485057,31.8603515625
4485324,29.35791015625
4485341,29.60205078125
4485425,33.75244140625
4587067,34.1796875
4587599,29.11376953125
4587940,35.58349609375
4588003,41.8701171875
4588093,31.73828125
4588105,42.17529296875
4588174,35.09521484375
4588248,29.9072265625
4588279,46.7529296875
4588291,47.36328125
4588333,30.70068359375
4588360,41.68701171875
4588384,42.41943359375
4588406,32.2265625
4588430,44.5556640625
4588479,32.28759765625
4588504,43.64013671875
4588545,32.71484375
4588574,32.470703125
4588594,33.38623046875
4588612,45.41015625
4588650,47.54638671875
4588663,30.1513671875
4588705,31.1279296875
4588729,47.607421875
4588794,29.11376953125
4588849,33.203125
4588878,30.517578125
4588914,30.45654296875
4588970,34.423828125
4588984,36.56005859375
4589056,34.24072265625
4589070,29.541015625
4589149,29.47998046875
4589222,39.97802734375
4589234,36.0107421875
4589339,33.5693359375
4589363,30.09033203125
4589425,30.57861328125
4589504,28.99169921875
4589537,29.35791015625
4589572,29.72412109375
4589731,28.9306640625
4589761,29.84619140625
4589799,32.28759765625
4589876,30.1513671875
4589945,30.09033203125
4590268,30.57861328125
4590595,34.7900390625
4590646,31.92138671875
4685651,30.09033203125
4685705,43.3349609375
4685739,31.005859375
4685763,33.5693359375
4685777,30.57861328125
4685832,31.55517578125
4685875,48.33984375
4685903,49.1943359375
4685935,31.8603515625
4685954,47.54638671875
4685987,33.14208984375
4686010,30.76171875
4686043,36.0107421875
4686071,32.53173828125
4686088,29.296875
4686109,31.982421875
4686127,41.1376953125
4686168,50.4150390625
4686181,36.92626953125
4686211,40.0390625
4686238,38.87939453125
4686264,29.23583984375
4686304,32.77587890625
4686341,50.35400390625
4686417,36.07177734375
4686430,41.07666015625
4686460,33.50830078125
4686480,34.24072265625
4686533,43.27392578125
4686575,47.607421875
4686647,35.15625
4686714,30.2734375
4686725,35.58349609375
4686800,29.1748046875
4686824,28.9306640625
4686838,32.04345703125
4686873,32.71484375
4686899,29.052734375
4686940,37.353515625
4687020,29.47998046875
4687075,29.9072265625
4687092,29.47998046875
4687165,35.46142578125
4687232,31.6162109375
4687283,28.80859375
4687306,31.18896484375
4687484,33.5693359375
4687887,30.45654296875
4687934,29.1748046875
4688328,31.31103515625
4773308,28.9306640625
4773735,33.935546875
4773761,29.6630859375
4774035,31.3720703125
4774168,30.09033203125
4774192,42.8466796875
4774234,28.9306640625
4774274,35.64453125
4774295,33.3251953125
4774377,32.40966796875
4774411,38.26904296875
4774425,39.0625
4774479,33.447265625
4774493,33.0810546875
4774528,29.296875
4774586,38.9404296875
4774608,31.31103515625
4774635,37.59765625
4774674,31.06689453125
4774741,33.8134765625
4774830,29.052734375
4774863,31.1279296875
4774881,31.25
4774938,29.4189453125
4775019,34.66796875
4775096,28.74755859375
4775127,29.84619140625
4775166,48.2177734375
4775231,32.40966796875
4775290,28.99169921875
4775379,29.23583984375
4775577,31.18896484375
4775761,33.02001953125
4775901,30.94482421875
4776279,34.97314453125
4776765,29.541015625
4867390,32.16552734375
4867426,30.8837890625
4867462,28.86962890625
4867515,31.55517578125
4867543,29.47998046875
4867578,36.68212890625
4867600,31.25
4867635,30.8837890625
4867659,44.12841796875
4867724,48.7060546875
4867744,38.39111328125
4867878,45.41015625
4867897,33.02001953125
4867941,30.21240234375
4867956,39.9169921875
4867984,37.9638671875
4868020,34.24072265625
4868079,43.0908203125
4868126,38.0859375
4868160,31.79931640625
4868201,31.1279296875
4868251,30.3955078125
4868305,29.23583984375
4868378,34.0576171875
4868399,37.4755859375
4868481,34.36279296875
4868576,31.1279296875
4868675,30.76171875
4868719,37.29248046875
4868757,31.31103515625
4868787,31.494140625
4868865,44.98291015625
4868886,29.541015625
4869066,46.5087890625
4869134,30.8837890625
4869208,34.423828125
4869500,30.94482421875
4970637,29.6630859375
4970648,30.82275390625
4970691,30.33447265625
4970710,34.7900390625
4970732,28.99169921875
4970785,39.00146484375
4970806,30.029296875
4970879,35.5224609375
4970909,31.8603515625
4970961,34.1796875
4971011,44.0673828125
4971034,34.7900390625
4971100,30.09033203125
4971131,44.98291015625
4971164,38.4521484375
4971203,35.21728515625
4971214,31.06689453125
4971238,31.31103515625
4971285,49.49951171875
4971358,39.97802734375
4971376,30.3955078125
4971415,29.96826171875
4971470,35.400390625
4971512,31.3720703125
4971529,29.84619140625
4971550,30.09033203125
4971578,39.0625
4971588,29.72412109375
4971615,41.44287109375
4971858,40.58837890625
4971944,28.99169921875
4971966,37.29248046875
4971999,41.748046875
4972069,33.38623046875
4972104,33.14208984375
4972158,29.6630859375
4972175,33.63037109375
4972217,35.7666015625
4972452,35.94970703125
4972574,30.8837890625
4972660,29.9072265625
4972691,31.8603515625
4972754,29.296875
4973033,30.57861328125
4973050,36.2548828125
4974800,29.96826171875
5062022,30.8837890625
5062285,40.34423828125
5062450,30.45654296875
5062478,31.1279296875
5062647,45.10498046875
5062723,33.63037109375
5062752,54.13818359375
5062776,42.3583984375
5062799,40.10009765625
5062820,40.1611328125
5062874,33.0810546875
5062904,34.66796875
5062926,40.58837890625
5062980,37.59765625
5062999,45.41015625
5063073,28.86962890625
5063084,31.73828125
5063127,32.2265625
5063175,32.3486328125
5063185,36.62109375
5063229,32.8369140625
5063275,38.6962890625
5063307,48.7060546875
5063342,28.99169921875
5063356,33.14208984375
5063394,32.71484375
5063439,35.09521484375
5063464,43.88427734375
5063553,31.67724609375
5063656,33.26416015625
5063764,32.2265625
5063893,37.53662109375
5063946,30.70068359375
5064078,29.35791015625
5064130,37.7197265625
5064146,30.8837890625
5064237,29.9072265625
5064269,32.28759765625
5064570,37.4755859375
5064652,28.86962890625
5064759,32.470703125
5064805,28.86962890625
5064859,29.84619140625
5064928,32.470703125
5064965,29.60205078125
5159440,32.16552734375
5159473,31.25
5159502,32.2265625
5159530,35.58349609375
5159566,30.09033203125
5159594,32.958984375
5159638,29.9072265625
5159685,31.43310546875
5159718,46.20361328125
5159766,31.18896484375
5159790,29.296875
5159817,30.94482421875
5159844,35.2783203125
5159903,37.04833984375
5159917,38.0859375
5159981,28.99169921875
5159993,39.36767578125
5160020,48.03466796875
5160094,30.57861328125
5160128,37.4755859375
5160203,30.8837890625
5160228,50.6591796875
5160248,30.82275390625
5160273,36.92626953125
5160299,29.23583984375
5160347,46.93603515625
5160381,38.51318359375
5160418,39.61181640625
5160489,31.55517578125
5160555,33.63037109375
5160595,28.99169921875
5160635,33.5693359375
5160745,34.3017578125
5160811,31.31103515625
5160894,30.2734375
5160999,29.78515625
5161036,29.47998046875
5161137,30.57861328125
5161209,31.79931640625
5161237,36.68212890625
5161413,31.79931640625
5161593,32.8369140625
5161635,30.517578125
5161813,35.46142578125
5162298,33.87451171875
5257849,28.9306640625
5257877,33.5693359375
5258011,32.16552734375
5258131,33.0810546875
5258207,39.6728515625
5258266,33.3251953125
5258310,30.8837890625
5258326,35.400390625
5258352,30.09033203125
5258384,41.9921875
5258397,36.31591796875
5258429,38.4521484375
5258477,36.4990234375
5258532,39.1845703125
5258590,34.36279296875
5258625,32.04345703125
5258635,30.76171875
5258689,31.982421875
5258779,31.005859375
5258805,40.52734375
5258825,30.6396484375
5258915,34.48486328125
5258951,29.052734375
5258989,34.423828125
5259021,32.40966796875
5259088,30.57861328125
5259204,28.80859375
5259288,42.8466796875
5259307,31.67724609375
5259353,33.14208984375
5259525,38.0859375
5259559,34.24072265625
5259777,31.25
5260008,29.60205078125
5261891,28.86962890625
5364047,32.40966796875
5364267,28.80859375
5364410,30.8837890625
5364623,29.6630859375
5364642,29.23583984375
5364819,39.85595703125
5364862,31.494140625
5364886,33.38623046875
5364908,43.27392578125
5364946,52.30712890625
5364978,40.46630859375
5364992,30.57861328125
5365031,40.22216796875
5365051,31.1279296875
5365079,28.99169921875
5365111,36.2548828125
5365146,39.24560546875
5365181,43.8232421875
5365207,37.109375
5365292,47.05810546875
5365317,31.18896484375
5365357,37.17041015625
5365433,38.51318359375
5365457,33.63037109375
5365487,40.771484375
5365504,28.9306640625
5365539,38.14697265625
5365556,32.5927734375
5365571,35.15625
5365638,31.3720703125
5365678,29.35791015625
5365817,37.2314453125
5365831,34.48486328125
5365857,30.57861328125
5365908,28.99169921875
5366046,29.23583984375
5366088,29.96826171875
5366128,32.65380859375
5366165,33.63037109375
5366215,32.958984375
5366347,30.94482421875
5366424,29.35791015625
5366524,30.2734375
5366560,29.6630859375
5366705,29.78515625
5366773,32.8369140625
5366932,29.6630859375
5367179,29.78515625
5367269,30.70068359375
5367557,32.28759765625
5470776,30.1513671875
5471122,30.57861328125
5471153,36.31591796875
5471206,29.052734375
5471245,32.89794921875
5471325,33.203125
5471380,31.92138671875
5471421,33.5693359375
5471446,32.1044921875
5471472,43.02978515625
5471505,31.55517578125
5471579,29.84619140625
5471648,39.48974609375
5471671,36.7431640625
5471730,31.55517578125
5471750,36.4990234375
5471786,32.5927734375
5471816,61.09619140625
5471851,33.14208984375
5471930,33.14208984375
5471966,28.86962890625
5471995,36.7431640625
5472036,30.8837890625
5472056,32.40966796875
5472077,29.052734375
5472113,30.70068359375
5472152,53.22265625
5472226,29.96826171875
5472328,29.296875
5472403,32.71484375
5472459,29.96826171875
5472630,29.96826171875
5472661,35.70556640625
5472688,39.97802734375
5472778,29.11376953125
5472847,28.99169921875
5472927,32.53173828125
5472975,28.86962890625
5473072,29.84619140625
5473492,31.3720703125
5473761,34.423828125
5473953,34.912109375
5474103,31.25
5580745,29.23583984375
5580843,28.9306640625
5580914,32.28759765625
5580978,32.470703125
5581045,33.99658203125
5581064,28.86962890625
5581146,37.17041015625
5581193,33.3251953125
5581212,36.07177734375
5581238,44.25048828125
5581261,37.17041015625
5581288,33.87451171875
5581330,28.80859375
5581349,31.43310546875
5581365,32.65380859375
5581428,30.3955078125
5581471,35.21728515625
5581497,40.83251953125
5581575,44.189453125
5581605,48.15673828125
5581633,36.7431640625
5581672,39.61181640625
5581704,34.97314453125
5581735,37.2314453125
5581790,31.25
5581830,48.7060546875
5581854,29.11376953125
5581887,34.72900390625
5581935,37.17041015625
5581977,50.23193359375
5581990,42.3583984375
5582029,31.1279296875
5582202,48.583984375
5582262,38.2080078125
5582301,33.447265625
5582410,30.3955078125
5582434,33.14208984375
5582461,30.94482421875
5582517,36.43798828125
5582540,30.82275390625
5582655,33.63037109375
5582825,34.1796875
5582885,32.77587890625
5582944,41.3818359375
5583682,30.1513671875
5670071,29.11376953125
5670144,32.958984375
5670160,30.2734375
5670223,33.5693359375
5670282,35.70556640625
5670320,29.1748046875
5670373,29.84619140625
5670411,34.85107421875
5670435,36.0107421875
5670516,30.3955078125
5670551,30.21240234375
5670632,36.4990234375
5670677,28.74755859375
5670812,32.2265625
5670823,31.3720703125
5670866,64.75830078125
5670878,43.3349609375
5670914,39.4287109375
5670994,30.70068359375
5671038,29.9072265625
5671079,43.212890625
5671100,33.38623046875
5671118,35.09521484375
5671156,33.63037109375
5671189,31.18896484375
5671335,43.27392578125
5671418,30.8837890625
5671428,35.15625
5671477,34.60693359375
5671529,30.3955078125
5671572,29.1748046875
5671587,30.45654296875
5671765,44.3115234375
5671805,30.70068359375
5672190,28.80859375
5672278,38.330078125
5672313,30.33447265625
5672484,29.23583984375
5672749,32.89794921875
5724021,29.6630859375
5724184,31.92138671875
5724286,28.9306640625
5724374,39.48974609375
5724419,36.1328125
5724454,38.57421875
5724480,29.9072265625
5724516,31.6162109375
5724552,33.3251953125
5724575,32.28759765625
5724611,34.72900390625
5724646,29.60205078125
5724679,50.6591796875
5724729,35.21728515625
5724743,33.935546875
5724924,36.43798828125
5724947,34.3017578125
5725028,31.25
5725046,31.55517578125
5725225,29.23583984375
5725248,34.66796875
5725358,34.0576171875
5725370,44.5556640625
5725529,29.6630859375
5725571,29.052734375
5725598,29.72412109375
5725801,30.8837890625
5726489,32.71484375
5727053,32.71484375
5828517,29.6630859375
5828563,34.11865234375
5828861,45.41015625
5828913,41.80908203125
5828994,39.24560546875
5829027,38.51318359375
5829043,39.85595703125
5829097,38.63525390625
5829195,51.7578125
5829217,34.423828125
5829260,37.04833984375
5829277,32.16552734375
5829316,36.43798828125
5829343,48.2177734375
5829387,31.1279296875
5829491,33.935546875
5829519,43.51806640625
5829577,35.09521484375
5829613,35.09521484375
5829651,37.59765625
5829697,29.11376953125
5829770,31.8603515625
5829783,35.70556640625
5829817,44.73876953125
5829852,29.9072265625
5829920,32.28759765625
5829935,33.447265625
5830034,31.79931640625
5830057,43.0908203125
5830080,40.10009765625
5830167,29.052734375
5830197,34.11865234375
5830573,36.865234375
5830685,33.38623046875
5830728,31.25
5830761,32.89794921875
5830890,32.470703125
5831017,31.79931640625
5831206,30.1513671875
5831360,29.6630859375
5831413,29.11376953125
5831605,30.3955078125
5831731,33.935546875
5942871,28.86962890625
5943079,31.92138671875
5943135,29.6630859375
5943185,29.6630859375
5943214,36.376953125
5943241,36.68212890625
5943279,37.29248046875
5943347,39.12353515625
5943368,47.18017578125
5943403,28.80859375
5943423,30.2734375
5943478,32.5927734375
5943500,33.02001953125
5943513,33.3251953125
5943542,37.04833984375
5943579,34.48486328125
5943601,33.75244140625
5943624,29.23583984375
5943648,36.68212890625
5943674,31.06689453125
5943717,30.09033203125
5943727,30.09033203125
5943762,32.8369140625
5943809,30.6396484375
5943859,28.80859375
5943989,45.8984375
5944053,29.9072265625
5944080,41.50390625
5944126,44.98291015625
5944235,32.8369140625
5944270,53.8330078125
5944280,32.71484375
5944323,31.8603515625
5944352,32.470703125
5944415,28.99169921875
5944518,30.8837890625
5944580,33.0810546875
5944763,29.4189453125
5944803,30.517578125
5945048,30.45654296875
5946029,31.92138671875
5946955,28.9306640625
6061015,29.23583984375
6061234,29.9072265625
6061361,29.35791015625
6061455,35.33935546875
6061467,33.38623046875
6061525,34.11865234375
6061560,33.38623046875
6061588,42.05322265625
6061610,45.166015625
6061634,43.27392578125
6061669,37.841796875
6061684,43.02978515625
6061711,48.9501953125
6061726,29.296875
6061747,33.26416015625
6061788,41.1376953125
6061824,38.75732421875
6061848,44.0673828125
6061890,41.8701171875
6061960,34.66796875
6062012,31.3720703125
6062037,33.50830078125
6062086,37.41455078125
6062114,33.8134765625
6062172,29.4189453125
6062193,47.607421875
6062242,35.5224609375
6062335,29.72412109375
6062487,35.09521484375
6062512,32.3486328125
6062695,32.28759765625
6062724,32.89794921875
6062909,29.6630859375
6062986,36.19384765625
6063899,29.11376953125
6064137,32.8369140625
6064458,28.86962890625
6177381,30.09033203125
6177447,31.3720703125
6177560,32.8369140625
6177634,34.1796875
6177661,29.60205078125
6177694,32.65380859375
6177724,32.1044921875
6177764,33.935546875
6177820,36.68212890625
6177839,36.1328125
6177899,35.46142578125
6177933,41.3818359375
6177962,31.8603515625
6178014,34.36279296875
6178041,29.052734375
6178095,29.541015625
6178112,39.55078125
6178165,37.90283203125
6178214,37.65869140625
6178271,36.0107421875
6178282,44.73876953125
6178326,31.1279296875
6178349,41.015625
6178383,32.65380859375
6178418,31.43310546875
6178515,28.74755859375
6178644,36.56005859375
6178654,33.3251953125
6178968,30.76171875
6179089,30.57861328125
6179217,30.94482421875
6179315,28.74755859375
6179352,31.1279296875
6179443,29.60205078125
6179502,31.18896484375
6179836,31.18896484375
6179983,35.21728515625
6180113,30.517578125
6180265,36.0107421875
6296559,31.494140625
6296615,30.33447265625
6296656,39.1845703125
6296764,33.38623046875
6296798,45.5322265625
6296842,35.64453125
6296852,42.8466796875
6296884,34.11865234375
6296920,46.9970703125
6297007,32.04345703125
6297022,34.1796875
6297044,44.00634765625
6297077,43.39599609375
6297108,34.66796875
6297144,34.66796875
6297172,34.0576171875
6297203,49.6826171875
6297236,33.447265625
6297304,29.1748046875
6297317,29.96826171875
6297338,53.1005859375
6297429,30.3955078125
6297475,35.0341796875
6297492,31.67724609375
6297524,30.33447265625
6297691,34.0576171875
6297739,30.45654296875
6297897,31.25
6297922,29.1748046875
6298009,30.70068359375
6298019,29.78515625
6298099,30.57861328125
6298125,35.15625
6298309,29.1748046875
6298545,32.71484375
6298687,29.47998046875
6298870,31.6162109375
6298993,31.31103515625
6299029,32.28759765625
6299097,32.16552734375
6299150,30.029296875
6299508,28.86962890625
6420209,29.6630859375
6420442,29.296875
6420582,31.06689453125
6420671,32.470703125
6420707,29.1748046875
6420722,30.2734375
6420736,34.7900390625
6420773,45.654296875
6420863,50.47607421875
6420923,38.02490234375
6420956,39.794921875
6421002,35.0341796875
6421087,35.21728515625
6421141,30.21240234375
6421205,40.34423828125
6421236,33.63037109375
6421249,37.2314453125
6421302,37.2314453125
6421337,40.34423828125
6421406,29.35791015625
6421588,29.60205078125
6421751,37.53662109375
6421761,29.23583984375
6421805,34.3017578125
6421886,38.26904296875
6421966,29.96826171875
6421978,35.09521484375
6422300,29.60205078125
6422339,29.47998046875
6422670,30.029296875
6422804,33.02001953125
6423026,31.25
6423160,28.99169921875
6423286,28.99169921875
6569171,36.0107421875
6569357,29.541015625
6569470,31.982421875
6569501,31.3720703125
6569514,46.142578125
6569551,32.04345703125
6569588,32.5927734375
6569604,28.9306640625
6569638,34.0576171875
6569669,39.9169921875
6569738,29.296875
6569779,29.35791015625
6569823,40.0390625
6569853,29.23583984375
6569876,30.70068359375
6569902,31.43310546875
6569936,30.517578125
6569959,30.76171875
6570054,30.82275390625
6570115,33.69140625
6570179,33.87451171875
6570195,37.841796875
6570355,29.296875
6570391,31.18896484375
6570469,37.353515625
6570628,42.48046875
6570657,31.73828125
6570775,30.33447265625
6570810,32.8369140625
6570836,34.423828125
6570870,31.06689453125
6570911,29.11376953125
6571119,31.6162109375
6571248,28.80859375
6571364,29.6630859375
6572993,36.92626953125
6721153,30.09033203125
6721176,30.21240234375
6721283,37.17041015625
6721316,47.36328125
6721354,37.841796875
6721404,28.9306640625
6721450,32.5927734375
6721481,34.85107421875
6721545,38.75732421875
6721573,30.70068359375
6721605,40.1611328125
6721616,41.80908203125
6721669,36.2548828125
6721689,39.00146484375
6721700,34.24072265625
6721745,40.52734375
6721763,29.052734375
6721824,34.7900390625
6721853,35.7666015625
6721906,29.11376953125
6721931,35.0341796875
6721996,51.1474609375
6722036,44.49462890625
6722078,31.73828125
6722097,32.470703125
6722110,35.5224609375
6722132,31.6162109375
6722222,35.09521484375
6722311,37.17041015625
6722452,33.3251953125
6722490,30.45654296875
6722640,30.8837890625
6722691,30.70068359375
6722772,34.7900390625
6722935,28.9306640625
6723217,36.68212890625
6723481,33.38623046875
6723491,31.79931640625
6723953,32.470703125
6724130,33.38623046875
6840666,30.517578125
6840953,29.72412109375
6841036,34.912109375
6841080,39.85595703125
6841123,45.59326171875
6841145,49.072265625
6841161,37.17041015625
6841235,30.33447265625
6841270,29.84619140625
6841302,32.2265625
6841369,34.85107421875
6841434,31.18896484375
6841511,38.4521484375
6841534,46.69189453125
6841559,32.89794921875
6841599,36.0107421875
6841655,31.43310546875
6841696,37.7197265625
6841715,43.39599609375
6841758,30.82275390625
6841827,30.82275390625
6841863,30.76171875
6841881,36.0107421875
6841894,29.11376953125
6842051,32.28759765625
6842200,29.60205078125
6842272,29.96826171875
6842327,32.77587890625
6842596,35.15625
6843172,31.1279296875
6843603,34.60693359375
6844533,34.423828125
6981056,40.771484375
6981077,29.23583984375
6981110,30.45654296875
6981129,33.38623046875
6981243,29.6630859375
6981283,37.41455078125
6981350,34.85107421875
6981429,38.26904296875
6981468,33.26416015625
6981493,43.9453125
6981513,30.2734375
6981546,45.166015625
6981642,41.80908203125
6981762,30.21240234375
6981780,38.6962890625
6981821,30.517578125
6981871,38.818359375
6981904,32.28759765625
6982242,30.57861328125
6982368,29.23583984375
6982427,31.18896484375
6982452,29.541015625
6982529,29.78515625
6982566,38.330078125
6982694,36.376953125
6982816,35.94970703125
6982904,32.16552734375
6983044,33.50830078125
6983169,31.1279296875
6983261,30.2734375
6983314,28.9306640625
6983386,34.48486328125
6984732,31.18896484375
7088244,36.0107421875
7088365,34.3017578125
7088434,30.33447265625
7088555,47.30224609375
7088575,33.3251953125
7088603,29.541015625
7088665,28.80859375
7088686,30.6396484375
7088705,43.88427734375
7088786,35.46142578125
7088802,32.04345703125
7088863,30.517578125
7088893,29.11376953125
7088956,35.5224609375
7088975,31.494140625
7089023,31.92138671875
7089034,28.74755859375
7089078,39.61181640625
7089125,40.71044921875
7089186,32.53173828125
7089222,43.27392578125
7089311,30.33447265625
7089358,31.92138671875
7089374,35.33935546875
7089385,32.53173828125
7089415,35.5224609375
7089449,32.958984375
7089508,31.06689453125
7089666,29.96826171875
7089694,32.8369140625
7089803,30.76171875
7089981,30.94482421875
7090212,30.70068359375
7090395,35.64453125
7090417,31.43310546875
7090552,34.0576171875
7092067,29.72412109375
7196278,30.82275390625
7196391,34.48486328125
7196429,29.541015625
7196486,30.82275390625
7196514,29.72412109375
7196567,33.0810546875
7196592,30.2734375
7196626,35.33935546875
7196643,36.2548828125
7196687,36.865234375
7196708,36.2548828125
7196735,33.38623046875
7196759,30.94482421875
7196779,41.07666015625
7196805,31.43310546875
7196825,46.44775390625
7196855,36.62109375
7196888,42.05322265625
7196917,33.63037109375
7196928,32.65380859375
7196997,52.8564453125
7197030,32.2265625
7197051,31.6162109375
7197092,35.0341796875
7197129,33.87451171875
7197188,30.2734375
7197279,28.99169921875
7197387,29.296875
7197459,32.77587890625
7197556,30.029296875
7197610,29.4189453125
7197649,32.958984375
7197664,31.6162109375
7197698,32.28759765625
7197713,29.052734375
7197770,38.0859375
7197809,38.0859375
7197924,29.052734375
7198080,31.18896484375
7198104,32.28759765625
7198243,36.56005859375
7198400,37.353515625
7198430,41.748046875
7198541,31.6162109375
7198781,35.70556640625
7305508,29.78515625
7305648,30.09033203125
7305687,33.3251953125
7305747,29.4189453125
7305778,35.70556640625
7305828,32.40966796875
7305916,29.052734375
7305940,32.77587890625
7305996,30.3955078125
7306017,37.53662109375
7306105,28.80859375
7306121,30.3955078125
7306138,41.68701171875
7306169,53.03955078125
7306210,34.24072265625
7306234,33.99658203125
7306303,36.56005859375
7306335,31.43310546875
7306351,34.60693359375
7306398,42.1142578125
7306465,47.18017578125
7306485,31.1279296875
7306499,33.26416015625
7306628,46.5087890625
7306638,33.69140625
7306668,33.935546875
7306745,29.541015625
7306846,29.6630859375
7306954,34.60693359375
7307012,37.841796875
7307061,37.7197265625
7307140,31.31103515625
7307279,31.005859375
7307295,33.69140625
7307378,34.423828125
7307653,29.72412109375
7307681,31.18896484375
7307883,29.4189453125
7308248,28.80859375
7438248,33.63037109375
7438383,34.36279296875
7438438,32.77587890625
7438459,31.8603515625
7438482,38.75732421875
7438572,36.376953125
7438604,54.99267578125
7438650,33.26416015625
7438696,30.029296875
7438708,35.21728515625
7438733,35.94970703125
7438762,40.95458984375
7438797,29.296875
7438840,31.55517578125
7438874,31.18896484375
7438901,38.63525390625
7438945,29.052734375
7438965,28.80859375
7438994,28.80859375
7439042,30.09033203125
7439090,32.5927734375
7439146,30.029296875
7439176,36.19384765625
7439211,36.9873046875
7439243,32.89794921875
7439295,32.89794921875
7439317,32.958984375
7439341,33.0810546875
7439368,30.82275390625
7439402,33.3251953125
7439607,47.7294921875
7439854,29.35791015625
7439973,34.0576171875
7439996,30.82275390625
7440688,29.72412109375
7441192,29.60205078125
7539854,33.99658203125
7540041,33.87451171875
7540114,31.005859375
7540182,31.55517578125
7540215,28.86962890625
7540274,31.982421875
7540312,31.67724609375
7540362,30.45654296875
7540391,39.0625
7540428,30.57861328125
7540466,29.9072265625
7540521,44.3115234375
7540562,29.052734375
7540584,37.78076171875
7540612,31.73828125
7540659,29.4189453125
7540675,30.45654296875
7540726,29.23583984375
7540761,30.1513671875
7540804,37.17041015625
7540897,30.82275390625
7540959,32.470703125
7541058,31.73828125
7541144,35.33935546875
7541273,28.80859375
7541545,54.01611328125
7541577,31.31103515625
7541820,29.60205078125
7541904,38.4521484375
7542164,34.5458984375
7543196,30.82275390625
7671816,36.0107421875
7672067,29.296875
7672077,29.541015625
7672148,31.67724609375
7672233,34.1796875
7672303,30.6396484375
7672342,35.21728515625
7672365,33.99658203125
7672415,29.84619140625
7672464,30.8837890625
7672624,32.8369140625
7672659,29.6630859375
7672788,29.60205078125
7672827,34.912109375
7673006,29.296875
7673029,29.9072265625
7673058,30.45654296875
7673137,31.005859375
7673223,28.86962890625
7673251,33.69140625
7673327,33.69140625
7673370,33.87451171875
7673454,33.63037109375
7673485,33.75244140625
7673712,42.29736328125
7674101,31.1279296875
7674126,29.1748046875
7674145,30.3955078125
7674246,31.6162109375
7674449,32.5927734375
7674520,30.09033203125
7674812,31.005859375
7783306,29.296875
7783502,29.4189453125
7783514,34.7900390625
7783666,49.98779296875
7783702,33.0810546875
7783735,41.68701171875
7783757,36.56005859375
7783813,29.4189453125
7783842,30.029296875
7783879,34.0576171875
7783896,35.94970703125
7783927,30.94482421875
7784018,33.203125
7784040,33.3251953125
7784069,29.47998046875
7784085,33.87451171875
7784141,29.9072265625
7784189,32.40966796875
7784216,47.7294921875
7784272,34.3017578125
7784403,31.43310546875
7784426,35.82763671875
7784498,37.2314453125
7784541,32.16552734375
7784760,39.61181640625
7784857,29.60205078125
7785017,32.04345703125
7785115,31.1279296875
7785150,36.0107421875
7785363,29.84619140625
7785566,29.84619140625
7785725,29.96826171875
7785831,30.09033203125
7898237,30.82275390625
7898335,29.9072265625
7898386,30.3955078125
7898447,33.50830078125
7898467,32.77587890625
7898495,35.5224609375
7898627,37.41455078125
7898652,32.89794921875
7898684,29.72412109375
7898714,35.888671875
7898804,31.67724609375
7898841,35.64453125
7898884,48.9501953125
7898898,36.0107421875
7898958,30.45654296875
7898969,39.6728515625
7899031,40.0390625
7899070,38.63525390625
7899141,37.7197265625
7899163,29.78515625
7899178,30.70068359375
7899222,33.8134765625
7899239,31.55517578125
7899340,35.64453125
7899400,34.60693359375
7899465,35.70556640625
7899549,34.85107421875
7899583,32.1044921875
7899665,29.47998046875
7899799,43.88427734375
7899834,33.0810546875
7899966,35.09521484375
7899991,34.97314453125
7900115,30.21240234375
7900264,30.94482421875
7900294,30.94482421875
7900360,32.71484375
7900483,28.86962890625
7900718,28.86962890625
7901082,38.63525390625
8046993,29.052734375
8047036,32.77587890625
8047149,39.73388671875
8047174,35.46142578125
8047221,36.80419921875
8047258,43.27392578125
8047273,41.259765625
8047315,39.24560546875
8047344,31.79931640625
8047392,30.09033203125
8047413,33.02001953125
8047452,35.94970703125
8047474,32.5927734375
8047489,29.296875
8047540,32.89794921875
8047569,30.3955078125
8047603,31.005859375
8047627,29.35791015625
8047654,46.2646484375
8047696,37.59765625
8047784,39.00146484375
8047837,29.23583984375
8047893,28.74755859375
8047954,36.0107421875
8047989,33.02001953125
8048037,29.78515625
8048108,31.06689453125
8048172,32.71484375
8048370,32.470703125
8048441,31.6162109375
8048653,28.80859375
8048689,37.353515625
8049040,29.96826171875
8049122,34.0576171875
8049257,32.53173828125
8049310,28.9306640625
8049697,29.84619140625
8153132,34.11865234375
8153167,29.541015625
8153231,30.1513671875
8153349,40.1611328125
8153377,29.541015625
8153434,31.67724609375
8153447,34.11865234375
8153505,31.43310546875
8153576,32.89794921875
8153590,34.66796875
8153616,36.1328125
8153688,30.1513671875
8153734,35.46142578125
8153772,32.71484375
8153803,29.96826171875
8153836,50.47607421875
8153867,34.3017578125
8153979,36.376953125
8153992,33.99658203125
8154074,36.31591796875
8154113,29.78515625
8154224,45.10498046875
8154320,31.31103515625
8154444,36.31591796875
8154603,30.76171875
8154651,29.052734375
8154733,32.71484375
8154794,35.94970703125
8154863,30.029296875
8154935,30.45654296875
8155561,31.67724609375
8155630,32.28759765625
8155739,29.6630859375
8155919,35.58349609375
8156579,30.029296875
8268371,39.9169921875
8268534,28.99169921875
8268566,28.99169921875
8268591,29.296875
8268612,29.1748046875
8268647,32.8369140625
8268719,29.6630859375
8268806,34.423828125
8268831,30.70068359375
8268853,35.82763671875
8268880,31.005859375
8268910,30.76171875
8268955,35.94970703125
8268989,37.4755859375
8269001,48.095703125
8269048,30.3955078125
8269066,33.0810546875
8269168,31.06689453125
8269179,29.35791015625
8269225,44.73876953125
8269270,29.4189453125
8269298,33.26416015625
8269329,29.296875
8269349,33.14208984375
8269365,28.80859375
8269392,31.25
8269405,32.53173828125
8269475,32.1044921875
8269518,36.56005859375
8269588,29.541015625
8269674,32.53173828125
8269720,43.701171875
8269805,33.0810546875
8269954,29.6630859375
8270073,36.56005859375
8270145,32.89794921875
8270262,31.73828125
8270447,29.052734375
8270560,31.005859375
8270586,35.46142578125
8270616,29.60205078125
8270643,33.26416015625
8270758,31.31103515625
8270902,30.6396484375
8270967,29.47998046875
8271337,29.052734375
8368828,30.45654296875
8369132,29.296875
8369211,30.2734375
8369324,33.87451171875
8369361,30.94482421875
8369426,30.517578125
8369456,31.982421875
8369516,41.56494140625
8369603,32.65380859375
8369653,29.60205078125
8369682,30.57861328125
8369778,45.2880859375
8369788,33.203125
8369839,30.3955078125
8369864,30.8837890625
8369948,35.0341796875
8370119,29.23583984375
8370249,34.48486328125
8370452,42.1142578125
8370532,29.6630859375
8370750,31.31103515625
8370844,35.2783203125
8370965,29.1748046875
8371053,33.87451171875
8371511,30.82275390625
8371729,28.80859375
8498774,29.6630859375
8498930,30.8837890625
8499135,29.35791015625
8499201,40.34423828125
8499360,38.6962890625
8499419,33.0810546875
8499457,30.21240234375
8499476,36.4990234375
8499505,34.48486328125
8499571,36.80419921875
8499613,35.33935546875
8499625,33.02001953125
8499759,39.1845703125
8499850,38.818359375
8499894,34.5458984375
8499936,33.0810546875
8499953,31.79931640625
8499990,29.35791015625
8500027,32.40966796875
8500123,29.11376953125
8500133,43.0908203125
8500215,29.96826171875
8500248,30.029296875
8500286,33.14208984375
8500397,35.5224609375
8500576,31.005859375
8500665,32.3486328125
8500827,35.0341796875
8500853,32.5927734375
8500951,32.04345703125
8501518,30.3955078125
8501551,32.1044921875
8501577,29.96826171875
8501643,29.96826171875
8501855,33.0810546875
8624297,29.35791015625
8624447,29.9072265625
8624526,32.16552734375
8624589,32.470703125
8624621,30.3955078125
8624659,39.00146484375
8624717,34.85107421875
8624763,29.052734375
8624789,39.61181640625
8624831,33.3251953125
8624878,33.935546875
8624908,34.3017578125
8624929,29.78515625
8624973,40.10009765625
8625011,32.958984375
8625047,30.029296875
8625119,29.9072265625
8625187,40.52734375
8625202,32.2265625
8625235,31.494140625
8625246,31.55517578125
8625281,31.25
8625405,30.517578125
8625481,33.14208984375
8625579,29.35791015625
8625798,34.60693359375
8625844,28.9306640625
8625873,31.06689453125
8626855,28.9306640625
8626924,33.5693359375
8626984,28.99169921875
8627257,29.84619140625
8627484,30.45654296875
8732737,32.470703125
8732758,30.33447265625
8732964,29.1748046875
8733136,35.70556640625
8733176,30.76171875
8733195,40.83251953125
8733232,37.41455078125
8733253,28.80859375
8733305,35.70556640625
8733407,43.27392578125
8733439,42.29736328125
8733484,36.62109375
8733544,30.8837890625
8733566,45.166015625
8733584,37.17041015625
8733759,30.33447265625
8733790,45.2880859375
8733863,29.47998046875
8733950,31.982421875
8734098,32.16552734375
8734171,30.029296875
8734465,30.45654296875
8734523,38.14697265625
8734754,34.97314453125
8735295,31.25
8735592,30.517578125
8736230,29.6630859375
8852741,33.02001953125
8852921,29.96826171875
8852978,42.41943359375
8853004,31.6162109375
8853052,30.1513671875
8853118,28.86962890625
8853147,32.40966796875
8853176,31.55517578125
8853193,33.14208984375
8853232,28.9306640625
8853281,31.25
8853323,46.08154296875
8853347,33.63037109375
8853449,32.28759765625
8853496,38.0859375
8853537,37.4755859375
8853561,37.109375
8853610,35.70556640625
8853707,30.2734375
8853745,31.67724609375
8853859,32.53173828125
8853990,31.55517578125
8854025,29.60205078125
8854090,29.1748046875
8854165,31.982421875
8854221,32.958984375
8854323,29.4189453125
8854606,28.86962890625
8854630,34.0576171875
8854680,29.4189453125
8854848,33.02001953125
8854905,30.76171875
8854970,30.517578125
8855020,32.89794921875
8855223,33.3251953125
8855395,29.6630859375
8855745,30.76171875
8978451,31.06689453125
8978477,30.57861328125
8978559,37.2314453125
8978660,33.14208984375
8978697,33.26416015625
8978735,47.30224609375
8978805,28.9306640625
8978834,28.9306640625
8978895,42.66357421875
8978955,42.6025390625
8978968,35.64453125
8979023,31.005859375
8979039,31.43310546875
8979063,31.92138671875
8979113,33.99658203125
8979153,32.5927734375
8979282,46.0205078125
8979309,29.84619140625
8979362,30.76171875
8979665,36.92626953125
8979770,33.447265625
8979865,30.76171875
8979898,31.1279296875
8979937,29.11376953125
8980061,33.14208984375
8980356,36.56005859375
8981288,36.56005859375
9083476,30.517578125
9083643,35.58349609375
9083653,35.82763671875
9083773,32.04345703125
9083887,29.052734375
9084033,29.6630859375
9084067,33.50830078125
9084128,30.70068359375
9084149,34.3017578125
9084186,32.89794921875
9084214,40.10009765625
9084266,33.63037109375
9084302,33.87451171875
9084330,32.2265625
9084356,30.09033203125
9084462,33.63037109375
9084535,35.5224609375
9084577,36.19384765625
9084752,34.0576171875
9084788,32.40966796875
9084831,29.72412109375
9085027,31.55517578125
9085044,34.0576171875
9085181,28.80859375
9085247,30.94482421875
9085361,37.4755859375
9085373,28.80859375
9085458,30.517578125
9085702,29.541015625
9086156,29.72412109375
9226561,30.76171875
9226603,31.3720703125
9226633,30.57861328125
9226697,30.029296875
9226735,33.203125
9226782,29.1748046875
9226801,33.63037109375
9226862,36.9873046875
9226915,29.47998046875
9226931,29.296875
9226989,33.75244140625
9227007,29.9072265625
9227050,47.8515625
9227083,36.80419921875
9227112,33.5693359375
9227131,31.79931640625
9227230,36.376953125
9227269,33.14208984375
9227300,33.203125
9227327,29.96826171875
9227337,31.92138671875
9227471,33.38623046875
9227553,29.72412109375
9227675,32.89794921875
9227766,30.70068359375
9228045,37.59765625
9228079,28.80859375
9228154,36.376953125
9228372,31.982421875
9228476,38.330078125
9228503,30.8837890625
9228619,30.57861328125
9228879,37.59765625
9229089,30.2734375
9229238,31.18896484375
9229503,29.1748046875
9372635,30.09033203125
9372936,29.72412109375
9373035,34.3017578125
9373108,29.60205078125
9373182,32.1044921875
9373256,32.28759765625
9373332,32.3486328125
9373376,31.982421875
9373446,32.958984375
9373463,37.17041015625
9373514,35.400390625
9373542,30.94482421875
9373564,40.10009765625
9373610,38.26904296875
9373766,36.62109375
9373788,34.912109375
9373824,31.982421875
9373974,33.3251953125
9374034,32.1044921875
9374073,33.99658203125
9374111,29.35791015625
9374202,28.80859375
9374260,29.296875
9374309,34.11865234375
9374347,28.80859375
9374430,32.89794921875
9374491,28.9306640625
9374698,33.935546875
9374709,33.203125
9375717,29.60205078125
9375884,35.64453125
9492664,28.86962890625
9492710,30.8837890625
9492890,32.958984375
9492975,31.73828125
9493051,29.47998046875
9493156,29.60205078125
9493191,28.99169921875
9493202,33.87451171875
9493246,29.4189453125
9493341,33.0810546875
9493362,34.3017578125
9493386,33.935546875
9493399,31.494140625
9493454,28.99169921875
9493615,33.203125
9493675,35.33935546875
9493714,33.26416015625
9493734,29.4189453125
9493768,33.8134765625
9493891,29.78515625
9493908,30.09033203125
9493960,28.74755859375
9494009,36.62109375
9494050,31.92138671875
9494476,31.43310546875
9494595,28.86962890625
9494731,34.7900390625
9494826,29.23583984375
9494875,30.21240234375
9494929,31.3720703125
9495023,28.80859375
9495099,29.96826171875
9495122,30.76171875
9495306,31.25
9495451,30.94482421875
9495837,29.4189453125
9495949,28.99169921875
9619401,30.57861328125
9619421,33.203125
9619435,37.353515625
9619465,29.47998046875
9619594,37.9638671875
9619669,32.1044921875
9619699,33.38623046875
9619742,31.6162109375
9619784,41.015625
9619819,39.1845703125
9619848,32.16552734375
9619872,32.3486328125
9619923,29.23583984375
9619967,33.8134765625
9620000,31.79931640625
9620011,34.85107421875
9620046,39.4287109375
9620065,29.84619140625
9620126,33.26416015625
9620219,35.94970703125
9620315,40.1611328125
9620330,34.24072265625
9620487,33.935546875
9620677,30.45654296875
9621039,31.25
9621260,29.1748046875
9621352,29.35791015625
9621628,30.2734375
9622308,31.18896484375
9738861,28.74755859375
9739299,29.541015625
9739332,29.96826171875
9739570,32.40966796875
9739641,29.6630859375
9739678,31.06689453125
9739758,33.69140625
9739788,34.912109375
9739878,34.3017578125
9739907,51.57470703125
9740059,43.88427734375
9740088,35.64453125
9740139,33.935546875
9740210,43.27392578125
9740383,33.26416015625
9740546,33.0810546875
9740575,33.935546875
9740798,31.73828125
9740818,37.29248046875
9740968,30.1513671875
9741013,30.94482421875
9741299,29.9072265625
9741426,31.79931640625
9741642,36.43798828125
9742047,31.43310546875
9908170,29.6630859375
9908282,33.69140625
9908391,29.47998046875
9908436,33.87451171875
9908482,30.6396484375
9908585,35.400390625
9908677,34.7900390625
9908697,29.296875
9908717,46.93603515625
9908771,36.19384765625
9908853,35.0341796875
9908864,30.8837890625
9908902,38.51318359375
9908960,33.5693359375
9908984,29.296875
9909016,39.00146484375
9909159,39.48974609375
9909197,32.958984375
9909288,36.1328125
9909303,28.99169921875
9909344,30.70068359375
9909373,33.02001953125
9909412,35.888671875
9909533,33.63037109375
9909621,29.052734375
9909736,31.3720703125
9909902,30.33447265625
9909927,35.58349609375
9910114,29.1748046875
9910230,31.3720703125
9910835,30.09033203125
10065994,30.8837890625
10066141,33.447265625
10066223,29.78515625
10066291,30.76171875
10066397,31.18896484375
10066416,37.90283203125
10066434,30.3955078125
10066485,28.86962890625
10066508,30.21240234375
10066536,33.3251953125
10066633,37.04833984375
10066652,32.65380859375
10066689,30.8837890625
10066723,30.09033203125
10066798,31.8603515625
10066811,34.912109375
10066899,31.18896484375
10066977,37.41455078125
10066987,30.82275390625
10067012,29.47998046875
10067055,28.74755859375
10067115,35.58349609375
10067279,29.78515625
10067296,30.94482421875
10067368,29.296875
10067472,31.43310546875
10067516,36.07177734375
10067665,38.26904296875
10068068,28.74755859375
10068623,37.41455078125
10068918,28.9306640625
10189802,29.296875
10189963,29.541015625
10189974,33.02001953125
10190053,35.15625
10190152,32.16552734375
10190187,32.65380859375
10190217,28.74755859375
10190318,31.25
10190335,29.84619140625
10190376,32.53173828125
10190402,31.494140625
10190418,32.04345703125
10190493,30.21240234375
10190504,29.296875
10190618,32.71484375
10190655,28.9306640625
10190688,33.69140625
10190754,30.45654296875
10190815,34.66796875
10190853,28.9306640625
10190912,28.80859375
10190980,37.109375
10191217,34.85107421875
10191311,35.0341796875
10191392,35.0341796875
10192455,29.11376953125
10192531,29.541015625
10329572,30.57861328125
10329584,32.5927734375
10329624,33.935546875
10329727,30.517578125
10329775,28.86962890625
10329804,33.99658203125
10329836,31.8603515625
10329847,41.50390625
10329901,36.1328125
10330003,34.66796875
10330067,33.935546875
10330108,38.2080078125
10330136,31.6162109375
10330182,30.517578125
10330221,40.283203125
10330255,32.958984375
10330308,33.63037109375
10330326,30.82275390625
10330399,29.1748046875
10330441,34.423828125
10330463,34.97314453125
10330622,33.69140625
10330781,28.80859375
10330993,34.66796875
10331016,34.5458984375
10331453,30.8837890625
10331485,29.1748046875
10331605,33.50830078125
10331683,30.82275390625
10332164,30.33447265625
10332243,33.447265625
10463929,30.76171875
10464062,31.55517578125
10464260,29.72412109375
10464285,33.63037109375
10464314,29.96826171875
10464659,51.69677734375
10464671,29.9072265625
10464691,35.2783203125
10464713,29.052734375
10464753,28.80859375
10464856,38.2080078125
10464890,35.94970703125
10464932,41.56494140625
10465020,29.11376953125
10465197,29.052734375
10465305,29.296875
10465321,31.79931640625
10465370,34.60693359375
10465386,29.84619140625
10465445,28.9306640625
10465600,38.51318359375
10465669,31.06689453125
10465767,30.2734375
10465875,28.9306640625
10465982,30.6396484375
10466157,29.72412109375
10466232,30.82275390625
10466407,30.2734375
10466594,29.4189453125
10466841,35.21728515625
10626579,28.99169921875
10626793,32.470703125
10626817,32.71484375
10626893,35.58349609375
10626951,37.90283203125
10627028,37.90283203125
10627063,38.51318359375
10627075,32.8369140625
10627157,38.14697265625
10627176,32.1044921875
10627210,32.89794921875
10627343,29.23583984375
10627441,44.3115234375
10627875,34.11865234375
10628113,29.35791015625
10628437,29.84619140625
10628562,36.31591796875
10628891,42.1142578125
10629070,28.99169921875
10629108,29.60205078125
10629163,32.40966796875
10629307,29.96826171875
10755271,32.16552734375
10755314,31.43310546875
10755435,31.67724609375
10755470,33.0810546875
10755552,35.7666015625
10755660,32.8369140625
10755671,37.7197265625
10755725,33.99658203125
10755786,29.60205078125
10755901,36.376953125
10755924,30.21240234375
10755947,29.4189453125
10755962,33.50830078125
10756022,38.9404296875
10756048,30.21240234375
10756084,28.9306640625
10756135,30.6396484375
10756163,31.005859375
10756282,34.3017578125
10756305,32.65380859375
10756486,33.0810546875
10756548,29.23583984375
10756626,29.96826171875
10756697,30.09033203125
10756730,29.60205078125
10756871,29.72412109375
10756972,31.31103515625
10757001,30.21240234375
10757329,28.80859375
10758071,29.296875
10937866,33.26416015625
10937894,38.87939453125
10938089,29.1748046875
10938202,34.60693359375
10938253,36.43798828125
10938409,30.82275390625
10938475,29.35791015625
10938535,32.8369140625
10938639,29.052734375
10938672,29.23583984375
10938723,36.43798828125
10938743,29.35791015625
10938771,31.31103515625
10938889,35.15625
10938921,30.1513671875
10938959,33.63037109375
10939011,30.3955078125
10939054,42.29736328125
10939094,31.79931640625
10939137,30.45654296875
10939163,30.94482421875
10939225,30.82275390625
10939254,29.84619140625
10939274,29.35791015625
10939363,28.80859375
10939489,39.24560546875
10939511,31.31103515625
10939875,30.6396484375
10940013,31.55517578125
10940168,28.80859375
10940241,33.50830078125
10940337,30.3955078125
10940860,32.04345703125
10941375,32.470703125
11094270,29.1748046875
11094390,39.4287109375
11094439,29.72412109375
11094471,36.31591796875
11094494,31.67724609375
11094523,32.8369140625
11094596,30.70068359375
11094659,29.84619140625
11094725,37.7197265625
11094758,30.517578125
11094810,38.26904296875
11094848,33.50830078125
11094915,31.67724609375
11094960,36.0107421875
11095004,30.70068359375
11095080,29.84619140625
11095105,31.31103515625
11095193,32.53173828125
11095233,31.67724609375
11095268,33.63037109375
11095318,29.6630859375
11095425,31.005859375
11095509,35.21728515625
11095675,37.841796875
11095713,31.18896484375
11095906,29.11376953125
11096224,32.1044921875
11096251,29.23583984375
11096381,31.18896484375
11096509,29.35791015625
11252167,31.005859375
11252198,29.60205078125
11252218,31.494140625
11252330,36.0107421875
11252348,30.94482421875
11252425,45.8984375
11252439,31.982421875
11252465,34.66796875
11252511,31.8603515625
11252641,30.70068359375
11252676,34.7900390625
11252719,32.53173828125
11252756,29.11376953125
11252935,29.6630859375
11252964,29.4189453125
11253014,30.2734375
11253139,29.72412109375
11253251,31.3720703125
11253460,35.0341796875
11253567,33.5693359375
11253673,32.5927734375
11254077,29.052734375
11254292,28.80859375
11254328,32.71484375
11254359,29.11376953125
11377629,28.80859375
11377803,37.9638671875
11378033,34.36279296875
11378114,34.97314453125
11378132,31.55517578125
11378253,33.0810546875
11378276,33.99658203125
11378353,33.26416015625
11378385,30.6396484375
11378514,45.0439453125
11378549,31.8603515625
11378665,30.70068359375
11378680,31.67724609375
11378861,49.4384765625
11379033,31.67724609375
11379081,30.09033203125
11379110,33.5693359375
11379141,33.99658203125
11379390,29.60205078125
11379798,39.12353515625
11379940,30.517578125
11380112,30.1513671875
11380138,29.78515625
11380566,30.76171875
11622781,33.02001953125
11622831,31.73828125
11622907,31.67724609375
11622970,31.982421875
11623017,30.09033203125
11623087,31.8603515625
11623209,33.5693359375
11623269,31.31103515625
11623306,29.72412109375
11623323,33.5693359375
11623532,30.45654296875
11623676,38.57421875
11623737,31.25
11623763,34.24072265625
11623875,30.1513671875
11624326,31.92138671875
11624364,29.84619140625
11624825,31.43310546875
11625034,30.21240234375
11790824,29.78515625
11791139,30.76171875
11791161,32.1044921875
11791532,29.60205078125
11791546,29.84619140625
11791608,39.97802734375
11791741,32.77587890625
11791784,30.76171875
11791834,31.494140625
11791851,36.7431640625
11791885,30.8837890625
11791933,30.76171875
11792047,29.23583984375
11792200,30.6396484375
11792231,32.5927734375
11792263,43.39599609375
11792284,33.87451171875
11792422,34.97314453125
11792443,31.8603515625
11792525,31.25
11792578,29.60205078125
11792879,32.958984375
11792924,33.5693359375
11792984,31.982421875
11966079,30.3955078125
11966248,37.17041015625
11966280,39.73388671875
11966334,29.1748046875
11966358,33.5693359375
11966387,31.06689453125
11966452,31.18896484375
11966510,30.76171875
11966528,34.48486328125
11966556,29.6630859375
11966649,31.43310546875
11966710,33.203125
11966748,30.517578125
11966768,29.1748046875
11966789,32.3486328125
11966839,34.66796875
11966992,30.82275390625
11967105,28.9306640625
11967264,34.72900390625
11967400,40.6494140625
11967645,29.23583984375
11967967,32.8369140625
