11999000,0
35239,31.73828125
35482,34.72900390625
35684,28.80859375
35899,33.02001953125
101959,29.052734375
102178,32.71484375
102208,30.2734375
102283,33.14208984375
102308,30.21240234375
102456,32.958984375
103018,30.57861328125
177386,30.09033203125
177413,29.84619140625
177454,30.6396484375
177480,31.18896484375
177630,33.75244140625
177980,29.35791015625
178158,29.052734375
236102,33.3251953125
236192,31.005859375
236286,34.66796875
236429,29.72412109375
237164,33.8134765625
287598,29.60205078125
287691,29.60205078125
287961,36.0107421875
288109,28.86962890625
288135,28.9306640625
376432,29.296875
376617,30.1513671875
376682,30.029296875
376799,34.11865234375
376916,31.43310546875
462679,33.99658203125
462784,35.5224609375
462804,29.296875
463013,38.4521484375
463088,30.33447265625
463138,34.5458984375
463254,31.1279296875
539206,28.86962890625
539611,33.87451171875
539831,32.3486328125
540211,32.53173828125
632159,33.14208984375
632188,29.78515625
632283,30.517578125
632354,29.72412109375
632423,31.79931640625
632457,30.76171875
632549,31.8603515625
632611,32.1044921875
632733,29.23583984375
632898,29.9072265625
696032,28.86962890625
696293,30.3955078125
751276,28.80859375
751697,29.78515625
838536,30.8837890625
838551,29.47998046875
838629,30.1513671875
839098,35.5224609375
839175,29.84619140625
839195,31.25
932274,29.4189453125
932559,31.1279296875
932748,30.09033203125
999813,38.2080078125
1000330,29.541015625
1000656,30.3955078125
1000934,32.3486328125
1001073,30.1513671875
1043513,30.57861328125
1122634,29.78515625
1122941,31.31103515625
1123137,32.3486328125
1123653,31.25
1202269,31.8603515625
1202373,31.6162109375
1287698,30.09033203125
1287736,29.47998046875
1287948,34.72900390625
1288005,29.23583984375
1288046,32.958984375
1288208,31.55517578125
1288421,33.02001953125
1288551,29.4189453125
1348391,31.982421875
1348723,30.1513671875
1349162,32.77587890625
1349619,33.02001953125
1397393,29.47998046875
1397745,31.005859375
1398078,29.052734375
1502053,29.1748046875
1502301,31.3720703125
1502401,33.0810546875
1502485,34.423828125
1502603,31.79931640625
1502829,29.11376953125
1503009,31.25
1503075,33.203125
1589095,30.2734375
1589336,29.84619140625
1589430,30.45654296875
1589483,36.62109375
1589800,30.82275390625
1589874,32.3486328125
1589907,32.65380859375
1589977,29.1748046875
1590112,31.43310546875
1590210,30.1513671875
1590287,32.1044921875
1590536,30.3955078125
1703846,33.203125
1703906,33.5693359375
1703938,32.16552734375
1703996,36.43798828125
1704030,30.029296875
1704174,31.43310546875
1854777,28.9306640625
1855101,29.60205078125
1855260,29.541015625
1855285,30.45654296875
1977776,31.55517578125
1977908,33.935546875
1977954,32.958984375
1978015,34.48486328125
1978153,33.935546875
2103163,33.3251953125
2103349,30.82275390625
2103474,30.21240234375
2103521,30.57861328125
2103532,34.912109375
2103756,30.94482421875
2184141,29.96826171875
2184170,30.45654296875
2314135,28.74755859375
2314194,31.55517578125
2314257,30.57861328125
2314444,28.9306640625
2314687,31.005859375
2314726,30.94482421875
2315190,30.33447265625
2360956,29.9072265625
2360984,32.04345703125
2361033,33.99658203125
2361086,31.1279296875
2362128,30.09033203125
2454004,32.470703125
2454175,30.57861328125
2454240,31.494140625
2454262,35.5224609375
2550532,33.0810546875
2550582,37.109375
2550598,33.02001953125
2550880,41.259765625
2658342,29.4189453125
2658777,29.96826171875
2658811,40.1611328125
2658857,28.9306640625
2658883,28.99169921875
2658967,29.96826171875
2659155,28.74755859375
2659521,32.3486328125
2659713,28.86962890625
2751402,31.982421875
2751536,34.66796875
2751803,30.6396484375
2752181,33.3251953125
2752552,30.1513671875
2848903,30.1513671875
2849120,35.46142578125
2849247,30.70068359375
2958677,33.3251953125
2958753,30.70068359375
2958828,34.1796875
2958903,30.21240234375
2958970,32.958984375
3061702,33.203125
3061738,30.33447265625
3061898,28.9306640625
3061982,32.3486328125
3062037,30.6396484375
3062642,31.31103515625
3063208,28.86962890625
3169014,32.28759765625
3169050,30.76171875
3169293,31.6162109375
3169656,33.50830078125
3170128,29.96826171875
3286046,29.78515625
3286519,36.62109375
3382432,31.1279296875
3382474,33.99658203125
3382803,30.517578125
3383001,29.23583984375
3383088,31.31103515625
3383344,32.53173828125
3383407,29.78515625
3476774,30.09033203125
3477026,29.6630859375
3477146,30.029296875
3477240,38.02490234375
3477502,30.33447265625
3477810,28.80859375
3477854,31.67724609375
3477882,30.45654296875
3571535,29.78515625
3571599,31.43310546875
3571887,29.23583984375
3572031,29.84619140625
3572455,28.80859375
3572486,31.005859375
3572652,28.74755859375
3665690,30.33447265625
3666036,29.60205078125
3666376,32.2265625
3666551,29.9072265625
3666679,31.31103515625
3667175,29.23583984375
3820092,28.74755859375
3820195,31.18896484375
3820381,31.1279296875
3820543,30.029296875
3820734,34.423828125
3820886,33.69140625
3821808,29.9072265625
3905913,32.28759765625
3905983,28.99169921875
3906976,31.494140625
4004365,29.72412109375
4094500,30.45654296875
4094596,32.40966796875
4094739,29.96826171875
4197557,29.4189453125
4197578,29.72412109375
4197757,32.1044921875
4197769,29.78515625
4197874,29.47998046875
4199036,30.70068359375
4283952,29.47998046875
4284645,28.80859375
4284687,28.86962890625
4284965,29.1748046875
4285897,29.4189453125
4377326,29.9072265625
4377369,31.06689453125
4377548,36.0107421875
4483724,32.958984375
4483859,31.6162109375
4484418,31.982421875
4484453,29.60205078125
4588208,32.77587890625
4588300,31.43310546875
4588520,29.84619140625
4685782,31.55517578125
4685969,32.40966796875
4686306,33.0810546875
4774097,32.16552734375
4774413,31.79931640625
4867617,33.5693359375
4867647,28.86962890625
4868144,30.09033203125
4868209,33.02001953125
4868275,29.296875
4868339,30.029296875
4971367,28.86962890625
4971415,31.18896484375
4972170,28.86962890625
5062542,33.75244140625
5062934,30.76171875
5063041,34.7900390625
5063213,28.86962890625
5159739,31.55517578125
5160033,30.70068359375
5160219,32.71484375
5258220,33.75244140625
5258316,30.82275390625
5258447,34.0576171875
5258501,29.84619140625
5259209,30.82275390625
5364931,34.5458984375
5365044,29.72412109375
5365323,30.09033203125
5365682,31.79931640625
5366575,30.94482421875
5471430,30.1513671875
5472215,29.23583984375
5581047,33.203125
5581598,29.1748046875
5581951,30.517578125
5582676,29.052734375
5670147,30.1513671875
5670761,39.1845703125
5724960,33.14208984375
5829081,29.11376953125
5829121,28.99169921875
5829320,30.029296875
5942779,30.82275390625
5942983,30.029296875
5943300,29.84619140625
5943539,29.052734375
6061705,33.38623046875
6061735,29.96826171875
6061785,28.9306640625
6061837,34.3017578125
6062135,30.21240234375
6178258,28.86962890625
6296621,31.1279296875
6296971,30.6396484375
6420721,30.029296875
6420806,29.60205078125
6420844,29.23583984375
6569754,34.85107421875
6721352,31.55517578125
6721365,33.38623046875
6721549,33.5693359375
6721841,30.8837890625
6840910,34.1796875
6841450,35.58349609375
6981061,29.541015625
6981336,31.8603515625
6981545,30.029296875
6981837,29.11376953125
7088422,29.1748046875
7088683,34.66796875
7090346,29.72412109375
7196806,30.1513671875
7197122,31.982421875
7305794,35.0341796875
7306385,29.052734375
7438362,29.6630859375
7438483,30.21240234375
7438622,30.8837890625
7438786,31.67724609375
7438896,29.296875
7438951,29.296875
7540195,29.96826171875
7540686,29.96826171875
7672347,31.31103515625
7672464,37.90283203125
7672575,29.96826171875
7672803,29.296875
7783786,30.2734375
7784100,35.2783203125
7898305,29.052734375
7898922,33.8134765625
7899317,30.517578125
7899655,33.935546875
8047389,37.53662109375
8047455,34.24072265625
8047488,29.1748046875
8047627,29.4189453125
8047741,33.5693359375
8154408,29.541015625
8268855,29.1748046875
8268890,30.2734375
8369260,31.79931640625
8499428,29.84619140625
8499729,30.57861328125
8624543,31.3720703125
8624736,34.60693359375
8624879,28.74755859375
8779524,28.74755859375
8852779,33.8134765625
8852927,30.09033203125
8853335,31.6162109375
8853643,29.11376953125
8978551,34.423828125
8978647,34.912109375
8978691,30.6396484375
8978755,28.9306640625
9083562,29.78515625
9083980,31.1279296875
9227014,28.86962890625
9373348,29.296875
9373405,31.31103515625
9373433,29.541015625
9373462,30.57861328125
9493111,30.029296875
9619557,29.60205078125
9739713,34.66796875
9908489,30.70068359375
10066516,32.958984375
10189688,33.75244140625
10755318,34.72900390625
10755555,29.541015625
10755761,29.35791015625
10755999,28.74755859375
11252620,29.4189453125
11254055,29.052734375
11621862,33.99658203125
11622459,28.80859375
11623260,28.99169921875
11792085,30.029296875
11965925,29.052734375
