11999000,0
34600,22.5830078125
34791,24.84130859375
35005,23.13232421875
35109,28.1982421875
35137,32.28759765625
35157,31.67724609375
35171,27.03857421875
35209,22.64404296875
35258,26.9775390625
35279,26.3671875
35305,31.73828125
35367,22.15576171875
35390,27.099609375
35431,24.35302734375
35480,25.7568359375
35491,34.912109375
35556,29.23583984375
35589,25.2685546875
35698,21.97265625
35710,23.86474609375
35749,30.6396484375
35775,23.5595703125
35833,26.611328125
35855,35.46142578125
35892,34.36279296875
35920,23.8037109375
35956,22.64404296875
35973,25.69580078125
36009,23.5595703125
36055,26.79443359375
36095,22.8271484375
36106,24.5361328125
36139,22.94921875
36338,22.27783203125
36367,25.390625
36436,21.97265625
36480,24.658203125
36533,22.52197265625
36654,27.2216796875
36725,27.28271484375
36871,22.94921875
36994,24.7802734375
37128,22.3388671875
37571,28.6865234375
101657,23.37646484375
102038,23.62060546875
102117,22.15576171875
102139,24.5361328125
102205,22.705078125
102219,29.96826171875
102257,26.611328125
102292,22.27783203125
102303,27.28271484375
102384,27.77099609375
102413,34.5458984375
102439,22.8271484375
102463,27.77099609375
102505,21.78955078125
102520,22.705078125
102566,21.8505859375
102606,25.146484375
102616,24.59716796875
102662,25.32958984375
102703,21.8505859375
102764,26.85546875
102801,22.0947265625
102843,29.4189453125
102870,24.658203125
102880,25.32958984375
102968,25.32958984375
102987,21.8505859375
103020,26.42822265625
103058,22.15576171875
103086,26.9775390625
103122,34.72900390625
103254,23.3154296875
103340,24.35302734375
103396,22.03369140625
103475,24.59716796875
103557,25.87890625
103634,24.84130859375
103660,21.97265625
104116,22.64404296875
177205,21.6064453125
177276,26.18408203125
177306,22.76611328125
177325,32.28759765625
177349,21.6064453125
177456,33.447265625
177473,24.2919921875
177499,32.8369140625
177533,31.8603515625
177564,23.25439453125
177576,32.8369140625
177615,25.81787109375
177632,21.6064453125
177671,22.94921875
177696,25.93994140625
177715,30.8837890625
177850,22.8271484375
177866,25.0244140625
178009,28.6865234375
178060,21.91162109375
178102,23.8037109375
178166,25.7568359375
178190,34.912109375
178224,22.39990234375
178276,36.2548828125
178313,25.81787109375
178324,23.0712890625
178409,23.74267578125
178509,25.2685546875
178604,22.4609375
178653,22.94921875
178755,22.216796875
178776,22.39990234375
178863,25.81787109375
179003,24.84130859375
179079,21.66748046875
236135,28.076171875
236184,27.4658203125
236233,22.4609375
236253,33.63037109375
236273,23.49853515625
236336,27.7099609375
236369,30.57861328125
236406,22.94921875
236467,26.611328125
236523,21.78955078125
236546,24.10888671875
236592,23.86474609375
236653,26.67236328125
236689,28.6865234375
236699,22.216796875
236753,22.0947265625
236772,24.35302734375
236784,22.64404296875
236833,23.8037109375
236873,23.13232421875
236892,23.98681640625
237072,23.681640625
237110,22.5830078125
237140,22.5830078125
237234,22.4609375
237288,21.728515625
237389,28.74755859375
237473,24.7802734375
237523,21.6064453125
237759,25.32958984375
238035,23.193359375
286500,22.76611328125
287785,24.71923828125
287805,22.15576171875
287839,21.78955078125
287957,25.87890625
287980,22.39990234375
288005,26.0009765625
288060,23.25439453125
288133,23.74267578125
288223,24.4140625
288278,26.55029296875
288312,22.03369140625
288363,33.69140625
288387,24.71923828125
288419,25.08544921875
288494,23.98681640625
288616,23.5595703125
288764,23.98681640625
288790,25.5126953125
288930,24.658203125
288989,22.52197265625
289127,22.0947265625
375807,23.25439453125
375875,23.4375
375969,22.8271484375
376009,25.5126953125
376045,24.47509765625
376163,22.27783203125
376268,24.4140625
376313,23.37646484375
376341,28.6865234375
376437,21.91162109375
376473,35.94970703125
376495,26.42822265625
376529,26.30615234375
376548,26.611328125
376599,28.74755859375
376639,23.62060546875
376658,24.10888671875
376724,23.13232421875
376860,22.8271484375
376924,24.0478515625
376992,23.49853515625
377091,25.2685546875
377110,35.94970703125
377248,30.21240234375
377364,23.681640625
377402,25.390625
377455,25.87890625
377540,23.37646484375
377591,22.705078125
377701,25.69580078125
378069,22.64404296875
378201,25.08544921875
378295,22.705078125
462129,23.74267578125
462426,22.39990234375
462566,24.35302734375
462625,30.33447265625
462776,21.8505859375
462788,24.59716796875
462826,24.10888671875
462854,35.64453125
462873,34.3017578125
462891,21.8505859375
462940,23.86474609375
463033,28.80859375
463064,23.681640625
463113,24.84130859375
463159,28.86962890625
463191,27.16064453125
463256,25.2685546875
463290,23.3154296875
463354,25.0244140625
463502,27.40478515625
463513,24.59716796875
463536,25.0244140625
463733,23.37646484375
463759,24.96337890625
463786,22.3388671875
463851,21.97265625
463900,22.216796875
464203,26.67236328125
464238,22.5830078125
464274,21.66748046875
464325,22.64404296875
464351,24.96337890625
464650,22.52197265625
464866,21.728515625
464896,21.8505859375
539034,22.52197265625
539096,24.96337890625
539114,26.3671875
539143,22.88818359375
539185,35.33935546875
539230,24.96337890625
539242,21.91162109375
539281,25.2685546875
539344,24.47509765625
539361,22.15576171875
539413,28.38134765625
539445,25.146484375
539460,25.69580078125
539526,22.15576171875
539575,26.30615234375
539601,27.2216796875
539612,24.5361328125
539642,26.0009765625
539657,23.5595703125
539674,26.0009765625
539702,24.10888671875
539722,21.728515625
539767,22.3388671875
539784,22.88818359375
539827,25.81787109375
539864,23.193359375
539919,27.587890625
539946,28.80859375
540050,23.3154296875
540083,28.01513671875
540139,29.296875
540170,26.18408203125
540195,23.681640625
540245,25.146484375
540320,22.705078125
540357,23.3154296875
540648,26.06201171875
631992,22.94921875
632099,25.87890625
632109,27.28271484375
632141,21.8505859375
632167,27.64892578125
632229,22.8271484375
632239,39.24560546875
632283,34.97314453125
632295,26.42822265625
632312,35.64453125
632426,24.5361328125
632461,23.98681640625
632479,31.8603515625
632536,23.86474609375
632569,35.5224609375
632613,30.3955078125
632671,26.30615234375
632713,31.3720703125
632740,22.88818359375
632797,23.193359375
632828,30.2734375
632866,23.0712890625
632899,21.78955078125
632962,23.193359375
632998,22.64404296875
633038,22.3388671875
633095,24.84130859375
633113,25.57373046875
633141,23.4375
633164,23.681640625
633206,26.30615234375
633252,24.10888671875
633334,26.79443359375
633372,23.01025390625
633429,25.7568359375
633554,21.91162109375
633616,22.39990234375
633641,23.8037109375
633661,23.49853515625
633709,23.13232421875
633939,23.01025390625
634241,22.88818359375
634259,22.94921875
674810,22.15576171875
694773,21.97265625
695696,23.3154296875
695842,24.59716796875
695931,38.9404296875
695944,26.123046875
696052,22.8271484375
696196,22.0947265625
696291,28.99169921875
696319,28.13720703125
696371,25.390625
696464,31.67724609375
696493,24.169921875
696570,26.4892578125
696648,27.587890625
696876,24.658203125
696888,24.35302734375
696944,22.52197265625
697049,22.216796875
697397,21.728515625
698468,26.4892578125
750360,28.74755859375
750570,22.52197265625
750802,22.5830078125
751070,23.681640625
751145,26.123046875
751218,27.28271484375
751296,23.49853515625
751310,29.1748046875
751358,26.123046875
751393,27.7099609375
751424,24.169921875
751434,24.59716796875
751552,26.06201171875
751629,22.88818359375
751680,23.3154296875
751781,21.8505859375
751824,22.94921875
751843,21.66748046875
752012,24.5361328125
752041,22.705078125
752082,26.4892578125
752118,23.681640625
752453,21.91162109375
837678,22.52197265625
837956,24.2919921875
838087,26.30615234375
838134,25.69580078125
838167,28.3203125
838191,24.7802734375
838261,28.99169921875
838272,24.96337890625
838354,35.09521484375
838412,41.8701171875
838493,22.64404296875
838538,22.64404296875
838577,27.7099609375
838614,28.076171875
838630,23.8037109375
838671,23.37646484375
838761,27.7099609375
838774,24.59716796875
838845,21.728515625
838868,25.5126953125
838902,22.39990234375
838977,24.35302734375
839008,24.35302734375
839043,22.216796875
839096,23.13232421875
839128,23.25439453125
839192,25.390625
839237,28.99169921875
839292,24.47509765625
839332,21.97265625
839439,24.90234375
839466,26.7333984375
839484,22.88818359375
839558,23.681640625
839582,25.390625
839593,24.5361328125
839721,21.91162109375
839789,21.8505859375
839848,22.15576171875
839928,24.84130859375
840011,22.8271484375
840044,22.03369140625
840145,27.89306640625
840194,25.146484375
840385,22.03369140625
840561,22.39990234375
931999,22.4609375
932129,28.38134765625
932158,27.52685546875
932197,27.83203125
932222,33.447265625
932271,28.80859375
932290,34.48486328125
932321,23.37646484375
932335,22.94921875
932430,30.57861328125
932519,25.93994140625
932545,29.9072265625
932583,21.66748046875
932616,23.681640625
932670,22.705078125
932698,34.97314453125
932713,26.9775390625
932734,24.169921875
932826,27.9541015625
932896,31.8603515625
932939,29.296875
932961,22.52197265625
933008,26.18408203125
933055,26.9775390625
933090,24.71923828125
933106,21.728515625
933150,25.20751953125
933228,26.79443359375
933282,22.3388671875
933374,26.79443359375
933401,23.49853515625
933491,32.53173828125
933628,22.03369140625
933657,28.9306640625
933688,26.123046875
933698,21.91162109375
933737,23.74267578125
933814,22.4609375
934241,21.78955078125
934326,22.705078125
934383,22.4609375
999832,22.52197265625
999959,21.8505859375
1000136,24.84130859375
1000174,29.72412109375
1000315,22.8271484375
1000330,24.4140625
1000384,24.23095703125
1000402,21.78955078125
1000452,28.62548828125
1000524,21.66748046875
1000561,32.71484375
1000588,23.193359375
1000598,30.3955078125
1000671,24.23095703125
1000756,26.42822265625
1000774,23.92578125
1000859,28.80859375
1000906,23.25439453125
1000922,29.4189453125
1000983,26.4892578125
1001347,21.8505859375
1001391,27.2216796875
1001423,22.5830078125
1001505,23.74267578125
1001548,21.91162109375
1001635,22.52197265625
1001849,31.1279296875
1043291,24.658203125
1043339,24.71923828125
1043435,23.62060546875
1043468,21.97265625
1043573,23.25439453125
1043656,24.10888671875
1043706,22.03369140625
1043857,28.01513671875
1043899,21.91162109375
1044096,28.076171875
1044541,21.66748046875
1122020,21.8505859375
1122511,23.4375
1122646,22.03369140625
1122721,23.98681640625
1122767,27.9541015625
1122810,30.1513671875
1122837,23.98681640625
1122889,22.39990234375
1122943,24.71923828125
1122961,21.728515625
1123007,26.06201171875
1123053,23.3154296875
1123133,23.3154296875
1123174,24.10888671875
1123217,28.80859375
1123277,24.4140625
1123294,23.62060546875
1123316,25.81787109375
1123349,26.79443359375
1123389,27.587890625
1123448,28.6865234375
1123467,24.5361328125
1123522,23.86474609375
1123549,25.20751953125
1123590,29.6630859375
1123633,29.541015625
1123654,27.83203125
1123709,22.216796875
1123727,22.15576171875
1123906,23.98681640625
1123940,27.03857421875
1123951,24.47509765625
1124128,24.7802734375
1124158,31.3720703125
1124728,24.2919921875
1201545,22.216796875
1202145,24.90234375
1202221,24.10888671875
1202247,23.681640625
1202272,23.37646484375
1202327,23.193359375
1202358,26.123046875
1202378,25.2685546875
1202417,30.09033203125
1202433,24.96337890625
1202457,24.47509765625
1202497,22.8271484375
1202535,22.0947265625
1202546,24.90234375
1202636,27.83203125
1202729,21.66748046875
1202795,34.912109375
1202817,35.888671875
1202871,29.23583984375
1202926,23.86474609375
1203021,23.49853515625
1203049,27.7099609375
1203071,22.15576171875
1203122,25.20751953125
1203148,26.9775390625
1203202,23.4375
1203324,22.5830078125
1203421,22.4609375
1203625,22.15576171875
1203748,23.0712890625
1203882,22.88818359375
1204324,23.37646484375
1287271,24.47509765625
1287298,29.11376953125
1287400,22.705078125
1287444,26.91650390625
1287473,33.8134765625
1287593,27.52685546875
1287619,26.611328125
1287652,30.2734375
1287705,29.11376953125
1287731,37.17041015625
1287761,22.52197265625
1287835,22.5830078125
1287864,22.94921875
1287881,38.39111328125
1287908,24.84130859375
1287937,23.25439453125
1287951,41.1376953125
1288031,22.76611328125
1288071,32.77587890625
1288141,25.5126953125
1288161,22.8271484375
1288259,24.35302734375
1288287,21.78955078125
1288339,24.5361328125
1288466,24.10888671875
1288535,25.634765625
1288583,23.92578125
1288787,25.5126953125
1289165,23.3154296875
1289249,24.10888671875
1289296,23.193359375
1289371,23.13232421875
1289483,23.8037109375
1348286,24.658203125
1348341,21.728515625
1348388,26.9775390625
1348421,31.005859375
1348450,25.2685546875
1348502,22.64404296875
1348531,22.27783203125
1348571,25.87890625
1348637,26.18408203125
1348695,28.99169921875
1348807,28.1982421875
1348857,22.705078125
1348911,31.3720703125
1348951,36.62109375
1348972,22.94921875
1348992,24.71923828125
1349236,22.27783203125
1349278,23.193359375
1349572,22.0947265625
1349589,23.8037109375
1349914,22.5830078125
1396908,24.59716796875
1397183,22.88818359375
1397425,21.97265625
1397578,21.6064453125
1397626,27.2216796875
1397746,23.13232421875
1397947,21.66748046875
1398217,25.146484375
1398363,27.89306640625
1501964,23.13232421875
1502109,26.30615234375
1502244,34.1796875
1502296,23.74267578125
1502326,26.30615234375
1502358,25.08544921875
1502372,28.564453125
1502452,45.59326171875
1502478,35.15625
1502549,24.59716796875
1502598,36.68212890625
1502609,22.76611328125
1502651,25.69580078125
1502703,26.611328125
1502733,28.076171875
1502786,28.3203125
1502798,22.64404296875
1502823,23.86474609375
1502862,24.96337890625
1502926,22.705078125
1502945,22.88818359375
1503006,23.86474609375
1503037,27.52685546875
1503065,25.0244140625
1503290,23.74267578125
1503352,21.66748046875
1503534,22.64404296875
1503616,23.13232421875
1503672,23.0712890625
1503702,24.169921875
1503720,24.90234375
1503967,22.39990234375
1504047,25.0244140625
1504165,22.94921875
1504226,26.55029296875
1504431,27.9541015625
1504947,22.216796875
1589415,41.80908203125
1589484,24.23095703125
1589503,24.35302734375
1589559,23.3154296875
1589648,27.16064453125
1589669,25.7568359375
1589720,24.59716796875
1589806,25.5126953125
1589828,27.34375
1589906,22.76611328125
1589959,23.4375
1589972,26.79443359375
1589995,29.052734375
1590013,31.43310546875
1590053,24.84130859375
1590095,35.46142578125
1590105,34.0576171875
1590225,23.49853515625
1590252,23.0712890625
1590300,22.705078125
1590378,22.15576171875
1590419,23.62060546875
1590461,21.728515625
1590563,26.67236328125
1590582,22.4609375
1590637,25.390625
1590659,25.87890625
1590826,22.15576171875
1590861,27.03857421875
1590880,22.705078125
1590988,21.6064453125
1591424,23.3154296875
1703715,23.37646484375
1703792,29.78515625
1703806,26.55029296875
1703863,25.08544921875
1703899,27.099609375
1703919,26.30615234375
1703931,30.6396484375
1703965,22.88818359375
1704003,32.04345703125
1704033,25.45166015625
1704068,31.494140625
1704098,38.39111328125
1704126,37.17041015625
1704158,23.37646484375
1704199,32.1044921875
1704229,24.7802734375
1704285,26.06201171875
1704365,27.28271484375
1704426,22.52197265625
1704490,22.03369140625
1704605,27.77099609375
1704836,24.0478515625
1704877,23.74267578125
1705018,22.8271484375
1705067,22.705078125
1705143,26.79443359375
1705486,21.8505859375
1705540,24.71923828125
1705663,23.193359375
1705801,31.6162109375
1705829,23.681640625
1705979,22.705078125
1706128,24.47509765625
1706177,22.15576171875
1706616,23.37646484375
1854526,26.85546875
1854624,23.4375
1854653,24.35302734375
1854745,22.03369140625
1854780,33.87451171875
1854824,33.203125
1854842,31.73828125
1854882,23.62060546875
1854916,24.169921875
1854951,27.4658203125
1855004,22.5830078125
1855023,22.3388671875
1855039,29.72412109375
1855073,25.634765625
1855123,24.0478515625
1855154,22.0947265625
1855196,25.69580078125
1855232,21.8505859375
1855263,26.123046875
1855379,39.24560546875
1855422,24.658203125
1855521,22.76611328125
1855652,25.32958984375
1855782,24.7802734375
1855879,25.57373046875
1855917,23.4375
1855979,27.28271484375
1856158,29.1748046875
1856278,25.87890625
1856414,26.18408203125
1856637,23.25439453125
1856760,21.66748046875
1856931,22.216796875
1977047,22.8271484375
1977738,35.70556640625
1977772,27.28271484375
1977809,24.10888671875
1977843,22.4609375
1977860,21.8505859375
1977886,26.91650390625
1977902,25.146484375
1977944,30.57861328125
1977964,22.03369140625
1977987,26.18408203125
1978021,22.64404296875
1978049,21.91162109375
1978080,23.8037109375
1978118,21.91162109375
1978138,33.63037109375
1978148,25.146484375
1978176,23.62060546875
1978241,33.02001953125
1978266,22.88818359375
1978297,29.541015625
1978341,27.34375
1978360,24.96337890625
1978412,22.39990234375
1978442,37.353515625
1978513,24.2919921875
1978662,21.97265625
1978687,22.5830078125
1978966,23.5595703125
1979008,35.0341796875
1979045,22.94921875
1979154,21.97265625
1979226,23.62060546875
1979279,21.8505859375
1979863,29.60205078125
1980087,22.216796875
2103345,30.76171875
2103393,23.98681640625
2103437,24.35302734375
2103447,21.6064453125
2103506,34.48486328125
2103547,24.59716796875
2103572,34.0576171875
2103593,27.64892578125
2103615,27.099609375
2103649,28.6865234375
2103677,36.07177734375
2103705,36.7431640625
2103737,21.78955078125
2103770,24.59716796875
2103803,22.39990234375
2103874,23.3154296875
2103942,26.123046875
2104062,30.76171875
2104115,30.517578125
2104151,31.67724609375
2104179,29.84619140625
2104204,26.85546875
2104256,22.0947265625
2104378,21.728515625
2104395,22.03369140625
2104416,24.658203125
2104482,29.052734375
2104505,23.0712890625
2104533,34.7900390625
2104559,21.8505859375
2104607,24.71923828125
2104717,27.89306640625
2104806,21.8505859375
2104854,22.52197265625
2105038,22.88818359375
2105196,21.66748046875
2105295,23.62060546875
2105395,23.86474609375
2105509,22.64404296875
2105742,21.97265625
2183269,23.0712890625
2183758,22.3388671875
2183815,23.62060546875
2183866,28.3203125
2183876,23.62060546875
2183949,22.0947265625
2183960,29.60205078125
2184025,23.13232421875
2184042,24.96337890625
2184108,24.35302734375
2184167,31.1279296875
2184264,26.3671875
2184312,23.25439453125
2184340,25.634765625
2184383,24.5361328125
2184430,33.69140625
2184525,29.1748046875
2184548,28.3203125
2184569,22.94921875
2184620,23.5595703125
2184650,25.2685546875
2184728,23.37646484375
2184794,22.64404296875
2184834,29.6630859375
2184877,23.8037109375
2185000,23.49853515625
2185034,22.27783203125
2185357,28.1982421875
2185407,21.91162109375
2185572,23.74267578125
2185715,33.203125
2186650,22.15576171875
2314028,26.4892578125
2314115,24.35302734375
2314180,25.2685546875
2314205,25.57373046875
2314234,27.16064453125
2314300,27.52685546875
2314316,37.353515625
2314329,22.52197265625
2314378,31.73828125
2314418,22.5830078125
2314483,29.4189453125
2314540,30.21240234375
2314553,22.52197265625
2314572,28.50341796875
2314603,23.37646484375
2314631,39.55078125
2314651,23.86474609375
2314773,24.10888671875
2314831,28.3203125
2314878,21.6064453125
2314921,22.705078125
2314932,26.123046875
2314994,26.42822265625
2315019,24.0478515625
2315156,23.681640625
2315206,21.728515625
2315246,22.52197265625
2315270,23.681640625
2315332,22.4609375
2315410,22.64404296875
2315500,24.7802734375
2315550,22.52197265625
2315687,21.728515625
2315914,21.8505859375
2315945,26.4892578125
2316128,22.5830078125
2316164,22.216796875
2360865,25.69580078125
2360907,26.0009765625
2360954,25.5126953125
2360976,23.37646484375
2361078,31.25
2361102,23.25439453125
2361291,30.33447265625
2361303,33.0810546875
2361341,26.0009765625
2361456,24.71923828125
2361563,34.72900390625
2361580,30.82275390625
2361623,24.2919921875
2361650,32.89794921875
2361691,23.193359375
2361717,22.4609375
2361750,23.13232421875
2453902,23.193359375
2453982,23.01025390625
2454036,33.38623046875
2454070,23.37646484375
2454223,28.4423828125
2454307,24.10888671875
2454336,26.7333984375
2454385,22.27783203125
2454440,26.85546875
2454458,24.4140625
2454500,23.62060546875
2454557,25.20751953125
2454593,30.3955078125
2454672,24.71923828125
2454744,22.705078125
2454758,26.611328125
2454790,23.13232421875
2454809,26.3671875
2454832,26.4892578125
2454879,28.9306640625
2454934,22.52197265625
2454968,22.03369140625
2455083,39.97802734375
2455102,24.96337890625
2455191,23.3154296875
2455208,22.64404296875
2455327,23.25439453125
2455353,23.681640625
2455534,22.216796875
2455651,21.6064453125
2455801,22.15576171875
2455833,22.5830078125
2456073,21.66748046875
2456543,26.06201171875
2549793,23.74267578125
2550197,21.728515625
2550223,24.2919921875
2550246,22.03369140625
2550269,22.705078125
2550320,31.005859375
2550343,26.42822265625
2550360,28.80859375
2550385,28.01513671875
2550407,33.5693359375
2550453,23.193359375
2550466,36.19384765625
2550482,35.0341796875
2550509,27.4658203125
2550563,23.92578125
2550590,22.64404296875
2550648,21.91162109375
2550670,23.25439453125
2550755,28.13720703125
2550802,23.86474609375
2550842,27.89306640625
2550881,24.7802734375
2550970,21.728515625
2550989,24.90234375
2551082,32.71484375
2551209,30.029296875
2551236,27.587890625
2551345,26.4892578125
2551548,22.94921875
2551571,22.4609375
2551626,23.25439453125
2551640,22.3388671875
2551681,23.86474609375
2551734,23.5595703125
2551757,22.03369140625
2551802,28.076171875
2552139,23.62060546875
2552585,24.10888671875
2658231,24.84130859375
2658610,24.35302734375
2658686,21.8505859375
2658782,24.658203125
2658827,31.55517578125
2658845,23.0712890625
2658876,28.50341796875
2658924,38.63525390625
2658937,31.005859375
2658975,22.27783203125
2658986,24.0478515625
2659019,28.9306640625
2659043,23.681640625
2659072,23.681640625
2659103,26.91650390625
2659128,23.01025390625
2659165,22.216796875
2659229,34.66796875
2659252,31.31103515625
2659282,31.31103515625
2659323,27.77099609375
2659342,41.07666015625
2659400,26.67236328125
2659415,25.2685546875
2659451,26.2451171875
2659474,22.216796875
2659497,27.64892578125
2659532,28.9306640625
2659562,23.13232421875
2659589,21.728515625
2659664,23.5595703125
2659709,24.84130859375
2659737,23.0712890625
2659796,26.611328125
2659894,22.88818359375
2659908,21.728515625
2660158,23.49853515625
2660425,23.13232421875
2660465,23.37646484375
2660650,22.216796875
2660986,28.9306640625
2751223,24.59716796875
2751311,24.23095703125
2751330,29.052734375
2751341,22.94921875
2751435,26.55029296875
2751495,28.38134765625
2751540,26.30615234375
2751569,35.70556640625
2751660,26.42822265625
2751702,30.029296875
2751718,23.86474609375
2751768,29.11376953125
2751802,27.4658203125
2751876,21.91162109375
2751900,26.91650390625
2751917,26.2451171875
2751956,36.0107421875
2752025,34.97314453125
2752037,22.52197265625
2752145,27.52685546875
2752220,22.64404296875
2752247,22.705078125
2752315,26.55029296875
2752340,30.09033203125
2752412,23.62060546875
2752498,30.94482421875
2752565,23.62060546875
2752623,23.98681640625
2752731,25.08544921875
2752819,23.98681640625
2753024,23.5595703125
2753390,27.099609375
2753560,22.0947265625
2753759,21.728515625
2848457,22.52197265625
2848692,21.6064453125
2848750,25.390625
2848765,24.658203125
2848907,22.0947265625
2848940,26.67236328125
2849014,30.45654296875
2849041,24.96337890625
2849109,24.23095703125
2849138,24.35302734375
2849159,26.7333984375
2849290,22.4609375
2849320,25.32958984375
2849397,32.16552734375
2849418,26.2451171875
2849582,22.03369140625
2849595,27.64892578125
2849712,27.099609375
2849746,22.64404296875
2849793,28.38134765625
2849916,21.78955078125
2849963,23.98681640625
2849994,24.23095703125
2850018,27.28271484375
2850169,24.90234375
2850269,24.71923828125
2850305,21.8505859375
2850317,28.25927734375
2850378,22.5830078125
2850441,24.90234375
2850577,24.169921875
2850769,24.169921875
2850888,25.08544921875
2851180,24.10888671875
2851220,28.86962890625
2958539,26.91650390625
2958555,28.50341796875
2958591,24.0478515625
2958624,23.8037109375
2958652,22.4609375
2958696,27.03857421875
2958738,26.4892578125
2958749,33.14208984375
2958820,25.7568359375
2958833,28.99169921875
2958851,24.84130859375
2958924,21.728515625
2958954,29.541015625
2958980,25.87890625
2959002,27.34375
2959026,30.76171875
2959080,22.03369140625
2959123,22.15576171875
2959161,30.3955078125
2959243,21.728515625
2959277,23.49853515625
2959306,22.5830078125
2959358,23.62060546875
2959378,26.611328125
2959439,22.4609375
2959516,22.216796875
2959563,21.8505859375
2959642,21.8505859375
2959681,21.6064453125
2959710,23.86474609375
2959734,32.958984375
2959790,22.27783203125
2959814,23.0712890625
2960227,25.0244140625
2960239,22.88818359375
2960495,22.03369140625
2960615,22.94921875
2961067,21.8505859375
3061427,22.705078125
3061467,27.9541015625
3061517,21.91162109375
3061546,25.7568359375
3061576,22.39990234375
3061586,23.49853515625
3061629,23.49853515625
3061646,22.64404296875
3061715,26.0009765625
3061838,23.98681640625
3061883,24.10888671875
3061898,26.18408203125
3061912,22.705078125
3061962,25.5126953125
3062012,35.94970703125
3062035,22.5830078125
3062075,22.76611328125
3062168,23.92578125
3062218,22.0947265625
3062269,22.15576171875
3062452,22.64404296875
3062505,34.1796875
3062539,21.78955078125
3062571,22.705078125
3062609,24.0478515625
3062751,28.99169921875
3062790,22.52197265625
3062900,24.658203125
3062989,26.0009765625
3063040,21.97265625
3063180,21.91162109375
3063196,24.0478515625
3063307,26.7333984375
3063419,22.52197265625
3063463,28.564453125
3063867,21.8505859375
3169015,22.88818359375
3169089,29.72412109375
3169155,25.2685546875
3169200,32.16552734375
3169240,23.681640625
3169274,24.169921875
3169318,24.7802734375
3169353,23.4375
3169414,23.86474609375
3169456,23.8037109375
3169505,31.55517578125
3169544,25.45166015625
3169586,32.8369140625
3169672,31.79931640625
3169693,21.97265625
3169734,29.9072265625
3169839,22.88818359375
3169856,27.03857421875
3169915,23.0712890625
3169952,24.7802734375
3170005,24.71923828125
3170050,31.1279296875
3170150,21.78955078125
3170187,23.3154296875
3170278,25.5126953125
3170305,25.146484375
3170367,25.32958984375
3170490,24.4140625
3170537,22.39990234375
3170666,22.76611328125
3170858,23.92578125
3170897,22.216796875
3170968,22.216796875
3171066,25.7568359375
3171470,21.78955078125
3285742,22.88818359375
3285869,22.03369140625
3285948,21.78955078125
3286049,22.76611328125
3286087,24.4140625
3286149,26.79443359375
3286183,22.27783203125
3286265,31.982421875
3286325,25.390625
3286356,33.935546875
3286413,25.2685546875
3286435,24.5361328125
3286460,23.25439453125
3286527,23.193359375
3286546,26.2451171875
3286590,25.69580078125
3286662,28.74755859375
3286692,29.78515625
3286709,29.60205078125
3286738,25.7568359375
3286755,21.66748046875
3286890,22.39990234375
3286948,24.0478515625
3286997,23.98681640625
3287057,22.0947265625
3287119,32.1044921875
3287241,21.91162109375
3287261,21.97265625
3287417,24.658203125
3287472,22.03369140625
3287577,21.6064453125
3287668,22.94921875
3287775,27.83203125
3288154,21.97265625
3288172,28.99169921875
3382447,23.193359375
3382513,22.5830078125
3382526,23.98681640625
3382562,25.69580078125
3382605,23.3154296875
3382650,28.86962890625
3382678,21.97265625
3382721,24.10888671875
3382753,22.5830078125
3382795,35.400390625
3382861,25.2685546875
3382905,24.90234375
3382940,24.7802734375
3383044,23.37646484375
3383059,46.630859375
3383093,24.2919921875
3383162,21.78955078125
3383194,22.64404296875
3383233,25.81787109375
3383261,26.611328125
3383327,24.7802734375
3383384,26.0009765625
3383447,26.67236328125
3383471,22.5830078125
3383503,23.92578125
3383545,21.8505859375
3383669,23.13232421875
3383765,24.71923828125
3383869,23.49853515625
3383918,22.216796875
3384204,26.0009765625
3384311,21.66748046875
3384374,23.5595703125
3476866,22.39990234375
3476894,23.74267578125
3476983,29.35791015625
3477017,23.13232421875
3477044,23.193359375
3477108,21.66748046875
3477256,22.705078125
3477337,32.65380859375
3477359,23.86474609375
3477437,22.76611328125
3477546,22.88818359375
3477567,23.4375
3477579,27.16064453125
3477719,33.26416015625
3477734,23.98681640625
3477748,23.13232421875
3477975,22.216796875
3478003,31.005859375
3478029,22.705078125
3478071,25.390625
3478107,22.03369140625
3478198,21.91162109375
3478352,22.94921875
3478423,28.01513671875
3478436,31.18896484375
3478862,22.5830078125
3479110,24.23095703125
3571207,22.15576171875
3571432,25.2685546875
3571455,25.81787109375
3571507,28.86962890625
3571538,28.25927734375
3571608,24.35302734375
3571636,22.3388671875
3571664,23.13232421875
3571703,22.27783203125
3571784,23.0712890625
3571842,34.48486328125
3571868,24.35302734375
3571905,28.6865234375
3571959,28.3203125
3572036,34.0576171875
3572069,22.15576171875
3572080,22.3388671875
3572135,26.42822265625
3572196,22.52197265625
3572210,27.587890625
3572277,23.92578125
3572320,21.728515625
3572561,23.92578125
3572610,21.728515625
3572726,24.10888671875
3572804,22.27783203125
3573184,29.6630859375
3573221,22.15576171875
3665878,23.8037109375
3665953,21.8505859375
3666040,22.03369140625
3666083,24.658203125
3666134,21.8505859375
3666178,23.13232421875
3666228,22.15576171875
3666349,24.35302734375
3666401,23.3154296875
3666485,26.611328125
3666510,24.96337890625
3666549,22.0947265625
3666711,23.5595703125
3666746,24.169921875
3666864,30.517578125
3666902,22.15576171875
3666957,22.3388671875
3666987,26.0009765625
3667002,24.71923828125
3667213,24.0478515625
3667413,24.23095703125
3667453,24.5361328125
3667659,21.728515625
3667844,23.8037109375
3667937,22.88818359375
3668035,24.59716796875
3668049,21.8505859375
3752710,22.88818359375
3752926,27.83203125
3753063,25.5126953125
3753184,22.5830078125
3753217,31.494140625
3753305,24.169921875
3753372,30.94482421875
3753384,26.123046875
3753439,22.94921875
3753522,23.74267578125
3753532,22.4609375
3753588,23.01025390625
3753646,22.39990234375
3753680,34.24072265625
3753733,22.5830078125
3753770,24.47509765625
3753803,23.37646484375
3753818,32.53173828125
3753923,25.5126953125
3753973,23.3154296875
3753984,24.35302734375
3754019,25.634765625
3754070,22.15576171875
3754116,25.634765625
3754138,22.8271484375
3754166,24.4140625
3754335,25.20751953125
3754364,22.216796875
3754551,21.97265625
3754737,22.8271484375
3754816,23.37646484375
3755020,24.10888671875
3755089,23.13232421875
3819719,21.6064453125
3820242,31.1279296875
3820355,24.71923828125
3820385,31.6162109375
3820450,30.8837890625
3820467,28.3203125
3820535,26.91650390625
3820555,22.27783203125
3820572,22.27783203125
3820622,22.39990234375
3820689,22.15576171875
3820712,21.8505859375
3820783,27.52685546875
3820824,25.93994140625
3820872,25.20751953125
3820899,23.13232421875
3820918,24.658203125
3821054,30.09033203125
3821072,25.0244140625
3821108,23.8037109375
3821192,36.31591796875
3821299,29.1748046875
3821316,31.005859375
3821336,22.39990234375
3821482,22.4609375
3821504,24.35302734375
3821531,31.06689453125
3821850,22.3388671875
3821935,26.18408203125
3821977,26.3671875
3905633,22.64404296875
3905738,22.76611328125
3905859,25.45166015625
3905871,21.78955078125
3905895,26.55029296875
3905909,22.64404296875
3905954,28.13720703125
3905999,23.92578125
3906011,22.88818359375
3906075,21.6064453125
3906119,27.03857421875
3906191,22.03369140625
3906225,23.37646484375
3906266,22.76611328125
3906291,26.42822265625
3906301,25.69580078125
3906371,34.85107421875
3906392,27.77099609375
3906579,21.78955078125
3906598,25.7568359375
3906619,30.70068359375
3906667,24.59716796875
3906727,21.91162109375
3906758,24.2919921875
3906831,25.69580078125
3906874,21.97265625
3906903,23.13232421875
3906992,24.10888671875
3907208,23.86474609375
3907247,21.66748046875
3907401,25.390625
3907437,25.0244140625
3907535,26.18408203125
3907570,21.8505859375
3907601,23.681640625
4003703,21.728515625
4003913,22.8271484375
4003932,21.97265625
4003974,23.86474609375
4004023,21.6064453125
4004102,21.728515625
4004151,29.296875
4004180,21.78955078125
4004243,22.3388671875
4004267,26.9775390625
4004293,33.14208984375
4004341,32.2265625
4004366,35.5224609375
4004415,22.76611328125
4004429,22.27783203125
4004456,29.35791015625
4004494,34.0576171875
4004554,25.69580078125
4004593,33.50830078125
4004635,26.3671875
4004684,24.0478515625
4004807,28.62548828125
4004846,23.49853515625
4004988,22.94921875
4005024,22.0947265625
4005108,23.92578125
4005146,26.85546875
4005186,24.10888671875
4005329,25.45166015625
4005461,21.728515625
4006509,22.0947265625
4094111,26.2451171875
4094391,27.4658203125
4094412,31.005859375
4094459,23.01025390625
4094709,23.37646484375
4094742,23.4375
4094806,21.8505859375
4094849,23.5595703125
4094973,27.099609375
4095032,23.25439453125
4095089,22.705078125
4095126,23.86474609375
4095149,26.30615234375
4095458,25.2685546875
4095819,23.49853515625
4197166,29.35791015625
4197248,21.6064453125
4197272,26.7333984375
4197317,31.55517578125
4197385,29.1748046875
4197419,21.6064453125
4197477,29.72412109375
4197537,29.052734375
4197565,35.5224609375
4197608,25.7568359375
4197618,25.08544921875
4197684,24.84130859375
4197713,22.216796875
4197738,27.40478515625
4197769,25.08544921875
4197807,21.8505859375
4197823,22.3388671875
4197862,22.64404296875
4197968,22.216796875
4198003,24.5361328125
4198064,27.2216796875
4198135,24.10888671875
4198145,22.27783203125
4198232,25.634765625
4198359,21.6064453125
4198418,22.88818359375
4198508,25.7568359375
4198524,23.98681640625
4198546,22.8271484375
4198743,34.1796875
4198960,27.2216796875
4199030,22.76611328125
4199093,23.01025390625
4283468,22.8271484375
4283750,22.27783203125
4283777,22.03369140625
4283904,27.099609375
4284002,22.64404296875
4284061,22.15576171875
4284091,22.705078125
4284122,24.47509765625
4284140,21.728515625
4284202,22.5830078125
4284251,26.30615234375
4284363,26.4892578125
4284375,29.23583984375
4284406,25.2685546875
4284434,30.33447265625
4284465,28.50341796875
4284481,21.91162109375
4284521,32.5927734375
4284647,26.0009765625
4284727,22.5830078125
4284919,24.23095703125
4284929,22.64404296875
4285070,30.82275390625
4285105,25.0244140625
4285264,22.705078125
4285387,22.3388671875
4285536,23.0712890625
4285679,24.658203125
4285752,23.98681640625
4285776,24.71923828125
4285817,24.10888671875
4285919,22.216796875
4286422,25.5126953125
4286462,22.76611328125
4377255,21.66748046875
4377289,23.4375
4377307,24.5361328125
4377334,24.4140625
4377368,26.42822265625
4377523,34.24072265625
4377551,21.97265625
4377602,28.86962890625
4377625,24.90234375
4377710,25.87890625
4377765,26.06201171875
4377846,27.587890625
4377911,22.88818359375
4378074,34.48486328125
4378146,23.74267578125
4378187,23.4375
4378289,23.92578125
4378333,22.39990234375
4378408,28.38134765625
4378433,25.390625
4378702,21.8505859375
4378822,25.93994140625
4378834,26.123046875
4378941,21.66748046875
4378975,21.8505859375
4379135,24.90234375
4379223,25.7568359375
4379327,22.4609375
4482948,23.5595703125
4483166,27.34375
4483312,22.5830078125
4483341,30.82275390625
4483417,27.9541015625
4483428,36.376953125
4483462,25.7568359375
4483502,23.4375
4483557,37.53662109375
4483639,30.3955078125
4483679,25.390625
4483698,25.634765625
4483822,23.49853515625
4483847,22.76611328125
4483954,22.76611328125
4484014,21.6064453125
4484052,27.64892578125
4484097,27.52685546875
4484120,25.7568359375
4484210,22.3388671875
4484237,23.74267578125
4484263,24.658203125
4484298,22.94921875
4484416,23.49853515625
4484462,23.4375
4484497,24.23095703125
4484532,22.0947265625
4484851,26.3671875
4484904,21.97265625
4484945,21.728515625
4587526,25.5126953125
4588033,29.1748046875
4588069,26.42822265625
4588116,23.3154296875
4588163,24.96337890625
4588226,30.1513671875
4588298,24.90234375
4588318,23.86474609375
4588338,24.47509765625
4588364,22.27783203125
4588414,33.26416015625
4588466,29.9072265625
4588505,22.64404296875
4588524,24.7802734375
4588572,21.66748046875
4588596,23.86474609375
4588647,38.0859375
4588690,22.3388671875
4588730,22.3388671875
4588773,22.8271484375
4588833,22.0947265625
4588849,24.84130859375
4588878,22.3388671875
4589068,27.34375
4589114,33.8134765625
4589259,23.74267578125
4589307,22.94921875
4589360,22.64404296875
4589421,23.98681640625
4589925,27.7099609375
4590204,22.8271484375
4590300,22.88818359375
4685458,21.6064453125
4685879,22.64404296875
4685905,26.85546875
4686023,22.4609375
4686090,23.92578125
4686104,22.39990234375
4686124,23.193359375
4686189,22.3388671875
4686288,23.92578125
4686318,23.4375
4686392,23.74267578125
4686450,33.75244140625
4686506,24.2919921875
4686517,32.53173828125
4686588,25.20751953125
4686638,24.59716796875
4686653,22.4609375
4686715,23.5595703125
4686821,28.25927734375
4686945,22.216796875
4687111,22.64404296875
4687133,22.88818359375
4687272,21.728515625
4687316,21.66748046875
4687340,25.390625
4687386,26.4892578125
4687450,21.91162109375
4687477,23.4375
4774094,22.94921875
4774227,22.03369140625
4774260,24.71923828125
4774276,31.43310546875
4774364,22.4609375
4774397,24.71923828125
4774496,27.34375
4774585,22.52197265625
4774630,23.62060546875
4774684,21.6064453125
4774776,32.40966796875
4774802,24.47509765625
4774835,22.3388671875
4774865,24.10888671875
4774986,21.728515625
4775018,28.1982421875
4775050,23.681640625
4775102,25.7568359375
4775129,24.96337890625
4775177,21.8505859375
4775228,21.8505859375
4775253,28.86962890625
4775316,21.97265625
4775411,22.64404296875
4775548,22.5830078125
4775670,24.5361328125
4775740,24.71923828125
4775867,22.15576171875
4775917,22.705078125
4775949,21.6064453125
4776031,26.2451171875
4776193,28.38134765625
4776560,22.88818359375
4867725,22.52197265625
4867813,28.50341796875
4867875,24.169921875
4867889,28.74755859375
4867932,29.23583984375
4867968,29.9072265625
4868008,31.43310546875
4868069,29.23583984375
4868134,25.390625
4868168,24.84130859375
4868224,35.5224609375
4868312,23.37646484375
4868322,27.64892578125
4868385,29.78515625
4868459,25.5126953125
4868556,23.681640625
4868582,27.9541015625
4868625,21.97265625
4868684,29.60205078125
4868747,22.4609375
4868773,25.45166015625
4868829,27.099609375
4868900,21.78955078125
4868948,23.74267578125
4869045,21.6064453125
4869081,23.98681640625
4869195,28.4423828125
4869312,29.35791015625
4869366,23.01025390625
4869612,30.1513671875
4869810,26.42822265625
4898480,21.97265625
4970728,25.69580078125
4970750,24.23095703125
4970812,29.9072265625
4970847,25.87890625
4970926,22.64404296875
4971011,23.62060546875
4971075,26.85546875
4971090,28.99169921875
4971156,26.55029296875
4971267,24.23095703125
4971292,25.81787109375
4971319,31.67724609375
4971377,26.123046875
4971404,27.40478515625
4971491,28.38134765625
4971613,26.7333984375
4971663,22.39990234375
4971688,25.634765625
4971772,23.74267578125
4971861,22.39990234375
4971999,24.96337890625
4972196,24.5361328125
4972566,22.76611328125
5062161,25.5126953125
5062592,22.0947265625
5062652,21.728515625
5062679,25.2685546875
5062752,27.16064453125
5062856,28.38134765625
5062910,22.88818359375
5062967,24.0478515625
5063035,22.0947265625
5063093,21.8505859375
5063188,26.85546875
5063209,29.96826171875
5063242,22.8271484375
5063311,23.92578125
5063354,22.4609375
5063509,22.27783203125
5063559,28.38134765625
5063581,29.60205078125
5063603,24.4140625
5063743,25.5126953125
5063774,30.21240234375
5063885,23.62060546875
5064061,23.0712890625
5064185,24.4140625
5064324,26.30615234375
5064346,22.27783203125
5064669,23.0712890625
5159608,22.76611328125
5159756,25.146484375
5159772,21.78955078125
5159912,22.4609375
5159958,23.01025390625
5160060,27.34375
5160166,25.81787109375
5160196,29.23583984375
5160222,33.75244140625
5160278,22.03369140625
5160332,23.01025390625
5160559,22.88818359375
5160634,24.169921875
5160721,26.67236328125
5161009,26.4892578125
5161032,22.39990234375
5161055,22.5830078125
5161187,22.94921875
5161220,21.97265625
5258104,24.47509765625
5258233,22.76611328125
5258345,24.7802734375
5258379,22.4609375
5258465,28.3203125
5258492,24.71923828125
5258520,23.01025390625
5258543,28.564453125
5258576,34.97314453125
5258596,21.91162109375
5258727,22.8271484375
5258761,36.56005859375
5258794,28.564453125
5258827,26.123046875
5258844,23.3154296875
5258875,28.9306640625
5258993,29.23583984375
5259031,29.72412109375
5259064,25.45166015625
5259268,22.5830078125
5259308,22.64404296875
5259488,22.4609375
5259801,24.169921875
5259856,24.47509765625
5259956,24.2919921875
5260285,23.25439453125
5364549,21.97265625
5364670,23.5595703125
5364835,23.0712890625
5364856,28.564453125
5364913,26.55029296875
5365102,22.64404296875
5365119,23.37646484375
5365338,24.71923828125
5365349,25.57373046875
5365495,21.66748046875
5365546,41.80908203125
5365653,24.169921875
5365714,23.74267578125
5365768,25.69580078125
5365781,29.78515625
5365922,22.88818359375
5366034,26.30615234375
5366194,24.658203125
5366228,25.146484375
5366291,22.3388671875
5366496,26.0009765625
5366676,23.193359375
5366774,21.728515625
5366892,21.91162109375
5470361,23.37646484375
5471255,23.193359375
5471440,23.25439453125
5471491,28.3203125
5471539,27.83203125
5471623,25.69580078125
5471706,23.25439453125
5471741,22.15576171875
5471770,22.39990234375
5471859,24.5361328125
5471876,42.17529296875
5471899,27.28271484375
5471982,26.06201171875
5472070,24.71923828125
5472083,23.5595703125
5472150,23.4375
5472212,22.5830078125
5472305,22.88818359375
5472342,21.78955078125
5472418,24.10888671875
5472544,24.23095703125
5472596,25.0244140625
5472622,22.0947265625
5472914,23.8037109375
5473011,24.47509765625
5473412,22.216796875
5473531,22.8271484375
5473891,23.4375
5579459,21.6064453125
5580788,22.4609375
5580928,31.18896484375
5581155,24.84130859375
5581297,29.1748046875
5581395,21.728515625
5581455,24.35302734375
5581483,23.92578125
5581515,25.81787109375
5581703,22.76611328125
5581812,24.7802734375
5581841,24.0478515625
5581963,23.01025390625
5581997,25.2685546875
5582035,23.74267578125
5582105,24.90234375
5582198,22.8271484375
5582343,23.8037109375
5582441,21.8505859375
5582485,26.2451171875
5582606,22.94921875
5582623,23.01025390625
5582786,21.728515625
5582871,22.15576171875
5582898,25.7568359375
5582975,24.59716796875
5583350,23.5595703125
5583565,24.71923828125
5583845,22.3388671875
5670335,23.25439453125
5670426,25.390625
5670449,22.03369140625
5670522,21.66748046875
5670633,23.25439453125
5670676,23.5595703125
5670708,25.87890625
5670736,27.03857421875
5670811,22.39990234375
5670840,22.64404296875
5670883,23.86474609375
5670968,25.87890625
5671064,25.146484375
5671095,26.91650390625
5671135,24.658203125
5671162,23.74267578125
5671210,23.92578125
5671246,23.49853515625
5671264,25.2685546875
5671313,22.8271484375
5671483,25.45166015625
5671507,23.49853515625
5671553,21.78955078125
5671663,23.681640625
5671731,25.390625
5672385,22.39990234375
5724264,22.8271484375
5724578,23.13232421875
5724611,34.66796875
5724681,22.216796875
5724822,29.6630859375
5724969,21.91162109375
5725125,22.27783203125
5725185,22.0947265625
5725395,27.7099609375
5725805,22.64404296875
5726464,22.52197265625
5828378,22.0947265625
5828517,22.0947265625
5828822,22.3388671875
5828870,23.5595703125
5829171,34.66796875
5829214,27.52685546875
5829253,26.2451171875
5829287,22.216796875
5829328,26.7333984375
5829355,21.728515625
5829401,21.728515625
5829437,22.52197265625
5829489,25.5126953125
5829522,24.35302734375
5829541,22.216796875
5829563,21.8505859375
5829615,23.5595703125
5829649,25.2685546875
5829664,22.5830078125
5829790,23.5595703125
5829923,21.78955078125
5830044,22.705078125
5830140,22.27783203125
5830260,21.78955078125
5943463,40.34423828125
5943567,23.92578125
5943592,28.13720703125
5943713,23.5595703125
5943738,30.09033203125
5943804,27.03857421875
5943828,22.3388671875
5943881,26.123046875
5943946,28.1982421875
5944002,26.85546875
5944069,25.5126953125
5944113,22.27783203125
5944151,23.01025390625
5944196,24.169921875
5944278,22.5830078125
5944317,21.66748046875
5944551,22.3388671875
5944629,22.27783203125
5944791,26.9775390625
5944840,23.62060546875
5944850,22.39990234375
5944962,22.88818359375
5945046,24.5361328125
5945056,22.5830078125
5945112,23.25439453125
5945425,27.16064453125
6061522,25.45166015625
6061588,25.7568359375
6061746,24.47509765625
6061770,32.89794921875
6061810,22.8271484375
6061884,22.15576171875
6061929,25.93994140625
6061947,22.94921875
6062056,22.5830078125
6062086,28.564453125
6062152,26.30615234375
6062205,23.62060546875
6062248,22.52197265625
6062310,21.91162109375
6062331,25.634765625
6062418,22.52197265625
6062568,23.0712890625
6062653,22.52197265625
6062684,22.94921875
6062746,21.6064453125
6062957,26.30615234375
6063084,22.705078125
6063212,25.146484375
6063244,22.4609375
6063551,22.3388671875
6063606,22.216796875
6063969,24.658203125
6064012,22.3388671875
6064355,26.3671875
6177700,27.16064453125
6177890,22.3388671875
6177901,32.77587890625
6177953,25.5126953125
6177980,21.6064453125
6178005,24.4140625
6178027,23.86474609375
6178095,31.494140625
6178127,22.03369140625
6178184,24.23095703125
6178262,23.86474609375
6178374,24.35302734375
6178404,22.4609375
6178505,26.42822265625
6178688,24.90234375
6179157,28.13720703125
6179336,23.74267578125
6180212,22.76611328125
6296785,26.85546875
6296805,23.0712890625
6296854,25.146484375
6296890,22.76611328125
6296935,22.03369140625
6296987,28.86962890625
6297015,27.099609375
6297087,36.68212890625
6297135,32.16552734375
6297191,24.35302734375
6297303,27.099609375
6297394,28.9306640625
6297467,27.16064453125
6297483,21.728515625
6297566,30.70068359375
6297852,21.6064453125
6297894,24.96337890625
6297912,21.78955078125
6298039,24.169921875
6298103,23.8037109375
6298224,24.4140625
6298559,24.47509765625
6298663,21.91162109375
6298995,25.390625
6315068,21.728515625
6420474,22.5830078125
6420592,21.728515625
6420789,22.3388671875
6420801,23.5595703125
6420834,22.0947265625
6420859,24.71923828125
6420896,21.97265625
6420945,23.98681640625
6420965,27.40478515625
6421004,25.0244140625
6421033,22.94921875
6421075,21.91162109375
6421112,22.52197265625
6421145,25.7568359375
6421179,23.86474609375
6421234,26.0009765625
6421265,23.8037109375
6421318,22.64404296875
6421365,24.169921875
6421398,31.005859375
6421489,22.64404296875
6421578,27.2216796875
6421680,26.3671875
6421781,25.45166015625
6421813,21.66748046875
6421972,21.66748046875
6422029,22.94921875
6422213,21.8505859375
6422251,24.59716796875
6422555,21.8505859375
6423075,23.5595703125
6423126,23.681640625
6423516,28.3203125
6568915,21.8505859375
6569432,23.193359375
6569449,22.15576171875
6569557,24.35302734375
6569580,22.8271484375
6569595,26.2451171875
6569617,21.6064453125
6569635,26.06201171875
6569667,26.42822265625
6569679,33.99658203125
6569770,25.93994140625
6569846,22.94921875
6569868,25.45166015625
6569965,31.31103515625
6570006,28.01513671875
6570181,31.67724609375
6570217,21.78955078125
6570373,22.03369140625
6570559,22.8271484375
6570829,21.6064453125
6570869,21.66748046875
6571124,28.62548828125
6571772,22.64404296875
6721377,22.15576171875
6721494,24.90234375
6721558,22.03369140625
6721598,24.23095703125
6721695,23.8037109375
6721709,25.87890625
6721779,28.13720703125
6721817,25.69580078125
6721934,25.20751953125
6721960,25.634765625
6722071,25.390625
6722097,27.40478515625
6722530,22.39990234375
6722691,24.2919921875
6722794,24.7802734375
6723271,22.4609375
6723356,25.45166015625
6723533,24.2919921875
6840957,22.88818359375
6841037,23.8037109375
6841141,24.169921875
6841160,26.123046875
6841178,25.08544921875
6841267,23.8037109375
6841348,27.7099609375
6841378,26.79443359375
6841431,23.5595703125
6841477,26.611328125
6841494,23.193359375
6841597,26.123046875
6841674,21.91162109375
6841703,22.3388671875
6841840,26.123046875
6841877,22.4609375
6841984,23.3154296875
6842031,21.728515625
6842095,27.77099609375
6842580,22.5830078125
6842904,23.8037109375
6981108,21.91162109375
6981207,26.79443359375
6981306,22.03369140625
6981387,24.23095703125
6981447,24.47509765625
6981491,25.7568359375
6981524,27.587890625
6981590,24.658203125
6981631,21.78955078125
6981726,23.49853515625
6981754,27.4658203125
6981793,22.03369140625
6981854,23.01025390625
6981866,32.65380859375
6981903,31.67724609375
6982221,22.8271484375
6982265,21.91162109375
6982408,24.84130859375
6982663,26.3671875
6982715,22.216796875
6983973,22.88818359375
7088450,22.0947265625
7088515,33.203125
7088629,23.25439453125
7088674,25.69580078125
7088700,24.10888671875
7088721,24.96337890625
7088782,23.37646484375
7088806,23.01025390625
7088829,22.27783203125
7088954,26.611328125
7088980,23.13232421875
7089037,22.88818359375
7089071,24.23095703125
7089216,22.3388671875
7089340,28.9306640625
7089468,23.3154296875
7089877,24.23095703125
7090355,23.681640625
7090417,24.658203125
7090505,22.5830078125
7196547,23.0712890625
7196721,25.93994140625
7196743,28.74755859375
7196760,22.5830078125
7196835,24.5361328125
7196852,22.705078125
7196890,23.3154296875
7196926,24.5361328125
7196987,21.66748046875
7197022,22.0947265625
7197049,27.16064453125
7197132,23.4375
7197206,25.7568359375
7197459,22.52197265625
7197656,22.4609375
7197811,25.32958984375
7198054,22.3388671875
7198075,23.92578125
7198663,26.18408203125
7198782,24.10888671875
7198802,23.193359375
7199386,22.27783203125
7305921,31.31103515625
7305944,21.78955078125
7306032,21.8505859375
7306057,22.705078125
7306112,23.86474609375
7306159,28.1982421875
7306194,23.5595703125
7306240,24.23095703125
7306370,24.658203125
7306417,27.64892578125
7306604,22.94921875
7306635,27.40478515625
7306669,26.2451171875
7306774,22.5830078125
7306849,27.52685546875
7306996,25.57373046875
7307305,25.93994140625
7307772,24.90234375
7307926,28.01513671875
7308078,23.0712890625
7308132,25.57373046875
7438504,21.728515625
7438529,21.66748046875
7438556,24.4140625
7438628,22.3388671875
7438665,26.123046875
7438682,23.681640625
7438720,22.52197265625
7438746,31.73828125
7438773,25.32958984375
7438795,30.70068359375
7438876,27.77099609375
7438916,21.728515625
7439016,25.81787109375
7439074,22.94921875
7439091,27.64892578125
7439141,25.45166015625
7439194,22.39990234375
7439327,24.90234375
7439376,30.09033203125
7439415,22.15576171875
7439445,23.25439453125
7439626,23.92578125
7439707,21.91162109375
7439798,23.62060546875
7439861,22.0947265625
7439877,27.9541015625
7439970,22.88818359375
7440316,22.03369140625
7440367,24.35302734375
7440419,23.13232421875
7440769,21.66748046875
7441039,22.15576171875
7539454,21.6064453125
7540245,24.59716796875
7540342,30.21240234375
7540394,25.390625
7540513,24.4140625
7540685,28.3203125
7540718,23.0712890625
7540735,26.30615234375
7540787,24.5361328125
7540905,23.01025390625
7541009,26.0009765625
7541031,24.71923828125
7541062,27.587890625
7541182,31.43310546875
7541246,27.2216796875
7541284,22.0947265625
7541425,21.8505859375
7541680,25.20751953125
7541793,24.169921875
7542126,25.69580078125
7542614,23.92578125
7542656,21.66748046875
7543127,22.27783203125
7671615,22.3388671875
7671892,25.634765625
7671928,22.64404296875
7672234,22.27783203125
7672261,21.6064453125
7672289,26.30615234375
7672360,23.0712890625
7672444,26.0009765625
7672461,30.1513671875
7672532,21.6064453125
7672616,22.52197265625
7672640,23.01025390625
7672650,21.66748046875
7672731,22.15576171875
7672753,23.13232421875
7672948,28.076171875
7673068,26.123046875
7673142,21.66748046875
7673314,23.01025390625
7673364,22.94921875
7673605,23.62060546875
7673883,31.982421875
7674007,21.728515625
7674096,22.52197265625
7674336,22.03369140625
7783473,24.2919921875
7783668,25.08544921875
7783817,25.87890625
7783900,26.55029296875
7784019,26.42822265625
7784048,24.0478515625
7784123,22.52197265625
7784158,25.81787109375
7784272,23.681640625
7784349,23.49853515625
7784394,24.658203125
7784510,22.15576171875
7784638,22.27783203125
7784668,22.27783203125
7784688,25.146484375
7784796,24.84130859375
7784992,21.97265625
7786344,21.8505859375
7898417,23.01025390625
7898611,23.01025390625
7898734,23.13232421875
7898794,29.6630859375
7898919,25.634765625
7898950,23.193359375
7898985,31.3720703125
7898996,25.45166015625
7899027,22.15576171875
7899178,22.39990234375
7899220,30.8837890625
7899254,25.93994140625
7899400,24.35302734375
7899430,26.06201171875
7899466,21.78955078125
7899716,22.0947265625
7899826,22.3388671875
7899845,22.705078125
7900031,23.8037109375
7900302,25.7568359375
7900355,22.88818359375
7900379,25.45166015625
7900622,28.3203125
7900715,21.8505859375
7900996,24.35302734375
8046904,22.5830078125
8047087,24.59716796875
8047352,23.25439453125
8047387,22.88818359375
8047403,23.8037109375
8047462,23.49853515625
8047496,26.9775390625
8047528,26.55029296875
8047592,22.76611328125
8047627,28.25927734375
8047641,23.8037109375
8047752,22.27783203125
8047795,26.67236328125
8047811,27.77099609375
8047895,24.7802734375
8047937,22.705078125
8048034,21.78955078125
8048318,25.45166015625
8048605,23.4375
8048745,24.5361328125
8048885,22.8271484375
8049238,27.40478515625
8049282,22.0947265625
8153267,31.92138671875
8153296,23.62060546875
8153415,22.64404296875
8153586,21.78955078125
8153648,23.62060546875
8153780,24.4140625
8153829,29.6630859375
8153919,29.9072265625
8153958,22.5830078125
8153980,24.7802734375
8154028,24.84130859375
8154183,24.84130859375
8154327,22.76611328125
8154419,21.91162109375
8154553,28.6865234375
8154596,25.5126953125
8154718,21.78955078125
8154764,23.49853515625
8154809,21.97265625
8155043,22.52197265625
8155871,25.87890625
8268763,23.3154296875
8268856,22.3388671875
8268907,22.8271484375
8269026,22.64404296875
8269059,26.0009765625
8269094,27.89306640625
8269291,26.611328125
8269311,26.85546875
8269336,24.84130859375
8269409,24.5361328125
8269441,22.03369140625
8269455,26.123046875
8269542,24.4140625
8269569,28.6865234375
8269730,26.67236328125
8269794,26.123046875
8270096,27.40478515625
8270169,22.39990234375
8270625,22.0947265625
8270856,22.8271484375
8369194,22.8271484375
8369335,22.3388671875
8369356,22.39990234375
8369395,23.37646484375
8369442,23.92578125
8369492,27.2216796875
8369634,28.076171875
8369765,27.89306640625
8369828,24.47509765625
8369867,25.20751953125
8369914,23.13232421875
8369946,24.23095703125
8370396,25.93994140625
8370568,23.92578125
8370969,23.74267578125
8371275,22.4609375
8371359,21.78955078125
8499125,23.681640625
8499262,21.91162109375
8499289,25.146484375
8499384,22.94921875
8499433,21.66748046875
8499493,35.46142578125
8499553,22.5830078125
8499575,21.728515625
8499759,25.390625
8499801,25.20751953125
8499885,24.5361328125
8499915,22.5830078125
8500006,25.0244140625
8500114,23.5595703125
8500629,26.55029296875
8624851,22.52197265625
8624879,27.34375
8624962,22.4609375
8625029,23.74267578125
8625148,23.193359375
8625174,22.64404296875
8625301,22.52197265625
8625448,23.98681640625
8625533,24.71923828125
8625607,27.16064453125
8625826,22.39990234375
8626439,22.15576171875
8626883,22.5830078125
8626921,21.728515625
8627165,21.78955078125
8627225,23.3154296875
8732948,27.28271484375
8733060,24.7802734375
8733142,22.5830078125
8733160,23.3154296875
8733208,32.89794921875
8733361,31.8603515625
8733374,24.90234375
8733484,24.59716796875
8733545,22.03369140625
8733630,29.72412109375
8733705,21.6064453125
8733760,24.90234375
8733916,29.6630859375
8733926,26.2451171875
8734122,21.97265625
8734147,23.37646484375
8734355,24.71923828125
8734487,24.4140625
8852816,25.81787109375
8852965,24.47509765625
8853121,22.52197265625
8853171,24.4140625
8853182,22.4609375
8853256,22.5830078125
8853330,26.06201171875
8853352,30.3955078125
8853490,27.89306640625
8853619,26.4892578125
8853635,24.59716796875
8853712,24.658203125
8853902,23.01025390625
8853965,23.8037109375
8854277,23.86474609375
8854860,21.97265625
8854900,22.94921875
8854954,22.0947265625
8978530,22.39990234375
8978719,28.86962890625
8978816,23.37646484375
8978853,22.216796875
8978942,31.8603515625
8978955,23.8037109375
8979079,27.16064453125
8979309,23.4375
8979628,23.4375
8979663,22.705078125
8979732,23.4375
8979784,26.79443359375
8980141,23.49853515625
8980153,21.6064453125
8980394,21.91162109375
8980464,21.66748046875
9083821,22.3388671875
9083858,24.169921875
9083941,21.8505859375
9083961,25.93994140625
9084037,22.0947265625
9084069,31.1279296875
9084104,23.01025390625
9084145,25.5126953125
9084235,22.76611328125
9084316,24.658203125
9084335,21.728515625
9084369,24.5361328125
9084428,28.3203125
9084445,23.8037109375
9084583,22.5830078125
9084643,23.193359375
9084742,22.94921875
9084896,22.3388671875
9085319,24.10888671875
9085559,23.49853515625
9085745,21.8505859375
9085899,24.10888671875
9085959,23.3154296875
9226747,22.64404296875
9226847,22.5830078125
9226884,22.39990234375
9226995,27.89306640625
9227154,22.705078125
9227200,27.52685546875
9227218,32.470703125
9227255,23.49853515625
9227315,21.728515625
9227557,31.73828125
9227810,23.193359375
9228474,22.0947265625
9229042,24.7802734375
9229236,22.0947265625
9373410,22.03369140625
9373470,24.90234375
9373526,22.76611328125
9373627,32.3486328125
9373659,28.50341796875
9373711,24.96337890625
9373894,22.8271484375
9373949,22.5830078125
9373975,24.90234375
9374036,23.92578125
9374217,21.78955078125
9374873,23.01025390625
9492970,22.76611328125
9493047,22.8271484375
9493303,23.13232421875
9493352,24.4140625
9493507,26.0009765625
9493542,23.3154296875
9493593,22.216796875
9493723,21.97265625
9493832,22.03369140625
9494004,24.71923828125
9494101,21.91162109375
9494429,24.658203125
9495115,21.97265625
9495323,29.23583984375
9619589,22.705078125
9619625,21.6064453125
9619786,29.23583984375
9619993,21.6064453125
9620051,21.66748046875
9620117,24.84130859375
9620456,26.2451171875
9620535,25.87890625
9620700,23.92578125
9620753,23.01025390625
9620975,23.193359375
9621096,23.86474609375
9621772,25.7568359375
9622176,22.64404296875
9738310,24.23095703125
9739948,22.27783203125
9739991,21.97265625
9740058,21.66748046875
9740081,28.564453125
9740120,21.78955078125
9740192,26.7333984375
9740478,24.2919921875
9740898,23.193359375
9741253,24.169921875
9742023,23.3154296875
9908458,21.91162109375
9908498,23.01025390625
9908728,23.37646484375
9908774,22.705078125
9908924,23.0712890625
9908954,21.97265625
9908992,22.5830078125
9909028,23.681640625
9909077,22.64404296875
9909108,22.216796875
9909268,30.2734375
9909363,23.62060546875
9909482,22.27783203125
9909628,24.90234375
9909676,21.6064453125
9909762,24.5361328125
9909927,22.03369140625
9909953,21.6064453125
9909991,23.4375
9910127,23.86474609375
9910774,24.2919921875
10066356,21.8505859375
10066388,23.01025390625
10066462,24.7802734375
10066540,22.39990234375
10066629,22.5830078125
10066686,22.0947265625
10066720,22.705078125
10066761,25.81787109375
10066846,21.97265625
10066879,27.28271484375
10066917,25.32958984375
10066978,26.7333984375
10067142,22.3388671875
10067158,24.2919921875
10067448,22.705078125
10067794,22.27783203125
10067815,22.3388671875
10067891,24.96337890625
10068287,21.91162109375
10190078,27.2216796875
10190253,22.3388671875
10190558,24.5361328125
10190689,22.3388671875
10190827,23.8037109375
10190837,23.01025390625
10190996,21.8505859375
10191174,23.0712890625
10191208,21.78955078125
10192205,22.03369140625
10192453,22.216796875
10329309,22.03369140625
10329599,22.03369140625
10329829,23.25439453125
10329863,27.28271484375
10329923,22.76611328125
10329952,26.42822265625
10330044,21.6064453125
10330090,24.2919921875
10330157,23.8037109375
10330279,23.13232421875
10330614,22.705078125
10330656,25.7568359375
10330930,24.2919921875
10330968,23.193359375
10331103,22.4609375
10331398,21.8505859375
10331414,22.0947265625
10331517,21.91162109375
10463460,23.01025390625
10464614,22.216796875
10464683,27.34375
10464886,22.216796875
10464920,25.08544921875
10465008,22.76611328125
10465127,29.60205078125
10465341,23.5595703125
10465469,23.49853515625
10465910,23.98681640625
10465964,23.62060546875
10466097,21.66748046875
10466275,22.52197265625
10627070,21.6064453125
10627110,21.8505859375
10627333,21.66748046875
10627445,22.88818359375
10627501,23.62060546875
10627656,25.45166015625
10627780,23.5595703125
10627873,23.3154296875
10755314,21.6064453125
10755581,22.03369140625
10755643,24.90234375
10755688,24.10888671875
10755728,22.0947265625
10755799,23.3154296875
10755871,23.98681640625
10755947,28.74755859375
10756047,22.15576171875
10756093,31.92138671875
10756287,29.11376953125
10756409,23.49853515625
10756666,22.8271484375
10756740,25.57373046875
10756922,23.8037109375
10757018,21.8505859375
10938206,21.91162109375
10938363,23.681640625
10938383,21.66748046875
10938503,25.87890625
10938545,23.62060546875
10938868,28.13720703125
10938933,23.62060546875
10939111,21.91162109375
10939265,26.7333984375
10939289,29.296875
10939637,23.681640625
10939948,22.39990234375
10940082,23.681640625
10940177,23.5595703125
10940346,21.91162109375
11092835,23.25439453125
11094286,24.35302734375
11094315,22.64404296875
11094406,22.216796875
11094482,24.10888671875
11094500,24.35302734375
11094666,22.52197265625
11094676,22.52197265625
11094903,26.3671875
11094971,23.49853515625
11095018,21.6064453125
11095351,24.658203125
11095578,22.0947265625
11095717,22.88818359375
11096088,22.4609375
11096124,22.94921875
11096666,23.01025390625
11251184,22.4609375
11252586,22.15576171875
11252597,21.97265625
11252708,22.705078125
11252816,28.3203125
11252953,22.27783203125
11253045,22.0947265625
11253080,25.08544921875
11253319,23.74267578125
11253397,26.18408203125
11253418,25.2685546875
11378157,26.30615234375
11378199,26.55029296875
11378364,31.1279296875
11378385,25.57373046875
11378484,22.15576171875
11378659,21.91162109375
11378862,22.5830078125
11378913,24.658203125
11379159,23.62060546875
11379227,25.45166015625
11379518,21.97265625
11622893,22.3388671875
11623258,22.216796875
11623279,23.8037109375
11623307,24.0478515625
11623377,22.03369140625
11623600,23.49853515625
11623641,24.0478515625
11623694,21.97265625
11623770,23.193359375
11624124,23.01025390625
11624262,21.6064453125
11624620,26.85546875
11625328,22.03369140625
11791202,21.78955078125
11791275,22.15576171875
11791614,21.91162109375
11791688,22.76611328125
11791730,22.39990234375
11791775,23.193359375
11791834,21.66748046875
11791953,26.0009765625
11791992,24.59716796875
11792126,29.11376953125
11792195,21.8505859375
11792237,21.66748046875
11792339,22.76611328125
11792502,22.27783203125
11792550,23.62060546875
11793413,23.25439453125
11793786,22.39990234375
11966489,23.01025390625
11966638,26.4892578125
11966722,22.03369140625
11966739,22.52197265625
11966776,21.8505859375
11966808,23.8037109375
11967119,21.8505859375
11967168,23.86474609375
11967592,22.52197265625
11968208,27.587890625
