11999000,0
35428,29.35791015625
35615,26.91650390625
35689,25.93994140625
35918,27.28271484375
36162,25.87890625
102061,27.2216796875
102379,27.28271484375
102478,30.82275390625
102556,28.1982421875
102585,29.4189453125
102766,25.93994140625
177308,33.63037109375
177395,28.076171875
177515,30.82275390625
177698,32.2265625
177936,26.611328125
178059,29.35791015625
178218,25.87890625
179501,26.79443359375
236537,27.89306640625
236662,26.7333984375
236676,26.91650390625
236795,28.1982421875
237086,26.2451171875
287848,27.83203125
288033,26.67236328125
288202,26.55029296875
288329,27.34375
288540,25.93994140625
376033,37.04833984375
376688,29.35791015625
376714,32.77587890625
376777,28.38134765625
462924,26.18408203125
463029,29.72412109375
463161,29.78515625
463306,32.71484375
463440,27.64892578125
463728,31.1279296875
463766,28.9306640625
539018,27.34375
539143,26.4892578125
539277,26.0009765625
539513,34.60693359375
539714,30.82275390625
539849,26.3671875
540265,26.79443359375
540308,31.67724609375
540476,27.03857421875
632166,26.79443359375
632317,28.80859375
632681,28.62548828125
632859,28.3203125
633061,26.91650390625
633504,27.40478515625
633745,26.2451171875
696056,30.76171875
696302,26.123046875
696730,32.958984375
838309,29.296875
838361,26.91650390625
838499,30.21240234375
838519,27.52685546875
838788,30.029296875
839062,28.80859375
839315,28.74755859375
839772,29.72412109375
839794,27.9541015625
932199,28.50341796875
932672,30.8837890625
932685,33.0810546875
932796,29.96826171875
933009,29.60205078125
933284,26.18408203125
1000482,26.0009765625
1000532,27.16064453125
1000668,26.0009765625
1000919,26.2451171875
1043733,28.564453125
1123085,27.77099609375
1123173,29.6630859375
1123335,32.65380859375
1123430,27.4658203125
1123546,30.1513671875
1202432,28.6865234375
1202535,26.55029296875
1202636,31.18896484375
1203021,27.28271484375
1287651,26.85546875
1287814,26.79443359375
1287840,26.18408203125
1288106,29.96826171875
1288134,26.2451171875
1288341,26.55029296875
1288664,28.99169921875
1348737,27.52685546875
1501736,26.30615234375
1502309,28.13720703125
1502530,26.611328125
1502554,39.55078125
1502600,35.2783203125
1502610,28.50341796875
1502696,28.50341796875
1502788,27.77099609375
1502860,27.7099609375
1502955,27.4658203125
1503018,26.79443359375
1503077,26.7333984375
1503124,25.87890625
1503334,26.18408203125
1503410,27.52685546875
1503576,26.42822265625
1504484,28.86962890625
1589672,29.052734375
1589842,28.74755859375
1590635,26.2451171875
1703479,27.52685546875
1703946,37.17041015625
1704007,29.4189453125
1704266,30.6396484375
1704368,33.203125
1704541,33.69140625
1704577,30.94482421875
1704598,26.3671875
1704738,31.005859375
1705000,28.62548828125
1705041,28.99169921875
1705294,31.25
1705318,25.87890625
1854759,28.1982421875
1854839,30.33447265625
1854935,26.7333984375
1854983,27.587890625
1855419,26.0009765625
1855598,30.1513671875
1855724,27.587890625
1857059,26.123046875
1978065,26.611328125
1978224,29.84619140625
1978279,28.01513671875
1978338,29.052734375
1978364,26.9775390625
1978457,27.099609375
1978531,26.2451171875
1979072,27.52685546875
1979203,27.28271484375
1979298,26.30615234375
1979930,27.4658203125
2103364,28.80859375
2103681,31.8603515625
2103729,26.7333984375
2103803,29.1748046875
2103824,26.0009765625
2103874,28.99169921875
2103915,28.9306640625
2103933,31.8603515625
2104000,33.38623046875
2104047,27.40478515625
2104289,29.9072265625
2104365,26.55029296875
2104665,27.03857421875
2104780,27.77099609375
2184228,28.86962890625
2184265,26.79443359375
2184599,31.73828125
2314403,26.67236328125
2314664,26.55029296875
2314779,32.958984375
2314892,25.87890625
2314985,30.70068359375
2315078,30.029296875
2315311,26.55029296875
2315742,30.45654296875
2315778,29.78515625
2361101,26.30615234375
2454210,29.1748046875
2454380,28.13720703125
2454767,26.0009765625
2454881,27.40478515625
2455052,27.28271484375
2455320,25.93994140625
2550393,27.89306640625
2550548,33.26416015625
2550621,29.1748046875
2550718,28.74755859375
2552754,26.0009765625
2658420,26.30615234375
2658716,27.7099609375
2658765,31.18896484375
2658962,29.96826171875
2659054,26.67236328125
2659167,26.79443359375
2659441,26.30615234375
2659687,26.0009765625
2660011,26.06201171875
2751453,27.34375
2751533,33.50830078125
2751624,30.8837890625
2751709,26.123046875
2752184,27.03857421875
2752753,26.55029296875
2848777,26.0009765625
2849155,26.67236328125
2849206,30.2734375
2849365,29.296875
2849481,28.38134765625
2849588,31.1279296875
2850441,27.9541015625
2958326,28.4423828125
2958722,26.06201171875
2958905,30.2734375
2959078,28.564453125
2959694,26.06201171875
2959906,28.564453125
3061557,31.43310546875
3061633,26.4892578125
3061760,26.30615234375
3062383,25.93994140625
3062784,27.2216796875
3063123,26.79443359375
3169326,26.06201171875
3169408,29.9072265625
3170470,27.28271484375
3170534,27.28271484375
3286199,27.9541015625
3286271,29.96826171875
3286343,29.60205078125
3286512,28.38134765625
3286661,25.93994140625
3286792,28.80859375
3382478,27.34375
3382638,26.7333984375
3382767,29.11376953125
3382927,26.9775390625
3383131,31.06689453125
3383251,26.4892578125
3477217,26.67236328125
3477638,27.4658203125
3478396,26.91650390625
3571804,26.0009765625
3571823,34.7900390625
3571998,28.38134765625
3572114,26.7333984375
3572330,31.494140625
3572636,29.541015625
3572687,26.06201171875
3572994,26.30615234375
3666194,26.2451171875
3666860,26.42822265625
3667053,27.28271484375
3667425,26.91650390625
3753243,27.28271484375
3753699,27.89306640625
3753843,29.60205078125
3753972,26.611328125
3754277,26.3671875
3755720,26.0009765625
3820553,32.1044921875
3820637,26.79443359375
3820679,28.076171875
3820839,30.21240234375
3820970,28.38134765625
3906225,26.42822265625
3906461,28.50341796875
3906591,27.03857421875
3906681,26.42822265625
4004335,30.6396484375
4004496,26.91650390625
4004836,26.18408203125
4005012,26.7333984375
4005123,27.40478515625
4197528,28.74755859375
4197620,30.517578125
4197860,29.9072265625
4197898,25.93994140625
4198055,27.099609375
4198069,26.3671875
4198272,26.91650390625
4198346,27.77099609375
4285323,26.611328125
4285721,25.93994140625
4285759,26.85546875
4377620,27.40478515625
4378143,27.099609375
4378573,26.3671875
4378743,27.2216796875
4379358,27.587890625
4483565,28.1982421875
4483746,27.89306640625
4483920,35.70556640625
4484033,26.67236328125
4484117,29.296875
4484679,26.611328125
4588083,28.9306640625
4588113,26.4892578125
4588505,32.470703125
4588537,26.3671875
4685851,29.47998046875
4686109,28.6865234375
4686230,26.2451171875
4686620,33.14208984375
4686654,29.35791015625
4686732,26.611328125
4686907,26.85546875
4687306,28.50341796875
4687529,28.74755859375
4774389,30.57861328125
4774604,26.7333984375
4774824,26.30615234375
4774917,26.79443359375
4775120,29.60205078125
4775740,27.34375
4776155,26.4892578125
4868307,27.7099609375
4868488,27.03857421875
4868790,27.587890625
4869373,25.93994140625
4971068,25.87890625
4971161,26.123046875
4971542,26.2451171875
4971729,25.93994140625
4973020,26.91650390625
5063274,29.60205078125
5063465,30.45654296875
5063510,27.099609375
5063689,29.9072265625
5063950,26.123046875
5064105,26.06201171875
5160247,26.55029296875
5160565,28.3203125
5161035,25.87890625
5258405,26.7333984375
5258837,25.93994140625
5258972,26.18408203125
5363885,27.28271484375
5365371,27.64892578125
5365616,30.8837890625
5366286,26.9775390625
5366558,27.587890625
5471472,28.3203125
5471664,34.5458984375
5472345,27.83203125
5580764,26.2451171875
5581535,29.4189453125
5582271,28.076171875
5582491,27.16064453125
5582639,26.611328125
5582786,27.099609375
5582806,29.11376953125
5645575,27.03857421875
5670865,27.83203125
5671013,31.494140625
5724305,29.84619140625
5724796,27.587890625
5724995,30.21240234375
5725339,27.77099609375
5725498,27.64892578125
5829262,25.87890625
5829402,26.0009765625
5829515,27.099609375
5829528,26.30615234375
5829683,26.123046875
5829917,33.14208984375
5830564,27.099609375
5830782,26.67236328125
5942936,27.2216796875
5943653,26.55029296875
5943680,28.25927734375
5943866,29.541015625
5944290,30.029296875
5944956,27.4658203125
6062016,27.34375
6062352,35.5224609375
6063212,26.30615234375
6178134,27.7099609375
6178280,29.4189453125
6178362,30.94482421875
6178404,28.076171875
6178452,27.16064453125
6178771,26.79443359375
6296980,26.85546875
6297069,26.9775390625
6297159,27.4658203125
6297295,29.11376953125
6297615,25.87890625
6421026,27.16064453125
6421381,26.67236328125
6421545,25.87890625
6421582,26.79443359375
6422460,30.21240234375
6568982,26.55029296875
6569942,30.1513671875
6569983,26.9775390625
6570164,26.2451171875
6721455,26.30615234375
6841242,28.86962890625
6841392,29.78515625
6981301,32.1044921875
6981413,26.30615234375
6981718,34.423828125
6982001,27.9541015625
7088827,27.16064453125
7088864,26.7333984375
7088892,25.93994140625
7089183,28.86962890625
7089274,26.06201171875
7089287,26.7333984375
7089828,31.494140625
7196555,25.87890625
7196816,32.1044921875
7196839,26.0009765625
7196867,25.93994140625
7197351,29.96826171875
7197795,26.4892578125
7198629,27.28271484375
7306455,27.4658203125
7306670,27.28271484375
7306790,28.38134765625
7306956,25.93994140625
7307026,34.5458984375
7438594,26.85546875
7440216,26.06201171875
7540531,26.85546875
7541099,26.42822265625
7672518,26.4892578125
7672739,31.005859375
7674006,28.38134765625
7783949,26.2451171875
7783969,27.2216796875
7784186,29.78515625
7784267,27.64892578125
7786036,27.587890625
7899862,27.77099609375
7900073,26.123046875
7900134,28.564453125
8047085,27.52685546875
8047532,26.06201171875
8047864,26.123046875
8048197,30.33447265625
8048443,27.03857421875
8153373,26.67236328125
8153646,27.03857421875
8153798,26.3671875
8269173,26.42822265625
8269289,27.52685546875
8269339,26.611328125
8270230,32.04345703125
8369740,27.77099609375
8499474,27.2216796875
8499498,32.04345703125
8499557,26.611328125
8499744,34.72900390625
8499768,26.67236328125
8500426,26.18408203125
8624619,25.93994140625
8624969,27.28271484375
8625279,26.18408203125
8625439,28.62548828125
8625554,30.21240234375
8734171,27.64892578125
8978674,29.84619140625
8978946,27.77099609375
8980412,26.123046875
9083907,26.123046875
9084318,26.18408203125
9084411,29.296875
9226937,26.30615234375
9227299,28.86962890625
9227466,26.3671875
9229397,26.611328125
9373867,27.40478515625
9375385,30.2734375
9493728,26.85546875
9620460,26.55029296875
9740336,29.47998046875
9740873,27.16064453125
9908703,27.099609375
9908998,28.1982421875
10067737,27.28271484375
10329789,26.85546875
10330649,26.123046875
10465787,27.099609375
10627089,29.23583984375
10627435,30.70068359375
11094987,25.93994140625
11253232,29.35791015625
11378649,26.42822265625
11379058,26.9775390625
11379107,26.85546875
11623903,26.4892578125
11793115,27.2216796875
11909704,28.50341796875
11966715,26.7333984375
