11999000,0
4273,15.68603515625
4413,16.845703125
4452,19.8974609375
123242,16.6015625
133333,15.93017578125
208010,16.17431640625
208495,19.287109375
218883,18.798828125
268535,16.66259765625
268637,19.1650390625
268856,17.63916015625
268921,16.29638671875
346014,15.7470703125
346275,21.6064453125
346328,15.68603515625
346343,16.17431640625
502887,18.98193359375
512561,16.41845703125
512809,16.54052734375
513326,17.08984375
657361,15.93017578125
668196,16.05224609375
668519,15.869140625
865570,16.17431640625
865729,19.83642578125
865743,17.9443359375
865825,15.869140625
866098,16.29638671875
866170,15.80810546875
876469,17.08984375
876695,16.845703125
999627,16.29638671875
999791,16.6015625
999811,18.61572265625
1080042,16.845703125
1092092,17.578125
1170785,18.1884765625
1184882,16.05224609375
1185167,19.83642578125
1348081,15.869140625
1348328,15.9912109375
1348467,18.61572265625
1360375,15.80810546875
1497642,16.17431640625
1508015,17.578125
1695107,17.27294921875
1695186,21.78955078125
1695239,17.578125
1695284,16.9677734375
1695297,18.85986328125
1695326,18.37158203125
1695362,16.9677734375
1708510,16.4794921875
1865102,15.68603515625
1865266,16.11328125
1865338,16.7236328125
1865411,20.3857421875
1865595,15.68603515625
1875480,19.47021484375
1875506,16.66259765625
1875890,16.2353515625
1982092,16.05224609375
1996772,16.66259765625
1997421,15.80810546875
2093769,15.7470703125
2094010,16.17431640625
2094696,16.29638671875
2105445,16.41845703125
2115505,15.7470703125
2467977,15.93017578125
2468045,17.02880859375
2468272,16.11328125
2477055,17.39501953125
2477613,16.845703125
2485444,15.9912109375
2643577,16.845703125
2644023,15.93017578125
2662303,16.357421875
2753807,16.05224609375
2753886,16.2353515625
2764964,15.93017578125
2765091,17.333984375
2765121,16.05224609375
2765169,15.68603515625
2765232,16.29638671875
2780945,16.4794921875
2830525,16.66259765625
2830567,15.869140625
2902255,19.47021484375
2902417,16.6015625
2902752,18.1884765625
2912768,16.7236328125
3074820,17.02880859375
3074953,15.68603515625
3087406,16.29638671875
3231811,17.02880859375
3232146,17.822265625
3232176,19.287109375
3232268,16.4794921875
3232278,17.08984375
3354763,16.845703125
3354880,16.2353515625
3355264,19.34814453125
3355289,16.11328125
3522151,17.15087890625
3522353,20.20263671875
3522811,18.06640625
3645095,17.2119140625
3645237,17.76123046875
3645830,15.93017578125
3646000,17.02880859375
3668463,15.869140625
3826114,18.9208984375
3826357,15.93017578125
3826493,18.12744140625
3918149,16.2353515625
3932472,18.6767578125
4089369,16.4794921875
4089761,15.80810546875
4098441,15.93017578125
4098535,17.08984375
4098560,16.9677734375
4098761,16.41845703125
4332593,17.88330078125
4332730,17.2119140625
4333281,16.845703125
4333295,16.29638671875
4579572,17.39501953125
4579753,15.7470703125
4594320,16.6015625
4714976,15.7470703125
4715041,17.15087890625
4715639,17.7001953125
4724563,16.54052734375
4724771,15.80810546875
4870558,17.2119140625
4870609,16.90673828125
4881072,16.357421875
4881172,16.11328125
4881268,15.93017578125
4881308,17.02880859375
5228679,16.78466796875
5237654,16.05224609375
5245823,16.05224609375
5245898,17.15087890625
5404745,20.01953125
5415321,16.54052734375
5425127,19.1650390625
5559169,19.22607421875
5559664,16.78466796875
5645834,15.869140625
5645922,17.7001953125
5657225,15.93017578125
5738314,17.08984375
5738451,18.06640625
5807967,17.4560546875
5808148,15.68603515625
5808301,16.41845703125
5808434,16.4794921875
5994646,17.7001953125
6005112,16.66259765625
6005194,18.9208984375
6303741,20.3857421875
6304396,17.822265625
6304701,15.80810546875
6320048,17.4560546875
6320119,16.05224609375
6320384,20.08056640625
6451761,19.59228515625
6451873,16.11328125
6464536,16.29638671875
6474313,16.357421875
6614064,17.4560546875
6614141,15.7470703125
6614280,16.2353515625
6624479,16.9677734375
6791861,16.11328125
6803040,19.1650390625
6803094,15.7470703125
6803214,17.51708984375
6803467,16.2353515625
6921534,16.11328125
6921699,18.85986328125
6921830,18.00537109375
6922612,16.2353515625
7086541,16.6015625
7087102,16.9677734375
7087184,16.41845703125
7098164,16.4794921875
7098538,15.93017578125
7098685,15.68603515625
7226789,16.05224609375
7227103,19.287109375
7227254,16.78466796875
7227287,17.333984375
7236568,21.42333984375
7236683,16.05224609375
7236759,15.80810546875
7380085,16.54052734375
7380234,16.29638671875
7380330,16.9677734375
7380639,16.05224609375
7824702,19.04296875
7825132,16.78466796875
7834066,17.08984375
8060993,17.822265625
8061074,16.17431640625
8061636,17.39501953125
8069646,20.44677734375
8069843,17.578125
8409068,16.17431640625
8587126,15.7470703125
8587568,15.7470703125
8596072,18.49365234375
8942142,16.4794921875
8942283,16.90673828125
8942504,17.15087890625
8951209,16.11328125
8960211,15.68603515625
9396449,18.798828125
9396528,16.11328125
9397325,16.357421875
9405525,16.05224609375
9405750,15.9912109375
9414035,16.05224609375
9426192,17.27294921875
9523827,16.6015625
9524176,16.90673828125
9524226,16.4794921875
9524502,15.9912109375
9524988,16.11328125
9533681,17.51708984375
9533889,15.68603515625
9534058,17.822265625
9534230,16.66259765625
9543097,15.93017578125
9543180,16.845703125
9543310,16.9677734375
9543436,16.05224609375
9564374,16.2353515625
10048113,17.4560546875
10048248,16.845703125
10048374,15.9912109375
10049165,18.73779296875
10066768,15.7470703125
10079119,15.68603515625
10246667,16.90673828125
10255198,17.51708984375
10263766,16.4794921875
10274982,17.02880859375
10600514,16.41845703125
10600741,17.2119140625
10600776,16.11328125
10601436,15.93017578125
10610243,15.68603515625
10610279,15.869140625
10610386,27.4658203125
10832260,16.2353515625
10832308,16.4794921875
10833336,15.7470703125
10841723,16.17431640625
11077653,15.7470703125
11078312,15.9912109375
11086908,15.80810546875
11087202,16.05224609375
11087326,16.78466796875
11095958,16.4794921875
11096224,17.63916015625
11315176,15.93017578125
11315235,16.4794921875
11333750,16.54052734375
11781821,16.54052734375
11782237,16.05224609375
11903051,15.9912109375
