11999000,0
4879,18.73779296875
4893,17.822265625
123713,18.61572265625
123824,17.76123046875
208497,17.2119140625
218281,20.44677734375
346334,18.37158203125
346948,20.69091796875
865746,19.83642578125
1080312,19.1650390625
1348297,18.06640625
1708357,18.6767578125
1708588,18.73779296875
1865560,17.27294921875
1982307,18.06640625
1997174,18.1884765625
1997246,19.22607421875
2094087,19.34814453125
2484748,17.63916015625
2643609,18.12744140625
2653454,19.47021484375
2662085,19.59228515625
3087374,17.27294921875
3087412,18.6767578125
3087505,17.08984375
3245212,17.2119140625
3366415,19.59228515625
3366915,17.333984375
3826413,18.4326171875
4089171,22.15576171875
4332251,17.15087890625
4594331,18.06640625
4594342,18.98193359375
4724305,17.02880859375
4790535,17.15087890625
4880997,18.1884765625
5229370,17.15087890625
5237633,18.4326171875
5245660,16.9677734375
5404677,17.02880859375
5573208,17.4560546875
5657255,18.00537109375
5657601,17.578125
5726802,19.04296875
5727122,18.5546875
5808183,19.287109375
5808498,18.6767578125
5994530,17.4560546875
5994590,17.15087890625
5994670,18.98193359375
6303497,18.61572265625
6624940,17.7001953125
6792111,17.88330078125
6922213,17.39501953125
7086914,18.9208984375
7098316,18.4326171875
7227254,16.9677734375
7227297,17.15087890625
7236785,16.9677734375
7236857,20.263671875
7236933,17.76123046875
8061075,17.333984375
8091393,16.9677734375
8587141,18.98193359375
8950960,17.27294921875
9405285,18.12744140625
10057118,17.4560546875
10254997,17.822265625
10263071,17.76123046875
10263117,17.39501953125
10600779,18.49365234375
10601165,17.578125
10619453,19.775390625
10832311,17.51708984375
10841465,17.4560546875
11086882,18.12744140625
11333820,18.6767578125
11781991,20.01953125
