11999000,0
123462,16.4794921875
268894,17.39501953125
269348,17.39501953125
502836,16.9677734375
1000479,16.4794921875
1079939,16.66259765625
1497364,17.822265625
1498349,16.6015625
1708331,16.7236328125
1997260,18.49365234375
2642869,17.08984375
2902200,17.822265625
2913395,19.4091796875
3087375,16.9677734375
4343912,16.54052734375
5657279,17.08984375
5726796,17.76123046875
6451816,18.310546875
7824333,17.51708984375
8060501,18.61572265625
8578332,17.27294921875
8965825,17.15087890625
11086885,17.02880859375
11324167,16.66259765625
