11999000,0
4449,20.751953125
122798,19.53125
122922,17.88330078125
122953,18.310546875
122992,20.81298828125
123007,27.40478515625
123031,25.08544921875
123061,18.9208984375
123092,21.91162109375
123200,19.4091796875
123325,30.517578125
123343,21.05712890625
123419,21.240234375
123516,19.4091796875
123777,18.1884765625
133252,20.32470703125
133277,21.17919921875
133305,19.47021484375
133333,19.775390625
133382,24.169921875
133397,19.10400390625
133420,20.56884765625
133484,21.3623046875
133569,19.83642578125
147847,19.775390625
147881,20.3857421875
147925,19.53125
147994,25.57373046875
207821,20.69091796875
207916,26.2451171875
207958,19.95849609375
208008,19.287109375
208033,19.287109375
208113,22.64404296875
208143,20.263671875
208175,20.1416015625
208187,17.9443359375
208265,18.5546875
208366,24.47509765625
208473,23.25439453125
219052,20.751953125
219189,24.5361328125
268366,18.00537109375
268411,26.0009765625
268472,25.08544921875
268493,22.03369140625
268536,29.1748046875
268581,20.8740234375
268615,18.98193359375
268637,21.91162109375
268656,19.10400390625
268733,19.04296875
268870,25.5126953125
268923,19.83642578125
280283,20.44677734375
280321,19.1650390625
280384,24.90234375
280422,18.61572265625
280468,17.822265625
280495,27.28271484375
280610,19.53125
345870,21.17919921875
345884,21.05712890625
345922,23.13232421875
345933,21.91162109375
345979,25.634765625
346041,22.3388671875
346156,17.76123046875
346189,19.53125
346274,17.88330078125
346331,31.06689453125
346353,18.61572265625
356299,18.06640625
356417,18.1884765625
356599,20.56884765625
356705,23.193359375
356749,19.8974609375
356790,24.23095703125
356854,20.20263671875
356865,23.98681640625
356908,20.751953125
369749,23.01025390625
369772,18.73779296875
369804,18.1884765625
369818,18.85986328125
369868,21.05712890625
369990,21.484375
376043,18.310546875
502727,19.47021484375
502762,22.03369140625
502793,20.08056640625
502876,20.8740234375
502926,20.81298828125
502987,22.0947265625
503507,18.4326171875
512562,25.390625
512579,25.390625
512726,18.85986328125
512753,18.85986328125
512784,17.9443359375
512802,24.5361328125
512858,19.1650390625
512958,17.76123046875
513151,17.88330078125
513287,18.00537109375
521932,20.8740234375
522018,18.49365234375
522113,22.4609375
522125,20.5078125
522162,18.5546875
522334,19.10400390625
656654,18.4326171875
656753,20.3857421875
656778,19.22607421875
656800,30.2734375
656811,22.8271484375
656844,18.12744140625
656871,23.25439453125
656888,21.54541015625
656927,18.98193359375
656952,18.6767578125
656962,21.54541015625
657031,20.93505859375
657084,30.70068359375
657127,20.01953125
657245,19.10400390625
657260,21.78955078125
657357,18.310546875
657491,18.6767578125
657562,20.56884765625
665567,18.4326171875
667885,19.287109375
667982,19.8974609375
668005,21.8505859375
668016,27.34375
668042,21.05712890625
668076,20.01953125
668147,17.88330078125
668198,18.6767578125
668290,18.06640625
865220,25.634765625
865254,19.287109375
865282,29.4189453125
865296,33.0810546875
865351,22.76611328125
865380,21.728515625
865436,23.0712890625
865480,20.93505859375
865512,19.6533203125
865539,18.798828125
865591,20.6298828125
865615,19.34814453125
865710,26.3671875
865730,26.3671875
865784,18.310546875
865853,18.00537109375
866099,23.25439453125
872475,18.37158203125
876762,22.3388671875
876836,17.9443359375
876860,24.59716796875
876979,21.484375
876994,18.9208984375
877050,18.37158203125
877127,17.822265625
887755,19.95849609375
887802,18.73779296875
887874,23.5595703125
887932,18.9208984375
887959,20.751953125
887990,18.49365234375
888059,20.01953125
989144,19.775390625
989184,20.5078125
989213,23.74267578125
989249,25.69580078125
989295,25.20751953125
989331,21.728515625
989399,23.01025390625
989445,19.10400390625
989893,19.95849609375
999347,17.88330078125
999471,18.6767578125
999586,22.76611328125
999622,18.73779296875
999645,19.1650390625
999680,24.2919921875
999722,19.95849609375
999744,20.69091796875
999805,28.01513671875
999832,21.1181640625
999862,20.5078125
999937,18.00537109375
999987,20.3857421875
1010733,18.798828125
1079413,20.69091796875
1079448,17.76123046875
1079479,21.1181640625
1079491,18.1884765625
1079530,17.9443359375
1079554,19.71435546875
1079590,21.1181640625
1079612,27.34375
1079647,20.32470703125
1079667,19.10400390625
1079700,17.9443359375
1079771,22.76611328125
1079803,21.54541015625
1079915,18.310546875
1080085,19.47021484375
1080148,17.822265625
1080359,20.32470703125
1092053,20.751953125
1092093,20.32470703125
1092163,20.20263671875
1092184,24.10888671875
1092205,18.49365234375
1092236,22.5830078125
1092274,18.37158203125
1092307,25.634765625
1092366,18.61572265625
1092409,17.9443359375
1092597,22.39990234375
1093061,18.798828125
1105057,17.88330078125
1105121,18.37158203125
1170553,20.81298828125
1170639,21.91162109375
1170688,20.263671875
1170731,20.01953125
1170782,19.95849609375
1170813,18.310546875
1170863,38.6962890625
1170895,21.3623046875
1170932,19.71435546875
1170985,18.85986328125
1171022,17.822265625
1171614,17.822265625
1184696,19.6533203125
1184714,20.5078125
1184764,24.47509765625
1184776,18.24951171875
1184867,23.8037109375
1184887,20.3857421875
1184912,28.01513671875
1184962,20.5078125
1185038,19.22607421875
1185094,18.9208984375
1185145,20.751953125
1192088,18.1884765625
1347782,17.88330078125
1347809,18.49365234375
1347859,27.587890625
1347883,20.1416015625
1347912,19.83642578125
1347965,19.71435546875
1347998,21.91162109375
1348072,17.88330078125
1348265,17.9443359375
1348295,20.5078125
1348349,18.9208984375
1348465,22.3388671875
1360301,23.01025390625
1360369,19.04296875
1360381,18.06640625
1360404,23.8037109375
1360451,24.71923828125
1360465,23.4375
1360512,22.52197265625
1360584,18.9208984375
1360615,18.9208984375
1360730,18.00537109375
1378124,20.99609375
1497486,19.83642578125
1497581,20.56884765625
1497603,24.90234375
1497645,27.52685546875
1497693,21.240234375
1497750,18.9208984375
1497882,17.9443359375
1498125,18.310546875
1498266,18.06640625
1498362,18.12744140625
1498446,17.88330078125
1507790,18.73779296875
1507858,18.9208984375
1507978,24.71923828125
1508010,24.4140625
1508072,19.4091796875
1508137,20.20263671875
1508237,18.9208984375
1508336,26.123046875
1508587,18.798828125
1694836,18.12744140625
1694868,21.728515625
1694900,25.20751953125
1694923,19.04296875
1694971,24.90234375
1695070,26.55029296875
1695107,19.1650390625
1695138,20.56884765625
1695205,20.44677734375
1695237,21.78955078125
1695280,20.01953125
1695302,29.6630859375
1695348,21.1181640625
1695363,20.93505859375
1695634,18.4326171875
1707498,21.54541015625
1707582,25.45166015625
1707630,23.5595703125
1707691,25.20751953125
1707713,18.49365234375
1707769,19.287109375
1864984,21.54541015625
1865012,25.20751953125
1865045,21.97265625
1865098,32.16552734375
1865253,20.20263671875
1865266,26.4892578125
1865298,20.81298828125
1865338,23.01025390625
1865477,18.12744140625
1865528,20.5078125
1865557,18.06640625
1865587,20.93505859375
1865620,23.74267578125
1865734,18.98193359375
1865946,18.9208984375
1874540,18.798828125
1875388,24.71923828125
1875438,19.4091796875
1875471,23.13232421875
1875504,23.3154296875
1875566,21.66748046875
1875606,20.93505859375
1875626,22.94921875
1875665,19.47021484375
1875730,21.66748046875
1875740,22.216796875
1875783,21.484375
1875894,18.1884765625
1876060,18.310546875
1885081,18.00537109375
1885116,19.22607421875
1885299,19.1650390625
1885415,19.6533203125
1981771,17.88330078125
1981794,18.798828125
1981862,28.3203125
1981899,19.53125
1981922,22.27783203125
1981951,25.69580078125
1981982,27.03857421875
1982004,19.6533203125
1982032,17.9443359375
1982109,20.5078125
1982239,18.98193359375
1982370,18.24951171875
1996289,18.06640625
1996339,21.1181640625
1996353,17.76123046875
1996433,26.123046875
1996452,19.59228515625
1996483,29.60205078125
1996605,18.61572265625
1996664,18.310546875
1996743,17.88330078125
1996995,17.9443359375
1997252,18.98193359375
2093446,19.95849609375
2093530,19.83642578125
2093563,22.0947265625
2093581,23.86474609375
2093603,23.37646484375
2093646,28.74755859375
2093665,21.91162109375
2093724,18.73779296875
2093765,19.1650390625
2093923,18.310546875
2093949,23.98681640625
2094011,17.822265625
2094333,18.9208984375
2104472,17.76123046875
2104561,26.611328125
2104579,25.7568359375
2104620,19.59228515625
2104835,18.61572265625
2104873,17.9443359375
2105515,19.775390625
2291936,17.76123046875
2365161,17.76123046875
2433772,18.12744140625
2467977,22.8271484375
2467990,19.6533203125
2468043,26.79443359375
2468096,19.10400390625
2468145,18.4326171875
2468170,19.287109375
2468200,19.47021484375
2468272,21.42333984375
2468299,20.01953125
2468552,18.85986328125
2468836,18.798828125
2468995,18.49365234375
2476526,18.24951171875
2476938,18.1884765625
2476996,20.3857421875
2477019,22.15576171875
2477059,18.61572265625
2477078,21.42333984375
2477108,22.27783203125
2477151,26.4892578125
2477214,24.96337890625
2477253,18.5546875
2477613,19.47021484375
2484932,18.49365234375
2485318,23.62060546875
2485434,28.74755859375
2485455,26.123046875
2485478,21.66748046875
2485491,22.8271484375
2485534,24.169921875
2485994,17.822265625
2575408,19.10400390625
2643222,17.9443359375
2643310,18.49365234375
2643329,26.9775390625
2643380,24.7802734375
2643392,19.22607421875
2643415,19.34814453125
2643451,19.34814453125
2643483,24.7802734375
2643524,19.4091796875
2643574,21.728515625
2643951,19.59228515625
2644006,19.8974609375
2650465,18.06640625
2653642,17.822265625
2653758,18.798828125
2653798,19.1650390625
2653837,20.32470703125
2653879,20.32470703125
2653951,17.9443359375
2653978,26.18408203125
2654007,19.71435546875
2654074,18.9208984375
2654210,19.4091796875
2662308,18.61572265625
2662340,20.01953125
2662380,21.66748046875
2662392,18.06640625
2662428,19.53125
2662457,19.04296875
2662521,18.85986328125
2662548,18.37158203125
2662648,18.798828125
2662698,18.1884765625
2662793,19.71435546875
2663095,18.24951171875
2753677,17.822265625
2753751,22.39990234375
2753768,33.69140625
2753804,20.99609375
2753819,22.88818359375
2753844,19.95849609375
2753882,25.390625
2753933,26.123046875
2753946,19.10400390625
2753975,18.85986328125
2753987,20.01953125
2754010,19.10400390625
2754080,18.5546875
2754233,23.98681640625
2754623,17.88330078125
2764645,19.53125
2764666,39.0625
2764694,21.1181640625
2764723,18.798828125
2764778,19.1650390625
2764901,20.6298828125
2764965,21.97265625
2765121,19.10400390625
2773775,18.49365234375
2780862,18.98193359375
2780924,18.1884765625
2780948,18.9208984375
2780982,24.0478515625
2781048,20.69091796875
2781066,27.099609375
2781126,22.03369140625
2781260,21.240234375
2781905,17.76123046875
2830327,19.59228515625
2830395,30.94482421875
2830466,18.24951171875
2830487,21.484375
2830498,25.45166015625
2830604,30.1513671875
2830678,21.30126953125
2830698,18.98193359375
2830722,19.59228515625
2830773,22.03369140625
2830809,19.10400390625
2831392,18.85986328125
2842294,20.20263671875
2846220,18.00537109375
2846327,22.5830078125
2846377,19.04296875
2846404,18.24951171875
2846414,23.3154296875
2846470,25.634765625
2846502,18.310546875
2901697,22.15576171875
2901774,27.34375
2901802,22.27783203125
2901876,21.17919921875
2901967,20.751953125
2902014,25.146484375
2902048,20.751953125
2902069,19.95849609375
2902232,25.634765625
2902415,18.310546875
2902744,20.08056640625
2912514,20.20263671875
2912685,18.06640625
2912711,19.10400390625
2912734,21.05712890625
2912766,22.27783203125
2912852,21.8505859375
2926464,18.4326171875
3074724,22.705078125
3074778,18.00537109375
3074823,24.35302734375
3074847,18.49365234375
3074891,18.37158203125
3074938,20.32470703125
3074982,20.3857421875
3075004,23.0712890625
3075241,22.76611328125
3075292,24.169921875
3075338,20.01953125
3075465,21.728515625
3075496,23.193359375
3075708,22.0947265625
3086438,20.6298828125
3086484,26.55029296875
3086568,29.11376953125
3086630,20.01953125
3086674,29.60205078125
3086715,19.04296875
3086732,23.86474609375
3086899,18.73779296875
3087127,18.00537109375
3091405,18.61572265625
3231673,19.10400390625
3231695,22.39990234375
3231720,31.982421875
3231763,17.88330078125
3231776,27.34375
3231816,27.16064453125
3231854,19.71435546875
3231899,31.31103515625
3231916,27.7099609375
3231946,22.03369140625
3232012,18.1884765625
3232070,21.1181640625
3232146,18.1884765625
3232190,18.6767578125
3232269,32.65380859375
3232298,28.4423828125
3244159,18.5546875
3244196,27.16064453125
3244252,17.9443359375
3244279,20.32470703125
3244338,17.9443359375
3244367,26.06201171875
3256381,19.8974609375
3256433,19.287109375
3256461,18.4326171875
3256552,21.05712890625
3256600,17.9443359375
3256636,18.98193359375
3256684,17.9443359375
3281897,18.06640625
3331038,18.5546875
3354644,18.5546875
3354705,20.01953125
3354773,27.03857421875
3354814,28.62548828125
3354836,25.634765625
3354847,17.9443359375
3354959,24.4140625
3354999,20.08056640625
3355162,18.49365234375
3355231,20.5078125
3355266,21.54541015625
3355304,18.61572265625
3355408,17.88330078125
3365381,22.5830078125
3365557,20.08056640625
3365679,18.6767578125
3374216,18.24951171875
3431374,18.12744140625
3522011,26.42822265625
3522052,21.1181640625
3522079,26.91650390625
3522115,29.296875
3522151,19.95849609375
3522178,18.37158203125
3522220,19.47021484375
3522275,22.0947265625
3522322,19.34814453125
3522355,19.4091796875
3522392,22.39990234375
3522515,18.12744140625
3522649,18.73779296875
3522819,19.4091796875
3522913,19.53125
3523087,17.76123046875
3530196,19.10400390625
3531594,19.95849609375
3532270,18.98193359375
3532377,25.5126953125
3532409,17.9443359375
3532460,18.9208984375
3532557,19.8974609375
3532585,17.88330078125
3532747,20.93505859375
3542568,18.37158203125
3645064,18.98193359375
3645092,31.18896484375
3645129,24.23095703125
3645152,17.76123046875
3645188,23.4375
3645237,29.296875
3645265,32.16552734375
3645321,19.22607421875
3645349,20.263671875
3645452,18.310546875
3645534,19.4091796875
3645633,21.54541015625
3645789,17.76123046875
3646000,22.76611328125
3655364,17.88330078125
3655426,20.1416015625
3655459,18.310546875
3655502,23.5595703125
3655548,21.1181640625
3655589,17.822265625
3655651,24.59716796875
3656143,18.49365234375
3689757,18.37158203125
3784409,18.1884765625
3825960,20.56884765625
3826016,18.73779296875
3826066,19.71435546875
3826087,24.5361328125
3826116,35.64453125
3826198,17.822265625
3826277,20.44677734375
3826353,18.1884765625
3826475,18.06640625
3826760,19.6533203125
3826852,17.88330078125
3826917,17.822265625
3838695,18.4326171875
3841031,19.53125
3917216,24.23095703125
3917333,18.61572265625
3917356,24.2919921875
3917374,20.44677734375
3917406,28.13720703125
3917504,21.30126953125
3917562,18.5546875
3918107,18.798828125
3918150,19.1650390625
3932231,17.88330078125
3932297,19.22607421875
3932347,18.37158203125
3932397,22.64404296875
3932410,18.85986328125
3932444,22.8271484375
3932467,18.85986328125
3932504,18.00537109375
3932609,19.8974609375
3932658,18.12744140625
3932811,19.34814453125
3943294,18.24951171875
3968554,18.73779296875
4089365,30.3955078125
4089396,20.32470703125
4089433,21.30126953125
4089496,21.42333984375
4089531,32.28759765625
4089575,25.87890625
4089611,18.49365234375
4089628,26.55029296875
4089664,23.62060546875
4089725,28.4423828125
4089766,26.7333984375
4090047,21.05712890625
4090079,24.90234375
4096252,18.4326171875
4098440,18.61572265625
4098450,19.287109375
4098501,22.216796875
4098532,19.47021484375
4098591,19.4091796875
4098643,28.076171875
4098678,19.47021484375
4098694,18.73779296875
4098737,23.49853515625
4098763,23.25439453125
4098844,21.1181640625
4098901,19.4091796875
4105645,17.88330078125
4108025,18.5546875
4108123,24.71923828125
4108162,19.47021484375
4108183,20.3857421875
4108210,21.17919921875
4108381,17.88330078125
4221003,18.06640625
4332344,18.798828125
4332371,24.169921875
4332448,38.63525390625
4332483,19.34814453125
4332538,21.66748046875
4332555,27.2216796875
4332603,24.96337890625
4332681,22.39990234375
4332731,17.9443359375
4332807,18.85986328125
4332954,18.798828125
4333186,18.798828125
4333280,21.91162109375
4338108,18.61572265625
4343435,17.88330078125
4343515,19.1650390625
4343585,18.12744140625
4343605,22.03369140625
4343645,20.69091796875
4343719,25.146484375
4343734,19.775390625
4343781,26.91650390625
4343842,19.8974609375
4343953,18.00537109375
4353834,19.83642578125
4376827,17.76123046875
4579570,26.611328125
4579638,22.94921875
4579675,27.587890625
4579697,23.5595703125
4579721,21.3623046875
4579747,29.1748046875
4579779,18.85986328125
4579880,18.49365234375
4580164,20.1416015625
4580621,22.88818359375
4593915,26.3671875
4593958,18.98193359375
4593977,18.5546875
4594001,19.1650390625
4594030,21.05712890625
4594045,18.12744140625
4594170,19.1650390625
4594211,20.81298828125
4594254,24.59716796875
4651174,17.76123046875
4714836,28.564453125
4714883,24.90234375
4714916,18.1884765625
4714950,24.4140625
4714975,29.78515625
4715011,23.62060546875
4715039,22.15576171875
4715075,20.99609375
4715118,18.798828125
4715149,23.4375
4715212,19.287109375
4715638,19.47021484375
4715661,17.9443359375
4715713,19.775390625
4724420,19.4091796875
4724531,21.97265625
4724561,20.5078125
4724594,18.49365234375
4724638,19.1650390625
4724708,19.10400390625
4724760,18.798828125
4724793,21.30126953125
4724820,17.88330078125
4725296,20.6298828125
4735272,21.240234375
4735314,18.6767578125
4870532,18.9208984375
4870565,21.66748046875
4870600,29.9072265625
4870610,20.81298828125
4870676,18.1884765625
4870706,19.95849609375
4870750,19.775390625
4870797,26.18408203125
4870813,17.822265625
4870840,21.240234375
4870953,18.310546875
4871278,18.9208984375
4871376,18.1884765625
4878495,18.49365234375
4881070,18.9208984375
4881173,20.5078125
4881195,20.81298828125
4881227,19.287109375
4881273,31.73828125
4881314,19.8974609375
4881331,19.04296875
4881361,17.88330078125
4881390,21.66748046875
4881435,19.4091796875
4881460,19.59228515625
4881512,18.24951171875
4881565,18.98193359375
4891135,18.06640625
4891291,17.76123046875
4912141,19.6533203125
5029915,19.34814453125
5131793,18.4326171875
5228561,21.3623046875
5228622,17.9443359375
5228654,18.9208984375
5228680,33.75244140625
5228748,20.5078125
5228776,21.3623046875
5228828,18.06640625
5228862,19.1650390625
5228890,22.88818359375
5229109,18.61572265625
5229189,20.44677734375
5229392,20.3857421875
5229598,19.287109375
5229827,18.310546875
5237348,18.4326171875
5237391,18.310546875
5237576,25.146484375
5237613,24.0478515625
5237628,18.00537109375
5237665,21.05712890625
5237727,20.1416015625
5237782,18.00537109375
5237809,20.01953125
5237874,23.37646484375
5238088,21.240234375
5238229,18.00537109375
5238253,18.9208984375
5245906,23.25439453125
5246075,18.5546875
5246097,18.49365234375
5246199,20.44677734375
5246242,20.56884765625
5246364,18.61572265625
5246430,23.74267578125
5257385,18.1884765625
5257423,18.6767578125
5257499,17.822265625
5257570,18.85986328125
5404854,24.71923828125
5404885,25.5126953125
5404924,19.287109375
5404958,18.73779296875
5404991,18.798828125
5405028,20.6298828125
5405051,18.49365234375
5405069,18.49365234375
5405103,23.193359375
5405231,18.6767578125
5405614,21.240234375
5405799,18.310546875
5415065,18.798828125
5415087,21.30126953125
5415130,27.587890625
5415144,26.0009765625
5415168,18.61572265625
5415249,18.37158203125
5415316,24.5361328125
5415393,18.49365234375
5415426,20.08056640625
5415961,18.310546875
5424899,19.53125
5425126,18.61572265625
5425180,21.91162109375
5425240,22.64404296875
5425275,26.85546875
5425339,21.6064453125
5425422,20.32470703125
5425490,20.99609375
5425547,20.08056640625
5425844,18.49365234375
5558889,19.34814453125
5559158,18.06640625
5559188,18.85986328125
5559207,23.62060546875
5559241,18.00537109375
5559370,17.88330078125
5559665,18.06640625
5559690,19.287109375
5559802,19.04296875
5572228,18.73779296875
5572262,27.89306640625
5572382,18.310546875
5572405,31.982421875
5572419,24.96337890625
5572460,17.9443359375
5572497,19.71435546875
5572545,22.15576171875
5572597,19.71435546875
5572740,21.6064453125
5572922,20.8740234375
5586086,26.85546875
5586107,22.3388671875
5586177,19.83642578125
5586203,21.42333984375
5586265,21.1181640625
5586334,18.310546875
5586390,18.06640625
5586474,23.681640625
5609020,17.822265625
5645680,18.310546875
5645741,18.73779296875
5645778,20.44677734375
5645829,26.7333984375
5645848,21.484375
5645891,33.02001953125
5645906,22.3388671875
5645962,22.216796875
5645980,18.00537109375
5646034,18.85986328125
5646160,20.99609375
5646250,18.73779296875
5646298,20.263671875
5657278,22.88818359375
5657438,20.81298828125
5657480,23.8037109375
5657527,20.5078125
5657561,21.3623046875
5657583,18.61572265625
5657610,21.30126953125
5657636,18.4326171875
5657666,19.1650390625
5657736,20.81298828125
5726359,30.09033203125
5726427,22.3388671875
5726441,24.71923828125
5726463,20.32470703125
5726498,20.08056640625
5726519,24.47509765625
5726556,21.66748046875
5726610,19.10400390625
5726718,23.8037109375
5736782,18.37158203125
5737976,17.88330078125
5738124,18.24951171875
5738194,23.74267578125
5738263,20.6298828125
5738314,18.73779296875
5738360,18.24951171875
5738449,22.4609375
5738601,19.59228515625
5807649,18.4326171875
5807671,19.95849609375
5807688,23.37646484375
5807724,20.32470703125
5807755,27.2216796875
5807778,34.24072265625
5807809,17.88330078125
5807843,26.55029296875
5807857,20.56884765625
5807930,17.822265625
5807959,23.681640625
5807991,22.03369140625
5808156,17.822265625
5808308,19.775390625
5808413,18.61572265625
5940326,18.06640625
5994174,18.6767578125
5994208,24.96337890625
5994230,24.169921875
5994261,20.20263671875
5994272,29.6630859375
5994311,23.193359375
5994459,21.6064453125
5994505,21.1181640625
5994530,20.3857421875
5994584,18.5546875
5994646,18.798828125
6003216,18.98193359375
6004760,18.798828125
6004975,21.1181640625
6005049,18.98193359375
6005097,20.32470703125
6005113,22.52197265625
6005156,18.310546875
6005239,21.97265625
6005324,18.9208984375
6005411,17.9443359375
6005473,18.98193359375
6005663,19.8974609375
6013625,18.6767578125
6023720,18.00537109375
6303674,19.1650390625
6303716,24.96337890625
6303740,28.62548828125
6303773,27.40478515625
6303806,24.47509765625
6303823,23.01025390625
6303853,20.3857421875
6303890,20.6298828125
6304387,18.06640625
6304708,21.6064453125
6304934,18.00537109375
6320047,26.79443359375
6320086,18.06640625
6320121,20.93505859375
6320182,18.310546875
6320387,27.89306640625
6343129,18.37158203125
6451637,19.59228515625
6451661,20.6298828125
6451733,24.59716796875
6451757,26.30615234375
6451867,25.45166015625
6451884,19.83642578125
6451958,22.8271484375
6452476,18.73779296875
6452579,18.00537109375
6463982,18.06640625
6464016,18.6767578125
6464034,22.4609375
6464082,20.81298828125
6464107,29.47998046875
6464136,28.3203125
6464148,21.240234375
6464199,18.85986328125
6464209,18.1884765625
6464258,20.6298828125
6464277,20.01953125
6474203,18.24951171875
6474296,17.9443359375
6474315,21.05712890625
6474451,17.822265625
6474524,19.34814453125
6474567,21.240234375
6474642,19.10400390625
6613913,17.822265625
6614066,27.28271484375
6614098,24.59716796875
6614151,18.4326171875
6614186,22.03369140625
6614222,17.88330078125
6614242,18.00537109375
6614312,20.1416015625
6614521,17.9443359375
6614813,20.3857421875
6614942,19.59228515625
6615034,17.9443359375
6615138,21.97265625
6623046,19.04296875
6624034,18.9208984375
6624182,18.37158203125
6624239,28.6865234375
6624312,18.85986328125
6624346,18.4326171875
6624464,20.751953125
6624547,21.728515625
6624568,18.1884765625
6624618,18.310546875
6624858,21.91162109375
6629905,17.9443359375
6634627,19.22607421875
6634907,21.78955078125
6654463,18.9208984375
6704596,18.4326171875
6791297,21.17919921875
6791365,27.83203125
6791401,20.263671875
6791412,30.09033203125
6791453,20.93505859375
6791513,20.99609375
6791541,21.05712890625
6791838,23.0712890625
6792029,21.97265625
6792166,20.44677734375
6803179,18.98193359375
6803214,23.5595703125
6803248,25.20751953125
6803278,23.25439453125
6803342,18.9208984375
6803431,19.775390625
6803452,20.81298828125
6803469,18.6767578125
6803551,20.32470703125
6803563,25.57373046875
6803601,23.62060546875
6803652,17.88330078125
6803754,22.15576171875
6804216,20.8740234375
6842232,17.822265625
6921702,33.14208984375
6921762,28.86962890625
6921794,20.44677734375
6921805,21.66748046875
6921831,37.90283203125
6921863,25.2685546875
6921882,17.822265625
6921910,20.44677734375
6921976,18.98193359375
6922009,27.03857421875
6922159,18.06640625
6922212,20.44677734375
6922503,20.93505859375
6922592,18.6767578125
6922761,18.61572265625
6932247,17.76123046875
6932343,24.0478515625
6932476,17.822265625
6932502,21.66748046875
6932542,20.01953125
6932568,19.53125
6932597,24.169921875
6932675,20.751953125
6932738,20.3857421875
6932806,29.47998046875
6949538,17.822265625
7086546,19.22607421875
7086560,21.484375
7086600,18.12744140625
7086610,19.10400390625
7086636,18.798828125
7086657,28.01513671875
7086700,23.193359375
7086730,17.822265625
7086820,22.88818359375
7086912,18.37158203125
7087031,18.98193359375
7087092,34.66796875
7087130,19.1650390625
7087184,27.16064453125
7087435,18.61572265625
7098432,23.3154296875
7098455,18.49365234375
7098496,19.53125
7098521,19.8974609375
7098533,24.658203125
7098611,18.6767578125
7098643,20.01953125
7098683,20.32470703125
7098761,18.12744140625
7109328,18.9208984375
7198463,18.6767578125
7226771,26.611328125
7226788,24.71923828125
7226818,32.2265625
7226855,22.39990234375
7226868,20.20263671875
7226938,21.1181640625
7227059,19.83642578125
7227077,18.310546875
7227157,22.0947265625
7227219,20.6298828125
7227254,22.8271484375
7227293,19.71435546875
7227341,19.1650390625
7227351,19.6533203125
7227566,17.88330078125
7235947,25.08544921875
7235978,21.1181640625
7236023,19.8974609375
7236042,24.23095703125
7236103,20.1416015625
7236120,20.3857421875
7236190,23.01025390625
7236218,30.76171875
7236290,21.6064453125
7347157,21.1181640625
7379879,18.9208984375
7379916,21.17919921875
7379938,26.3671875
7379984,20.01953125
7379995,37.17041015625
7380019,17.76123046875
7380067,19.53125
7380100,18.12744140625
7380115,17.822265625
7380173,19.6533203125
7380220,18.798828125
7380230,18.06640625
7380331,18.4326171875
7380365,18.4326171875
7380482,18.37158203125
7380831,18.61572265625
7395557,19.6533203125
7604252,18.00537109375
7692137,19.47021484375
7754770,17.822265625
7800612,18.6767578125
7824391,21.05712890625
7824462,17.9443359375
7824534,32.16552734375
7824580,25.7568359375
7824627,22.216796875
7824656,19.83642578125
7824698,28.9306640625
7825013,19.47021484375
7825135,23.74267578125
7825182,22.15576171875
7825498,18.5546875
7825543,18.98193359375
7834291,21.8505859375
7834334,18.00537109375
7834358,18.5546875
7834383,27.83203125
7834439,27.28271484375
7834501,21.240234375
7834591,20.20263671875
7843322,19.8974609375
7843347,21.54541015625
7843384,18.00537109375
7843457,18.9208984375
7843601,19.775390625
7853420,21.78955078125
7854104,17.822265625
7858836,18.24951171875
7858989,20.1416015625
7859027,18.798828125
8060816,19.95849609375
8060869,21.1181640625
8060888,21.17919921875
8060935,25.0244140625
8060992,20.01953125
8061020,24.2919921875
8061072,17.88330078125
8061175,17.76123046875
8061458,18.12744140625
8061511,19.04296875
8061558,21.05712890625
8061632,19.71435546875
8061777,21.97265625
8061876,22.64404296875
8061955,17.822265625
8068000,18.06640625
8069534,20.08056640625
8069568,24.10888671875
8069595,19.8974609375
8069649,31.3720703125
8069699,19.775390625
8069738,26.42822265625
8069767,19.34814453125
8069784,17.822265625
8069809,19.775390625
8070098,19.71435546875
8077893,22.4609375
8078016,19.10400390625
8078095,19.10400390625
8078142,19.1650390625
8078174,20.99609375
8078222,23.86474609375
8078348,18.310546875
8091010,18.73779296875
8145309,19.4091796875
8307421,17.76123046875
8319053,18.1884765625
8359006,18.12744140625
8377479,19.95849609375
8377538,21.66748046875
8377567,18.12744140625
8377595,26.55029296875
8377606,19.1650390625
8377643,21.66748046875
8377695,20.81298828125
8377998,19.71435546875
8378319,19.1650390625
8378356,21.97265625
8378450,20.263671875
8386355,22.0947265625
8386440,23.5595703125
8386466,32.65380859375
8386505,22.52197265625
8386531,22.64404296875
8386574,18.06640625
8386689,24.84130859375
8387044,21.1181640625
8387204,18.85986328125
8387334,18.4326171875
8395300,17.76123046875
8395383,22.0947265625
8395395,18.49365234375
8395439,28.4423828125
8395511,18.00537109375
8395555,18.4326171875
8395569,21.54541015625
8408944,20.3857421875
8408969,23.49853515625
8408987,20.44677734375
8409043,19.04296875
8409073,28.13720703125
8409096,28.9306640625
8409114,21.3623046875
8409144,18.6767578125
8504997,18.5546875
8578474,17.9443359375
8578585,23.98681640625
8578617,26.85546875
8578630,18.12744140625
8578644,22.0947265625
8578685,18.00537109375
8578723,18.5546875
8578770,19.53125
8578986,17.88330078125
8579198,22.94921875
8579230,19.47021484375
8579418,21.240234375
8585532,17.76123046875
8587126,18.85986328125
8587551,19.71435546875
8587569,25.45166015625
8587602,20.1416015625
8587636,20.01953125
8587661,25.146484375
8587817,26.30615234375
8587906,18.6767578125
8595807,18.73779296875
8595967,21.1181640625
8595998,21.728515625
8596038,19.287109375
8596071,30.8837890625
8596117,19.287109375
8596137,22.88818359375
8596161,19.8974609375
8596282,21.728515625
8596327,21.1181640625
8606088,18.6767578125
8606182,17.822265625
8606358,19.4091796875
8892824,17.88330078125
8894728,18.06640625
8942065,18.1884765625
8942092,21.1181640625
8942149,17.9443359375
8942211,20.93505859375
8942280,24.59716796875
8942362,22.94921875
8942440,18.73779296875
8942783,19.287109375
8942815,24.169921875
8942919,18.6767578125
8943169,20.44677734375
8950570,20.1416015625
8950941,18.6767578125
8951022,19.22607421875
8951135,18.06640625
8951210,31.55517578125
8951231,24.84130859375
8951264,18.1884765625
8951285,21.484375
8951385,21.1181640625
8951405,20.81298828125
8951446,19.1650390625
8951485,18.24951171875
8951517,19.4091796875
8951557,30.517578125
8951591,20.263671875
8951786,22.5830078125
8951828,19.47021484375
8951982,17.76123046875
8960212,19.71435546875
8960343,23.74267578125
8960371,18.798828125
8960410,18.798828125
8960437,21.97265625
8960491,22.216796875
8960552,20.5078125
8960577,23.8037109375
8968138,18.1884765625
8972114,18.1884765625
8972126,19.47021484375
8972224,18.49365234375
8972253,20.99609375
9136028,18.12744140625
9272098,18.06640625
9396317,21.17919921875
9396348,18.5546875
9396383,20.81298828125
9396430,20.93505859375
9396468,26.55029296875
9396507,17.822265625
9396529,29.11376953125
9396592,23.5595703125
9397329,24.71923828125
9397437,17.88330078125
9405445,27.03857421875
9405504,22.76611328125
9405524,28.6865234375
9405559,28.38134765625
9405571,20.69091796875
9405600,21.6064453125
9405630,27.03857421875
9405744,19.95849609375
9414206,25.5126953125
9414298,18.798828125
9414347,17.76123046875
9414758,19.4091796875
9426155,18.9208984375
9426173,20.20263671875
9426188,22.15576171875
9426273,18.49365234375
9426301,19.95849609375
9426386,20.69091796875
9426420,18.06640625
9426455,20.3857421875
9426595,21.66748046875
9426847,18.06640625
9428622,18.98193359375
9434867,17.88330078125
9523689,21.91162109375
9523703,19.71435546875
9523734,22.15576171875
9523755,18.06640625
9523793,18.06640625
9523826,27.89306640625
9523844,24.4140625
9523888,23.8037109375
9523905,17.88330078125
9523958,22.52197265625
9523972,19.4091796875
9524115,19.53125
9524184,23.13232421875
9524222,24.71923828125
9524240,22.64404296875
9524298,26.79443359375
9524308,22.5830078125
9524412,22.216796875
9524496,20.751953125
9533602,18.00537109375
9533651,18.1884765625
9533680,17.9443359375
9533750,18.06640625
9533777,18.00537109375
9533808,20.56884765625
9533892,20.3857421875
9533962,22.8271484375
9534293,17.9443359375
9542871,18.798828125
9543098,30.3955078125
9543138,20.69091796875
9543182,30.76171875
9543232,27.64892578125
9543261,21.42333984375
9543311,22.76611328125
9543326,20.08056640625
9543391,23.13232421875
9543432,21.240234375
9552961,18.12744140625
9552985,18.73779296875
9552999,19.1650390625
9553019,20.81298828125
9553041,19.1650390625
9553145,20.751953125
9553270,17.822265625
9553440,17.76123046875
9564197,18.49365234375
9564221,18.37158203125
9564350,21.728515625
9564373,29.35791015625
9629810,18.49365234375
9728151,18.6767578125
9824138,19.287109375
9920799,18.1884765625
10047915,19.47021484375
10047961,21.728515625
10048005,30.3955078125
10048034,20.8740234375
10048063,23.4375
10048092,28.564453125
10048116,18.06640625
10048167,18.310546875
10048371,22.5830078125
10048399,22.4609375
10048629,18.73779296875
10048728,22.0947265625
10049045,18.49365234375
10049167,18.73779296875
10049964,18.1884765625
10057189,17.822265625
10057329,18.37158203125
10057363,18.98193359375
10057397,18.6767578125
10057420,21.3623046875
10057456,21.30126953125
10057478,19.04296875
10057514,23.92578125
10057565,19.04296875
10057714,18.4326171875
10066323,20.5078125
10066556,19.47021484375
10066652,18.98193359375
10066803,17.822265625
10066813,18.73779296875
10067065,17.76123046875
10079021,20.32470703125
10079220,19.8974609375
10079477,17.76123046875
10245739,18.5546875
10245762,19.6533203125
10245831,24.84130859375
10245932,20.1416015625
10245983,20.8740234375
10246013,20.1416015625
10246056,18.73779296875
10246486,18.5546875
10246524,17.76123046875
10246575,20.81298828125
10246595,17.88330078125
10246747,18.5546875
10246870,21.728515625
10255135,21.66748046875
10255201,26.7333984375
10255212,23.74267578125
10255245,19.22607421875
10255281,26.30615234375
10255344,25.32958984375
10255410,21.97265625
10255438,19.775390625
10263559,17.9443359375
10263587,20.69091796875
10263616,25.7568359375
10263660,18.06640625
10263704,22.03369140625
10263758,26.9775390625
10263794,20.01953125
10263842,21.66748046875
10263893,19.47021484375
10263961,19.6533203125
10274875,18.12744140625
10274981,19.4091796875
10275115,20.69091796875
10545509,17.9443359375
10600385,21.240234375
10600430,20.32470703125
10600451,18.85986328125
10600469,24.10888671875
10600481,27.28271484375
10600514,19.8974609375
10600532,21.6064453125
10600562,18.310546875
10600595,28.25927734375
10600611,18.24951171875
10600650,19.287109375
10600737,18.1884765625
10600919,19.59228515625
10601075,18.6767578125
10601153,17.88330078125
10601256,22.15576171875
10601306,19.8974609375
10601388,19.10400390625
10601434,20.08056640625
10610070,18.6767578125
10610280,22.27783203125
10610385,38.0859375
10610487,19.59228515625
10619606,18.12744140625
10619707,24.47509765625
10619733,17.9443359375
10619762,19.04296875
10619846,19.95849609375
10619885,22.03369140625
10619896,19.6533203125
10619959,21.484375
10706942,17.88330078125
10830972,18.00537109375
10832181,24.2919921875
10832227,31.982421875
10832261,33.8134765625
10832289,25.93994140625
10832309,21.54541015625
10832347,21.91162109375
10832380,22.8271484375
10832421,27.7099609375
10832437,20.56884765625
10832611,18.310546875
10832731,25.634765625
10832819,20.69091796875
10832869,19.8974609375
10833146,21.66748046875
10833163,18.6767578125
10833239,21.728515625
10841561,19.34814453125
10841607,26.3671875
10841627,18.1884765625
10841647,23.37646484375
10841675,30.1513671875
10841691,18.4326171875
10841736,17.76123046875
10841763,20.69091796875
10841831,18.00537109375
10841982,18.798828125
10842049,19.83642578125
10842084,18.4326171875
10850294,19.8974609375
10850429,18.1884765625
10850510,23.5595703125
10850576,22.216796875
10850606,19.47021484375
10850687,18.12744140625
10850777,18.12744140625
10862979,28.74755859375
10863020,20.69091796875
10863126,19.71435546875
10863285,19.1650390625
10994547,17.9443359375
11046981,18.6767578125
11077595,20.5078125
11077627,19.1650390625
11077655,26.79443359375
11077679,17.88330078125
11077697,18.9208984375
11077713,31.494140625
11077731,26.79443359375
11077749,23.8037109375
11077797,18.1884765625
11077874,18.61572265625
11078028,19.04296875
11078112,20.44677734375
11078313,22.27783203125
11078371,18.5546875
11086973,18.06640625
11087186,29.72412109375
11087207,20.99609375
11087240,21.6064453125
11087266,22.27783203125
11087291,19.775390625
11087306,18.85986328125
11087322,20.1416015625
11087358,26.4892578125
11087410,23.13232421875
11087473,19.47021484375
11087679,19.287109375
11095656,17.822265625
11096195,18.1884765625
11096225,30.21240234375
11096291,25.08544921875
11096329,26.67236328125
11096405,23.98681640625
11096437,18.310546875
11108347,19.1650390625
11108364,24.23095703125
11108485,18.9208984375
11108514,20.3857421875
11314991,17.822265625
11315207,31.55517578125
11315237,36.07177734375
11315285,32.71484375
11315345,26.0009765625
11315378,21.6064453125
11315477,22.39990234375
11315737,22.27783203125
11316049,23.01025390625
11316095,20.01953125
11316369,19.287109375
11321026,18.49365234375
11324112,24.96337890625
11324158,17.822265625
11324176,20.751953125
11324213,25.81787109375
11324248,21.1181640625
11324334,20.263671875
11324397,21.54541015625
11324444,18.6767578125
11324488,18.6767578125
11324522,20.20263671875
11325076,18.6767578125
11333407,20.3857421875
11333567,18.06640625
11333581,21.240234375
11333627,20.6298828125
11333679,25.20751953125
11333700,19.59228515625
11333770,20.44677734375
11333793,22.27783203125
11333810,22.3388671875
11333891,19.6533203125
11333932,23.37646484375
11333994,21.54541015625
11635141,17.88330078125
11635416,17.9443359375
11692859,17.9443359375
11773154,19.775390625
11773191,25.45166015625
11773224,20.81298828125
11773256,21.728515625
11773276,22.15576171875
11773296,20.8740234375
11773341,26.18408203125
11773363,27.7099609375
11773375,18.9208984375
11773399,17.9443359375
11773428,18.1884765625
11774070,18.00537109375
11781802,19.6533203125
11782068,19.71435546875
11782236,29.1748046875
11782268,19.34814453125
11782339,18.85986328125
11782362,18.85986328125
11782396,22.76611328125
11782444,22.15576171875
11782500,21.1181640625
11782542,21.78955078125
11782628,18.37158203125
11791463,17.9443359375
11791599,20.99609375
11791636,18.310546875
11791676,19.04296875
11791738,26.2451171875
11791791,20.69091796875
11791967,20.81298828125
11802353,19.83642578125
11802422,20.6298828125
11802451,24.59716796875
11802495,20.3857421875
11802637,21.66748046875
