11999000,0
4711,17.333984375
4859,19.59228515625
21237,17.2119140625
25786,18.00537109375
122918,18.37158203125
122939,26.42822265625
122954,20.01953125
122973,22.27783203125
123006,25.93994140625
123050,17.63916015625
123066,31.67724609375
123084,18.73779296875
123134,18.85986328125
123152,18.49365234375
123259,18.61572265625
123302,18.85986328125
123344,24.96337890625
123377,20.3857421875
123421,19.4091796875
123902,19.47021484375
133257,20.5078125
133347,26.7333984375
133383,31.1279296875
133401,18.24951171875
133419,17.39501953125
133480,19.22607421875
133491,23.193359375
133609,18.12744140625
133644,20.1416015625
133723,19.4091796875
133767,18.310546875
134109,18.9208984375
143113,18.5546875
147785,19.34814453125
147804,19.47021484375
147821,20.99609375
147839,28.564453125
147923,21.484375
147984,22.39990234375
148002,19.04296875
148130,17.2119140625
148251,17.76123046875
170686,17.333984375
180941,17.51708984375
207838,19.4091796875
207915,30.33447265625
207935,23.25439453125
207964,18.49365234375
207975,17.2119140625
208009,24.7802734375
208039,19.10400390625
208082,19.10400390625
208099,18.37158203125
208130,18.61572265625
208187,18.06640625
208357,18.61572265625
208392,20.56884765625
208457,23.13232421875
208471,20.44677734375
216101,17.27294921875
218284,18.49365234375
218421,17.63916015625
218772,18.12744140625
218902,20.263671875
219032,20.1416015625
219093,20.81298828125
219607,17.51708984375
268317,19.6533203125
268377,20.751953125
268414,18.98193359375
268436,17.39501953125
268469,17.51708984375
268498,20.6298828125
268547,28.25927734375
268588,19.83642578125
268628,21.3623046875
268657,27.89306640625
268681,25.45166015625
268703,19.53125
268777,21.240234375
268814,19.22607421875
268919,19.6533203125
268982,20.5078125
269023,21.1181640625
269175,18.12744140625
280280,19.1650390625
280322,25.57373046875
280383,18.49365234375
280432,19.287109375
280488,22.5830078125
280547,17.76123046875
280571,23.25439453125
280605,20.20263671875
280615,18.00537109375
280687,17.88330078125
292533,17.4560546875
300649,17.7001953125
345773,18.00537109375
345814,21.30126953125
345863,19.287109375
345886,17.333984375
345930,27.83203125
345943,22.3388671875
345983,24.35302734375
346014,17.63916015625
346041,18.6767578125
346096,21.6064453125
346123,21.17919921875
346156,23.8037109375
346193,27.03857421875
346274,23.86474609375
346329,35.58349609375
346343,19.47021484375
346505,24.0478515625
346726,18.24951171875
355991,19.4091796875
356574,20.5078125
356605,17.4560546875
356681,17.578125
356746,18.9208984375
356783,21.17919921875
356818,17.51708984375
356839,20.44677734375
356871,18.37158203125
356906,21.6064453125
356945,18.00537109375
357336,18.12744140625
368289,17.27294921875
369364,17.88330078125
369568,21.240234375
369746,20.01953125
369756,23.3154296875
369832,18.49365234375
369859,22.39990234375
369889,17.76123046875
369904,19.22607421875
386146,18.12744140625
393827,17.63916015625
502687,19.34814453125
502709,18.49365234375
502728,27.34375
502761,25.57373046875
502793,20.32470703125
502828,18.12744140625
502848,23.92578125
502870,17.9443359375
502887,17.9443359375
502944,21.05712890625
502987,18.85986328125
503018,28.4423828125
503082,19.47021484375
503523,20.6298828125
503780,21.8505859375
510934,20.1416015625
512560,20.08056640625
512596,18.98193359375
512727,19.8974609375
512758,17.578125
512799,19.6533203125
512873,19.775390625
512947,17.76123046875
512984,19.22607421875
513040,19.10400390625
513198,19.8974609375
521521,20.08056640625
522012,17.63916015625
522028,18.4326171875
522144,19.53125
522158,18.98193359375
522210,18.73779296875
522268,19.287109375
541474,17.27294921875
628441,17.333984375
656654,19.47021484375
656756,21.3623046875
656792,21.8505859375
656817,25.20751953125
656857,27.9541015625
656888,21.66748046875
656933,21.728515625
656946,23.681640625
656962,18.06640625
657009,19.83642578125
657043,21.6064453125
657084,22.705078125
657094,17.63916015625
657133,17.39501953125
657255,20.32470703125
657308,20.99609375
657349,18.06640625
664841,17.63916015625
667353,17.51708984375
667792,19.1650390625
667946,17.76123046875
668005,30.21240234375
668017,27.7099609375
668069,19.22607421875
668097,21.30126953125
668124,20.44677734375
668200,20.44677734375
668279,22.52197265625
668396,19.59228515625
668477,17.88330078125
668733,18.12744140625
668929,21.66748046875
676489,17.88330078125
682911,19.287109375
683646,18.12744140625
684728,20.44677734375
694091,18.1884765625
707383,17.76123046875
735225,18.98193359375
865233,19.83642578125
865301,33.8134765625
865324,17.2119140625
865352,25.93994140625
865371,25.32958984375
865416,19.775390625
865449,18.73779296875
865479,18.24951171875
865557,19.04296875
865595,18.310546875
865628,18.06640625
865673,22.15576171875
865688,19.1650390625
865731,32.5927734375
865755,23.01025390625
865807,18.310546875
865853,21.66748046875
866101,20.08056640625
866125,24.10888671875
872475,18.61572265625
873152,17.51708984375
875224,19.04296875
876407,18.4326171875
876513,17.39501953125
876687,22.705078125
876797,20.56884765625
876904,19.1650390625
876929,25.2685546875
876983,19.71435546875
876995,25.390625
877043,22.03369140625
877120,19.83642578125
877259,18.49365234375
877566,17.578125
884408,17.9443359375
887755,18.06640625
887805,21.3623046875
887849,17.2119140625
887866,21.30126953125
887935,21.240234375
887959,21.484375
888033,17.88330078125
888048,19.71435546875
888104,17.39501953125
888141,21.6064453125
892368,18.00537109375
910864,18.24951171875
911950,17.39501953125
915166,17.7001953125
916513,17.9443359375
989049,17.63916015625
989152,19.71435546875
989217,28.25927734375
989251,17.88330078125
989269,18.310546875
989307,19.8974609375
989331,22.94921875
989350,17.51708984375
989406,26.0009765625
989612,18.5546875
989635,21.78955078125
989675,19.83642578125
989760,18.12744140625
989788,17.822265625
989901,19.34814453125
989964,23.86474609375
998465,18.06640625
999430,26.7333984375
999465,19.1650390625
999521,18.49365234375
999598,22.03369140625
999630,29.1748046875
999642,17.333984375
999666,18.73779296875
999746,20.08056640625
999795,22.5830078125
999811,20.1416015625
999870,23.37646484375
1000279,21.240234375
1000424,17.578125
1010351,17.9443359375
1013381,17.51708984375
1079429,24.169921875
1079473,18.73779296875
1079494,18.12744140625
1079528,24.169921875
1079555,26.67236328125
1079584,27.099609375
1079611,26.67236328125
1079622,27.89306640625
1079674,20.263671875
1079700,18.9208984375
1079736,24.59716796875
1079766,21.66748046875
1079812,22.76611328125
1079822,17.51708984375
1079917,19.04296875
1080059,21.91162109375
1080089,17.27294921875
1080122,18.61572265625
1080216,19.775390625
1080371,18.06640625
1090045,17.27294921875
1091646,18.98193359375
1091925,19.04296875
1091991,19.04296875
1092056,21.30126953125
1092085,18.49365234375
1092119,19.6533203125
1092184,22.0947265625
1092205,18.06640625
1092238,17.51708984375
1092287,18.49365234375
1092314,17.76123046875
1092397,18.4326171875
1092527,19.59228515625
1092584,17.63916015625
1098589,17.51708984375
1100227,19.71435546875
1105059,18.1884765625
1105201,20.93505859375
1105307,20.5078125
1105398,17.2119140625
1105502,18.12744140625
1170644,25.93994140625
1170688,20.01953125
1170698,19.6533203125
1170740,17.76123046875
1170771,21.42333984375
1170785,22.27783203125
1170814,31.6162109375
1170842,19.287109375
1170868,24.4140625
1170901,24.47509765625
1170929,18.73779296875
1170957,24.169921875
1170974,19.83642578125
1171007,20.01953125
1171141,23.8037109375
1171253,17.88330078125
1171468,18.310546875
1184695,18.9208984375
1184776,19.10400390625
1184827,17.51708984375
1184853,19.59228515625
1184871,31.005859375
1184912,26.18408203125
1184953,20.81298828125
1184977,17.578125
1185006,17.63916015625
1185030,18.1884765625
1185116,22.0947265625
1185144,23.0712890625
1185175,17.39501953125
1216018,20.263671875
1347813,20.8740234375
1347841,20.20263671875
1347861,18.798828125
1347915,19.6533203125
1347928,19.4091796875
1347949,27.34375
1347989,19.1650390625
1348000,26.91650390625
1348027,18.49365234375
1348072,19.8974609375
1348099,18.06640625
1348130,18.00537109375
1348227,17.822265625
1348261,18.4326171875
1348296,19.1650390625
1348322,17.39501953125
1348364,18.98193359375
1348382,20.3857421875
1348478,19.22607421875
1348529,18.73779296875
1348650,17.76123046875
1348701,20.81298828125
1353915,19.95849609375
1355429,18.1884765625
1358846,17.51708984375
1360296,27.28271484375
1360326,18.49365234375
1360358,27.03857421875
1360402,22.88818359375
1360447,18.12744140625
1360498,17.9443359375
1360516,20.56884765625
1360553,22.4609375
1360573,28.80859375
1361105,17.4560546875
1367058,17.4560546875
1369723,18.6767578125
1372039,17.63916015625
1376854,19.10400390625
1377385,17.39501953125
1378018,17.4560546875
1384780,18.73779296875
1387995,17.39501953125
1497488,18.4326171875
1497578,19.59228515625
1497613,21.66748046875
1497670,17.39501953125
1497700,22.76611328125
1497748,20.5078125
1497802,17.51708984375
1497849,18.73779296875
1497909,18.24951171875
1498098,20.20263671875
1498130,18.24951171875
1498343,18.4326171875
1498385,17.7001953125
1498446,18.6767578125
1498635,18.06640625
1498789,18.98193359375
1507936,23.49853515625
1507980,18.12744140625
1508015,25.57373046875
1508025,17.88330078125
1508037,18.61572265625
1508070,18.06640625
1508115,17.2119140625
1508170,22.0947265625
1508211,19.287109375
1508237,27.9541015625
1508329,27.77099609375
1508585,17.76123046875
1508613,17.88330078125
1517377,20.1416015625
1546353,18.310546875
1549072,17.578125
1573965,18.85986328125
1643970,18.73779296875
1694868,24.658203125
1694900,24.47509765625
1694937,21.97265625
1694975,29.60205078125
1694989,23.37646484375
1695021,19.83642578125
1695034,26.85546875
1695070,18.98193359375
1695098,21.05712890625
1695128,28.4423828125
1695138,22.0947265625
1695161,22.88818359375
1695200,18.12744140625
1695239,20.3857421875
1695280,20.8740234375
1695301,20.32470703125
1695346,17.578125
1695369,20.01953125
1695634,18.24951171875
1701303,19.287109375
1707207,17.63916015625
1707490,19.59228515625
1707506,19.10400390625
1707582,22.27783203125
1707631,19.8974609375
1707690,19.95849609375
1707713,17.822265625
1707774,21.3623046875
1707818,23.193359375
1707928,17.822265625
1708165,21.1181640625
1708266,19.6533203125
1708527,17.7001953125
1714275,17.39501953125
1744730,17.4560546875
1745835,17.51708984375
1817972,18.12744140625
1864976,20.56884765625
1865002,22.8271484375
1865027,25.45166015625
1865056,22.15576171875
1865096,29.6630859375
1865149,22.94921875
1865160,23.5595703125
1865199,21.05712890625
1865225,19.53125
1865259,17.39501953125
1865358,20.6298828125
1865405,22.27783203125
1865473,17.822265625
1865551,19.47021484375
1865576,22.4609375
1865609,22.27783203125
1865619,17.27294921875
1865718,18.49365234375
1865754,18.4326171875
1865812,18.06640625
1865877,20.08056640625
1865974,21.728515625
1866067,17.7001953125
1871834,17.578125
1873080,17.27294921875
1875393,19.47021484375
1875469,17.2119140625
1875505,32.28759765625
1875527,18.4326171875
1875562,20.01953125
1875627,27.77099609375
1875640,18.1884765625
1875670,19.47021484375
1875689,18.37158203125
1875729,18.12744140625
1875883,17.822265625
1875997,17.4560546875
1876064,22.94921875
1876161,17.7001953125
1876252,19.95849609375
1882800,18.1884765625
1885005,18.61572265625
1885187,21.05712890625
1885284,21.54541015625
1885368,17.9443359375
1890243,17.88330078125
1908971,17.27294921875
1981805,24.59716796875
1981825,20.8740234375
1981862,23.0712890625
1981883,21.54541015625
1981908,17.822265625
1981926,21.240234375
1981937,19.1650390625
1981980,24.10888671875
1982005,27.89306640625
1982040,24.169921875
1982101,23.8037109375
1982130,17.51708984375
1982216,20.32470703125
1982250,21.91162109375
1982380,22.5830078125
1982495,17.63916015625
1989785,17.51708984375
1991341,17.2119140625
1996306,26.79443359375
1996354,19.22607421875
1996404,19.287109375
1996438,23.681640625
1996469,26.3671875
1996495,17.39501953125
1996546,24.23095703125
1996653,19.95849609375
1996770,21.78955078125
1996786,19.6533203125
1996999,17.27294921875
2004806,18.37158203125
2009279,18.00537109375
2028041,19.1650390625
2033089,19.71435546875
2051046,17.4560546875
2093447,18.798828125
2093524,21.78955078125
2093574,24.59716796875
2093585,20.6298828125
2093623,17.333984375
2093646,34.24072265625
2093659,19.71435546875
2093713,17.63916015625
2093757,19.47021484375
2093768,20.20263671875
2094139,27.4658203125
2094210,22.15576171875
2094368,20.6298828125
2104462,17.39501953125
2104558,23.5595703125
2104576,22.27783203125
2104629,18.61572265625
2104675,19.22607421875
2104689,17.333984375
2104741,19.95849609375
2104752,21.05712890625
2104799,19.1650390625
2104842,19.6533203125
2104873,21.42333984375
2105065,18.4326171875
2105408,18.49365234375
2115189,17.39501953125
2119737,19.47021484375
2150163,18.37158203125
2361842,17.27294921875
2367717,18.06640625
2431538,19.34814453125
2467921,24.90234375
2467948,18.00537109375
2467996,20.1416015625
2468041,20.93505859375
2468069,20.81298828125
2468114,17.333984375
2468133,24.2919921875
2468144,26.06201171875
2468177,19.71435546875
2468270,18.24951171875
2468775,17.4560546875
2468820,18.4326171875
2468852,17.76123046875
2468904,20.32470703125
2469024,17.7001953125
2469124,18.4326171875
2476905,18.5546875
2476996,18.798828125
2477015,25.2685546875
2477056,23.13232421875
2477095,20.20263671875
2477134,19.59228515625
2477168,18.5546875
2477200,17.578125
2477223,26.85546875
2477265,17.578125
2477298,17.39501953125
2477416,17.9443359375
2477513,21.05712890625
2484933,17.39501953125
2485300,21.8505859375
2485399,19.287109375
2485450,21.54541015625
2485481,20.69091796875
2485529,17.39501953125
2485542,21.484375
2485690,23.25439453125
2485743,17.88330078125
2485832,19.4091796875
2485883,18.12744140625
2485906,18.12744140625
2508390,17.7001953125
2518896,17.27294921875
2525139,17.2119140625
2546722,18.06640625
2604432,18.4326171875
2643305,19.59228515625
2643334,17.333984375
2643368,19.04296875
2643396,20.32470703125
2643440,19.287109375
2643457,18.73779296875
2643472,20.751953125
2643496,18.98193359375
2643537,19.47021484375
2643954,18.798828125
2644004,17.27294921875
2653643,17.88330078125
2653730,29.72412109375
2653774,26.123046875
2653798,20.6298828125
2653846,17.578125
2653878,26.42822265625
2653923,17.7001953125
2653966,21.484375
2654004,26.79443359375
2654054,18.98193359375
2654110,19.6533203125
2654210,23.193359375
2654469,17.7001953125
2654654,17.88330078125
2662307,23.86474609375
2662344,22.0947265625
2662380,19.10400390625
2662392,17.9443359375
2662416,20.20263671875
2662505,20.751953125
2662521,23.5595703125
2662596,18.85986328125
2662633,18.37158203125
2662761,17.76123046875
2668375,18.12744140625
2672203,22.15576171875
2673300,18.00537109375
2677667,17.63916015625
2709456,17.88330078125
2725888,17.27294921875
2753740,17.39501953125
2753763,23.01025390625
2753813,20.8740234375
2753829,28.1982421875
2753881,20.20263671875
2753964,20.8740234375
2754030,26.06201171875
2754290,17.76123046875
2754436,21.78955078125
2757929,17.333984375
2764599,17.9443359375
2764666,20.08056640625
2764691,24.59716796875
2764724,18.37158203125
2764772,17.822265625
2764828,24.5361328125
2764853,23.25439453125
2764883,17.88330078125
2764926,17.333984375
2764966,24.47509765625
2764980,18.310546875
2765048,19.10400390625
2765066,18.12744140625
2765126,22.76611328125
2765145,17.2119140625
2779861,17.7001953125
2780719,21.6064453125
2780824,18.73779296875
2780930,18.6767578125
2780983,24.71923828125
2781022,17.822265625
2781068,20.69091796875
2781144,17.333984375
2781178,18.1884765625
2781213,20.81298828125
2781269,18.06640625
2781292,17.4560546875
2781412,17.578125
2787874,19.04296875
2805271,18.310546875
2830365,23.0712890625
2830396,26.42822265625
2830487,18.61572265625
2830497,21.8505859375
2830533,20.08056640625
2830558,21.6064453125
2830593,18.98193359375
2830614,18.06640625
2830651,21.240234375
2830673,19.6533203125
2830701,25.2685546875
2830727,27.52685546875
2830772,20.6298828125
2830883,17.39501953125
2830972,18.37158203125
2838027,18.310546875
2846253,24.90234375
2846270,20.1416015625
2846328,21.8505859375
2846372,19.59228515625
2846435,25.45166015625
2846460,25.7568359375
2846496,20.99609375
2846507,22.0947265625
2846583,18.61572265625
2846627,19.287109375
2846723,20.99609375
2847041,19.4091796875
2858452,18.49365234375
2901742,18.12744140625
2901754,20.5078125
2901853,19.10400390625
2901869,37.53662109375
2901890,21.66748046875
2901926,18.61572265625
2901972,22.03369140625
2901992,21.8505859375
2902035,21.17919921875
2902075,18.6767578125
2902198,17.822265625
2902229,19.83642578125
2902265,19.59228515625
2902320,18.5546875
2902402,21.42333984375
2902746,18.37158203125
2910506,17.7001953125
2912537,20.93505859375
2912627,19.10400390625
2912645,19.287109375
2912691,18.5546875
2912711,22.705078125
2912750,17.333984375
2912766,23.0712890625
2912810,23.13232421875
2912965,17.7001953125
2926589,18.1884765625
3074723,18.61572265625
3074781,21.17919921875
3074817,26.2451171875
3074845,23.193359375
3074887,23.98681640625
3074934,26.9775390625
3074945,23.74267578125
3074986,22.216796875
3074997,22.52197265625
3075030,18.5546875
3075058,20.263671875
3075083,18.798828125
3075130,20.81298828125
3075189,17.4560546875
3075247,18.98193359375
3075295,28.4423828125
3075336,21.97265625
3075389,18.798828125
3075402,22.64404296875
3075501,18.12744140625
3075624,18.5546875
3075708,18.1884765625
3075735,18.1884765625
3075819,17.39501953125
3075960,19.83642578125
3076283,17.4560546875
3083941,18.5546875
3084097,19.4091796875
3086483,18.310546875
3086497,17.39501953125
3086539,18.37158203125
3086568,26.4892578125
3086592,22.3388671875
3086652,18.6767578125
3086679,24.658203125
3086715,24.4140625
3086765,17.7001953125
3086789,18.37158203125
3086930,18.49365234375
3087154,17.578125
3087417,17.27294921875
3087637,20.751953125
3094577,19.775390625
3095822,17.51708984375
3231679,18.37158203125
3231724,25.2685546875
3231754,18.61572265625
3231776,30.1513671875
3231811,34.36279296875
3231859,23.0712890625
3231873,26.0009765625
3231900,31.25
3231920,23.5595703125
3231944,19.34814453125
3231971,20.6298828125
3232038,18.98193359375
3232147,24.169921875
3232177,26.06201171875
3232266,27.4658203125
3232279,32.77587890625
3232301,18.37158203125
3232330,20.69091796875
3232372,18.85986328125
3232446,19.1650390625
3239621,19.22607421875
3244134,20.08056640625
3244164,18.06640625
3244196,18.12744140625
3244258,19.95849609375
3244288,21.728515625
3244322,21.30126953125
3244385,18.61572265625
3244404,21.54541015625
3244457,19.22607421875
3244489,17.4560546875
3244556,18.4326171875
3244579,18.6767578125
3244719,17.822265625
3244762,17.578125
3244873,18.24951171875
3244988,18.37158203125
3256360,19.59228515625
3256446,18.12744140625
3256482,19.71435546875
3256504,17.4560546875
3256535,17.63916015625
3256563,17.9443359375
3256598,17.27294921875
3256629,19.04296875
3256688,18.310546875
3256785,17.9443359375
3256966,17.822265625
3270635,17.9443359375
3271837,17.27294921875
3273497,18.73779296875
3274528,17.2119140625
3354748,20.8740234375
3354763,31.494140625
3354802,19.22607421875
3354813,17.822265625
3354837,20.81298828125
3354859,18.37158203125
3354876,28.99169921875
3354942,20.5078125
3354979,29.78515625
3355028,20.08056640625
3355091,25.57373046875
3355165,20.69091796875
3355206,25.69580078125
3355231,19.287109375
3355260,18.73779296875
3355329,23.8037109375
3355388,18.06640625
3355586,18.310546875
3364094,17.76123046875
3365276,17.7001953125
3365385,17.63916015625
3365551,18.49365234375
3365571,19.4091796875
3365675,23.98681640625
3365700,26.79443359375
3365826,18.4326171875
3366180,17.27294921875
3366420,22.15576171875
3366553,18.73779296875
3374178,18.00537109375
3381177,17.822265625
3384277,17.27294921875
3389277,17.7001953125
3395423,17.2119140625
3476636,17.76123046875
3522017,26.9775390625
3522070,24.7802734375
3522115,19.71435546875
3522128,18.49365234375
3522148,20.01953125
3522163,26.611328125
3522185,25.93994140625
3522205,29.35791015625
3522222,22.15576171875
3522248,21.240234375
3522281,27.03857421875
3522328,23.13232421875
3522357,20.1416015625
3522512,17.76123046875
3522646,22.4609375
3522688,23.0712890625
3522776,17.4560546875
3522845,17.4560546875
3523110,17.578125
3523400,18.798828125
3528629,18.06640625
3530213,18.4326171875
3530938,18.85986328125
3531326,17.4560546875
3531983,20.69091796875
3532265,21.54541015625
3532310,17.76123046875
3532343,21.728515625
3532377,28.38134765625
3532399,21.3623046875
3532454,17.63916015625
3532477,23.62060546875
3532556,22.39990234375
3532575,22.15576171875
3532651,18.61572265625
3532749,17.63916015625
3532945,17.39501953125
3540844,18.61572265625
3542358,19.47021484375
3542603,17.4560546875
3542659,18.12744140625
3544260,18.24951171875
3547961,17.7001953125
3551767,18.1884765625
3564350,18.06640625
3580130,17.4560546875
3581578,18.06640625
3582749,20.20263671875
3584209,19.1650390625
3598743,17.333984375
3613937,18.49365234375
3645036,18.85986328125
3645069,24.35302734375
3645096,36.376953125
3645138,20.3857421875
3645181,22.88818359375
3645193,19.4091796875
3645237,25.2685546875
3645266,30.70068359375
3645290,20.20263671875
3645307,19.287109375
3645354,17.88330078125
3645447,22.94921875
3645519,18.4326171875
3645647,20.1416015625
3645695,17.63916015625
3645726,18.00537109375
3645788,18.06640625
3645824,18.49365234375
3652937,20.56884765625
3655128,17.7001953125
3655184,20.1416015625
3655284,17.76123046875
3655364,18.12744140625
3655426,22.5830078125
3655459,20.8740234375
3655487,19.71435546875
3655553,21.728515625
3655596,22.216796875
3655618,20.99609375
3655647,17.822265625
3655659,17.9443359375
3655673,19.22607421875
3655723,19.775390625
3661947,17.2119140625
3664282,17.27294921875
3675785,17.7001953125
3679914,17.27294921875
3681005,18.310546875
3681662,18.85986328125
3698287,17.76123046875
3709550,22.64404296875
3732212,17.9443359375
3825958,19.4091796875
3826025,25.20751953125
3826093,26.30615234375
3826127,24.71923828125
3826153,28.99169921875
3826200,26.0009765625
3826212,18.24951171875
3826349,22.15576171875
3826364,19.287109375
3826469,20.44677734375
3826523,17.39501953125
3827010,22.76611328125
3827325,17.9443359375
3839060,17.63916015625
3840971,18.00537109375
3858360,20.3857421875
3861870,17.51708984375
3874515,18.73779296875
3883547,19.22607421875
3917251,21.54541015625
3917289,18.24951171875
3917309,22.88818359375
3917335,18.61572265625
3917363,21.3623046875
3917373,26.18408203125
3917412,26.3671875
3917430,19.83642578125
3917468,18.6767578125
3917530,17.88330078125
3917580,28.1982421875
3917616,18.61572265625
3917660,19.287109375
3917873,17.822265625
3917994,20.6298828125
3918054,17.7001953125
3932244,21.97265625
3932255,17.2119140625
3932297,19.8974609375
3932327,23.3154296875
3932347,27.03857421875
3932419,22.52197265625
3932466,20.1416015625
3932480,18.5546875
3932510,24.5361328125
3932573,19.95849609375
3932612,21.78955078125
3932641,20.32470703125
3932658,19.10400390625
3932696,18.5546875
3932744,21.78955078125
3933014,18.24951171875
3938815,17.7001953125
3954904,19.34814453125
3967668,17.27294921875
3980954,19.83642578125
3987475,17.2119140625
3992311,17.822265625
3994396,18.85986328125
4089335,20.263671875
4089366,22.15576171875
4089488,23.25439453125
4089508,19.04296875
4089536,35.400390625
4089553,21.78955078125
4089581,18.310546875
4089620,24.7802734375
4089630,22.76611328125
4089675,25.87890625
4089693,23.0712890625
4089764,20.263671875
4089781,17.9443359375
4090058,18.06640625
4090081,19.04296875
4090233,17.2119140625
4090300,17.822265625
4097024,18.6767578125
4098222,18.06640625
4098266,17.578125
4098441,18.98193359375
4098484,18.98193359375
4098535,22.5830078125
4098562,21.3623046875
4098650,29.72412109375
4098698,19.47021484375
4098716,17.39501953125
4098768,24.59716796875
4098803,17.7001953125
4098857,23.37646484375
4099166,20.56884765625
4107979,17.88330078125
4108080,17.39501953125
4108129,21.66748046875
4108184,24.10888671875
4108209,17.2119140625
4108230,18.00537109375
4108240,19.71435546875
4108261,20.81298828125
4108315,23.13232421875
4108379,19.287109375
4108415,17.2119140625
4108579,17.39501953125
4129890,18.310546875
4160585,17.333984375
4246773,17.333984375
4248828,17.822265625
4258504,18.5546875
4332343,17.88330078125
4332369,20.8740234375
4332395,19.1650390625
4332417,18.98193359375
4332445,20.99609375
4332458,17.2119140625
4332488,25.5126953125
4332498,18.6767578125
4332546,19.34814453125
4332560,19.71435546875
4332593,26.2451171875
4332604,17.578125
4332642,17.578125
4332660,19.34814453125
4332724,19.53125
4332945,19.1650390625
4332958,18.1884765625
4333063,17.51708984375
4333103,17.822265625
4333140,17.2119140625
4333176,19.10400390625
4333220,21.728515625
4333269,19.71435546875
4333284,17.88330078125
4333460,17.27294921875
4339006,18.310546875
4343492,17.27294921875
4343515,23.49853515625
4343567,17.9443359375
4343605,17.4560546875
4343694,22.15576171875
4343706,18.24951171875
4343730,24.7802734375
4343754,18.61572265625
4343783,26.3671875
4343811,22.94921875
4343846,24.10888671875
4343948,17.9443359375
4344044,17.51708984375
4344102,17.333984375
4350295,17.63916015625
4353370,21.484375
4353644,17.63916015625
4353671,19.34814453125
4353727,22.03369140625
4353832,20.5078125
4354941,18.06640625
4359929,19.83642578125
4362189,18.49365234375
4366601,17.2119140625
4369478,17.578125
4379416,17.578125
4387429,17.76123046875
4418592,19.1650390625
4579557,17.333984375
4579588,22.4609375
4579645,30.8837890625
4579674,23.8037109375
4579700,19.47021484375
4579724,17.63916015625
4579745,23.25439453125
4579812,20.8740234375
4579889,17.27294921875
4580036,17.4560546875
4580171,23.4375
4580311,19.83642578125
4580548,18.49365234375
4593497,22.216796875
4593869,22.5830078125
4593949,21.30126953125
4593960,23.25439453125
4593994,21.97265625
4594047,29.60205078125
4594131,17.76123046875
4594250,19.287109375
4594322,17.4560546875
4594355,20.32470703125
4594421,18.73779296875
4594662,18.06640625
4594699,18.24951171875
4602190,17.7001953125
4603627,17.333984375
4605587,17.63916015625
4606066,17.578125
4622937,17.63916015625
4625162,18.00537109375
4644335,17.7001953125
4714724,18.06640625
4714836,22.64404296875
4714860,18.61572265625
4714886,31.67724609375
4714923,18.37158203125
4714952,17.9443359375
4714970,23.37646484375
4714984,24.23095703125
4715016,26.18408203125
4715040,24.47509765625
4715055,24.71923828125
4715096,21.54541015625
4715117,20.08056640625
4715158,19.775390625
4715206,19.1650390625
4715566,18.06640625
4715644,17.333984375
4715659,23.13232421875
4715715,22.705078125
4724224,19.10400390625
4724474,22.94921875
4724561,25.634765625
4724602,17.27294921875
4724634,20.5078125
4724752,21.240234375
4724770,20.81298828125
4724793,29.541015625
4724822,19.59228515625
4724884,19.8974609375
4730819,17.7001953125
4734708,17.7001953125
4734992,18.12744140625
4735121,18.1884765625
4735164,17.2119140625
4735297,17.51708984375
4735440,17.76123046875
4735505,18.61572265625
4735565,22.03369140625
4735680,19.95849609375
4735804,22.88818359375
4741659,17.63916015625
4801263,17.822265625
4870570,20.263671875
4870598,28.13720703125
4870625,26.67236328125
4870706,23.8037109375
4870750,21.66748046875
4870796,25.69580078125
4870877,18.1884765625
4870896,17.578125
4870967,21.54541015625
4871170,18.85986328125
4871207,20.93505859375
4871230,21.17919921875
4871416,22.3388671875
4871675,18.85986328125
4880691,19.287109375
4881075,23.3154296875
4881194,23.4375
4881226,20.751953125
4881254,18.61572265625
4881275,27.4658203125
4881309,21.78955078125
4881334,17.9443359375
4881361,23.49853515625
4881390,19.775390625
4881401,18.6767578125
4881479,19.1650390625
4881701,17.63916015625
4889299,18.4326171875
4891083,17.9443359375
4891141,19.10400390625
4891279,19.47021484375
4891585,19.8974609375
4899404,18.00537109375
5076164,17.333984375
5187427,19.59228515625
5195203,18.1884765625
5228560,18.06640625
5228624,19.1650390625
5228646,20.69091796875
5228684,29.4189453125
5228735,24.169921875
5228749,23.62060546875
5228774,19.1650390625
5228811,17.9443359375
5228839,17.7001953125
5228849,18.798828125
5228883,24.7802734375
5228903,17.76123046875
5228936,21.97265625
5229039,17.51708984375
5229107,18.12744140625
5229263,20.08056640625
5229293,19.95849609375
5237211,17.9443359375
5237410,17.7001953125
5237467,18.5546875
5237491,20.56884765625
5237553,25.57373046875
5237574,29.47998046875
5237613,28.4423828125
5237625,23.8037109375
5237667,25.20751953125
5237737,18.61572265625
5237748,20.5078125
5237821,18.1884765625
5237878,23.193359375
5237987,17.333984375
5238088,19.22607421875
5238319,20.01953125
5243834,18.61572265625
5245406,18.49365234375
5245898,20.32470703125
5246076,17.9443359375
5246232,17.578125
5246259,20.6298828125
5246284,17.76123046875
5246324,17.578125
5246354,18.73779296875
5246413,20.93505859375
5246474,20.99609375
5246599,18.9208984375
5246652,18.06640625
5246702,19.47021484375
5255552,17.9443359375
5257151,17.76123046875
5257330,18.5546875
5257352,23.25439453125
5257462,18.73779296875
5257577,28.3203125
5257880,18.00537109375
5258235,17.27294921875
5274671,19.59228515625
5278053,17.9443359375
5328547,18.4326171875
5366289,17.4560546875
5404831,18.61572265625
5404910,19.4091796875
5404937,19.47021484375
5404963,26.9775390625
5404991,30.029296875
5405025,32.3486328125
5405050,23.74267578125
5405097,22.88818359375
5405134,21.240234375
5405148,23.4375
5405618,18.798828125
5405934,17.2119140625
5411280,17.39501953125
5413871,17.51708984375
5414927,19.22607421875
5414956,18.6767578125
5415049,19.775390625
5415098,17.27294921875
5415133,31.494140625
5415145,25.390625
5415203,27.16064453125
5415250,17.4560546875
5415275,20.93505859375
5415320,17.2119140625
5415345,20.5078125
5415464,22.8271484375
5415506,17.578125
5415606,18.12744140625
5415739,22.216796875
5424545,17.2119140625
5424901,18.1884765625
5425038,19.4091796875
5425196,17.9443359375
5425256,20.32470703125
5425274,26.0009765625
5425340,20.263671875
5425402,18.61572265625
5425423,20.263671875
5425462,21.66748046875
5425488,21.1181640625
5425522,17.7001953125
5425536,22.27783203125
5425807,19.775390625
5432825,17.578125
5436033,18.5546875
5439519,18.37158203125
5440182,17.333984375
5443227,19.95849609375
5447598,17.76123046875
5467188,18.24951171875
5518518,17.578125
5559102,22.39990234375
5559163,17.76123046875
5559181,18.73779296875
5559198,26.55029296875
5559227,18.9208984375
5559266,19.8974609375
5559285,23.37646484375
5559363,17.88330078125
5559374,17.822265625
5559463,19.6533203125
5559536,20.20263671875
5559664,19.71435546875
5559796,20.93505859375
5559815,17.578125
5564502,21.05712890625
5564870,18.61572265625
5566268,17.822265625
5572123,21.484375
5572379,19.83642578125
5572392,26.4892578125
5572416,25.45166015625
5572456,18.310546875
5572508,17.822265625
5572533,19.1650390625
5572552,17.39501953125
5572595,18.6767578125
5572650,18.12744140625
5572702,17.27294921875
5572736,18.85986328125
5572958,21.240234375
5583407,18.310546875
5586085,19.71435546875
5586103,24.47509765625
5586156,17.2119140625
5586223,20.1416015625
5586273,18.1884765625
5586296,24.5361328125
5586338,21.78955078125
5586367,23.37646484375
5586399,17.63916015625
5586412,18.98193359375
5586525,18.798828125
5586635,18.00537109375
5596551,17.333984375
5606281,17.9443359375
5611812,17.63916015625
5613794,18.37158203125
5617341,17.27294921875
5645679,20.56884765625
5645707,18.85986328125
5645736,18.98193359375
5645831,32.53173828125
5645849,19.10400390625
5645889,23.681640625
5645923,17.4560546875
5645948,21.05712890625
5645962,26.123046875
5645991,17.822265625
5646037,19.04296875
5646106,20.56884765625
5646156,20.01953125
5646179,18.1884765625
5646250,19.22607421875
5646297,19.47021484375
5646357,19.47021484375
5654402,18.49365234375
5655685,17.2119140625
5657174,17.27294921875
5657254,18.12744140625
5657382,21.8505859375
5657425,17.333984375
5657441,28.1982421875
5657559,25.7568359375
5657584,29.11376953125
5657607,20.751953125
5657627,18.9208984375
5657638,23.37646484375
5657673,24.10888671875
5657683,23.49853515625
5657736,25.32958984375
5657784,18.4326171875
5664664,17.39501953125
5667365,18.06640625
5669795,17.51708984375
5681348,17.27294921875
5726323,18.310546875
5726363,20.56884765625
5726393,18.798828125
5726443,18.49365234375
5726463,21.8505859375
5726500,24.59716796875
5726512,20.751953125
5726556,27.89306640625
5726612,24.96337890625
5726680,17.88330078125
5726749,18.6767578125
5726801,17.63916015625
5726851,18.310546875
5726868,20.1416015625
5726999,17.4560546875
5727040,19.287109375
5727099,17.578125
5727325,18.49365234375
5737749,18.61572265625
5737975,18.73779296875
5738060,19.6533203125
5738137,23.25439453125
5738195,29.96826171875
5738205,18.85986328125
5738258,24.5361328125
5738306,19.04296875
5738351,30.3955078125
5738389,21.66748046875
5738433,31.73828125
5738448,18.5546875
5738482,26.79443359375
5738575,17.2119140625
5747258,18.1884765625
5750606,17.51708984375
5752342,18.5546875
5762628,17.4560546875
5782592,18.85986328125
5807653,20.32470703125
5807685,21.05712890625
5807723,23.4375
5807777,23.8037109375
5807788,25.146484375
5807823,20.751953125
5807862,17.578125
5807902,18.6767578125
5807932,26.4892578125
5807967,26.9775390625
5807996,22.15576171875
5808046,19.287109375
5808167,18.85986328125
5808305,26.85546875
5808534,18.12744140625
5808637,20.751953125
5808805,17.822265625
5814139,18.06640625
5815864,17.4560546875
5816527,17.39501953125
5817076,18.12744140625
5827698,17.76123046875
5940320,17.7001953125
5994211,22.64404296875
5994223,21.54541015625
5994271,21.1181640625
5994313,23.3154296875
5994344,17.88330078125
5994378,21.240234375
5994412,19.47021484375
5994462,20.01953125
5994481,17.9443359375
5994528,19.22607421875
5994551,17.51708984375
5994595,19.1650390625
5994614,20.8740234375
5994703,18.98193359375
5994816,17.4560546875
5994837,17.2119140625
5995000,20.08056640625
6004943,24.169921875
6004982,24.84130859375
6005033,22.15576171875
6005079,20.263671875
6005110,22.5830078125
6005141,19.04296875
6005172,18.6767578125
6005319,19.22607421875
6005346,18.61572265625
6005499,17.9443359375
6005664,21.54541015625
6005679,18.1884765625
6005743,19.53125
6016110,17.822265625
6024813,17.2119140625
6049266,18.310546875
6055777,17.7001953125
6061108,17.7001953125
6063526,18.9208984375
6156233,17.578125
6203604,17.27294921875
6260101,20.56884765625
6299296,17.822265625
6303508,17.39501953125
6303635,18.4326171875
6303685,23.13232421875
6303719,35.0341796875
6303742,25.57373046875
6303777,31.25
6303805,31.3720703125
6303836,18.5546875
6303852,24.35302734375
6303872,18.5546875
6303894,22.3388671875
6303922,17.76123046875
6303959,21.66748046875
6304001,17.63916015625
6304057,27.4658203125
6304253,18.06640625
6304416,17.2119140625
6304545,18.06640625
6304701,25.390625
6304744,17.63916015625
6304782,19.8974609375
6304871,20.20263671875
6312917,19.95849609375
6318019,19.287109375
6320049,26.91650390625
6320087,22.3388671875
6320127,21.3623046875
6320199,23.92578125
6320299,18.24951171875
6320338,17.4560546875
6320408,17.333984375
6320570,17.51708984375
6320613,18.310546875
6330630,17.822265625
6331162,17.88330078125
6331778,18.00537109375
6332512,18.98193359375
6338750,19.1650390625
6354763,18.1884765625
6362488,19.34814453125
6451656,19.8974609375
6451671,17.4560546875
6451748,25.57373046875
6451763,27.099609375
6451806,18.85986328125
6451837,21.8505859375
6451874,33.02001953125
6451887,25.634765625
6451904,18.61572265625
6451934,20.81298828125
6452185,19.71435546875
6452320,17.88330078125
6452360,22.216796875
6452495,18.85986328125
6463893,18.310546875
6463971,17.7001953125
6464003,17.63916015625
6464066,18.798828125
6464083,20.6298828125
6464111,19.8974609375
6464129,30.8837890625
6464156,19.8974609375
6464183,19.287109375
6464201,18.00537109375
6464236,17.76123046875
6464265,25.2685546875
6464276,22.0947265625
6464649,18.12744140625
6474226,20.69091796875
6474317,17.578125
6474380,19.04296875
6474427,20.44677734375
6474483,17.27294921875
6474525,17.63916015625
6474587,25.45166015625
6474642,26.0009765625
6484087,17.63916015625
6489885,18.37158203125
6491085,18.06640625
6497654,17.333984375
6514108,22.216796875
6521165,17.27294921875
6524057,18.61572265625
6613914,17.39501953125
6614068,21.91162109375
6614095,24.71923828125
6614115,17.63916015625
6614144,25.634765625
6614179,33.38623046875
6614244,25.45166015625
6614286,25.0244140625
6614311,23.92578125
6614340,21.3623046875
6614443,21.240234375
6614522,18.73779296875
6614653,18.9208984375
6614715,17.27294921875
6614861,18.61572265625
6614996,20.69091796875
6615055,19.04296875
6615115,21.17919921875
6615138,21.484375
6615259,18.12744140625
6615305,19.4091796875
6615389,17.51708984375
6624094,18.1884765625
6624217,19.8974609375
6624237,25.20751953125
6624276,19.10400390625
6624309,21.17919921875
6624333,20.6298828125
6624380,18.37158203125
6624468,23.681640625
6624533,19.287109375
6624604,18.49365234375
6624982,19.95849609375
6625095,17.27294921875
6632195,17.2119140625
6632819,18.12744140625
6633975,17.88330078125
6634427,18.00537109375
6634664,17.88330078125
6634777,18.9208984375
6634827,17.76123046875
6634914,18.12744140625
6634958,17.76123046875
6650629,18.98193359375
6653969,17.39501953125
6654463,21.240234375
6791297,20.01953125
6791349,17.39501953125
6791363,19.47021484375
6791399,26.9775390625
6791418,18.49365234375
6791438,19.53125
6791465,25.5126953125
6791512,18.310546875
6791528,24.658203125
6791556,18.798828125
6791608,18.37158203125
6791724,19.6533203125
6791830,21.05712890625
6791844,19.95849609375
6791879,18.49365234375
6791992,19.04296875
6792029,17.2119140625
6792168,23.86474609375
6801885,20.01953125
6802863,18.37158203125
6803099,17.27294921875
6803179,21.05712890625
6803215,24.35302734375
6803249,21.30126953125
6803280,17.76123046875
6803374,23.92578125
6803423,20.08056640625
6803469,27.28271484375
6803506,17.2119140625
6803517,22.15576171875
6803550,20.8740234375
6803570,22.5830078125
6803604,22.4609375
6803650,20.69091796875
6803755,23.0712890625
6812444,17.27294921875
6813066,18.37158203125
6846298,17.333984375
6891100,19.10400390625
6921700,39.1845703125
6921763,18.73779296875
6921788,23.8037109375
6921832,42.236328125
6921863,17.63916015625
6921880,18.06640625
6921901,26.30615234375
6921929,21.66748046875
6921963,18.1884765625
6921978,21.66748046875
6922018,20.01953125
6922089,18.1884765625
6922177,17.4560546875
6922274,17.333984375
6922500,17.27294921875
6922759,18.73779296875
6931458,17.88330078125
6932220,17.39501953125
6932336,23.92578125
6932363,20.56884765625
6932389,19.59228515625
6932446,24.7802734375
6932471,20.56884765625
6932503,17.51708984375
6932550,18.49365234375
6932591,27.40478515625
6932623,19.83642578125
6932685,17.63916015625
6932732,17.822265625
6932755,17.76123046875
6932822,19.95849609375
6932990,19.775390625
6933276,20.6298828125
6941782,17.63916015625
6947120,19.59228515625
6952344,19.71435546875
6955071,18.98193359375
6955567,17.39501953125
6962842,19.4091796875
6968107,17.27294921875
7086505,26.0009765625
7086552,26.0009765625
7086608,28.50341796875
7086641,18.37158203125
7086657,30.09033203125
7086720,21.17919921875
7086734,21.30126953125
7086766,32.04345703125
7086803,18.1884765625
7086902,20.32470703125
7086929,19.53125
7086969,17.7001953125
7087072,18.85986328125
7087091,22.0947265625
7087143,19.34814453125
7087193,24.5361328125
7087247,18.98193359375
7087304,21.05712890625
7087462,20.69091796875
7087510,17.63916015625
7087580,22.3388671875
7093771,19.22607421875
7097619,17.7001953125
7098315,19.1650390625
7098443,19.1650390625
7098496,20.263671875
7098519,18.49365234375
7098539,24.10888671875
7098712,17.63916015625
7098744,21.17919921875
7098810,21.1181640625
7099258,17.822265625
7108559,17.88330078125
7109400,17.7001953125
7114987,17.4560546875
7119054,17.578125
7119869,17.7001953125
7123441,17.88330078125
7124119,18.798828125
7142918,18.24951171875
7145957,17.822265625
7148234,19.6533203125
7151223,17.2119140625
7226727,20.32470703125
7226791,35.400390625
7226807,24.4140625
7226829,19.10400390625
7226860,28.80859375
7226896,25.20751953125
7226959,22.4609375
7227014,18.1884765625
7227104,21.05712890625
7227135,18.37158203125
7227191,19.04296875
7227221,20.99609375
7227258,20.20263671875
7227285,19.775390625
7227345,27.587890625
7227470,19.47021484375
7227567,18.49365234375
7227628,17.2119140625
7232752,19.10400390625
7235876,20.99609375
7235952,21.484375
7235982,21.484375
7236042,20.1416015625
7236059,21.3623046875
7236097,22.15576171875
7236110,22.52197265625
7236168,21.66748046875
7236195,22.0947265625
7236217,30.2734375
7236264,20.32470703125
7236300,19.4091796875
7236530,22.15576171875
7236567,18.85986328125
7236607,17.578125
7236638,18.85986328125
7236734,17.333984375
7236910,18.98193359375
7242829,17.2119140625
7246268,19.1650390625
7248592,21.3623046875
7251756,17.63916015625
7254673,18.73779296875
7255799,18.5546875
7297080,17.76123046875
7378272,17.63916015625
7379880,19.83642578125
7379913,23.62060546875
7379925,23.8037109375
7379992,24.5361328125
7380027,19.95849609375
7380052,30.3955078125
7380064,30.029296875
7380096,20.01953125
7380172,23.62060546875
7380265,17.39501953125
7380329,24.658203125
7380365,24.10888671875
7380539,17.39501953125
7380606,19.287109375
7380646,18.98193359375
7380833,18.49365234375
7388424,19.287109375
7398193,18.798828125
7402124,18.49365234375
7403811,17.578125
7454786,17.2119140625
7461446,17.27294921875
7535924,17.7001953125
7587409,17.2119140625
7604258,17.578125
7743750,17.76123046875
7819030,18.06640625
7824419,19.775390625
7824440,20.3857421875
7824462,17.7001953125
7824478,23.37646484375
7824499,18.24951171875
7824530,20.20263671875
7824545,24.23095703125
7824580,29.9072265625
7824628,19.34814453125
7824644,18.24951171875
7824679,22.39990234375
7824785,18.06640625
7825125,17.333984375
7825297,19.95849609375
7825352,17.88330078125
7825493,20.56884765625
7825596,22.64404296875
7825718,20.263671875
7832868,17.88330078125
7834218,18.98193359375
7834285,19.95849609375
7834315,17.4560546875
7834379,18.24951171875
7834395,18.310546875
7834422,19.04296875
7834465,20.751953125
7834501,18.98193359375
7834545,17.88330078125
7834556,19.47021484375
7834591,17.822265625
7834631,19.287109375
7834643,23.4375
7834892,19.59228515625
7835045,17.39501953125
7835233,19.04296875
7835330,17.822265625
7842928,17.578125
7843323,19.4091796875
7843383,21.66748046875
7843438,23.98681640625
7843458,27.4658203125
7843531,25.0244140625
7843556,19.04296875
7843577,17.822265625
7851979,18.00537109375
7854022,17.51708984375
7858723,17.39501953125
7858867,17.51708984375
7858943,20.99609375
7858987,23.49853515625
7859026,17.9443359375
7859074,18.73779296875
7859191,18.00537109375
7859374,20.20263671875
7859550,18.06640625
7859860,18.98193359375
7891334,18.00537109375
7898601,17.39501953125
7905990,17.822265625
7912307,17.9443359375
7925836,19.6533203125
7964105,17.76123046875
7997393,18.12744140625
8060817,20.263671875
8060876,23.193359375
8060905,18.00537109375
8060935,23.74267578125
8060957,18.98193359375
8060987,28.80859375
8061000,31.55517578125
8061032,30.82275390625
8061074,25.146484375
8061124,19.34814453125
8061555,18.12744140625
8061573,17.76123046875
8061639,19.95849609375
8061657,18.310546875
8061704,19.47021484375
8061784,19.71435546875
8061884,17.333984375
8061918,20.8740234375
8061956,19.10400390625
8062148,19.95849609375
8062260,18.1884765625
8062479,17.2119140625
8069515,22.15576171875
8069566,21.1181640625
8069648,26.55029296875
8069689,17.88330078125
8069714,18.49365234375
8069748,25.32958984375
8069773,22.216796875
8069832,18.310546875
8069861,17.7001953125
8070046,21.97265625
8070092,22.52197265625
8070314,17.578125
8077838,18.1884765625
8077891,22.88818359375
8077933,21.05712890625
8077974,21.240234375
8078006,21.30126953125
8078074,19.34814453125
8078120,18.9208984375
8078191,18.61572265625
8078225,20.69091796875
8078315,20.8740234375
8078333,19.71435546875
8078351,17.2119140625
8078448,19.6533203125
8084359,20.69091796875
8088742,17.9443359375
8089302,18.9208984375
8111841,18.310546875
8114077,17.4560546875
8137463,18.00537109375
8149463,18.4326171875
8180063,17.51708984375
8194024,17.2119140625
8264104,18.24951171875
8377480,20.08056640625
8377515,19.04296875
8377545,19.59228515625
8377596,30.2734375
8377620,21.05712890625
8377669,35.58349609375
8377706,23.0712890625
8377817,18.1884765625
8377994,17.27294921875
8378099,18.1884765625
8378264,17.333984375
8378359,22.705078125
8378454,19.59228515625
8386357,21.240234375
8386402,17.578125
8386440,19.10400390625
8386466,22.15576171875
8386500,21.30126953125
8386529,20.93505859375
8386560,17.39501953125
8386576,24.7802734375
8386608,20.5078125
8386644,27.64892578125
8386656,21.05712890625
8386689,18.85986328125
8386718,18.00537109375
8387044,18.6767578125
8387769,17.7001953125
8394965,17.51708984375
8395303,24.2919921875
8395329,17.63916015625
8395371,18.12744140625
8395395,19.10400390625
8395427,20.3857421875
8395459,29.47998046875
8395477,17.2119140625
8395545,17.9443359375
8395565,20.69091796875
8395595,17.578125
8396025,18.310546875
8396133,18.5546875
8408915,17.9443359375
8409042,21.97265625
8409091,19.775390625
8409206,19.83642578125
8409270,24.71923828125
8409295,17.39501953125
8426065,17.822265625
8437133,17.2119140625
8578297,17.4560546875
8578454,20.263671875
8578497,24.2919921875
8578530,21.42333984375
8578553,33.02001953125
8578585,24.96337890625
8578598,20.56884765625
8578617,30.6396484375
8578630,19.8974609375
8578647,22.52197265625
8578672,17.39501953125
8578685,23.193359375
8578714,20.8740234375
8578732,20.263671875
8578764,17.578125
8578810,22.94921875
8578992,18.12744140625
8579151,20.3857421875
8579180,17.51708984375
8579235,27.099609375
8579269,19.04296875
8579363,21.42333984375
8579419,17.39501953125
8587131,17.7001953125
8587527,22.8271484375
8587555,18.4326171875
8587573,18.00537109375
8587603,22.216796875
8587629,26.30615234375
8587661,24.59716796875
8587692,28.076171875
8587708,17.27294921875
8587733,18.4326171875
8587771,19.47021484375
8587804,17.9443359375
8588004,17.822265625
8595912,24.47509765625
8595970,21.6064453125
8596004,18.4326171875
8596055,22.94921875
8596072,22.15576171875
8596120,18.24951171875
8596153,17.333984375
8596171,23.01025390625
8596202,21.17919921875
8596299,20.56884765625
8596329,18.9208984375
8596370,18.85986328125
8596485,25.146484375
8596717,18.9208984375
8596885,17.333984375
8601359,17.27294921875
8604170,17.88330078125
8605903,22.0947265625
8606102,18.5546875
8606171,17.76123046875
8606276,19.4091796875
8606313,20.1416015625
8606360,17.2119140625
8606389,19.775390625
8606576,20.01953125
8611348,18.37158203125
8614557,17.39501953125
8617601,18.1884765625
8618951,17.39501953125
8648588,17.333984375
8652947,17.822265625
8714662,17.333984375
8882425,18.4326171875
8901389,18.00537109375
8918562,18.1884765625
8942068,17.9443359375
8942157,33.5693359375
8942182,22.216796875
8942210,32.89794921875
8942287,22.216796875
8942327,21.30126953125
8942361,22.39990234375
8942442,18.49365234375
8942527,19.287109375
8942786,17.4560546875
8942815,25.390625
8942840,17.7001953125
8942920,24.169921875
8942976,19.04296875
8943105,17.333984375
8943290,20.1416015625
8943325,17.578125
8943528,18.1884765625
8950614,18.00537109375
8951210,20.5078125
8951236,33.0810546875
8951265,24.658203125
8951285,20.44677734375
8951367,25.57373046875
8951383,19.95849609375
8951403,17.63916015625
8951433,23.8037109375
8951500,17.39501953125
8951525,17.578125
8951561,24.658203125
8951588,19.59228515625
8951798,18.61572265625
8951863,18.12744140625
8951902,17.822265625
8952102,17.578125
8960213,18.310546875
8960339,26.611328125
8960369,21.30126953125
8960393,19.34814453125
8960409,19.1650390625
8960437,20.1416015625
8960485,18.6767578125
8960508,19.34814453125
8960547,20.81298828125
8960572,20.99609375
8960644,18.85986328125
8960687,19.4091796875
8965798,17.39501953125
8968305,18.24951171875
8970273,18.37158203125
8972098,17.27294921875
8972163,18.1884765625
8972248,24.4140625
8972282,20.1416015625
8972321,17.2119140625
8972356,19.95849609375
8972500,18.24951171875
8979884,18.24951171875
8983503,17.39501953125
8987405,19.6533203125
8988529,17.822265625
8993470,19.8974609375
9001491,20.8740234375
9005798,17.88330078125
9011267,17.9443359375
9021451,18.37158203125
9030822,18.9208984375
9040474,17.76123046875
9044785,17.76123046875
9141403,17.39501953125
9264932,17.333984375
9285151,17.4560546875
9347879,19.8974609375
9396324,34.0576171875
9396355,24.5361328125
9396383,23.49853515625
9396415,17.27294921875
9396441,23.3154296875
9396461,32.16552734375
9396486,27.2216796875
9396529,24.47509765625
9396563,17.39501953125
9396586,22.64404296875
9396633,18.37158203125
9396868,20.69091796875
9397284,17.578125
9397330,24.47509765625
9397416,17.39501953125
9397628,19.10400390625
9397701,17.9443359375
9405373,17.51708984375
9405421,23.8037109375
9405447,23.49853515625
9405507,19.47021484375
9405527,18.5546875
9405553,19.10400390625
9405568,25.81787109375
9405601,19.1650390625
9405629,23.37646484375
9405639,24.2919921875
9405663,25.146484375
9405744,18.4326171875
9406029,17.7001953125
9406567,18.24951171875
9413936,17.333984375
9414142,17.7001953125
9414181,18.98193359375
9414206,18.00537109375
9414245,20.8740234375
9414264,18.1884765625
9414343,18.49365234375
9414436,17.88330078125
9414458,20.01953125
9414525,23.681640625
9414590,18.98193359375
9414693,18.12744140625
9415070,17.7001953125
9426084,19.4091796875
9426155,17.88330078125
9426174,23.74267578125
9426293,22.88818359375
9426385,18.85986328125
9426415,28.38134765625
9426471,25.5126953125
9426538,18.1884765625
9426663,18.00537109375
9430463,17.2119140625
9443687,17.39501953125
9446115,18.49365234375
9449731,17.51708984375
9450974,18.37158203125
9451257,17.822265625
9454128,19.04296875
9463716,17.27294921875
9466806,18.310546875
9475881,18.5546875
9523668,19.1650390625
9523716,20.44677734375
9523760,22.5830078125
9523773,18.4326171875
9523813,22.52197265625
9523832,21.8505859375
9523862,18.98193359375
9523912,17.822265625
9523967,23.25439453125
9524115,19.6533203125
9524189,21.484375
9524223,30.09033203125
9524234,17.4560546875
9524303,29.96826171875
9524318,19.6533203125
9524413,18.73779296875
9533548,18.4326171875
9533604,26.79443359375
9533642,18.12744140625
9533664,23.37646484375
9533692,20.5078125
9533748,30.45654296875
9533780,19.775390625
9533812,19.6533203125
9533887,29.23583984375
9533939,24.169921875
9533966,20.93505859375
9534009,18.5546875
9534101,20.3857421875
9534128,20.32470703125
9534316,19.287109375
9534515,18.6767578125
9543081,18.24951171875
9543099,22.3388671875
9543183,37.2314453125
9543232,26.2451171875
9543262,23.3154296875
9543333,24.10888671875
9543376,17.822265625
9543404,24.71923828125
9543442,20.81298828125
9543464,22.4609375
9543489,17.88330078125
9543507,17.51708984375
9543689,20.93505859375
9549187,18.06640625
9552269,18.00537109375
9552836,17.9443359375
9552961,24.96337890625
9553021,18.06640625
9553100,19.34814453125
9553211,21.240234375
9553272,18.61572265625
9553635,17.822265625
9560099,18.06640625
9562359,17.27294921875
9562747,19.10400390625
9564233,19.83642578125
9564303,18.00537109375
9564350,20.44677734375
9564372,21.3623046875
9564433,20.81298828125
9576373,17.76123046875
9577128,17.9443359375
9581054,17.9443359375
9600459,17.9443359375
9615590,18.4326171875
10048001,20.6298828125
10048033,24.2919921875
10048092,24.169921875
10048117,18.37158203125
10048161,20.263671875
10048363,17.7001953125
10048377,21.54541015625
10048403,20.5078125
10048450,17.822265625
10048549,20.01953125
10048622,21.6064453125
10048729,20.751953125
10048829,18.61572265625
10048902,18.37158203125
10049167,22.27783203125
10057245,20.263671875
10057357,20.8740234375
10057404,22.52197265625
10057469,20.01953125
10057500,17.27294921875
10057518,17.822265625
10057544,25.20751953125
10057567,23.681640625
10057594,18.06640625
10057634,17.63916015625
10057672,17.63916015625
10058203,17.578125
10064179,18.9208984375
10066639,18.1884765625
10066652,19.8974609375
10066680,22.0947265625
10066763,24.7802734375
10066824,18.9208984375
10067397,17.4560546875
10072521,17.63916015625
10077673,17.51708984375
10078417,18.98193359375
10079020,17.9443359375
10079043,24.169921875
10079131,23.74267578125
10079200,17.63916015625
10079220,17.27294921875
10079324,17.76123046875
10079400,18.49365234375
10079452,17.7001953125
10124459,21.240234375
10202873,17.2119140625
10245769,22.94921875
10245830,20.751953125
10245843,25.45166015625
10245904,26.2451171875
10245935,33.75244140625
10245950,17.822265625
10246013,24.96337890625
10246059,21.91162109375
10246166,18.4326171875
10246190,17.51708984375
10246287,18.49365234375
10246378,18.98193359375
10246428,19.71435546875
10246523,18.4326171875
10246568,19.34814453125
10246595,17.88330078125
10246748,17.76123046875
10246867,23.193359375
10246890,19.4091796875
10246987,17.7001953125
10247083,17.88330078125
10255149,21.1181640625
10255190,19.8974609375
10255213,21.97265625
10255272,22.5830078125
10255291,25.69580078125
10255316,21.97265625
10255357,17.51708984375
10255405,25.32958984375
10255441,18.310546875
10255492,17.51708984375
10255594,17.333984375
10255628,28.50341796875
10263371,18.12744140625
10263549,20.751953125
10263560,18.98193359375
10263593,21.3623046875
10263716,18.24951171875
10263764,19.95849609375
10263796,21.8505859375
10263820,20.99609375
10263886,19.34814453125
10263903,21.78955078125
10264122,17.822265625
10272896,18.98193359375
10274857,21.17919921875
10274875,17.7001953125
10274943,18.06640625
10274958,19.53125
10275243,18.6767578125
10278488,17.333984375
10279234,19.83642578125
10280440,18.12744140625
10280771,18.37158203125
10281442,20.69091796875
10281525,17.39501953125
10282039,18.1884765625
10290916,17.578125
10298695,18.49365234375
10307487,17.333984375
10316813,18.6767578125
10317530,17.63916015625
10319145,20.01953125
10325768,18.12744140625
10328606,19.22607421875
10331669,17.63916015625
10375044,17.333984375
10441315,19.6533203125
10550745,18.73779296875
10600413,25.0244140625
10600431,22.0947265625
10600456,24.90234375
10600482,30.21240234375
10600511,18.85986328125
10600605,32.958984375
10600617,18.85986328125
10600650,19.34814453125
10600745,29.11376953125
10600846,19.53125
10600922,18.61572265625
10601073,19.04296875
10601151,18.85986328125
10601206,18.1884765625
10601256,20.32470703125
10601336,18.6767578125
10601375,18.85986328125
10601428,26.18408203125
10601500,19.71435546875
10601544,20.32470703125
10601606,17.333984375
10601719,17.2119140625
10602125,17.27294921875
10610128,17.76123046875
10610281,24.71923828125
10610384,30.8837890625
10610409,23.193359375
10610427,25.57373046875
10610502,17.2119140625
10610540,19.1650390625
10610580,18.5546875
10610656,17.578125
10611182,20.263671875
10618791,18.798828125
10619481,17.39501953125
10619559,21.1181640625
10619586,18.6767578125
10619708,21.1181640625
10619733,18.49365234375
10619756,20.69091796875
10619899,18.61572265625
10619959,23.62060546875
10628772,17.822265625
10640428,17.7001953125
10646118,18.1884765625
10654962,17.4560546875
10656581,19.59228515625
10686878,17.39501953125
10711134,17.822265625
10758187,17.333984375
10832164,18.85986328125
10832187,18.00537109375
10832198,20.81298828125
10832237,27.89306640625
10832259,35.58349609375
10832291,28.4423828125
10832309,27.34375
10832347,30.8837890625
10832369,23.98681640625
10832464,17.333984375
10832611,17.4560546875
10832645,17.578125
10832707,21.54541015625
10832722,22.94921875
10832819,23.62060546875
10832853,22.15576171875
10833064,24.90234375
10833148,23.01025390625
10833166,20.751953125
10833244,20.32470703125
10839682,18.61572265625
10841072,17.27294921875
10841484,18.798828125
10841564,20.20263671875
10841580,18.06640625
10841612,26.85546875
10841625,27.28271484375
10841646,20.263671875
10841673,20.5078125
10841702,17.4560546875
10841726,20.93505859375
10841756,25.45166015625
10841767,18.00537109375
10842016,17.39501953125
10842079,18.49365234375
10842198,21.484375
10847565,18.85986328125
10850295,24.0478515625
10850434,21.42333984375
10850463,18.1884765625
10850525,17.76123046875
10850538,20.3857421875
10850615,17.88330078125
10850822,18.310546875
10851110,21.1181640625
10857559,20.32470703125
10861203,17.2119140625
10862966,18.61572265625
10862982,18.73779296875
10863010,20.81298828125
10863027,18.06640625
10863099,17.9443359375
10863127,18.1884765625
10863202,17.7001953125
10863329,19.287109375
10867876,18.12744140625
10873728,17.578125
10875794,17.88330078125
10879599,18.310546875
10884919,19.1650390625
10902558,17.39501953125
10906848,18.61572265625
10916153,17.2119140625
10918811,18.12744140625
10997019,20.44677734375
11043908,17.39501953125
11077598,26.4892578125
11077631,20.08056640625
11077657,19.22607421875
11077678,17.333984375
11077706,24.10888671875
11077732,19.22607421875
11077777,17.578125
11077876,18.5546875
11078127,20.6298828125
11078342,25.32958984375
11078373,24.5361328125
11078485,20.01953125
11078576,17.333984375
11086973,19.04296875
11087017,17.7001953125
11087188,21.240234375
11087207,17.822265625
11087239,19.71435546875
11087257,21.30126953125
11087305,19.47021484375
11087327,33.447265625
11087360,25.93994140625
11087379,26.9775390625
11087410,23.8037109375
11087479,19.59228515625
11087520,18.1884765625
11087558,18.00537109375
11087627,19.53125
11087678,19.04296875
11087758,17.333984375
11095087,22.0947265625
11096074,18.61572265625
11096173,22.705078125
11096204,18.12744140625
11096224,29.35791015625
11096255,17.76123046875
11096279,24.23095703125
11096319,26.85546875
11096332,20.3857421875
11096405,22.88818359375
11096487,24.84130859375
11096631,21.54541015625
11096813,18.00537109375
11102241,18.5546875
11106802,17.7001953125
11108289,18.12744140625
11108321,20.99609375
11108450,19.775390625
11108485,17.39501953125
11119479,17.4560546875
11119918,18.85986328125
11122379,17.333984375
11125540,17.88330078125
11142480,20.5078125
11155546,17.51708984375
11272938,17.39501953125
11286842,18.00537109375
11315184,18.6767578125
11315212,26.2451171875
11315238,29.296875
11315260,19.04296875
11315285,20.01953125
11315308,20.44677734375
11315356,29.84619140625
11315383,22.8271484375
11315407,19.8974609375
11315447,17.51708984375
11316064,21.240234375
11316100,18.61572265625
11316391,19.8974609375
11316484,17.9443359375
11322069,18.4326171875
11324111,19.6533203125
11324172,19.6533203125
11324190,25.2685546875
11324222,21.54541015625
11324257,26.9775390625
11324284,28.564453125
11324310,18.310546875
11324346,21.6064453125
11324398,21.42333984375
11324408,20.01953125
11324434,22.5830078125
11324510,21.1181640625
11324521,27.03857421875
11324568,18.61572265625
11324637,18.00537109375
11324654,19.53125
11324758,19.6533203125
11324871,17.63916015625
11325091,18.73779296875
11333394,24.59716796875
11333632,18.61572265625
11333693,21.30126953125
11333708,19.22607421875
11333732,17.88330078125
11333769,22.94921875
11333784,19.8974609375
11333892,17.51708984375
11333934,17.333984375
11333994,20.20263671875
11334234,20.3857421875
11334692,19.59228515625
11338865,20.1416015625
11341155,19.22607421875
11343568,17.4560546875
11343855,20.08056640625
11345859,18.00537109375
11355100,18.310546875
11373499,18.73779296875
11383102,19.775390625
11395405,17.333984375
11400388,18.798828125
11438499,18.37158203125
11451000,17.39501953125
11453554,17.51708984375
11594122,17.39501953125
11726052,19.34814453125
11746162,17.333984375
11773150,19.53125
11773194,28.99169921875
11773234,18.12744140625
11773278,21.17919921875
11773290,22.52197265625
11773333,20.01953125
11773343,17.4560546875
11773356,24.0478515625
11773384,20.93505859375
11773413,26.42822265625
11774164,20.69091796875
11774267,17.333984375
11774406,19.4091796875
11774554,17.39501953125
11781800,22.03369140625
11782166,20.751953125
11782177,24.0478515625
11782212,20.44677734375
11782236,29.72412109375
11782272,23.193359375
11782308,23.8037109375
11782336,17.27294921875
11782431,20.751953125
11782486,19.1650390625
11782510,17.2119140625
11782540,18.4326171875
11782628,17.578125
11791310,18.1884765625
11791667,18.85986328125
11791694,19.10400390625
11791715,21.728515625
11791749,26.3671875
11791796,17.2119140625
11791849,21.3623046875
11791901,17.76123046875
11791914,18.49365234375
11791997,17.4560546875
11792157,18.37158203125
11796523,19.1650390625
11797180,18.98193359375
11798388,18.61572265625
11801418,20.32470703125
11802253,17.39501953125
11802352,18.85986328125
11802435,22.705078125
11802513,17.4560546875
11802577,18.06640625
11802605,21.66748046875
11802724,20.69091796875
11802831,18.1884765625
11802912,17.76123046875
11802980,22.88818359375
11816994,20.01953125
11820101,18.1884765625
11821319,19.22607421875
11826282,17.822265625
11835200,17.88330078125
11863524,19.04296875
11908462,17.88330078125
