11999000,0
1091644,20.81298828125
1708592,20.20263671875
1982733,20.8740234375
1997179,24.71923828125
1997260,22.64404296875
3087375,23.13232421875
4089183,24.59716796875
4594341,21.54541015625
4724301,19.59228515625
4881002,21.240234375
5573206,20.263671875
5657129,21.1181640625
5657257,21.17919921875
5726802,21.30126953125
5808161,20.56884765625
6303517,21.484375
7098313,21.8505859375
7236924,20.32470703125
8950981,19.53125
10263282,19.59228515625
11087015,20.56884765625
11781822,22.0947265625
