11999000,0
4446,20.44677734375
208500,16.9677734375
268999,16.66259765625
356082,18.73779296875
865684,17.2119140625
876627,16.4794921875
1079821,16.6015625
1360010,16.17431640625
1509125,17.08984375
1695110,18.24951171875
1695260,17.578125
1695325,16.9677734375
1695801,16.6015625
1708511,16.17431640625
2105567,19.10400390625
2754250,17.15087890625
2765149,16.845703125
3087391,16.90673828125
3355189,16.90673828125
3355264,16.7236328125
3366554,17.4560546875
3827154,16.78466796875
4579450,16.54052734375
4594317,16.66259765625
5245900,16.66259765625
5424903,16.90673828125
5558832,16.7236328125
5558897,16.4794921875
5572818,18.798828125
5646157,17.7001953125
5657222,17.63916015625
5726731,17.08984375
5808306,16.54052734375
5994664,16.845703125
6791772,17.15087890625
6803038,19.22607421875
6921496,16.9677734375
7380345,16.7236328125
8069517,17.4560546875
8069834,17.08984375
8595759,16.357421875
9534229,16.357421875
10057095,16.66259765625
10246736,18.4326171875
10263239,16.78466796875
10610236,16.357421875
10850292,16.2353515625
11086973,18.4326171875
11087014,20.263671875
11095878,16.78466796875
11782134,16.357421875
