11999000,0
218302,18.06640625
218515,18.00537109375
346336,17.63916015625
865702,17.578125
865748,18.85986328125
866016,18.00537109375
988899,17.51708984375
1091647,18.06640625
1708347,18.37158203125
1708592,20.01953125
1982726,17.822265625
1997254,19.775390625
2653458,19.6533203125
2830948,18.24951171875
2902285,20.93505859375
2913650,18.6767578125
2990668,17.822265625
3087406,21.6064453125
3245286,17.578125
3245301,18.798828125
3366368,17.51708984375
4089176,20.263671875
4580151,18.98193359375
4724305,17.76123046875
4870354,20.263671875
4881003,20.01953125
5404680,17.63916015625
5405194,18.1884765625
5415041,18.00537109375
5558858,17.822265625
5646943,17.822265625
5657129,19.47021484375
5726800,18.24951171875
5994664,18.6767578125
6303560,18.9208984375
6319992,18.9208984375
7098296,19.6533203125
7227246,17.822265625
7227299,18.06640625
7236757,17.822265625
7236783,20.3857421875
7834114,18.24951171875
8061115,18.61572265625
8587146,17.76123046875
8951062,17.51708984375
9552273,17.7001953125
10841443,20.32470703125
10841463,18.98193359375
11086886,19.6533203125
11324428,18.06640625
11781818,17.822265625
11781995,21.8505859375
