11999000,0
4874,19.04296875
123712,17.51708984375
218281,18.49365234375
269031,17.578125
269334,19.95849609375
346332,17.4560546875
356085,20.08056640625
865741,17.4560546875
876385,17.63916015625
988985,18.61572265625
1091645,21.240234375
1708328,18.73779296875
1708599,18.73779296875
1982304,17.4560546875
1997170,18.00537109375
1997254,19.53125
2094823,17.7001953125
2115348,17.9443359375
2754692,18.85986328125
2913393,17.578125
3074550,18.06640625
3087378,20.08056640625
3232546,17.4560546875
3244982,17.63916015625
3245227,19.47021484375
3366408,18.798828125
3644922,18.4326171875
4089171,18.85986328125
4332077,17.51708984375
4724232,20.32470703125
4724301,17.7001953125
4881000,19.6533203125
5404678,17.578125
5646245,18.06640625
5657133,17.63916015625
5657260,19.22607421875
5657312,18.00537109375
5727166,17.4560546875
5994530,17.7001953125
5994589,18.4326171875
5995051,17.4560546875
6005766,17.51708984375
6451815,20.1416015625
6465125,19.71435546875
6624779,17.4560546875
6792105,17.578125
6921862,18.61572265625
6922206,18.12744140625
7098313,19.22607421875
7227251,19.22607421875
7227301,18.24951171875
7236853,17.7001953125
8061081,17.63916015625
8077589,17.822265625
8587140,19.34814453125
8942774,17.822265625
8950981,19.4091796875
9405288,19.95849609375
10263284,18.98193359375
10841468,18.24951171875
11077385,17.76123046875
11086904,17.88330078125
11087015,20.99609375
11781822,17.88330078125
11781993,20.01953125
11782398,17.7001953125
