11999000,0
2012,18.9208984375
2059,27.7099609375
2130,22.03369140625
2979,22.88818359375
3258,23.98681640625
98060,24.35302734375
218139,19.83642578125
223935,19.775390625
277962,18.85986328125
516578,19.4091796875
516664,23.5595703125
516736,19.59228515625
516768,22.88818359375
516790,33.5693359375
516853,20.44677734375
516900,18.73779296875
517687,19.53125
517937,19.8974609375
528726,34.912109375
528793,18.798828125
528845,20.263671875
528874,20.01953125
528914,19.10400390625
529790,22.3388671875
529984,20.1416015625
547142,18.9208984375
547161,26.9775390625
547227,19.1650390625
547279,20.01953125
547311,18.98193359375
547977,19.10400390625
607254,19.1650390625
607282,22.4609375
607321,21.17919921875
607352,18.6767578125
607380,23.0712890625
607428,19.8974609375
608189,21.91162109375
608377,19.71435546875
636586,18.6767578125
636621,25.08544921875
636650,19.83642578125
636665,22.4609375
636696,24.0478515625
636717,25.45166015625
636750,20.6298828125
637450,26.06201171875
637494,19.8974609375
637602,23.25439453125
670045,22.52197265625
670539,18.85986328125
703096,22.76611328125
726030,22.52197265625
786123,34.5458984375
786234,19.59228515625
808589,20.81298828125
808725,21.42333984375
808758,23.98681640625
808825,19.22607421875
893522,19.59228515625
955151,22.52197265625
955424,18.6767578125
1011697,20.01953125
1011883,20.56884765625
1212019,21.240234375
1246959,24.59716796875
1654677,19.6533203125
1739827,18.85986328125
1819485,20.1416015625
1891171,22.15576171875
1989709,23.5595703125
1989723,19.04296875
1989755,24.84130859375
1989823,20.08056640625
1989920,18.798828125
1990420,18.98193359375
1990610,23.5595703125
1990821,25.146484375
1991055,23.98681640625
2013130,21.8505859375
2013220,25.08544921875
2013243,19.4091796875
2013270,23.25439453125
2013923,20.20263671875
2014074,25.0244140625
2014166,18.73779296875
2014325,19.4091796875
2118779,20.20263671875
2118832,20.5078125
2119789,20.99609375
2119817,20.5078125
2120000,19.4091796875
2276655,18.98193359375
2323747,20.56884765625
2323777,23.13232421875
2323807,23.13232421875
2323832,21.42333984375
2324409,20.08056640625
2396737,19.53125
2468008,32.40966796875
2468061,22.15576171875
2468124,27.2216796875
2468674,18.73779296875
2469036,27.03857421875
2634808,20.263671875
2643896,21.42333984375
2666267,20.01953125
2818572,19.22607421875
2818713,21.05712890625
2850758,18.9208984375
2861359,28.62548828125
2861410,31.1279296875
2862204,23.62060546875
2880216,20.01953125
2880269,27.83203125
2880283,26.611328125
2880341,33.0810546875
2880838,20.6298828125
2881125,19.34814453125
2881242,18.98193359375
2903983,21.484375
2903998,23.49853515625
2904053,22.5830078125
2904093,19.8974609375
2904106,32.28759765625
2904163,21.30126953125
2904237,20.20263671875
2904580,19.83642578125
2905126,21.484375
2930259,25.57373046875
2930321,29.23583984375
2930354,21.3623046875
2930372,25.20751953125
2930405,28.99169921875
2931171,21.05712890625
2931240,18.6767578125
2931336,20.751953125
2956901,18.98193359375
2957146,24.4140625
2957238,23.86474609375
2977199,18.61572265625
2977239,21.728515625
2977374,24.5361328125
2977405,26.42822265625
2977471,20.263671875
2977568,22.5830078125
3004007,20.3857421875
3004186,19.287109375
3004379,22.0947265625
3004395,19.775390625
3024696,19.04296875
3024829,20.3857421875
3024911,20.751953125
3025010,21.728515625
3045329,22.64404296875
3045366,19.775390625
3045471,19.287109375
3045584,19.8974609375
3067563,27.28271484375
3067591,19.71435546875
3067646,19.95849609375
3067719,19.04296875
3067782,23.25439453125
3067812,18.6767578125
3087523,23.01025390625
3087695,19.53125
3110618,20.81298828125
3151771,22.15576171875
3195670,18.798828125
3356138,21.8505859375
3397663,21.05712890625
3397934,21.3623046875
3499477,18.6767578125
3583791,20.01953125
3604309,20.81298828125
3748991,20.01953125
3890866,18.98193359375
3921652,19.10400390625
3941513,20.01953125
3960176,26.2451171875
3960241,18.6767578125
3960303,28.50341796875
3960412,20.751953125
4056953,19.71435546875
4095195,19.59228515625
4095214,23.01025390625
4095253,20.93505859375
4095322,21.3623046875
4141662,19.287109375
4141720,21.54541015625
4141788,21.66748046875
4141849,22.5830078125
4142746,20.01953125
4142813,18.798828125
4142871,23.25439453125
4229062,20.08056640625
4229110,21.42333984375
4229129,18.798828125
4229155,21.484375
4229188,26.06201171875
4229250,21.42333984375
4229368,20.01953125
4229976,29.60205078125
4230116,20.263671875
4230260,20.20263671875
4230450,25.5126953125
4266192,19.6533203125
4285632,18.73779296875
4427471,25.20751953125
4427530,23.193359375
4427595,22.03369140625
4427668,19.22607421875
4664567,23.37646484375
4664584,22.64404296875
4664615,23.5595703125
4664643,18.6767578125
4664690,20.3857421875
4664720,18.85986328125
4665596,20.6298828125
4722945,21.42333984375
4723000,32.16552734375
4723054,23.98681640625
4723953,23.4375
4724069,20.69091796875
4776187,26.123046875
4776211,23.25439453125
4776255,25.45166015625
4776311,20.44677734375
4776341,18.6767578125
4776369,22.27783203125
4777111,20.751953125
4777204,22.705078125
4777435,21.66748046875
4777573,22.94921875
4809976,25.0244140625
4810041,31.6162109375
4810153,19.4091796875
4810966,21.484375
4846213,27.099609375
4846295,20.93505859375
4846311,21.728515625
4846353,20.1416015625
4877355,18.9208984375
4877632,19.47021484375
4877716,22.5830078125
4877777,19.1650390625
4877817,22.27783203125
4877904,20.99609375
4905797,25.87890625
4905832,21.17919921875
4905851,20.1416015625
4905932,21.66748046875
4905981,19.83642578125
4906124,18.85986328125
4906197,19.04296875
4906793,24.5361328125
4946710,19.34814453125
4947693,18.9208984375
4947870,21.91162109375
4948001,20.751953125
4985392,19.6533203125
4985499,26.91650390625
4985582,23.4375
4985623,22.88818359375
4986114,19.6533203125
5069894,23.4375
5069953,26.123046875
5070009,20.01953125
5070126,20.32470703125
5070703,21.484375
5108850,23.92578125
5108917,20.5078125
5108944,21.17919921875
5108988,26.18408203125
5290306,25.87890625
5290366,24.5361328125
5290407,20.20263671875
5290418,27.7099609375
5290442,23.62060546875
5290866,20.69091796875
5291115,23.4375
5339410,20.32470703125
5339489,20.99609375
5339567,19.10400390625
5339583,21.17919921875
5407865,22.88818359375
5407936,22.39990234375
5407986,21.484375
5502050,20.32470703125
5502114,21.97265625
5502171,28.74755859375
5502200,22.5830078125
5502397,18.61572265625
5503065,19.10400390625
5637082,20.08056640625
5749180,19.1650390625
5749247,25.69580078125
5749302,19.4091796875
5749365,20.44677734375
5805893,19.4091796875
5805915,20.69091796875
5805956,21.3623046875
5805978,21.05712890625
5806014,19.53125
5806042,20.8740234375
5806761,21.42333984375
5940421,23.0712890625
5940488,28.4423828125
5940537,24.5361328125
5989057,22.27783203125
5989121,26.0009765625
5989183,21.30126953125
5989974,20.3857421875
6054318,20.99609375
6054455,26.67236328125
6054523,21.8505859375
6439166,18.85986328125
6508976,22.39990234375
6633880,19.22607421875
6633932,19.6533203125
6634015,19.1650390625
6634089,18.73779296875
6635135,19.8974609375
7028905,34.1796875
7028956,24.7802734375
7029001,19.34814453125
7196389,25.0244140625
7197625,19.47021484375
7448546,20.5078125
7448610,22.94921875
7448695,24.5361328125
7449663,20.1416015625
7610187,19.8974609375
7610239,20.44677734375
7610288,20.08056640625
7611255,21.30126953125
7611434,23.681640625
7611625,24.169921875
7613485,18.798828125
7932113,21.484375
7932157,18.798828125
7932183,29.052734375
7932209,20.6298828125
8169858,22.15576171875
8169912,20.32470703125
8169968,19.34814453125
8777311,24.35302734375
8777408,19.10400390625
8777453,20.6298828125
8778537,23.193359375
8778684,25.69580078125
8778944,20.5078125
9150918,20.44677734375
9150997,18.85986328125
9151036,22.8271484375
9151052,32.1044921875
9152252,18.61572265625
9305850,21.240234375
9305918,21.66748046875
9305947,28.4423828125
9305989,24.0478515625
9307083,21.240234375
9307275,18.9208984375
9488976,20.01953125
10192020,20.32470703125
10543681,19.83642578125
10543873,19.4091796875
11894375,18.798828125
