11999000,0
2171,18.98193359375
2219,19.6533203125
2891,20.32470703125
3060,16.54052734375
3092,17.27294921875
278880,16.78466796875
279280,18.798828125
316030,18.37158203125
360772,17.15087890625
369692,16.78466796875
407460,19.59228515625
483935,16.9677734375
484062,16.2353515625
484228,16.66259765625
484457,18.61572265625
484566,16.4794921875
516831,19.6533203125
516892,16.9677734375
517019,19.34814453125
528849,17.822265625
528920,16.4794921875
528978,17.88330078125
529122,17.51708984375
530041,17.4560546875
547169,20.32470703125
547256,18.37158203125
547313,17.51708984375
547325,21.484375
547419,19.287109375
547915,18.85986328125
548053,18.6767578125
607480,18.798828125
607533,27.9541015625
608292,16.78466796875
636733,19.83642578125
636801,20.3857421875
637189,16.29638671875
637466,19.10400390625
703185,16.54052734375
786242,16.17431640625
786297,21.1181640625
786345,19.287109375
786438,19.04296875
787096,19.53125
787261,17.88330078125
808767,18.24951171875
808852,20.1416015625
808925,18.5546875
809003,19.4091796875
809069,16.66259765625
843401,17.2119140625
892961,21.240234375
1011689,16.17431640625
1042261,16.78466796875
1100560,16.845703125
1122666,18.6767578125
1156343,16.41845703125
1211828,17.333984375
1332749,16.2353515625
1332789,17.27294921875
1382127,19.10400390625
1648165,17.02880859375
1654213,17.08984375
1654843,19.71435546875
1713945,18.310546875
1732793,19.95849609375
1739823,16.90673828125
1739898,25.81787109375
1781669,20.20263671875
1883428,17.2119140625
1883690,16.6015625
1883826,18.73779296875
1884167,16.66259765625
1989803,17.7001953125
1989857,21.17919921875
1989910,17.51708984375
1990569,17.4560546875
1990719,21.6064453125
2013293,17.4560546875
2013421,16.2353515625
2014039,20.20263671875
2014490,20.5078125
2118877,19.95849609375
2118937,17.4560546875
2119006,17.88330078125
2119702,17.9443359375
2124560,16.29638671875
2276300,16.41845703125
2291653,16.11328125
2307893,16.11328125
2323833,16.9677734375
2323905,18.12744140625
2323959,16.6015625
2324055,18.1884765625
2324435,17.578125
2349350,19.47021484375
2468107,17.9443359375
2468136,18.798828125
2468217,26.85546875
2492639,16.90673828125
2571299,20.5078125
2685761,17.02880859375
2720334,17.9443359375
2720888,17.39501953125
2740355,16.2353515625
2780195,17.333984375
2780312,16.11328125
2781728,18.98193359375
2818614,16.17431640625
2818797,16.845703125
2850911,16.7236328125
2851018,17.27294921875
2861436,18.310546875
2861506,17.02880859375
2861522,20.44677734375
2861547,17.76123046875
2861600,17.08984375
2880292,17.63916015625
2880357,17.15087890625
2880372,19.53125
2880443,16.41845703125
2881122,16.66259765625
2881355,18.798828125
2904073,18.310546875
2904164,16.41845703125
2904226,18.310546875
2905271,18.5546875
2930370,20.263671875
2930436,16.90673828125
2930450,18.1884765625
2930527,17.51708984375
2930654,16.66259765625
2930784,16.2353515625
2931135,24.10888671875
2957331,20.81298828125
2957427,16.845703125
2957502,17.7001953125
2977422,16.29638671875
2977590,16.54052734375
2977672,16.2353515625
2977709,18.61572265625
2977912,18.1884765625
3004305,18.61572265625
3004400,17.51708984375
3004500,16.6015625
3025033,20.32470703125
3045698,19.04296875
3045839,18.24951171875
3067659,16.11328125
3067734,16.54052734375
3067956,16.845703125
3087821,20.3857421875
3087930,17.15087890625
3088110,17.27294921875
3088358,20.1416015625
3111099,18.24951171875
3111221,18.49365234375
3111335,18.49365234375
3151660,17.9443359375
3173199,18.5546875
3217641,22.03369140625
3240847,18.73779296875
3263599,19.1650390625
3306940,16.7236328125
3356266,17.578125
3433559,18.00537109375
3436785,16.845703125
3749092,21.17919921875
3941601,16.54052734375
3960170,16.29638671875
3960286,18.73779296875
3960343,16.17431640625
3960393,19.71435546875
3961038,16.54052734375
3961203,16.41845703125
4090553,18.06640625
4095368,22.39990234375
4095428,16.90673828125
4096368,16.41845703125
4141762,17.822265625
4142807,16.54052734375
4142933,17.63916015625
4229154,22.5830078125
4229225,16.7236328125
4229285,16.11328125
4229371,17.51708984375
4229981,18.49365234375
4230105,16.17431640625
4230233,17.76123046875
4230543,16.357421875
4375699,16.4794921875
4427570,16.357421875
4427635,16.9677734375
4427705,16.2353515625
4521855,16.90673828125
4522975,16.9677734375
4554690,17.39501953125
4586847,17.578125
4656245,16.29638671875
4664633,17.88330078125
4664733,17.76123046875
4664760,18.37158203125
4665389,16.17431640625
4665790,16.7236328125
4723063,16.66259765625
4723126,19.22607421875
4723182,20.93505859375
4723249,20.56884765625
4723819,20.99609375
4724081,18.61572265625
4724198,16.4794921875
4776297,16.54052734375
4776321,20.01953125
4776379,24.35302734375
4776432,18.24951171875
4776538,16.78466796875
4777118,17.27294921875
4777338,19.287109375
4777489,16.17431640625
4810078,17.63916015625
4810153,16.54052734375
4810287,16.29638671875
4810912,16.11328125
4846316,17.4560546875
4846395,18.06640625
4846456,18.5546875
4846532,21.05712890625
4847175,20.08056640625
4877708,24.47509765625
4877810,17.822265625
4877897,18.4326171875
4905887,19.95849609375
4905969,31.67724609375
4906043,17.39501953125
4906135,21.728515625
4947658,20.5078125
4947759,18.1884765625
4947851,22.03369140625
4947934,18.00537109375
4948030,17.08984375
4985603,18.1884765625
4985684,18.1884765625
4985722,16.7236328125
4985847,19.47021484375
5019099,18.6767578125
5019437,18.1884765625
5069991,16.6015625
5070015,16.7236328125
5070062,18.73779296875
5070193,17.02880859375
5070741,21.484375
5109010,18.1884765625
5109081,22.0947265625
5109166,16.54052734375
5290426,19.10400390625
5290484,18.798828125
5290539,16.845703125
5290624,16.54052734375
5339661,17.578125
5339723,24.10888671875
5407753,16.29638671875
5408003,16.11328125
5408078,16.17431640625
5408139,19.71435546875
5502156,17.51708984375
5502249,17.27294921875
5637280,17.27294921875
5749264,17.02880859375
5749479,19.83642578125
5805867,17.7001953125
5806036,16.66259765625
5806890,17.08984375
5923909,16.2353515625
5924041,16.357421875
5940467,16.11328125
5940499,16.78466796875
5940559,17.51708984375
5940622,19.6533203125
5989050,16.845703125
5989178,17.333984375
5989257,16.7236328125
5989308,16.54052734375
6054438,21.91162109375
6054574,17.578125
6054749,17.15087890625
6180564,17.578125
6508536,16.4794921875
6585333,16.357421875
6585882,16.2353515625
6626426,19.53125
6633891,19.4091796875
6634011,17.63916015625
6634023,17.7001953125
6634071,16.6015625
6634139,22.8271484375
6808732,17.02880859375
7029065,18.06640625
7029133,16.29638671875
7196262,17.4560546875
7196504,18.9208984375
7196594,17.88330078125
7448658,16.90673828125
7448670,18.5546875
7448711,16.9677734375
7448789,16.90673828125
7610332,19.22607421875
7610391,16.29638671875
7610496,18.73779296875
7611398,19.287109375
7611519,16.9677734375
7716406,16.78466796875
7905316,16.29638671875
7931990,16.66259765625
7932145,18.85986328125
7932209,17.7001953125
7932357,17.2119140625
8169989,18.4326171875
8632325,16.17431640625
8777262,16.54052734375
8777456,18.98193359375
8777524,16.78466796875
8777619,18.5546875
8778725,20.01953125
8936965,16.90673828125
8937214,17.2119140625
9150837,22.3388671875
9151155,20.08056640625
9306050,17.9443359375
9306200,17.76123046875
9306317,16.7236328125
9319731,16.2353515625
10126609,17.333984375
10544181,16.66259765625
10544292,16.845703125
10833812,17.2119140625
11634014,16.845703125
