11999000,0
1676,22.76611328125
1756,17.51708984375
1801,23.01025390625
1815,25.08544921875
1830,24.2919921875
1935,21.728515625
1968,21.30126953125
2051,20.32470703125
2063,26.91650390625
2100,18.310546875
2156,22.8271484375
2177,29.96826171875
2223,19.04296875
2248,22.52197265625
2272,37.04833984375
2297,24.10888671875
2341,21.6064453125
2462,21.3623046875
2496,25.7568359375
2637,20.99609375
38657,18.798828125
42573,19.47021484375
57408,20.56884765625
58329,22.03369140625
58407,18.4326171875
80269,18.9208984375
80430,20.44677734375
80571,18.310546875
90599,17.4560546875
97607,18.24951171875
97620,18.37158203125
97752,17.51708984375
97895,22.15576171875
97931,17.51708984375
97949,17.9443359375
97999,18.1884765625
98024,32.53173828125
98122,20.99609375
98158,24.658203125
98233,21.17919921875
98244,18.06640625
98396,17.76123046875
98568,20.44677734375
117452,19.6533203125
128026,19.22607421875
141577,17.76123046875
142256,19.1650390625
175783,17.51708984375
185596,17.4560546875
197013,22.64404296875
197157,18.24951171875
205363,19.83642578125
205456,17.9443359375
206433,18.37158203125
206504,18.00537109375
217808,19.59228515625
223627,18.310546875
223749,26.85546875
224012,20.01953125
246221,18.5546875
249915,21.1181640625
252759,18.37158203125
252862,18.85986328125
264552,19.6533203125
264658,20.8740234375
276356,21.05712890625
276485,19.22607421875
277830,21.240234375
278070,17.333984375
278137,25.93994140625
278181,17.7001953125
278228,17.51708984375
278245,20.32470703125
278297,33.14208984375
278337,19.6533203125
278365,24.0478515625
278513,17.578125
278535,18.6767578125
278560,19.53125
278621,18.5546875
278982,17.88330078125
301419,17.578125
314580,17.333984375
314708,20.99609375
314783,18.85986328125
315712,17.4560546875
322661,18.61572265625
322746,19.53125
322871,17.88330078125
343994,18.798828125
356744,18.24951171875
356822,17.88330078125
368596,18.49365234375
369701,19.95849609375
369720,18.98193359375
375234,19.4091796875
388466,17.51708984375
393993,20.6298828125
405776,17.76123046875
407299,17.88330078125
408074,17.51708984375
423262,17.51708984375
423323,18.24951171875
423403,19.59228515625
423679,18.00537109375
440162,18.4326171875
440260,17.88330078125
466619,23.86474609375
466752,19.83642578125
513850,17.88330078125
516126,18.310546875
516359,25.93994140625
516484,19.71435546875
516651,19.1650390625
516739,19.8974609375
516772,22.0947265625
516843,18.12744140625
517053,22.15576171875
517158,20.56884765625
517242,17.578125
517267,21.484375
517302,19.6533203125
517318,23.74267578125
517349,20.1416015625
517373,21.728515625
517415,23.62060546875
517425,22.76611328125
517485,18.6767578125
517499,34.72900390625
517570,21.17919921875
517588,18.61572265625
517857,20.263671875
528388,20.263671875
528532,18.98193359375
528554,17.333984375
528683,20.263671875
528712,34.36279296875
528755,17.578125
528779,32.53173828125
528793,17.4560546875
528834,18.06640625
528865,29.296875
528903,17.4560546875
528976,19.04296875
528988,17.63916015625
529017,23.01025390625
529034,28.74755859375
529324,23.37646484375
530282,19.287109375
530407,18.73779296875
530740,20.1416015625
546210,18.310546875
546223,18.310546875
546451,19.287109375
546488,23.5595703125
546549,22.88818359375
546581,20.08056640625
546644,18.06640625
546671,17.51708984375
546695,21.3623046875
546734,25.0244140625
546748,23.01025390625
546783,49.86572265625
546824,28.50341796875
546834,23.92578125
546884,18.61572265625
546910,23.8037109375
546925,17.51708984375
546965,26.42822265625
546998,20.1416015625
547210,19.71435546875
547290,19.10400390625
547320,18.6767578125
547420,20.263671875
547849,20.99609375
548182,20.263671875
548280,17.9443359375
578883,18.9208984375
578990,28.9306640625
579006,20.8740234375
579074,24.2919921875
580864,18.5546875
606871,23.13232421875
606910,17.76123046875
606994,31.3720703125
607111,17.39501953125
607179,19.6533203125
607296,18.85986328125
607313,19.04296875
607344,28.13720703125
607358,31.8603515625
607381,20.6298828125
607397,24.658203125
607429,30.21240234375
607464,20.8740234375
607478,18.73779296875
607505,27.4658203125
607546,33.87451171875
607653,19.4091796875
607688,22.88818359375
607739,21.66748046875
607775,22.94921875
607799,18.61572265625
607885,20.69091796875
607915,18.1884765625
607964,27.89306640625
607977,18.49365234375
608881,20.20263671875
609110,18.24951171875
609222,18.49365234375
636103,20.69091796875
636175,25.2685546875
636188,30.8837890625
636234,17.51708984375
636266,18.37158203125
636289,32.958984375
636327,24.84130859375
636374,21.1181640625
636402,24.96337890625
636424,18.24951171875
636449,24.71923828125
636469,17.63916015625
636491,17.39501953125
636531,20.56884765625
636564,22.27783203125
636602,21.42333984375
636613,23.01025390625
636665,19.1650390625
636685,23.98681640625
636707,34.24072265625
636739,23.37646484375
636771,22.4609375
636803,22.8271484375
636877,23.681640625
636909,18.6767578125
637207,18.73779296875
637570,17.63916015625
637788,18.12744140625
637801,18.6767578125
637832,24.0478515625
637878,20.81298828125
638050,19.53125
638360,20.751953125
669496,17.76123046875
669574,19.34814453125
669693,21.484375
669706,21.484375
669780,20.81298828125
669834,18.798828125
669918,19.1650390625
669988,21.66748046875
670015,18.798828125
670044,19.4091796875
670072,18.5546875
670114,29.4189453125
670201,25.634765625
670260,23.25439453125
670342,21.484375
670599,21.30126953125
670748,20.3857421875
671150,17.39501953125
671456,17.822265625
671696,17.63916015625
671714,17.39501953125
702294,17.4560546875
702362,19.83642578125
702508,18.6767578125
702720,26.30615234375
702798,24.4140625
702840,21.3623046875
702923,18.98193359375
703029,29.96826171875
703057,18.4326171875
703248,20.1416015625
703408,18.24951171875
723167,20.08056640625
723334,20.44677734375
723372,24.0478515625
723423,17.578125
723433,21.05712890625
723458,21.3623046875
723470,20.263671875
723493,17.88330078125
723538,20.751953125
723572,23.98681640625
723701,23.3154296875
723804,19.59228515625
723892,21.17919921875
723975,19.8974609375
724267,18.37158203125
724701,19.34814453125
758378,18.798828125
758438,17.51708984375
774564,19.47021484375
774613,20.3857421875
785826,20.3857421875
785843,20.8740234375
785942,19.71435546875
785977,18.24951171875
786072,17.63916015625
786101,18.6767578125
786123,25.2685546875
786156,21.1181640625
786188,24.23095703125
786220,21.54541015625
786285,20.6298828125
786302,18.12744140625
786316,19.775390625
786346,18.12744140625
786374,18.98193359375
786391,22.705078125
786444,18.5546875
786473,21.484375
786500,22.94921875
786519,20.44677734375
786545,23.5595703125
786582,25.390625
786598,26.9775390625
786661,17.39501953125
786672,19.1650390625
786688,21.240234375
787872,20.20263671875
788064,18.12744140625
788080,17.822265625
788113,17.578125
805348,19.95849609375
807258,17.88330078125
807274,20.3857421875
807387,18.98193359375
807827,19.775390625
807919,23.86474609375
807947,22.27783203125
807989,26.18408203125
808069,24.2919921875
808088,17.9443359375
808108,24.2919921875
808131,17.7001953125
808156,23.25439453125
808187,19.6533203125
808247,20.1416015625
808279,25.57373046875
808347,20.99609375
808420,25.08544921875
808587,17.822265625
808636,19.22607421875
808692,19.04296875
808711,22.03369140625
808797,17.822265625
809298,18.4326171875
841135,24.7802734375
841270,18.37158203125
841338,20.99609375
841529,17.4560546875
841836,19.47021484375
841895,19.10400390625
842334,17.578125
842394,18.5546875
842476,18.49365234375
842587,19.59228515625
842616,20.20263671875
842682,19.4091796875
842738,20.69091796875
842834,18.61572265625
842931,25.81787109375
843184,20.99609375
843392,18.12744140625
865437,18.00537109375
865679,20.81298828125
865814,19.6533203125
865889,20.751953125
866054,18.798828125
866243,17.88330078125
867251,18.6767578125
867280,25.634765625
867411,19.287109375
867807,18.00537109375
889944,29.541015625
890078,21.6064453125
890178,18.98193359375
892191,18.1884765625
892255,21.42333984375
892434,18.6767578125
892451,17.88330078125
892487,19.6533203125
892551,18.85986328125
892713,18.00537109375
892984,21.30126953125
892994,23.4375
893194,18.12744140625
893435,23.3154296875
893464,17.4560546875
893730,18.73779296875
923732,19.1650390625
923753,22.15576171875
923810,18.12744140625
923900,17.7001953125
923965,17.333984375
924057,17.7001953125
925121,17.333984375
925268,18.49365234375
925354,20.751953125
925514,23.92578125
925608,18.5546875
925706,19.8974609375
925732,21.78955078125
925800,17.9443359375
926044,20.8740234375
926493,19.10400390625
951200,19.775390625
951903,17.578125
951968,18.9208984375
952948,20.81298828125
953024,20.56884765625
953881,21.240234375
953913,22.76611328125
954000,19.04296875
954080,32.1044921875
954107,18.98193359375
954157,17.578125
954195,20.32470703125
954208,33.0810546875
954316,19.6533203125
954327,29.72412109375
954436,22.94921875
954849,19.95849609375
954872,18.06640625
955310,18.37158203125
984330,17.39501953125
984685,18.4326171875
984991,17.7001953125
985305,27.64892578125
985382,22.4609375
986151,21.8505859375
986817,18.24951171875
986853,20.6298828125
986997,19.71435546875
987108,21.484375
987360,20.6298828125
987428,20.6298828125
987585,18.24951171875
987657,18.5546875
987706,24.10888671875
987966,17.9443359375
1008168,20.01953125
1008389,17.7001953125
1008560,21.91162109375
1008662,20.01953125
1008751,19.4091796875
1010591,21.3623046875
1010746,21.3623046875
1010758,24.71923828125
1010781,18.00537109375
1010851,22.39990234375
1010891,23.37646484375
1010907,18.9208984375
1010967,17.4560546875
1011021,17.578125
1011079,19.53125
1011151,20.5078125
1011222,19.8974609375
1011319,20.44677734375
1011388,18.98193359375
1011463,28.4423828125
1011611,18.00537109375
1011717,17.39501953125
1011999,20.44677734375
1039174,22.216796875
1039248,18.00537109375
1039341,19.1650390625
1039361,23.5595703125
1039423,20.99609375
1039759,17.7001953125
1040895,18.12744140625
1041089,18.00537109375
1041199,21.3623046875
1041350,19.1650390625
1041447,18.5546875
1041475,19.6533203125
1041907,17.7001953125
1041938,18.49365234375
1041948,18.00537109375
1042132,19.1650390625
1042177,21.484375
1042588,17.578125
1042831,17.88330078125
1059888,17.578125
1060092,17.822265625
1060147,19.4091796875
1060239,18.98193359375
1060291,20.56884765625
1062498,19.83642578125
1062811,20.01953125
1063046,17.333984375
1063113,19.775390625
1063226,19.10400390625
1063249,22.8271484375
1063285,22.94921875
1063474,22.03369140625
1063589,19.8974609375
1063688,19.53125
1063787,17.63916015625
1063797,18.798828125
1063927,18.98193359375
1064007,25.390625
1064062,20.6298828125
1064231,18.37158203125
1064272,18.1884765625
1064297,18.24951171875
1097302,17.578125
1097340,23.01025390625
1097407,19.10400390625
1097463,19.4091796875
1097521,17.88330078125
1098999,19.6533203125
1099141,20.5078125
1099151,27.64892578125
1099280,19.4091796875
1099322,19.6533203125
1099456,20.56884765625
1099720,17.63916015625
1099857,21.66748046875
1099869,20.44677734375
1099915,18.310546875
1100262,19.775390625
1118829,21.91162109375
1118879,21.8505859375
1118990,20.3857421875
1119053,26.55029296875
1119187,17.333984375
1119281,17.9443359375
1120299,18.24951171875
1120613,18.06640625
1120906,17.9443359375
1121050,20.6298828125
1121087,17.9443359375
1121134,20.81298828125
1121646,17.7001953125
1121848,17.7001953125
1121935,20.8740234375
1122891,17.76123046875
1153312,20.32470703125
1153429,18.85986328125
1153652,22.4609375
1153710,24.23095703125
1153744,18.06640625
1153768,20.1416015625
1153819,18.06640625
1153839,18.06640625
1153986,19.287109375
1154567,18.73779296875
1154889,17.333984375
1155104,21.484375
1155283,18.49365234375
1155305,18.12744140625
1155344,18.310546875
1155395,17.4560546875
1155449,19.22607421875
1155485,17.9443359375
1155547,18.12744140625
1155728,18.49365234375
1155879,19.59228515625
1156295,17.9443359375
1185712,17.822265625
1185807,17.39501953125
1185966,20.3857421875
1186017,17.4560546875
1186445,17.39501953125
1187665,18.6767578125
1187926,17.578125
1188334,20.3857421875
1188547,18.12744140625
1188717,22.88818359375
1207694,17.822265625
1207804,18.61572265625
1207900,21.3623046875
1207940,17.333984375
1207997,18.12744140625
1208099,18.6767578125
1210674,27.28271484375
1210799,23.193359375
1210811,24.0478515625
1210826,21.17919921875
1211120,20.6298828125
1211255,18.12744140625
1211419,23.86474609375
1211570,18.24951171875
1212038,20.01953125
1242831,20.56884765625
1242956,17.76123046875
1243066,18.5546875
1243125,19.04296875
1243748,19.83642578125
1244028,17.822265625
1245804,18.1884765625
1245997,24.7802734375
1246069,17.7001953125
1246143,17.333984375
1246276,19.287109375
1246343,19.775390625
1266702,17.333984375
1277914,17.63916015625
1278191,18.4326171875
1278251,20.6298828125
1278470,18.49365234375
1278508,20.263671875
1280268,21.54541015625
1280651,23.13232421875
1280751,17.578125
1280774,18.6767578125
1280900,18.98193359375
1280972,20.263671875
1281063,19.71435546875
1281849,20.8740234375
1312009,18.06640625
1312168,18.61572265625
1312210,17.333984375
1312237,19.59228515625
1312276,17.9443359375
1312318,22.216796875
1312391,17.578125
1316007,21.42333984375
1316057,18.310546875
1316716,19.71435546875
1329075,20.93505859375
1329294,18.1884765625
1329348,21.8505859375
1329567,23.74267578125
1330219,17.578125
1332583,25.146484375
1332650,17.822265625
1332681,21.17919921875
1332722,20.01953125
1332734,21.3623046875
1332786,20.5078125
1332830,17.9443359375
1332870,20.1416015625
1332924,17.88330078125
1333026,19.53125
1333046,19.34814453125
1333225,18.98193359375
1334068,19.287109375
1372224,18.06640625
1372813,18.24951171875
1373494,18.61572265625
1373648,20.32470703125
1374006,20.01953125
1374168,20.3857421875
1374273,19.6533203125
1374292,18.310546875
1374373,17.39501953125
1374413,17.822265625
1374496,18.06640625
1374633,19.287109375
1374900,20.20263671875
1375043,24.658203125
1375275,17.4560546875
1375791,18.06640625
1378450,21.91162109375
1378592,22.03369140625
1378640,23.01025390625
1378891,19.22607421875
1378952,18.24951171875
1379027,18.06640625
1379094,17.578125
1425354,18.5546875
1425951,17.7001953125
1430407,18.85986328125
1430532,18.6767578125
1430632,18.61572265625
1430731,20.69091796875
1430871,19.04296875
1430940,18.85986328125
1431349,22.8271484375
1431527,18.98193359375
1431947,20.8740234375
1432081,17.39501953125
1458380,18.49365234375
1473541,17.39501953125
1473819,20.69091796875
1473948,17.333984375
1474132,18.49365234375
1474246,26.0009765625
1495069,19.04296875
1496012,18.1884765625
1496821,17.333984375
1524655,17.51708984375
1525634,17.63916015625
1544080,19.287109375
1560483,18.1884765625
1581444,19.1650390625
1589347,17.88330078125
1590246,20.08056640625
1593179,17.7001953125
1593425,20.1416015625
1654977,19.34814453125
1655070,17.76123046875
1655194,20.81298828125
1671260,17.822265625
1689287,18.798828125
1722002,21.240234375
1732134,22.76611328125
1740508,19.4091796875
1740695,28.80859375
1767539,17.63916015625
1767585,19.83642578125
1775053,19.71435546875
1778166,22.64404296875
1808846,18.49365234375
1821857,18.61572265625
1849343,19.34814453125
1849452,28.99169921875
1850536,19.8974609375
1867422,17.63916015625
1880627,19.04296875
1880730,17.51708984375
1882775,23.86474609375
1884076,18.24951171875
1895437,18.85986328125
1895531,20.8740234375
1919050,25.390625
1919131,21.17919921875
1919417,20.751953125
1931735,22.8271484375
1948455,18.12744140625
1961328,18.12744140625
1982867,18.00537109375
1989500,23.62060546875
1989524,19.95849609375
1989573,25.93994140625
1989589,21.17919921875
1989639,18.73779296875
1989664,27.52685546875
1989690,22.27783203125
1989706,34.85107421875
1989725,33.26416015625
1989758,17.4560546875
1989788,23.193359375
1989819,22.03369140625
1989859,22.15576171875
1989886,23.3154296875
1989898,21.97265625
1989924,18.5546875
1989993,19.83642578125
1990086,20.3857421875
1990213,18.6767578125
1990317,18.85986328125
1990428,18.4326171875
1990492,27.9541015625
1990648,17.333984375
2012398,18.310546875
2012740,22.52197265625
2012785,21.1181640625
2012818,19.71435546875
2012833,28.50341796875
2012853,24.23095703125
2012886,20.263671875
2012914,19.83642578125
2012965,18.49365234375
2012986,17.822265625
2013018,23.193359375
2013062,21.8505859375
2013093,30.517578125
2013106,18.798828125
2013152,29.78515625
2013191,23.01025390625
2013222,23.25439453125
2013232,20.99609375
2013273,18.73779296875
2013365,18.06640625
2013422,18.24951171875
2013529,18.798828125
2013602,17.333984375
2034075,17.333984375
2034284,18.73779296875
2044794,22.03369140625
2046451,17.333984375
2046630,19.6533203125
2046781,17.822265625
2046902,17.39501953125
2066513,17.822265625
2090493,17.63916015625
2110087,18.4326171875
2110189,17.63916015625
2110314,20.93505859375
2118534,20.20263671875
2118573,19.34814453125
2118595,29.60205078125
2118623,28.13720703125
2118649,22.15576171875
2118679,19.04296875
2118718,22.4609375
2118743,29.11376953125
2118761,18.06640625
2118795,21.05712890625
2118820,20.44677734375
2118853,20.751953125
2118872,19.71435546875
2118893,19.287109375
2118956,23.5595703125
2118996,17.9443359375
2119009,20.1416015625
2119097,25.146484375
2119130,20.20263671875
2119197,21.97265625
2119242,21.05712890625
2119380,24.59716796875
2119760,17.51708984375
2119830,17.578125
2120236,19.775390625
2146957,20.99609375
2149527,20.20263671875
2171933,18.5546875
2186777,18.06640625
2188469,19.59228515625
2188858,17.63916015625
2189459,23.92578125
2189502,20.263671875
2189728,17.4560546875
2202146,17.63916015625
2202653,20.751953125
2205939,18.98193359375
2206277,25.7568359375
2214051,18.73779296875
2214077,18.4326171875
2222311,24.10888671875
2230811,18.798828125
2236182,17.88330078125
2236273,21.78955078125
2236287,20.01953125
2268194,18.12744140625
2272234,17.4560546875
2272361,18.49365234375
2275135,21.42333984375
2276034,17.822265625
2276067,24.0478515625
2305149,19.95849609375
2312598,20.20263671875
2323165,19.53125
2323219,18.310546875
2323330,19.59228515625
2323540,18.1884765625
2323554,22.94921875
2323592,23.98681640625
2323623,27.83203125
2323638,25.390625
2323651,19.34814453125
2323687,24.7802734375
2323707,23.25439453125
2323769,20.1416015625
2324015,18.1884765625
2324615,19.8974609375
2347966,20.20263671875
2348215,24.23095703125
2349911,19.6533203125
2365515,17.9443359375
2365643,19.4091796875
2365807,18.00537109375
2381729,20.751953125
2391502,17.7001953125
2391599,18.1884765625
2396510,18.5546875
2396573,18.12744140625
2396611,21.3623046875
2409370,18.310546875
2423898,22.15576171875
2424119,20.6298828125
2435441,18.798828125
2453556,17.333984375
2453593,17.9443359375
2453938,17.578125
2461994,18.9208984375
2462127,18.5546875
2467666,19.10400390625
2467764,18.37158203125
2467833,24.23095703125
2467940,27.03857421875
2467989,21.30126953125
2468012,19.83642578125
2468040,17.7001953125
2468059,25.390625
2468100,38.63525390625
2468113,25.32958984375
2468129,37.4755859375
2468158,26.06201171875
2468168,31.18896484375
2468189,25.146484375
2468226,25.57373046875
2468282,18.9208984375
2491063,17.4560546875
2491147,20.56884765625
2491253,18.73779296875
2491265,19.10400390625
2491317,17.578125
2520153,17.39501953125
2523519,18.37158203125
2523831,17.88330078125
2548251,19.47021484375
2559029,17.7001953125
2559614,17.63916015625
2566366,17.333984375
2566759,18.24951171875
2572528,20.6298828125
2572680,24.5361328125
2583364,17.333984375
2583766,23.62060546875
2583989,22.27783203125
2603234,19.8974609375
2603300,17.4560546875
2604465,17.9443359375
2610773,17.63916015625
2618657,18.24951171875
2643570,19.22607421875
2643631,19.34814453125
2643654,17.88330078125
2648921,17.578125
2649112,19.53125
2666551,18.49365234375
2684097,18.9208984375
2684163,19.47021484375
2684282,24.0478515625
2698096,18.798828125
2701020,18.798828125
2705422,17.51708984375
2715911,17.578125
2720722,18.37158203125
2720763,19.71435546875
2720814,19.287109375
2729417,20.8740234375
2729665,23.5595703125
2739816,17.9443359375
2740177,21.17919921875
2762884,20.3857421875
2770071,18.6767578125
2776073,17.63916015625
2780910,19.71435546875
2784737,19.71435546875
2785130,17.333984375
2815679,23.0712890625
2818467,19.04296875
2818885,20.93505859375
2819061,17.76123046875
2819352,17.578125
2835655,17.7001953125
2835777,19.775390625
2835851,21.728515625
2835867,26.0009765625
2835995,21.6064453125
2836149,17.333984375
2836300,17.578125
2851018,21.240234375
2861035,18.1884765625
2861069,18.24951171875
2861191,17.7001953125
2861206,17.822265625
2861231,32.04345703125
2861256,41.07666015625
2861273,44.43359375
2861293,30.57861328125
2861326,29.4189453125
2861343,40.771484375
2861365,19.04296875
2861405,21.6064453125
2861431,20.99609375
2861498,17.88330078125
2862292,23.25439453125
2879929,18.61572265625
2879946,23.86474609375
2880007,19.71435546875
2880020,19.47021484375
2880049,29.541015625
2880061,25.20751953125
2880093,24.169921875
2880143,17.822265625
2880158,26.18408203125
2880193,21.1181640625
2880284,22.88818359375
2880584,20.5078125
2880761,20.263671875
2880826,17.578125
2880843,19.83642578125
2880962,18.85986328125
2881005,29.11376953125
2881018,31.55517578125
2881036,23.681640625
2881106,18.1884765625
2881176,18.798828125
2881229,20.44677734375
2881253,18.98193359375
2881280,22.76611328125
2881335,18.00537109375
2881406,22.94921875
2881418,19.22607421875
2903714,25.93994140625
2903759,22.03369140625
2903782,35.09521484375
2903815,22.39990234375
2903839,23.37646484375
2903857,33.50830078125
2903880,21.484375
2903918,37.29248046875
2903936,17.39501953125
2904337,18.5546875
2904417,20.56884765625
2904556,19.1650390625
2904635,18.310546875
2904674,23.92578125
2904709,17.39501953125
2904728,19.83642578125
2904773,17.822265625
2904798,25.5126953125
2904817,19.59228515625
2904840,21.42333984375
2904897,23.74267578125
2904931,17.63916015625
2905051,17.51708984375
2905084,18.5546875
2905111,17.4560546875
2905155,18.310546875
2905200,20.99609375
2929866,18.06640625
2929888,20.5078125
2929912,20.01953125
2929941,24.10888671875
2929961,26.55029296875
2929986,19.22607421875
2930044,22.27783203125
2930062,17.7001953125
2930079,22.03369140625
2930106,23.92578125
2930154,28.4423828125
2930168,29.4189453125
2930195,18.5546875
2930250,20.01953125
2930270,23.92578125
2930284,17.578125
2930320,19.71435546875
2930423,17.88330078125
2930436,18.5546875
2930473,23.3154296875
2930496,22.8271484375
2930537,18.49365234375
2930812,18.4326171875
2930870,20.5078125
2931336,24.5361328125
2954936,18.310546875
2955119,18.798828125
2955149,28.01513671875
2955170,23.8037109375
2955242,20.69091796875
2955271,18.24951171875
2955291,17.9443359375
2955316,18.1884765625
2955370,19.83642578125
2955399,17.4560546875
2955470,19.53125
2955514,19.8974609375
2956417,17.4560546875
2956494,19.34814453125
2956542,20.6298828125
2956666,18.98193359375
2956736,17.822265625
2956770,17.822265625
2956806,18.98193359375
2956818,24.47509765625
2956907,18.06640625
2956937,18.37158203125
2957071,20.56884765625
2957404,17.39501953125
2976507,21.42333984375
2976539,19.47021484375
2976568,17.88330078125
2976600,25.2685546875
2976690,22.5830078125
2976709,18.61572265625
2976740,23.8037109375
2976831,22.64404296875
2976875,19.95849609375
2976904,17.39501953125
2976930,25.20751953125
2976976,21.1181640625
2977005,17.88330078125
2977079,17.7001953125
2977125,18.06640625
2977185,17.333984375
2977302,24.10888671875
2977473,19.1650390625
2977494,19.287109375
2977535,17.333984375
2977565,20.5078125
2977614,17.39501953125
2977664,17.7001953125
2977701,20.1416015625
2977738,17.39501953125
2977899,19.53125
2978237,20.32470703125
3002152,17.4560546875
3002164,23.13232421875
3002211,17.822265625
3002262,27.099609375
3002328,19.59228515625
3002403,21.17919921875
3002414,22.27783203125
3002453,17.39501953125
3002532,21.54541015625
3002575,19.47021484375
3002942,17.39501953125
3003363,17.76123046875
3003483,19.287109375
3003523,19.287109375
3003605,17.578125
3003621,17.333984375
3003662,26.2451171875
3003749,18.12744140625
3003780,17.63916015625
3003798,17.333984375
3003911,18.06640625
3003992,18.12744140625
3005242,20.99609375
3022599,20.44677734375
3022716,17.51708984375
3022771,21.240234375
3022803,33.87451171875
3022889,20.5078125
3023040,24.2919921875
3023055,24.0478515625
3023588,17.88330078125
3024121,20.6298828125
3024210,18.98193359375
3024235,28.3203125
3024271,18.37158203125
3024340,19.95849609375
3024390,17.88330078125
3024409,18.49365234375
3024452,21.66748046875
3024526,28.25927734375
3024559,27.4658203125
3024710,26.7333984375
3024878,21.8505859375
3025115,18.37158203125
3025504,17.4560546875
3043341,18.73779296875
3043637,19.8974609375
3043683,18.9208984375
3043707,19.59228515625
3043790,18.98193359375
3043808,25.32958984375
3043892,17.822265625
3043931,17.7001953125
3044041,22.8271484375
3044069,18.1884765625
3044815,17.7001953125
3044832,24.35302734375
3044919,20.32470703125
3044961,19.8974609375
3044995,18.85986328125
3045049,17.578125
3045087,22.52197265625
3045130,22.5830078125
3045989,18.1884765625
3065888,22.64404296875
3065950,21.728515625
3066012,17.76123046875
3066403,22.705078125
3066447,18.9208984375
3067146,20.08056640625
3067204,17.4560546875
3067229,22.4609375
3067362,23.25439453125
3067382,24.96337890625
3067420,18.4326171875
3067465,18.1884765625
3067523,25.7568359375
3067645,19.47021484375
3067783,18.85986328125
3067884,17.333984375
3068060,21.6064453125
3085272,18.6767578125
3085729,20.20263671875
3085804,18.00537109375
3086743,18.49365234375
3086834,20.20263671875
3086887,19.47021484375
3086977,18.49365234375
3087007,18.4326171875
3087047,23.193359375
3108641,17.76123046875
3108715,20.08056640625
3108728,37.17041015625
3108867,20.08056640625
3109785,18.49365234375
3109831,22.52197265625
3110001,24.10888671875
3110031,17.4560546875
3110149,18.61572265625
3110178,17.76123046875
3110336,20.751953125
3111239,20.44677734375
3127779,20.44677734375
3127829,24.2919921875
3127951,18.00537109375
3127988,21.42333984375
3128000,17.39501953125
3128030,19.34814453125
3128087,18.98193359375
3128118,20.20263671875
3128168,17.822265625
3128210,17.7001953125
3128509,21.3623046875
3129015,17.9443359375
3129192,27.03857421875
3129215,20.3857421875
3129249,18.49365234375
3129284,26.06201171875
3129606,25.20751953125
3129629,20.3857421875
3129773,18.24951171875
3129829,18.5546875
3149343,19.287109375
3149501,19.22607421875
3149545,22.216796875
3149670,23.5595703125
3149729,18.06640625
3149781,17.578125
3149832,18.1884765625
3149932,20.99609375
3149977,19.287109375
3149999,19.34814453125
3150027,18.06640625
3150111,17.76123046875
3150249,20.08056640625
3150691,20.6298828125
3150812,20.8740234375
3150893,19.34814453125
3150935,19.47021484375
3150948,23.3154296875
3151075,21.6064453125
3151108,17.63916015625
3151217,18.00537109375
3151245,17.88330078125
3151387,18.4326171875
3151510,20.3857421875
3152204,19.10400390625
3170295,17.39501953125
3170965,22.3388671875
3171012,20.32470703125
3171078,24.5361328125
3171348,20.81298828125
3171407,20.20263671875
3172377,20.8740234375
3172416,20.263671875
3172448,20.751953125
3172604,18.6767578125
3172667,24.5361328125
3172830,21.66748046875
3172852,17.333984375
3172982,21.3623046875
3193385,18.6767578125
3193572,17.822265625
3193704,25.2685546875
3193740,20.32470703125
3193764,18.4326171875
3193809,18.6767578125
3193878,17.822265625
3194042,17.578125
3194398,18.310546875
3194860,17.88330078125
3194984,24.2919921875
3195069,20.69091796875
3195114,20.44677734375
3195180,22.64404296875
3195215,19.8974609375
3195263,18.98193359375
3195346,20.32470703125
3195389,21.728515625
3195499,18.310546875
3215319,18.1884765625
3215417,18.85986328125
3215488,18.98193359375
3215590,19.287109375
3215674,20.8740234375
3215689,18.310546875
3215737,22.03369140625
3215748,21.54541015625
3215773,17.7001953125
3216107,22.5830078125
3216124,19.10400390625
3216325,19.8974609375
3216511,19.59228515625
3216633,19.22607421875
3216900,17.822265625
3217040,18.61572265625
3217060,17.76123046875
3217085,19.47021484375
3217140,19.10400390625
3217210,20.32470703125
3217279,22.8271484375
3217438,22.216796875
3217665,19.10400390625
3238250,17.7001953125
3238554,18.9208984375
3238622,17.63916015625
3238641,17.4560546875
3238661,20.8740234375
3238695,17.63916015625
3238753,23.74267578125
3238838,18.37158203125
3238897,21.97265625
3239121,19.22607421875
3239178,17.88330078125
3239498,19.34814453125
3239957,21.42333984375
3240176,17.51708984375
3240368,20.8740234375
3241064,25.146484375
3260540,18.310546875
3260742,19.22607421875
3260900,17.51708984375
3260934,19.95849609375
3261002,17.333984375
3261108,20.32470703125
3261195,17.822265625
3261212,18.73779296875
3261262,17.39501953125
3261429,18.98193359375
3262457,19.8974609375
3262477,18.12744140625
3262600,17.9443359375
3262668,24.10888671875
3262691,17.4560546875
3262805,19.71435546875
3263248,18.1884765625
3263629,21.8505859375
3283022,17.578125
3283055,22.4609375
3283270,22.705078125
3283281,20.56884765625
3284661,19.10400390625
3284778,17.63916015625
3284822,17.4560546875
3284855,18.24951171875
3284899,17.822265625
3284979,26.67236328125
3285308,18.73779296875
3285465,17.39501953125
3303768,20.32470703125
3303784,18.5546875
3303940,18.12744140625
3303999,17.51708984375
3304085,21.8505859375
3304148,18.4326171875
3304207,19.83642578125
3304333,20.01953125
3304343,18.24951171875
3304426,19.1650390625
3304632,20.08056640625
3306016,18.85986328125
3306090,20.69091796875
3306130,17.822265625
3306293,18.5546875
3306419,20.32470703125
3306607,18.5546875
3306631,20.99609375
3306651,17.51708984375
3306732,17.39501953125
3306810,19.775390625
3307088,18.61572265625
3307260,21.6064453125
3307625,18.37158203125
3328987,20.3857421875
3329138,24.90234375
3329151,19.04296875
3329202,21.17919921875
3329252,18.9208984375
3329307,28.1982421875
3329335,18.4326171875
3329470,19.775390625
3329598,22.0947265625
3329957,17.63916015625
3331246,17.7001953125
3331321,18.5546875
3331338,17.39501953125
3331499,20.08056640625
3331669,17.822265625
3331777,17.39501953125
3332014,17.7001953125
3352879,17.4560546875
3353090,21.78955078125
3353160,28.13720703125
3353212,17.63916015625
3353226,22.76611328125
3353282,17.822265625
3353360,19.59228515625
3353384,22.88818359375
3353409,19.1650390625
3353438,23.37646484375
3354973,18.37158203125
3355226,17.4560546875
3355528,18.5546875
3355549,21.17919921875
3355703,23.13232421875
3356030,19.83642578125
3375259,18.61572265625
3375471,25.69580078125
3375524,21.78955078125
3375565,18.5546875
3375607,25.0244140625
3396998,20.69091796875
3397052,19.8974609375
3397114,20.8740234375
3397164,17.39501953125
3397181,17.822265625
3397252,17.4560546875
3397283,17.333984375
3397368,22.03369140625
3397394,19.10400390625
3397529,18.5546875
3397608,20.3857421875
3397652,18.06640625
3397689,18.9208984375
3397796,20.08056640625
3397938,21.17919921875
3417810,17.63916015625
3418049,18.5546875
3418099,17.51708984375
3418132,23.37646484375
3418299,17.822265625
3418415,17.578125
3418496,21.240234375
3418595,18.12744140625
3418682,17.39501953125
3418830,19.10400390625
3434504,17.7001953125
3434961,20.263671875
3435672,17.822265625
3435817,20.6298828125
3435897,18.61572265625
3436088,19.95849609375
3436134,20.3857421875
3436367,19.8974609375
3436457,18.12744140625
3436505,18.1884765625
3436785,20.32470703125
3438860,17.333984375
3460768,17.4560546875
3460907,17.51708984375
3461093,21.484375
3461143,17.63916015625
3461337,21.6064453125
3463912,19.95849609375
3486403,18.24951171875
3486634,18.00537109375
3486840,18.798828125
3486911,20.6298828125
3486944,23.193359375
3486992,23.13232421875
3487068,19.22607421875
3487397,17.7001953125
3509942,20.56884765625
3510539,18.06640625
3511294,18.310546875
3512209,19.287109375
3514881,18.12744140625
3515328,17.4560546875
3520480,21.8505859375
3541538,18.12744140625
3541754,18.12744140625
3541888,17.39501953125
3542179,18.310546875
3542406,23.5595703125
3542785,18.73779296875
3582798,17.88330078125
3605035,17.76123046875
3620843,18.798828125
3639749,19.4091796875
3671740,18.61572265625
3743990,23.4375
3749463,21.240234375
3777168,19.95849609375
3777463,19.04296875
3778780,18.12744140625
3792324,18.4326171875
3866903,18.49365234375
3869795,17.578125
3882608,17.39501953125
3890834,20.93505859375
3899281,17.76123046875
3899369,19.6533203125
3922491,19.47021484375
3932018,21.484375
3959643,17.39501953125
3959811,18.06640625
3959911,20.69091796875
3959995,19.71435546875
3960112,19.22607421875
3960137,21.91162109375
3960180,21.42333984375
3960204,39.24560546875
3960224,24.71923828125
3960249,25.81787109375
3960268,24.96337890625
3960290,19.1650390625
3960346,26.67236328125
3960364,22.705078125
3960821,17.63916015625
4035357,19.47021484375
4045322,18.310546875
4056636,18.24951171875
4090019,17.7001953125
4091200,17.7001953125
4093983,19.83642578125
4094290,18.06640625
4094734,20.263671875
4094843,31.73828125
4094858,20.32470703125
4094906,22.4609375
4094919,24.71923828125
4094940,24.0478515625
4094961,29.47998046875
4095000,33.203125
4095011,28.50341796875
4095021,18.310546875
4095065,17.88330078125
4095088,25.08544921875
4095739,17.51708984375
4136098,21.30126953125
4136135,22.0947265625
4140182,18.85986328125
4141025,20.1416015625
4141293,18.85986328125
4141322,17.88330078125
4141370,19.6533203125
4141448,36.92626953125
4141474,18.24951171875
4141554,18.61572265625
4141567,18.61572265625
4141582,23.98681640625
4141601,17.9443359375
4141649,17.51708984375
4141676,31.494140625
4141697,17.88330078125
4141772,25.93994140625
4195906,17.63916015625
4215100,20.5078125
4215264,18.4326171875
4227805,18.9208984375
4228508,19.59228515625
4228583,19.83642578125
4228723,17.822265625
4228753,20.751953125
4228783,31.005859375
4228812,17.9443359375
4228835,28.99169921875
4228868,23.25439453125
4228900,17.822265625
4228938,22.03369140625
4228967,25.45166015625
4228981,18.24951171875
4229015,23.8037109375
4229042,18.310546875
4229094,26.06201171875
4229109,27.77099609375
4229216,22.5830078125
4229255,17.51708984375
4265276,17.4560546875
4265939,18.12744140625
4302342,17.51708984375
4305549,17.39501953125
4317977,20.32470703125
4348849,18.798828125
4357267,17.63916015625
4379442,19.34814453125
4409741,17.63916015625
4409814,17.578125
4423059,17.9443359375
4425655,20.263671875
4426390,19.59228515625
4426626,18.1884765625
4426654,21.97265625
4426750,19.95849609375
4426804,25.08544921875
4426968,19.6533203125
4427138,18.5546875
4427217,19.775390625
4427270,25.20751953125
4427381,18.9208984375
4427423,27.099609375
4427453,20.6298828125
4427562,25.45166015625
4427597,28.74755859375
4427681,18.49365234375
4427832,17.76123046875
4428055,18.06640625
4492328,20.81298828125
4517080,22.03369140625
4582726,18.310546875
4583680,17.578125
4585135,19.10400390625
4585582,20.20263671875
4585707,17.76123046875
4610592,18.49365234375
4640629,20.20263671875
4655734,18.49365234375
4664297,22.4609375
4664315,29.1748046875
4664358,22.3388671875
4664386,26.30615234375
4664404,33.935546875
4664427,22.39990234375
4664441,27.77099609375
4664454,25.08544921875
4664484,35.33935546875
4664501,24.47509765625
4664538,24.47509765625
4664686,20.20263671875
4665129,19.1650390625
4665220,17.578125
4665315,21.484375
4665789,20.56884765625
4702994,19.47021484375
4703025,17.39501953125
4703122,18.73779296875
4722374,18.85986328125
4722521,18.5546875
4722606,17.9443359375
4722631,27.7099609375
4722644,18.98193359375
4722686,27.52685546875
4722744,19.775390625
4722762,26.4892578125
4722798,23.8037109375
4722824,24.7802734375
4722886,28.74755859375
4722913,18.73779296875
4723052,24.10888671875
4723357,17.578125
4723388,25.69580078125
4723552,23.193359375
4723813,17.578125
4723847,18.61572265625
4724035,18.24951171875
4724313,21.42333984375
4775797,24.169921875
4775831,18.24951171875
4775924,20.6298828125
4775951,20.6298828125
4775983,27.03857421875
4776033,30.70068359375
4776071,26.611328125
4776087,19.53125
4776127,17.822265625
4776245,21.6064453125
4776287,17.822265625
4776606,17.578125
4776834,18.98193359375
4776934,17.51708984375
4776992,19.4091796875
4777069,18.85986328125
4777183,20.32470703125
4777340,17.76123046875
4777533,18.98193359375
4808956,17.76123046875
4809339,20.56884765625
4809413,20.69091796875
4809452,20.1416015625
4809482,21.1181640625
4809539,26.3671875
4809594,23.49853515625
4809650,21.97265625
4809691,25.69580078125
4809755,26.7333984375
4809790,23.0712890625
4809812,19.10400390625
4809860,23.13232421875
4809924,18.4326171875
4809941,18.37158203125
4810048,22.76611328125
4810460,18.37158203125
4810990,19.4091796875
4843698,18.37158203125
4844746,17.333984375
4844889,17.63916015625
4844990,18.06640625
4845096,19.95849609375
4845508,18.00537109375
4845663,24.23095703125
4845806,21.1181640625
4845817,18.12744140625
4845846,17.51708984375
4845879,20.6298828125
4845928,21.05712890625
4845968,19.95849609375
4846000,18.85986328125
4846075,17.822265625
4846114,21.17919921875
4846196,20.32470703125
4846215,18.85986328125
4846251,18.1884765625
4875670,17.63916015625
4876836,22.39990234375
4876970,23.98681640625
4877047,19.71435546875
4877070,22.27783203125
4877109,18.24951171875
4877155,17.63916015625
4877262,17.88330078125
4877371,23.86474609375
4877513,18.24951171875
4877577,18.6767578125
4877774,20.6298828125
4878560,21.42333984375
4904981,24.658203125
4905263,22.64404296875
4905279,17.578125
4905324,22.8271484375
4905347,25.87890625
4905359,18.798828125
4905394,18.73779296875
4905425,17.76123046875
4905441,18.24951171875
4905460,32.40966796875
4905522,20.81298828125
4905578,20.99609375
4905617,20.6298828125
4905644,19.53125
4905713,22.15576171875
4905728,21.3623046875
4905843,18.12744140625
4906101,17.822265625
4906179,18.1884765625
4906585,17.51708984375
4946202,17.333984375
4946553,18.37158203125
4946580,17.9443359375
4946638,17.63916015625
4946669,19.775390625
4946773,18.4326171875
4946923,18.61572265625
4946935,17.51708984375
4947099,21.3623046875
4947195,19.34814453125
4947238,21.05712890625
4947307,23.98681640625
4947317,18.1884765625
4947354,19.8974609375
4947480,27.9541015625
4947501,18.9208984375
4947539,18.12744140625
4947619,17.51708984375
4947653,19.59228515625
4947676,17.39501953125
4947692,21.97265625
4947738,21.8505859375
4947808,26.79443359375
4947948,22.88818359375
4948007,18.5546875
4948359,21.6064453125
4983026,17.4560546875
4983405,18.798828125
4983727,17.9443359375
4984397,18.4326171875
4984503,24.59716796875
4984585,26.2451171875
4984601,20.93505859375
4984653,25.0244140625
4984693,17.9443359375
4984706,17.333984375
4984813,19.1650390625
4984858,18.06640625
4984910,19.287109375
4984947,19.1650390625
4984963,18.310546875
4984988,17.88330078125
4985118,17.578125
4985228,21.78955078125
4985275,17.4560546875
4985331,19.34814453125
4986146,19.04296875
5017715,17.39501953125
5017741,18.1884765625
5017948,20.32470703125
5018726,17.822265625
5018782,21.30126953125
5018827,19.59228515625
5018920,17.39501953125
5018993,17.333984375
5019023,18.310546875
5019039,21.1181640625
5019181,18.24951171875
5019281,19.10400390625
5019363,25.32958984375
5019408,33.8134765625
5019488,22.15576171875
5019610,21.3623046875
5019709,17.578125
5019735,19.287109375
5019878,24.35302734375
5020132,17.9443359375
5068241,17.4560546875
5069274,17.63916015625
5069409,17.51708984375
5069421,27.9541015625
5069478,20.44677734375
5069497,20.69091796875
5069537,23.49853515625
5069687,21.8505859375
5069709,23.74267578125
5069753,17.333984375
5069771,24.5361328125
5069889,21.484375
5069938,18.24951171875
5070177,18.1884765625
5070722,17.76123046875
5108136,26.18408203125
5108167,18.85986328125
5108182,24.71923828125
5108237,17.4560546875
5108277,27.7099609375
5108418,19.95849609375
5108445,23.8037109375
5108463,27.03857421875
5108501,19.34814453125
5108567,19.95849609375
5108622,21.42333984375
5108699,19.8974609375
5108748,22.15576171875
5108760,18.310546875
5108844,17.4560546875
5108916,18.9208984375
5108959,21.1181640625
5109025,19.6533203125
5109097,18.310546875
5289863,24.0478515625
5289874,27.28271484375
5289906,18.5546875
5289944,20.751953125
5289977,19.10400390625
5290004,20.08056640625
5290050,23.8037109375
5290070,20.6298828125
5290090,28.99169921875
5290118,24.2919921875
5290171,21.1181640625
5290184,20.32470703125
5290217,24.5361328125
5290246,36.31591796875
5290381,19.83642578125
5290937,18.9208984375
5292740,18.310546875
5338457,18.98193359375
5338865,18.85986328125
5338882,26.18408203125
5338932,22.15576171875
5338960,20.44677734375
5339016,25.20751953125
5339051,22.27783203125
5339140,23.86474609375
5339172,20.08056640625
5339200,29.84619140625
5339214,22.03369140625
5339266,18.85986328125
5339325,22.03369140625
5339508,19.4091796875
5339722,20.81298828125
5339800,17.51708984375
5407351,19.53125
5407418,25.69580078125
5407499,18.12744140625
5407525,19.10400390625
5407552,25.93994140625
5407594,19.34814453125
5407617,21.78955078125
5407631,24.71923828125
5407658,24.84130859375
5407684,20.5078125
5407741,24.59716796875
5407797,17.4560546875
5407871,24.0478515625
5407996,18.24951171875
5408026,19.22607421875
5408610,18.85986328125
5460504,22.3388671875
5468973,22.03369140625
5501468,17.39501953125
5501582,31.06689453125
5501675,21.484375
5501688,25.08544921875
5501741,24.47509765625
5501760,19.6533203125
5501807,26.4892578125
5501858,18.00537109375
5501869,28.62548828125
5501923,18.98193359375
5502005,20.8740234375
5502618,22.5830078125
5636573,29.4189453125
5636618,22.03369140625
5636704,20.93505859375
5636745,30.45654296875
5636783,21.484375
5636804,30.6396484375
5636826,20.8740234375
5636877,21.30126953125
5636902,19.83642578125
5636918,21.6064453125
5636963,24.96337890625
5637002,18.00537109375
5637015,22.64404296875
5637067,20.751953125
5637131,20.20263671875
5637242,18.310546875
5637337,18.61572265625
5657548,20.08056640625
5748450,17.76123046875
5748651,18.310546875
5748691,23.49853515625
5748769,26.79443359375
5748814,20.93505859375
5748824,24.35302734375
5748864,18.310546875
5748887,21.05712890625
5748916,20.01953125
5748959,27.34375
5748983,18.00537109375
5749013,20.08056640625
5749125,20.8740234375
5749245,19.10400390625
5749547,19.53125
5749837,20.1416015625
5805199,17.578125
5805270,17.39501953125
5805366,20.44677734375
5805418,17.4560546875
5805444,19.59228515625
5805464,18.73779296875
5805525,20.44677734375
5805540,17.39501953125
5805601,18.1884765625
5805683,17.51708984375
5805750,26.7333984375
5805761,21.6064453125
5805799,20.69091796875
5805873,29.541015625
5806038,17.51708984375
5939856,17.822265625
5939965,21.66748046875
5940011,18.310546875
5940051,17.88330078125
5940085,24.23095703125
5940102,19.47021484375
5940130,17.88330078125
5940166,26.611328125
5940190,19.53125
5940201,21.30126953125
5940223,25.634765625
5940277,20.751953125
5940330,25.69580078125
5940365,18.61572265625
5940391,17.9443359375
5940441,20.44677734375
5940871,19.6533203125
5941355,18.06640625
5988340,20.6298828125
5988356,20.01953125
5988417,18.4326171875
5988444,20.01953125
5988462,22.03369140625
5988515,19.34814453125
5988563,19.4091796875
5988677,18.4326171875
5988721,18.73779296875
5988736,17.63916015625
5988773,19.53125
5988815,18.310546875
5988835,19.34814453125
5988863,23.13232421875
5988880,17.63916015625
5988997,20.6298828125
5989022,18.49365234375
5989077,20.3857421875
5989252,18.9208984375
5989755,18.9208984375
6053544,24.2919921875
6053624,18.4326171875
6053734,21.42333984375
6053782,20.8740234375
6053807,19.47021484375
6053935,23.3154296875
6053981,20.44677734375
6054011,18.00537109375
6054106,26.91650390625
6054153,25.81787109375
6054187,23.13232421875
6054286,19.10400390625
6054352,21.66748046875
6054410,20.751953125
6054446,18.61572265625
6054818,20.08056640625
6065694,19.1650390625
6156270,18.61572265625
6170230,17.76123046875
6262433,18.73779296875
6507566,18.37158203125
6507597,18.24951171875
6507646,19.1650390625
6507687,17.578125
6507997,20.56884765625
6508334,19.1650390625
6508401,18.310546875
6508434,19.8974609375
6508523,22.27783203125
6508572,18.61572265625
6508589,20.20263671875
6508688,17.4560546875
6508771,17.39501953125
6508804,17.88330078125
6508833,19.83642578125
6508889,20.6298828125
6508907,20.1416015625
6509059,27.099609375
6509280,18.12744140625
6633377,17.822265625
6633416,23.25439453125
6633458,21.05712890625
6633540,23.01025390625
6633571,20.99609375
6633603,19.1650390625
6633641,21.54541015625
6633669,24.59716796875
6633696,20.5078125
6633722,20.08056640625
6633769,19.6533203125
6633807,17.76123046875
6633824,17.333984375
6633882,17.9443359375
6633915,26.2451171875
6633952,19.4091796875
6634067,20.44677734375
6634207,19.6533203125
6634880,17.39501953125
7028573,26.0009765625
7028682,19.95849609375
7028748,24.169921875
7028803,21.97265625
7028853,18.00537109375
7028882,17.39501953125
7028905,21.1181640625
7029011,24.84130859375
7029108,17.4560546875
7029624,18.5546875
7030164,21.484375
7195970,18.798828125
7196090,20.44677734375
7196127,20.751953125
7196191,25.390625
7196212,24.23095703125
7196240,23.193359375
7196285,23.0712890625
7196327,20.32470703125
7196344,22.27783203125
7196369,18.85986328125
7196573,21.54541015625
7196985,21.17919921875
7448206,18.00537109375
7448252,18.798828125
7448284,26.06201171875
7448318,20.81298828125
7448342,19.10400390625
7448358,21.42333984375
7448381,17.39501953125
7448400,23.4375
7448434,23.5595703125
7448444,19.71435546875
7448455,18.49365234375
7448477,25.45166015625
7448507,24.7802734375
7448543,19.775390625
7448645,19.59228515625
7449219,18.06640625
7449540,19.8974609375
7449614,24.658203125
7521357,19.47021484375
7609838,26.611328125
7609877,17.88330078125
7609915,20.32470703125
7609944,20.751953125
7610006,28.076171875
7610035,20.93505859375
7610062,18.06640625
7610076,28.62548828125
7610129,22.5830078125
7610274,17.822265625
7610566,18.5546875
7610883,19.22607421875
7611025,18.4326171875
7611188,17.63916015625
7611247,19.04296875
7611712,18.4326171875
7931717,17.76123046875
7931733,23.92578125
7931803,19.8974609375
7931831,27.7099609375
7931873,19.10400390625
7931920,22.216796875
7931955,19.6533203125
7931983,26.67236328125
7932038,25.7568359375
7932089,21.42333984375
7932142,18.49365234375
7932366,17.88330078125
7932798,22.0947265625
7932856,21.8505859375
7933687,18.00537109375
8169443,21.1181640625
8169532,24.35302734375
8169548,25.146484375
8169591,22.0947265625
8169626,17.39501953125
8169650,27.28271484375
8169667,18.1884765625
8169699,18.06640625
8169759,17.63916015625
8169783,17.88330078125
8169807,23.01025390625
8169827,25.81787109375
8169849,17.9443359375
8169905,19.10400390625
8169953,18.6767578125
8169986,18.37158203125
8170053,17.578125
8170179,17.7001953125
8170639,19.287109375
8171340,19.6533203125
8171554,21.3623046875
8776894,18.61572265625
8776947,19.6533203125
8777010,25.0244140625
8777083,18.4326171875
8777162,18.61572265625
8777242,19.8974609375
8777255,19.22607421875
8777312,19.287109375
8777345,18.5546875
8777432,17.88330078125
8777586,23.3154296875
8777652,20.01953125
8778019,19.53125
8778118,19.53125
8778211,18.310546875
8778231,21.66748046875
8778467,18.73779296875
8779094,19.53125
8779637,19.95849609375
9150302,21.78955078125
9150359,17.51708984375
9150497,21.66748046875
9150541,20.1416015625
9150701,19.47021484375
9150750,29.96826171875
9150856,19.83642578125
9150871,19.04296875
9150893,22.88818359375
9150938,21.3623046875
9151002,19.83642578125
9151065,19.8974609375
9151099,19.34814453125
9151140,19.47021484375
9151235,19.04296875
9151547,21.42333984375
9151600,17.333984375
9151781,19.04296875
9152702,18.06640625
9304831,18.37158203125
9305055,17.76123046875
9305428,19.34814453125
9305522,18.73779296875
9305608,17.51708984375
9305664,19.775390625
9305688,17.76123046875
9305741,19.8974609375
9305826,22.88818359375
9305836,19.71435546875
9305857,25.20751953125
9306006,23.92578125
9306065,21.66748046875
9306264,17.63916015625
9306418,19.775390625
9600038,18.49365234375
10543459,17.333984375
10543618,18.310546875
10543776,20.69091796875
10544027,21.17919921875
10544094,20.32470703125
10544532,18.310546875
