11999000,0
1728,24.0478515625
1829,18.9208984375
1956,19.04296875
2049,26.42822265625
2120,18.12744140625
2316,21.05712890625
2522,25.0244140625
2653,17.9443359375
2779,21.30126953125
2928,16.9677734375
3161,18.4326171875
97574,20.3857421875
97783,21.05712890625
97988,19.04296875
278317,23.3154296875
278502,20.99609375
278632,16.7236328125
278662,18.37158203125
278796,18.12744140625
278842,18.6767578125
278906,23.49853515625
279021,25.5126953125
279120,17.333984375
279200,20.20263671875
279319,17.2119140625
279740,22.52197265625
516423,21.240234375
516533,25.2685546875
516603,18.6767578125
516622,16.7236328125
516726,25.81787109375
516848,32.8369140625
516938,24.0478515625
517240,18.9208984375
517314,17.51708984375
517373,18.37158203125
517405,20.5078125
517572,19.83642578125
517674,21.240234375
518568,20.32470703125
518586,25.634765625
528371,23.3154296875
528478,18.798828125
528567,20.751953125
528652,26.06201171875
528736,21.30126953125
528928,18.12744140625
529010,20.99609375
529087,22.4609375
529639,24.47509765625
530331,19.53125
546126,22.0947265625
546749,18.5546875
546848,17.2119140625
546995,21.6064453125
547048,18.4326171875
547103,23.8037109375
547191,19.775390625
547261,17.822265625
547970,24.169921875
548088,22.216796875
548246,18.12744140625
548578,17.15087890625
606970,24.169921875
607088,20.6298828125
607216,21.78955078125
607291,17.08984375
607348,18.5546875
607418,16.78466796875
607734,18.49365234375
607822,21.78955078125
607887,26.0009765625
608264,17.39501953125
608981,17.88330078125
609194,19.34814453125
636573,18.98193359375
636593,19.775390625
636650,24.96337890625
636709,23.3154296875
636731,20.6298828125
636792,22.0947265625
637156,23.3154296875
637347,22.4609375
637471,19.10400390625
637811,19.04296875
638085,18.06640625
638138,21.8505859375
669601,21.17919921875
669741,18.49365234375
669940,24.35302734375
670212,19.6533203125
701796,17.27294921875
702322,22.4609375
702490,18.98193359375
702718,23.37646484375
702996,22.0947265625
725256,24.658203125
725554,20.01953125
785851,22.4609375
785978,19.6533203125
786093,25.5126953125
786127,17.7001953125
786166,22.4609375
786238,21.8505859375
786319,22.3388671875
786477,18.6767578125
786576,23.86474609375
786648,16.78466796875
786708,21.30126953125
786823,16.9677734375
786982,19.6533203125
787206,18.37158203125
787959,17.51708984375
788148,18.49365234375
808129,20.3857421875
808352,20.93505859375
808505,18.9208984375
808603,21.54541015625
808700,22.5830078125
808775,20.5078125
808817,19.4091796875
808966,20.69091796875
809112,17.578125
809240,22.4609375
809423,21.17919921875
842192,17.08984375
842326,16.54052734375
842736,27.34375
867136,25.08544921875
867511,18.06640625
893062,17.578125
926293,21.8505859375
954860,21.66748046875
955034,19.287109375
987081,16.9677734375
987813,20.99609375
1041307,25.08544921875
1042072,22.64404296875
1042278,21.17919921875
1042456,17.15087890625
1064049,22.76611328125
1099093,20.3857421875
1099877,21.17919921875
1100012,20.01953125
1100086,23.3154296875
1100324,20.93505859375
1121010,21.8505859375
1122146,23.13232421875
1155462,21.240234375
1156232,19.1650390625
1156477,18.9208984375
1188778,22.705078125
1211625,21.91162109375
1211890,22.15576171875
1246750,19.95849609375
1281414,22.39990234375
1281661,21.484375
1333847,24.90234375
1432349,19.22607421875
1432486,24.84130859375
1432667,20.81298828125
1432802,20.8740234375
1433055,19.775390625
1989547,20.32470703125
1989646,19.47021484375
1989724,18.49365234375
1989792,17.76123046875
1990138,25.93994140625
1990232,18.1884765625
1990302,17.15087890625
1990374,22.64404296875
1990431,17.9443359375
1990568,21.78955078125
1990880,22.39990234375
1991418,21.78955078125
2011328,20.44677734375
2013057,27.7099609375
2013076,17.578125
2013161,20.1416015625
2013176,20.6298828125
2013228,19.10400390625
2013262,21.91162109375
2013288,24.84130859375
2013445,23.01025390625
2013596,23.0712890625
2013662,17.08984375
2013715,17.822265625
2013844,18.49365234375
2013930,17.9443359375
2013959,19.6533203125
2014175,24.4140625
2014487,18.49365234375
2014849,20.44677734375
2118523,17.76123046875
2118605,18.4326171875
2118698,20.44677734375
2118777,23.13232421875
2118844,23.0712890625
2119275,20.5078125
2119407,16.6015625
2119418,19.53125
2119538,19.47021484375
2119551,22.94921875
2119637,17.88330078125
2119713,21.240234375
2119732,19.6533203125
2119850,20.81298828125
2119975,20.93505859375
2120232,19.10400390625
2323540,17.08984375
2323605,17.39501953125
2323653,18.85986328125
2323664,18.12744140625
2323712,18.9208984375
2323736,17.822265625
2323819,20.32470703125
2323902,22.64404296875
2324109,16.9677734375
2324504,18.1884765625
2324698,19.287109375
2324818,21.8505859375
2324882,18.98193359375
2324939,17.08984375
2325373,18.85986328125
2347909,21.1181640625
2467753,23.8037109375
2467942,22.76611328125
2468011,17.822265625
2468027,20.3857421875
2468103,38.6962890625
2468213,17.08984375
2468225,16.90673828125
2468613,19.6533203125
2469171,19.6533203125
2469485,16.66259765625
2470083,23.37646484375
2490673,21.728515625
2861178,17.76123046875
2861241,16.54052734375
2861261,17.822265625
2861298,24.23095703125
2861332,20.44677734375
2861367,31.494140625
2861391,27.03857421875
2861427,17.63916015625
2861990,23.3154296875
2862204,18.5546875
2862538,17.02880859375
2862625,17.9443359375
2879938,16.90673828125
2880014,26.3671875
2880083,18.37158203125
2880148,21.3623046875
2880223,31.982421875
2880274,18.73779296875
2880862,16.7236328125
2880970,18.61572265625
2881105,22.76611328125
2881212,18.12744140625
2881778,23.5595703125
2903729,19.10400390625
2903809,22.4609375
2903878,26.123046875
2903891,18.06640625
2903966,17.63916015625
2904023,20.01953125
2904546,20.3857421875
2904652,17.9443359375
2904691,19.6533203125
2904840,31.43310546875
2905004,24.7802734375
2905093,18.1884765625
2905215,21.1181640625
2905331,25.20751953125
2905519,17.578125
2930275,29.35791015625
2930336,17.822265625
2930353,22.0947265625
2930467,22.5830078125
2930483,17.15087890625
2930625,18.9208984375
2930747,24.47509765625
2930768,22.39990234375
2930881,17.27294921875
2930892,17.822265625
2930981,21.6064453125
2931087,25.08544921875
2931244,18.73779296875
2931358,20.01953125
2931441,17.08984375
2931620,24.5361328125
2956511,17.02880859375
2956615,20.263671875
2956655,28.4423828125
2956778,22.15576171875
2956806,20.20263671875
2956910,23.98681640625
2957004,17.76123046875
2957043,18.9208984375
2957107,17.63916015625
2957359,19.34814453125
2977142,18.37158203125
2977269,38.2080078125
2977404,24.84130859375
2977490,24.35302734375
2977502,18.61572265625
2977664,16.78466796875
2977700,20.263671875
2977868,20.99609375
2977914,18.73779296875
3003410,21.484375
3003470,16.54052734375
3003573,18.61572265625
3003634,24.35302734375
3003742,21.6064453125
3003753,21.17919921875
3003850,23.681640625
3003945,19.775390625
3023993,26.4892578125
3024203,17.4560546875
3024351,17.76123046875
3024460,26.30615234375
3024518,22.216796875
3024550,27.77099609375
3024697,23.37646484375
3024845,18.73779296875
3025131,18.310546875
3044572,18.98193359375
3044841,17.02880859375
3044957,19.4091796875
3044971,19.4091796875
3045071,23.86474609375
3045159,22.39990234375
3045355,23.681640625
3066752,17.39501953125
3067018,18.73779296875
3067179,18.310546875
3067379,24.90234375
3067402,18.98193359375
3067513,22.76611328125
3067644,17.2119140625
3067723,20.1416015625
3067807,22.4609375
3067975,25.0244140625
3068136,20.5078125
3086643,18.73779296875
3086881,18.49365234375
3087329,19.10400390625
3087427,16.78466796875
3087545,18.4326171875
3087659,20.32470703125
3087855,22.88818359375
3109702,17.333984375
3109859,17.2119140625
3109966,19.83642578125
3110053,18.12744140625
3110343,16.845703125
3110406,16.78466796875
3110545,22.0947265625
3110846,18.73779296875
3128910,17.15087890625
3129162,17.76123046875
3129308,17.578125
3129423,21.8505859375
3129518,21.78955078125
3129974,17.578125
3130203,20.8740234375
3150564,18.12744140625
3150756,16.7236328125
3151011,20.81298828125
3151109,18.6767578125
3151338,18.4326171875
3151570,17.9443359375
3171932,18.85986328125
3172200,17.27294921875
3172504,21.484375
3172861,21.05712890625
3194701,16.7236328125
3194912,20.08056640625
3195070,17.822265625
3195201,20.3857421875
3195303,19.53125
3216470,20.8740234375
3216724,17.08984375
3216897,18.98193359375
3217013,20.20263671875
3217122,21.97265625
3217221,20.08056640625
3239681,16.54052734375
3239911,18.85986328125
3240085,19.775390625
3240197,16.6015625
3240210,17.63916015625
3240314,17.08984375
3240412,17.4560546875
3240865,17.4560546875
3241100,21.05712890625
3262311,17.822265625
3262484,17.63916015625
3262631,17.88330078125
3262743,17.9443359375
3262876,17.51708984375
3263006,20.69091796875
3263238,16.7236328125
3284108,17.88330078125
3284690,17.7001953125
3284865,17.02880859375
3285021,20.56884765625
3285163,17.2119140625
3285326,19.83642578125
3285965,20.99609375
3305766,18.00537109375
3306373,22.52197265625
3306609,17.27294921875
3330621,21.78955078125
3331042,17.15087890625
3331255,17.88330078125
3331465,18.61572265625
3355566,18.6767578125
3355858,18.61572265625
3397453,16.845703125
3959982,19.53125
3960192,18.310546875
3960257,17.08984375
3960306,18.37158203125
3960321,22.27783203125
3960375,20.56884765625
3960920,20.751953125
3961029,17.27294921875
3961208,17.7001953125
3961483,21.3623046875
3961785,18.06640625
4094892,18.37158203125
4094963,22.03369140625
4095028,27.40478515625
4095138,16.6015625
4095235,20.44677734375
4095315,23.49853515625
4095381,21.240234375
4095587,19.83642578125
4095693,19.6533203125
4095796,19.6533203125
4095967,18.798828125
4140838,19.10400390625
4141621,21.8505859375
4141703,24.7802734375
4141721,19.04296875
4141765,18.24951171875
4142790,22.03369140625
4142922,19.71435546875
4143045,19.775390625
4143509,18.61572265625
4229010,24.4140625
4229030,18.310546875
4229100,18.73779296875
4229167,27.2216796875
4230061,21.05712890625
4230242,18.85986328125
4230338,18.37158203125
4230420,16.6015625
4230524,25.7568359375
4230748,17.9443359375
4426192,16.66259765625
4427442,19.775390625
4427530,17.333984375
4427603,20.263671875
4427615,19.287109375
4427663,19.95849609375
4428427,19.6533203125
4428528,20.81298828125
4457391,21.66748046875
4664386,20.6298828125
4664402,22.94921875
4664423,19.59228515625
4664455,19.287109375
4664483,18.12744140625
4664515,21.42333984375
4664543,24.658203125
4665561,17.51708984375
4665667,21.91162109375
4665769,19.10400390625
4665864,19.10400390625
4665967,17.2119140625
4666034,17.39501953125
4666250,17.9443359375
4666461,17.822265625
4722452,16.7236328125
4722578,18.73779296875
4722665,17.822265625
4722740,16.845703125
4722963,19.1650390625
4723028,17.7001953125
4723096,20.5078125
4723779,20.3857421875
4724418,18.73779296875
4724663,20.44677734375
4724895,19.34814453125
4725256,19.59228515625
4775742,19.34814453125
4775867,17.333984375
4775955,18.5546875
4776031,20.32470703125
4776148,20.263671875
4776237,21.728515625
4776309,23.49853515625
4776986,26.0009765625
4777331,18.61572265625
4777464,16.54052734375
4777504,21.91162109375
4777634,19.287109375
4778325,20.3857421875
4809581,17.27294921875
4809708,19.22607421875
4809800,17.333984375
4809877,18.5546875
4809910,24.35302734375
4809997,18.9208984375
4810072,21.66748046875
4810143,21.30126953125
4810219,20.263671875
4810317,17.7001953125
4810705,16.6015625
4810837,19.4091796875
4811005,20.44677734375
4811108,18.310546875
4811247,19.287109375
4811432,19.95849609375
4811835,21.240234375
4845552,17.88330078125
4845880,18.85986328125
4845968,19.22607421875
4845978,20.93505859375
4846117,20.08056640625
4846220,21.3623046875
4846290,17.822265625
4846378,16.845703125
4846444,16.90673828125
4846592,22.52197265625
4846942,17.63916015625
4847057,20.751953125
4847178,22.76611328125
4847482,21.97265625
4876704,17.2119140625
4876869,18.6767578125
4876974,19.4091796875
4877058,17.39501953125
4877514,18.37158203125
4877606,18.06640625
4877705,20.56884765625
4877796,18.798828125
4877880,18.4326171875
4877974,19.83642578125
4878146,17.08984375
4878244,19.83642578125
4878417,21.8505859375
4878673,22.39990234375
4905111,19.775390625
4905267,17.63916015625
4905379,16.845703125
4905469,20.01953125
4905735,23.13232421875
4905827,16.845703125
4905860,16.90673828125
4905943,16.54052734375
4906576,21.728515625
4906672,19.10400390625
4906907,20.3857421875
4907094,16.7236328125
4907272,20.56884765625
4907614,17.4560546875
4946834,20.69091796875
4947047,20.32470703125
4947358,21.42333984375
4947591,21.728515625
4947798,22.76611328125
4947856,20.93505859375
4947929,20.08056640625
4948025,19.287109375
4948207,16.66259765625
4949109,18.61572265625
4949235,16.7236328125
4949400,16.66259765625
4949793,17.76123046875
4984350,17.08984375
4984522,18.5546875
4984621,19.71435546875
4984707,21.30126953125
4985186,23.681640625
4985287,25.20751953125
4985382,18.98193359375
4985482,19.04296875
4985564,18.5546875
4985654,19.04296875
4985752,25.5126953125
4985867,19.775390625
4986123,18.1884765625
4986228,20.5078125
4986470,17.4560546875
4986715,18.1884765625
5017882,16.9677734375
5018109,18.06640625
5018932,18.4326171875
5019032,17.9443359375
5019111,22.0947265625
5019521,19.59228515625
5020222,18.61572265625
5069231,20.263671875
5069378,17.7001953125
5069474,22.0947265625
5069558,20.20263671875
5069707,17.7001953125
5069796,22.03369140625
5069905,18.4326171875
5069953,19.34814453125
5070032,20.81298828125
5070104,17.08984375
5070181,19.53125
5070705,20.99609375
5070831,18.4326171875
5071164,17.7001953125
5071353,16.845703125
5108142,16.90673828125
5108271,16.9677734375
5108374,17.02880859375
5108460,18.9208984375
5108744,18.73779296875
5108846,20.08056640625
5108926,16.54052734375
5108997,21.484375
5109417,17.2119140625
5109851,16.54052734375
5289751,17.333984375
5289887,16.54052734375
5289984,21.05712890625
5290322,18.06640625
5290388,18.12744140625
5290456,17.27294921875
5291282,17.51708984375
5291303,18.73779296875
5291416,19.53125
5291608,18.5546875
5291796,18.49365234375
5338697,17.39501953125
5338868,18.61572265625
5338985,17.39501953125
5339075,21.30126953125
5339153,17.822265625
5339325,16.90673828125
5339427,19.4091796875
5339528,22.216796875
5339597,18.798828125
5339676,16.66259765625
5339748,17.822265625
5340334,21.97265625
5340464,24.5361328125
5340610,20.56884765625
5340742,17.578125
5341224,16.7236328125
5407169,19.4091796875
5407324,21.05712890625
5407439,16.7236328125
5407535,17.08984375
5407619,17.76123046875
5407870,22.88818359375
5407954,19.10400390625
5408023,16.6015625
5408906,18.37158203125
5409008,19.34814453125
5409144,19.4091796875
5409329,17.333984375
5501357,17.2119140625
5501639,18.9208984375
5501735,21.3623046875
5501818,19.59228515625
5501868,17.51708984375
5502062,17.2119140625
5502133,18.24951171875
5502207,19.1650390625
5502281,19.04296875
5502654,17.578125
5502775,18.24951171875
5502883,18.85986328125
5503045,17.51708984375
5503338,16.90673828125
5503556,18.12744140625
5636447,16.66259765625
5636824,21.42333984375
5637026,17.333984375
5637112,21.1181640625
5637191,19.10400390625
5637258,19.6533203125
5637323,22.4609375
5638152,17.15087890625
5638300,20.1416015625
5638992,19.4091796875
5748505,17.578125
5748771,19.95849609375
5748941,16.66259765625
5749109,21.05712890625
5749210,17.7001953125
5749286,17.76123046875
5749351,22.216796875
5750000,17.88330078125
5750326,20.6298828125
5750529,17.822265625
5750731,17.7001953125
5805132,18.37158203125
5805416,18.798828125
5805526,16.66259765625
5805618,16.6015625
5805767,18.9208984375
5805887,22.705078125
5805978,18.6767578125
5806044,18.798828125
5806112,17.51708984375
5806817,18.4326171875
5806902,16.6015625
5807021,18.61572265625
5807483,18.49365234375
5939759,18.5546875
5939924,18.5546875
5940044,16.54052734375
5940219,22.4609375
5940329,18.00537109375
5940439,16.90673828125
5940577,25.20751953125
5941233,16.7236328125
5941521,17.4560546875
5941639,18.00537109375
5988271,17.15087890625
5988424,17.15087890625
5988711,21.6064453125
5988934,16.7236328125
5989036,16.78466796875
5989208,16.845703125
5989277,22.0947265625
5989672,21.17919921875
5989918,19.4091796875
5990053,21.1181640625
5990252,18.12744140625
5990450,16.6015625
6053538,17.02880859375
6053706,16.845703125
6053918,16.845703125
6054001,17.08984375
6054233,23.37646484375
6054341,20.20263671875
6054427,18.310546875
6054496,17.27294921875
6054568,16.9677734375
6054913,22.39990234375
6055144,17.2119140625
6055292,16.66259765625
6055685,18.85986328125
6056057,17.27294921875
6507104,17.9443359375
6507395,18.798828125
6507625,18.98193359375
6508063,19.83642578125
6508333,18.85986328125
6508349,16.54052734375
6508647,20.263671875
6508746,16.9677734375
6508822,16.90673828125
6508995,17.2119140625
6509088,19.287109375
6509182,20.20263671875
6509430,18.06640625
6509543,17.39501953125
6509697,17.08984375
6633307,16.7236328125
6633532,17.9443359375
6633614,20.3857421875
6633806,21.1181640625
6633975,20.3857421875
6634038,21.05712890625
6634088,17.08984375
6635274,20.8740234375
6635393,17.15087890625
6635526,17.578125
6635726,22.64404296875
6636122,18.00537109375
7028525,21.78955078125
7028692,21.240234375
7028772,18.24951171875
7028839,18.73779296875
7028879,18.61572265625
7028956,19.1650390625
7029025,21.78955078125
7029852,16.9677734375
7030069,17.578125
7030254,17.15087890625
7030367,17.51708984375
7030623,16.7236328125
7196065,16.9677734375
7196321,20.20263671875
7196554,21.42333984375
7196629,17.63916015625
7197512,22.94921875
7197631,17.333984375
7197917,20.751953125
7198056,19.53125
7198341,17.2119140625
7198755,16.90673828125
7448024,17.88330078125
7448134,22.5830078125
7448324,16.54052734375
7448367,16.78466796875
7448467,20.1416015625
7448481,20.20263671875
7448544,19.04296875
7448621,17.27294921875
7449589,19.287109375
7449734,18.00537109375
7449803,16.845703125
7449912,17.2119140625
7450164,16.54052734375
7609838,19.71435546875
7609909,16.845703125
7609946,17.7001953125
7609989,25.390625
7610051,17.4560546875
7610139,17.51708984375
7610215,18.12744140625
7610291,20.32470703125
7611398,16.90673828125
7611702,21.1181640625
7611842,20.20263671875
7611868,16.78466796875
7611987,18.798828125
7612262,20.1416015625
7932052,16.90673828125
7932230,17.9443359375
7932370,18.1884765625
7932584,18.98193359375
7932914,18.1884765625
7933081,17.27294921875
7933177,18.06640625
7933288,17.822265625
7933458,19.4091796875
7933699,17.39501953125
7933924,17.39501953125
8169235,21.42333984375
8169504,17.63916015625
8169589,21.6064453125
8169797,21.54541015625
8169876,17.333984375
8169954,18.73779296875
8170799,19.4091796875
8171195,17.15087890625
8171366,17.63916015625
8171442,16.90673828125
8171509,17.578125
8171892,17.2119140625
8776899,18.310546875
8776987,25.20751953125
8777061,17.39501953125
8777105,22.8271484375
8777241,17.7001953125
8777335,20.93505859375
8777411,17.2119140625
8778457,17.76123046875
8779008,16.54052734375
8779960,19.22607421875
8780392,18.1884765625
9150508,16.54052734375
9150536,20.93505859375
9150720,16.78466796875
9151019,18.6767578125
9151108,18.00537109375
9151993,17.578125
9152328,16.78466796875
9152614,16.54052734375
9153278,17.88330078125
9304855,16.6015625
9305078,16.6015625
9305107,17.9443359375
9305602,18.61572265625
9305759,17.76123046875
9305906,19.22607421875
9305985,19.6533203125
9306152,17.27294921875
9307545,16.9677734375
10542398,18.1884765625
10542518,17.333984375
10542876,21.66748046875
10543186,21.78955078125
10544230,18.24951171875
10545254,19.10400390625
10545607,18.98193359375
