11999000,0
1743,17.76123046875
1813,22.216796875
1840,25.45166015625
1886,28.1982421875
1909,21.91162109375
1953,27.16064453125
1972,42.96875
1994,45.5322265625
2022,28.50341796875
2036,20.99609375
2064,29.35791015625
2087,35.15625
2118,23.3154296875
2156,16.357421875
2209,19.95849609375
2235,18.73779296875
2258,17.7001953125
2281,26.06201171875
2300,19.4091796875
2321,19.8974609375
2339,16.6015625
2354,20.01953125
2385,20.69091796875
2418,18.00537109375
2449,17.2119140625
2524,36.92626953125
2592,26.30615234375
2604,21.66748046875
2686,26.79443359375
2703,41.68701171875
2758,20.5078125
2845,17.15087890625
2980,19.95849609375
3022,27.099609375
3099,18.00537109375
3150,18.1884765625
3183,28.01513671875
3242,17.08984375
3307,25.81787109375
3327,21.05712890625
3401,18.310546875
3503,17.51708984375
3555,30.029296875
3704,20.81298828125
3857,19.1650390625
4170,19.1650390625
4266,23.62060546875
4403,22.27783203125
4605,20.8740234375
42091,17.88330078125
42135,21.66748046875
58510,39.12353515625
97621,19.95849609375
97652,17.15087890625
97723,21.8505859375
97773,18.1884765625
97847,16.41845703125
97866,17.7001953125
97897,20.01953125
98034,17.333984375
98150,27.34375
98320,17.76123046875
98369,16.357421875
98400,21.240234375
98411,21.484375
98605,24.90234375
98799,16.90673828125
98908,22.88818359375
99076,23.49853515625
99247,20.69091796875
99472,16.6015625
197083,16.357421875
205102,23.74267578125
205404,34.0576171875
217933,23.01025390625
223812,39.1845703125
223909,22.4609375
224900,18.12744140625
224938,21.484375
278260,18.49365234375
278373,18.1884765625
278479,18.1884765625
278515,18.6767578125
278572,17.51708984375
278659,45.5322265625
278680,16.845703125
278783,21.17919921875
278799,19.10400390625
278834,17.333984375
278873,21.3623046875
278888,26.42822265625
279011,20.08056640625
279071,16.7236328125
279345,17.9443359375
279395,16.66259765625
279952,16.9677734375
280150,17.2119140625
280768,16.6015625
314730,18.9208984375
314917,17.4560546875
315281,16.41845703125
315696,16.78466796875
315737,18.798828125
315822,18.1884765625
322802,36.2548828125
351934,16.845703125
358802,24.0478515625
359085,23.3154296875
360429,25.20751953125
361665,35.5224609375
361776,18.6767578125
368407,17.7001953125
368451,37.65869140625
369066,20.01953125
369105,16.29638671875
369162,26.18408203125
369567,20.08056640625
369608,22.76611328125
369684,16.4794921875
394540,20.32470703125
405923,37.41455078125
406889,16.90673828125
407334,17.51708984375
407375,20.08056640625
407417,30.21240234375
408489,19.22607421875
408613,20.93505859375
443803,37.109375
453570,16.90673828125
483199,23.3154296875
483238,20.20263671875
483296,23.62060546875
483872,25.634765625
483887,18.1884765625
484012,23.681640625
484412,16.54052734375
516074,20.263671875
516336,26.85546875
516357,32.77587890625
516430,19.287109375
516479,23.0712890625
516504,19.775390625
516562,25.45166015625
516582,20.8740234375
516653,24.4140625
516670,53.52783203125
516702,20.93505859375
516735,30.76171875
516767,28.076171875
516781,47.30224609375
516809,45.71533203125
516831,25.69580078125
516851,24.84130859375
516883,25.32958984375
516907,32.1044921875
516939,17.39501953125
516963,40.8935546875
516978,23.74267578125
517022,19.59228515625
517033,16.41845703125
517051,23.74267578125
517084,26.85546875
517226,16.9677734375
517333,19.47021484375
517396,20.93505859375
517421,17.51708984375
517473,35.888671875
517499,19.59228515625
517581,28.25927734375
517601,19.34814453125
517652,23.37646484375
517673,23.74267578125
517706,18.61572265625
517798,19.34814453125
517829,16.7236328125
517926,18.06640625
517960,16.6015625
518128,16.6015625
518316,22.0947265625
519126,17.4560546875
519424,20.20263671875
528338,17.63916015625
528495,28.3203125
528531,20.44677734375
528569,34.423828125
528613,16.845703125
528650,37.7197265625
528682,19.53125
528702,32.53173828125
528719,21.8505859375
528749,63.04931640625
528759,19.4091796875
528798,39.6728515625
528828,30.2734375
528867,16.4794921875
528889,19.22607421875
528960,16.66259765625
528988,23.37646484375
529025,19.71435546875
529037,24.7802734375
529083,18.4326171875
529104,24.35302734375
529115,19.775390625
529192,27.77099609375
529251,23.62060546875
529273,17.15087890625
529347,23.37646484375
529367,18.49365234375
529436,20.01953125
529514,16.6015625
529555,20.5078125
529577,19.59228515625
529623,20.20263671875
529711,20.751953125
529768,21.30126953125
529806,18.00537109375
529845,26.18408203125
529861,20.6298828125
529881,22.15576171875
529951,17.76123046875
529974,23.49853515625
530067,23.37646484375
530124,33.50830078125
530160,16.41845703125
530192,20.3857421875
530203,21.3623046875
530307,20.751953125
530320,18.06640625
530468,21.54541015625
530494,26.18408203125
530508,25.146484375
530606,20.56884765625
530697,19.04296875
530733,21.6064453125
530834,32.40966796875
530862,29.296875
530897,16.4794921875
531092,23.193359375
531468,22.5830078125
531536,21.484375
531733,19.04296875
531896,20.20263671875
532251,21.17919921875
546332,16.29638671875
546742,18.12744140625
546775,16.90673828125
546848,17.39501953125
546871,20.263671875
546897,19.95849609375
546922,21.42333984375
546942,20.01953125
546963,18.98193359375
546989,17.4560546875
547017,22.27783203125
547037,63.720703125
547062,33.02001953125
547081,18.24951171875
547104,68.7255859375
547128,25.87890625
547160,32.2265625
547175,26.85546875
547198,16.54052734375
547211,22.0947265625
547226,32.53173828125
547294,20.99609375
547322,30.82275390625
547362,27.28271484375
547393,23.25439453125
547424,23.74267578125
547463,23.3154296875
547490,18.37158203125
547536,30.517578125
547547,16.6015625
547641,29.9072265625
547726,16.66259765625
547746,37.65869140625
547802,23.49853515625
548009,28.076171875
548027,16.54052734375
548137,22.0947265625
548180,29.84619140625
548209,19.71435546875
548288,27.52685546875
548307,21.78955078125
548318,28.38134765625
548395,18.98193359375
548411,28.38134765625
548759,16.7236328125
548940,17.08984375
549011,20.99609375
549041,16.357421875
549152,23.62060546875
549191,17.822265625
549273,18.310546875
549369,35.888671875
549561,17.02880859375
549610,21.54541015625
549685,16.29638671875
549721,21.728515625
549910,18.9208984375
550010,16.357421875
550033,23.01025390625
606919,16.2353515625
607024,17.27294921875
607042,23.25439453125
607131,33.935546875
607160,17.08984375
607223,22.4609375
607261,30.45654296875
607278,17.02880859375
607321,24.71923828125
607344,26.611328125
607373,28.564453125
607394,22.216796875
607550,23.37646484375
607569,17.578125
607601,17.822265625
607636,18.24951171875
607653,20.1416015625
607697,21.6064453125
607770,16.6015625
607804,28.62548828125
607911,24.658203125
608027,18.12744140625
608043,23.49853515625
608103,17.08984375
608127,16.845703125
608220,16.41845703125
608265,19.47021484375
608296,38.57421875
608371,17.76123046875
608419,21.3623046875
608491,23.01025390625
608567,35.46142578125
608682,34.97314453125
608699,17.88330078125
608782,20.69091796875
608889,17.4560546875
608928,16.7236328125
608951,24.90234375
609042,16.357421875
609066,19.53125
609302,22.15576171875
609438,23.3154296875
609720,35.09521484375
609824,20.44677734375
610239,21.66748046875
610678,20.8740234375
636369,28.076171875
636380,17.39501953125
636432,24.0478515625
636463,23.25439453125
636492,39.97802734375
636512,26.3671875
636559,23.13232421875
636580,33.87451171875
636595,56.640625
636615,23.13232421875
636646,30.33447265625
636656,39.36767578125
636675,27.83203125
636695,16.2353515625
636719,26.67236328125
636742,26.18408203125
636803,20.8740234375
636831,16.357421875
636853,16.7236328125
636869,16.66259765625
636886,23.37646484375
636933,19.6533203125
636964,17.88330078125
637035,18.4326171875
637046,16.41845703125
637270,22.39990234375
637285,28.62548828125
637351,19.71435546875
637370,16.54052734375
637448,20.751953125
637464,38.818359375
637505,41.3818359375
637570,31.005859375
637580,16.357421875
637602,16.7236328125
637710,20.263671875
637736,31.92138671875
637761,19.83642578125
637831,21.484375
638023,18.9208984375
638131,17.9443359375
638176,18.73779296875
638251,24.35302734375
638265,16.4794921875
638315,16.7236328125
638446,28.38134765625
638479,22.76611328125
638608,16.54052734375
638656,22.216796875
638673,17.02880859375
638817,16.2353515625
638867,16.6015625
638892,21.484375
639140,18.9208984375
639150,23.193359375
639415,19.34814453125
669443,18.798828125
669706,26.91650390625
669750,25.634765625
669845,26.91650390625
669865,17.4560546875
670083,33.8134765625
670110,24.59716796875
670313,37.109375
670531,34.423828125
670575,18.9208984375
670932,24.47509765625
671323,20.8740234375
672028,22.76611328125
672416,38.6962890625
702248,16.357421875
702433,25.08544921875
702497,27.7099609375
702542,25.32958984375
702739,18.73779296875
702784,17.4560546875
702839,16.6015625
702880,27.16064453125
702929,16.90673828125
702958,16.357421875
703079,20.32470703125
703106,39.85595703125
703360,18.49365234375
703429,28.4423828125
703449,18.85986328125
703505,27.587890625
724391,18.24951171875
724682,42.78564453125
724901,20.44677734375
725196,17.333984375
725975,19.22607421875
726018,17.15087890625
726036,25.2685546875
726087,18.85986328125
726280,16.6015625
726441,23.4375
726491,40.4052734375
726598,24.23095703125
727007,20.8740234375
727397,22.76611328125
727568,16.90673828125
727615,17.02880859375
727663,17.15087890625
785755,19.4091796875
785844,25.08544921875
785872,22.94921875
785915,24.23095703125
785975,27.34375
785993,21.728515625
786025,25.93994140625
786051,19.22607421875
786075,43.51806640625
786089,17.9443359375
786120,39.55078125
786145,24.4140625
786171,23.8037109375
786187,21.1181640625
786209,19.71435546875
786244,21.17919921875
786272,23.01025390625
786326,21.484375
786366,33.99658203125
786423,22.76611328125
786503,17.15087890625
786556,30.21240234375
786595,16.54052734375
786641,21.42333984375
786668,17.822265625
786774,32.470703125
786856,16.78466796875
787005,25.0244140625
787318,25.0244140625
787364,17.08984375
787432,19.287109375
787871,16.66259765625
788384,18.12744140625
788543,17.578125
789509,17.08984375
807459,16.845703125
808106,17.88330078125
808217,16.29638671875
808268,18.98193359375
808373,20.01953125
808403,22.88818359375
808418,39.48974609375
808449,16.7236328125
808514,42.724609375
808554,17.02880859375
808604,27.83203125
808632,26.42822265625
808645,29.11376953125
808680,22.64404296875
808691,16.6015625
808721,22.52197265625
808738,16.9677734375
808765,28.86962890625
808829,17.15087890625
808847,23.0712890625
808894,25.32958984375
808924,24.2919921875
808938,25.93994140625
808968,21.484375
809005,17.333984375
809060,33.5693359375
809089,19.287109375
809349,23.8037109375
809383,17.51708984375
809532,25.81787109375
809547,19.6533203125
809679,19.287109375
809782,18.6767578125
809880,25.57373046875
809975,16.845703125
810071,16.78466796875
810245,16.845703125
841304,17.08984375
841356,16.41845703125
842017,16.4794921875
842103,16.4794921875
842184,16.66259765625
842720,21.728515625
842739,49.01123046875
842769,22.15576171875
842852,21.484375
842938,30.57861328125
842973,17.76123046875
843180,17.15087890625
843199,18.06640625
843227,31.79931640625
843588,33.3251953125
843674,17.39501953125
844419,18.5546875
844548,20.44677734375
845015,16.845703125
845129,18.98193359375
867636,40.771484375
867671,22.94921875
867773,17.08984375
868153,31.3720703125
891567,35.64453125
892621,19.1650390625
892709,19.6533203125
892903,17.4560546875
893037,24.35302734375
893199,19.8974609375
893232,23.193359375
893366,17.15087890625
893972,18.5546875
894021,18.85986328125
894068,19.04296875
925989,32.5927734375
926178,24.4140625
926238,16.54052734375
926259,19.04296875
926322,25.20751953125
926527,16.78466796875
926582,17.4560546875
926704,16.78466796875
953035,16.78466796875
954059,17.39501953125
954073,37.7197265625
954764,18.98193359375
954868,17.333984375
954893,22.27783203125
986319,22.705078125
987102,42.90771484375
987164,16.357421875
987253,25.81787109375
987312,20.20263671875
987598,16.54052734375
987671,22.5830078125
987777,23.74267578125
987794,20.5078125
987879,19.22607421875
988046,32.53173828125
988596,18.310546875
988617,17.39501953125
988775,23.13232421875
989201,16.2353515625
989242,16.9677734375
1010829,37.29248046875
1011008,26.7333984375
1011328,16.357421875
1011422,17.88330078125
1011457,16.357421875
1011586,25.2685546875
1011878,18.6767578125
1013206,16.90673828125
1041794,27.34375
1041975,23.86474609375
1042055,27.52685546875
1042186,18.1884765625
1042228,24.59716796875
1042307,21.05712890625
1042326,16.6015625
1043181,17.39501953125
1043232,18.9208984375
1043278,19.8974609375
1043345,21.3623046875
1063490,22.88818359375
1063613,41.8701171875
1063701,19.1650390625
1063728,23.193359375
1063857,17.4560546875
1063950,17.578125
1064073,22.39990234375
1064701,18.310546875
1064822,16.54052734375
1064896,16.54052734375
1064944,20.56884765625
1099178,45.10498046875
1099452,19.95849609375
1099792,17.2119140625
1099827,16.90673828125
1099889,23.62060546875
1099906,35.09521484375
1099933,36.07177734375
1099979,21.30126953125
1100080,18.9208984375
1100277,19.34814453125
1100307,18.61572265625
1100896,16.6015625
1101025,24.0478515625
1121194,25.93994140625
1121700,17.4560546875
1121802,16.845703125
1121945,20.5078125
1122008,24.658203125
1122058,17.02880859375
1122106,21.6064453125
1122489,16.66259765625
1122576,17.63916015625
1122588,24.10888671875
1122872,37.65869140625
1123035,23.0712890625
1155451,16.29638671875
1155579,23.681640625
1155723,17.39501953125
1156037,17.88330078125
1156067,22.88818359375
1156103,18.4326171875
1156140,26.79443359375
1156192,17.76123046875
1157151,17.15087890625
1157192,19.8974609375
1157254,25.5126953125
1157568,16.9677734375
1157609,17.51708984375
1187342,34.7900390625
1188255,19.22607421875
1188457,34.24072265625
1188527,16.66259765625
1188552,27.099609375
1188780,21.66748046875
1189452,17.9443359375
1189497,17.39501953125
1189541,17.27294921875
1189572,28.9306640625
1210756,42.724609375
1210891,26.42822265625
1211446,17.08984375
1211623,21.30126953125
1211642,20.751953125
1211700,17.7001953125
1212345,23.4375
1212756,19.8974609375
1213218,17.76123046875
1213307,22.03369140625
1245687,22.64404296875
1246406,22.8271484375
1246466,27.83203125
1246496,19.53125
1246573,16.845703125
1247395,19.22607421875
1247446,17.4560546875
1247521,21.91162109375
1279426,40.58837890625
1280679,21.728515625
1281277,16.6015625
1281385,17.4560546875
1281412,24.658203125
1281466,19.4091796875
1281489,21.78955078125
1281530,23.193359375
1282044,18.85986328125
1282067,16.6015625
1282457,23.25439453125
1315170,17.27294921875
1315361,16.357421875
1315838,23.49853515625
1316046,20.56884765625
1316059,36.68212890625
1316823,16.357421875
1317259,17.7001953125
1317376,19.4091796875
1330347,43.76220703125
1332551,16.2353515625
1332599,21.240234375
1332632,18.06640625
1332692,26.3671875
1333228,19.1650390625
1333275,20.751953125
1333322,23.74267578125
1333419,19.34814453125
1333632,16.41845703125
1334635,17.4560546875
1334680,17.02880859375
1335362,19.10400390625
1372493,16.54052734375
1372663,19.71435546875
1373130,22.39990234375
1374844,20.3857421875
1375389,18.85986328125
1375844,40.1611328125
1375957,23.01025390625
1376095,21.97265625
1376303,22.27783203125
1379421,16.357421875
1381758,16.78466796875
1381798,18.49365234375
1381862,34.36279296875
1382336,18.98193359375
1382378,16.6015625
1426363,26.18408203125
1431828,22.216796875
1432069,38.14697265625
1432104,22.705078125
1432154,22.216796875
1432381,18.6767578125
1432438,33.38623046875
1432502,20.751953125
1432567,16.9677734375
1432943,17.578125
1433406,17.4560546875
1496434,23.8037109375
1496674,27.4658203125
1496947,26.611328125
1525359,20.44677734375
1538823,23.74267578125
1573553,16.66259765625
1581539,16.90673828125
1589447,16.54052734375
1589485,17.333984375
1589962,19.83642578125
1590765,23.74267578125
1594563,22.27783203125
1649181,24.0478515625
1650582,37.78076171875
1654044,16.845703125
1654088,16.66259765625
1654725,24.10888671875
1654769,17.15087890625
1655025,44.49462890625
1655085,18.24951171875
1655168,20.56884765625
1655521,16.41845703125
1655807,40.771484375
1731874,19.1650390625
1732679,16.6015625
1732719,17.63916015625
1732802,21.54541015625
1739599,17.333984375
1739646,23.62060546875
1739702,17.822265625
1739750,21.42333984375
1740555,34.3017578125
1741289,17.2119140625
1741329,16.6015625
1761795,37.29248046875
1767267,16.54052734375
1767311,21.8505859375
1767397,22.5830078125
1767436,20.69091796875
1767595,37.78076171875
1767726,20.93505859375
1781475,19.4091796875
1781514,17.2119140625
1781552,16.7236328125
1781652,23.49853515625
1781992,18.5546875
1782143,19.775390625
1783241,17.63916015625
1783283,18.24951171875
1819318,17.4560546875
1821909,45.22705078125
1822058,23.92578125
1849585,24.23095703125
1867004,17.7001953125
1867317,17.08984375
1867385,16.2353515625
1867427,19.6533203125
1867457,17.63916015625
1867562,37.841796875
1867891,19.95849609375
1867919,16.2353515625
1867939,22.3388671875
1867973,21.30126953125
1883076,20.81298828125
1883255,24.90234375
1884293,25.5126953125
1890919,42.8466796875
1895482,36.865234375
1918798,23.3154296875
1918836,19.8974609375
1918889,18.1884765625
1919275,17.15087890625
1919317,17.2119140625
1919376,19.10400390625
1919906,17.333984375
1920195,17.2119140625
1949914,42.66357421875
1950095,24.47509765625
1950857,21.1181640625
1951145,27.28271484375
1989573,20.751953125
1989590,17.15087890625
1989619,19.1650390625
1989632,67.87109375
1989680,19.83642578125
1989691,32.5927734375
1989737,23.49853515625
1989759,24.47509765625
1989784,18.37158203125
1989819,16.78466796875
1989846,16.90673828125
1989867,16.6015625
1989887,20.5078125
1989917,20.93505859375
1989955,26.9775390625
1989965,20.6298828125
1989984,19.6533203125
1990025,25.32958984375
1990082,29.47998046875
1990143,20.93505859375
1990180,21.17919921875
1990257,23.01025390625
1990276,21.8505859375
1990348,16.845703125
1990386,17.02880859375
1990397,19.8974609375
1990411,24.5361328125
1990483,16.6015625
1990510,20.93505859375
1990524,19.34814453125
1990584,25.93994140625
1990595,22.0947265625
1990636,16.90673828125
1990651,17.27294921875
1990740,16.6015625
1990776,17.39501953125
1990792,30.45654296875
1990821,40.71044921875
1990992,31.55517578125
1991047,16.66259765625
1991081,21.728515625
1991200,24.71923828125
1991211,17.27294921875
1991352,17.08984375
1991375,26.91650390625
1991776,16.9677734375
1992281,16.7236328125
1992604,18.12744140625
1993099,20.81298828125
1993845,18.4326171875
2012971,24.658203125
2013011,22.0947265625
2013036,36.07177734375
2013075,39.48974609375
2013095,65.85693359375
2013109,26.7333984375
2013129,21.97265625
2013139,26.85546875
2013150,22.216796875
2013177,32.28759765625
2013193,27.099609375
2013221,17.88330078125
2013236,17.7001953125
2013255,19.775390625
2013273,23.37646484375
2013362,25.93994140625
2013376,19.287109375
2013409,18.1884765625
2013438,20.8740234375
2013495,24.35302734375
2013528,17.63916015625
2013556,20.8740234375
2013610,26.0009765625
2013684,18.4326171875
2013745,20.01953125
2013817,21.3623046875
2013908,20.69091796875
2013930,21.30126953125
2014009,26.42822265625
2014066,18.1884765625
2014097,18.4326171875
2014115,20.751953125
2014152,16.78466796875
2014168,20.44677734375
2014181,45.0439453125
2014225,20.20263671875
2014239,19.59228515625
2014290,20.20263671875
2014304,20.751953125
2014325,22.39990234375
2014336,23.681640625
2014381,18.9208984375
2014404,17.08984375
2014435,18.37158203125
2014461,18.73779296875
2014475,26.9775390625
2014551,22.39990234375
2014571,17.9443359375
2014607,17.02880859375
2014630,20.20263671875
2014698,21.1181640625
2014797,16.357421875
2014861,17.02880859375
2014879,19.04296875
2014928,23.74267578125
2015042,21.91162109375
2015176,20.01953125
2015233,21.97265625
2015324,16.357421875
2015348,22.39990234375
2015497,19.47021484375
2015672,17.2119140625
2015806,19.6533203125
2016044,16.66259765625
2016205,22.76611328125
2110173,39.55078125
2110192,24.10888671875
2110327,20.44677734375
2118536,20.1416015625
2118636,30.09033203125
2118674,21.3623046875
2118700,45.0439453125
2118728,22.0947265625
2118751,20.99609375
2118764,16.9677734375
2118790,23.74267578125
2118804,22.4609375
2118840,28.86962890625
2118883,18.5546875
2118913,17.333984375
2119002,18.85986328125
2119025,16.845703125
2119047,19.53125
2119060,38.818359375
2119104,19.22607421875
2119120,19.95849609375
2119201,20.8740234375
2119276,19.1650390625
2119304,22.0947265625
2119374,17.4560546875
2119405,20.20263671875
2119497,24.47509765625
2119548,18.37158203125
2119609,29.052734375
2119685,19.04296875
2119722,21.8505859375
2119758,22.4609375
2119806,29.84619140625
2119855,21.78955078125
2119865,26.06201171875
2119923,18.98193359375
2119957,21.30126953125
2119988,16.2353515625
2120064,27.2216796875
2120080,16.2353515625
2120173,16.845703125
2120191,19.4091796875
2120207,20.751953125
2120244,21.78955078125
2120349,22.03369140625
2120387,16.29638671875
2120469,20.32470703125
2120515,21.66748046875
2120716,26.3671875
2120887,19.6533203125
2120898,17.9443359375
2121095,25.146484375
2121323,22.4609375
2121519,16.29638671875
2121658,17.27294921875
2121910,16.90673828125
2222367,36.2548828125
2222423,23.8037109375
2222474,23.3154296875
2222550,18.37158203125
2222677,25.0244140625
2222704,18.798828125
2236401,25.634765625
2259867,38.39111328125
2259993,23.3154296875
2274280,18.9208984375
2275273,22.15576171875
2275425,17.27294921875
2275692,23.62060546875
2276100,28.74755859375
2276204,17.27294921875
2276567,16.7236328125
2276613,16.66259765625
2276677,18.98193359375
2276722,20.20263671875
2277237,17.9443359375
2277388,34.85107421875
2277583,20.8740234375
2277983,17.2119140625
2291493,18.85986328125
2291627,19.71435546875
2307807,21.728515625
2323272,43.5791015625
2323324,18.06640625
2323349,20.751953125
2323508,30.517578125
2323625,28.80859375
2323648,32.8369140625
2323680,47.05810546875
2323695,21.66748046875
2323717,47.66845703125
2323745,27.64892578125
2323766,45.5322265625
2323784,26.123046875
2323796,16.41845703125
2323827,27.16064453125
2323841,22.216796875
2323874,17.76123046875
2323944,17.88330078125
2323980,20.32470703125
2324001,23.37646484375
2324021,23.86474609375
2324061,26.42822265625
2324090,16.78466796875
2324119,21.91162109375
2324316,21.54541015625
2324410,25.634765625
2324483,19.22607421875
2324844,23.49853515625
2324875,26.611328125
2324898,16.4794921875
2325063,17.333984375
2325129,18.24951171875
2325301,19.04296875
2325458,18.73779296875
2325931,16.78466796875
2326048,19.8974609375
2326461,16.6015625
2326927,18.5546875
2348044,37.65869140625
2348226,21.30126953125
2349194,20.01953125
2349248,18.12744140625
2349802,17.333984375
2349837,16.845703125
2349849,18.5546875
2396508,36.07177734375
2424146,24.2919921875
2424181,21.240234375
2459550,19.59228515625
2459593,18.85986328125
2459652,39.24560546875
2467494,16.4794921875
2467781,24.4140625
2467800,24.84130859375
2467863,17.51708984375
2467882,22.94921875
2467932,22.64404296875
2467962,39.85595703125
2467992,30.57861328125
2468013,22.705078125
2468033,33.14208984375
2468061,28.50341796875
2468075,17.2119140625
2468087,30.029296875
2468129,16.66259765625
2468141,17.333984375
2468187,23.01025390625
2468214,32.53173828125
2468263,24.59716796875
2468305,26.67236328125
2468331,18.9208984375
2468394,18.37158203125
2468492,22.15576171875
2468520,17.7001953125
2468675,32.8369140625
2468748,23.5595703125
2468931,24.7802734375
2468946,21.240234375
2469148,28.86962890625
2469168,17.333984375
2469214,22.88818359375
2469323,20.01953125
2469499,27.77099609375
2469510,16.66259765625
2469699,17.76123046875
2469857,19.775390625
2470220,17.4560546875
2470365,16.66259765625
2470537,18.9208984375
2470926,16.4794921875
2492054,18.49365234375
2492077,32.470703125
2492528,20.44677734375
2492573,18.00537109375
2548169,38.57421875
2548232,24.169921875
2559831,16.9677734375
2572568,32.65380859375
2572705,19.6533203125
2572777,26.4892578125
2603287,39.48974609375
2603302,19.6533203125
2603363,26.123046875
2612177,23.86474609375
2620659,22.216796875
2634799,18.5546875
2666087,36.92626953125
2684208,20.263671875
2685376,16.357421875
2685421,16.6015625
2701136,35.888671875
2720192,16.845703125
2720238,32.958984375
2720740,36.92626953125
2720822,28.74755859375
2720923,21.30126953125
2720965,22.64404296875
2740024,16.78466796875
2740064,17.2119140625
2763134,20.93505859375
2778663,21.30126953125
2779395,18.310546875
2779416,23.62060546875
2779888,25.57373046875
2780033,20.5078125
2780071,16.7236328125
2780918,43.0908203125
2781555,22.3388671875
2781675,16.9677734375
2781696,20.08056640625
2812258,31.1279296875
2812372,18.00537109375
2818542,44.5556640625
2818593,18.1884765625
2818613,27.9541015625
2818720,20.6298828125
2818743,20.5078125
2819293,17.02880859375
2819338,16.41845703125
2819423,18.49365234375
2836022,30.82275390625
2836044,24.0478515625
2836327,16.357421875
2850752,19.287109375
2851023,37.7197265625
2851093,20.81298828125
2860881,16.90673828125
2860974,16.845703125
2861063,17.2119140625
2861180,21.54541015625
2861197,27.03857421875
2861275,62.744140625
2861289,23.01025390625
2861320,41.19873046875
2861347,38.818359375
2861369,32.958984375
2861391,24.71923828125
2861412,34.60693359375
2861462,19.1650390625
2861488,21.8505859375
2861529,18.85986328125
2861542,27.64892578125
2861572,19.83642578125
2861601,21.728515625
2861643,27.40478515625
2861702,24.59716796875
2861761,32.04345703125
2861823,23.4375
2861943,23.3154296875
2862050,16.2353515625
2862072,17.333984375
2862150,19.6533203125
2862184,16.2353515625
2862250,19.47021484375
2862277,20.56884765625
2862353,17.88330078125
2862368,17.4560546875
2862519,17.9443359375
2862640,38.818359375
2862663,24.10888671875
2862871,19.8974609375
2862913,23.62060546875
2863000,25.32958984375
2863260,21.1181640625
2863454,21.17919921875
2863914,16.4794921875
2880028,21.66748046875
2880076,20.56884765625
2880115,51.33056640625
2880148,27.28271484375
2880177,41.259765625
2880210,29.60205078125
2880222,31.67724609375
2880275,31.6162109375
2880289,17.51708984375
2880324,21.30126953125
2880396,18.98193359375
2880428,22.705078125
2880531,25.08544921875
2880550,17.39501953125
2880593,16.78466796875
2880617,21.1181640625
2880687,18.9208984375
2880739,19.1650390625
2880853,17.578125
2880890,17.02880859375
2880918,21.240234375
2880971,18.798828125
2881027,21.1181640625
2881044,32.3486328125
2881115,28.1982421875
2881169,25.634765625
2881204,20.20263671875
2881239,17.822265625
2881257,19.4091796875
2881299,22.76611328125
2881309,22.4609375
2881383,17.88330078125
2881400,21.05712890625
2881451,18.98193359375
2881461,20.93505859375
2881489,19.22607421875
2881562,21.42333984375
2881677,23.74267578125
2881759,22.94921875
2881877,21.8505859375
2881918,18.00537109375
2882102,21.05712890625
2882211,27.34375
2882312,18.4326171875
2882550,19.8974609375
2883349,17.02880859375
2883636,21.3623046875
2884048,17.27294921875
2885225,19.4091796875
2903798,19.10400390625
2903847,35.888671875
2903858,20.6298828125
2903896,36.92626953125
2903911,29.72412109375
2903940,21.91162109375
2903962,33.26416015625
2903992,24.96337890625
2904004,22.64404296875
2904045,22.15576171875
2904059,34.5458984375
2904137,28.25927734375
2904149,26.2451171875
2904191,19.95849609375
2904222,17.27294921875
2904233,17.578125
2904251,21.1181640625
2904308,17.39501953125
2904398,25.87890625
2904460,16.357421875
2904501,16.41845703125
2904539,16.78466796875
2904598,16.7236328125
2904636,18.06640625
2904668,34.85107421875
2904689,20.6298828125
2904767,17.88330078125
2904841,29.9072265625
2904852,23.193359375
2904865,21.54541015625
2904890,24.90234375
2904974,23.25439453125
2904988,29.1748046875
2905025,18.12744140625
2905055,18.1884765625
2905068,21.8505859375
2905109,28.01513671875
2905125,23.01025390625
2905160,17.333984375
2905192,22.0947265625
2905340,18.61572265625
2905696,26.3671875
2905774,17.51708984375
2905856,21.30126953125
2905985,19.6533203125
2906029,16.7236328125
2906058,19.4091796875
2906199,21.1181640625
2906342,18.06640625
2906404,20.69091796875
2906664,20.81298828125
2906929,19.775390625
2907135,19.10400390625
2907584,16.4794921875
2930060,38.02490234375
2930095,24.10888671875
2930127,24.10888671875
2930138,26.42822265625
2930178,30.33447265625
2930202,19.95849609375
2930229,22.705078125
2930250,28.564453125
2930262,22.4609375
2930288,28.25927734375
2930302,25.32958984375
2930322,21.17919921875
2930360,30.45654296875
2930440,16.2353515625
2930464,23.92578125
2930477,22.15576171875
2930538,23.92578125
2930571,16.90673828125
2930603,26.18408203125
2930659,17.7001953125
2930711,31.1279296875
2930779,20.8740234375
2930831,20.6298828125
2930913,21.17919921875
2930925,16.357421875
2930962,23.13232421875
2931009,22.88818359375
2931100,18.6767578125
2931120,19.10400390625
2931157,19.22607421875
2931205,17.822265625
2931259,21.728515625
2931313,22.52197265625
2931368,22.3388671875
2931448,20.263671875
2931461,16.7236328125
2931528,32.04345703125
2931573,23.92578125
2931605,21.97265625
2931739,16.7236328125
2931856,23.4375
2931960,18.24951171875
2932089,17.39501953125
2932284,24.658203125
2932465,27.89306640625
2932481,18.06640625
2932533,16.357421875
2932597,21.6064453125
2932816,27.64892578125
2933290,18.9208984375
2933896,19.04296875
2955385,41.748046875
2955553,28.86962890625
2956613,16.4794921875
2956675,29.60205078125
2956763,16.4794921875
2956806,30.21240234375
2956841,17.333984375
2956929,21.05712890625
2956976,38.4521484375
2956996,19.04296875
2957051,16.357421875
2957111,21.30126953125
2957141,21.728515625
2957160,32.470703125
2957184,34.66796875
2957259,23.74267578125
2957271,16.78466796875
2957295,25.32958984375
2957312,21.97265625
2957342,17.88330078125
2957370,24.59716796875
2957391,25.45166015625
2957403,24.59716796875
2957458,18.5546875
2957479,30.8837890625
2957492,20.56884765625
2957583,27.587890625
2957597,18.61572265625
2957638,21.240234375
2957682,22.216796875
2957863,20.6298828125
2957912,18.9208984375
2958115,17.39501953125
2958165,20.263671875
2958564,16.41845703125
2958772,17.4560546875
2976803,35.0341796875
2976826,17.88330078125
2976883,27.7099609375
2976946,16.2353515625
2977004,28.6865234375
2977023,23.86474609375
2977154,28.076171875
2977212,22.88818359375
2977228,30.45654296875
2977254,38.14697265625
2977315,19.22607421875
2977339,22.39990234375
2977385,26.4892578125
2977419,29.84619140625
2977466,17.63916015625
2977494,33.63037109375
2977524,24.4140625
2977566,25.87890625
2977590,24.90234375
2977616,27.2216796875
2977634,27.77099609375
2977658,27.28271484375
2977680,24.5361328125
2977719,22.88818359375
2977732,20.1416015625
2977774,16.4794921875
2977784,16.66259765625
2977862,21.05712890625
2977987,17.02880859375
2978022,20.6298828125
2978115,21.05712890625
2978128,16.7236328125
2978237,17.08984375
2978302,19.04296875
2978488,18.1884765625
2978552,17.63916015625
2978973,19.10400390625
2979489,16.78466796875
2979979,16.90673828125
2980217,17.4560546875
3002440,31.55517578125
3003549,41.32080078125
3003608,21.3623046875
3003686,20.1416015625
3003714,31.31103515625
3003795,21.30126953125
3003808,22.5830078125
3003836,16.78466796875
3003858,22.94921875
3003899,16.29638671875
3003914,18.4326171875
3003969,16.4794921875
3003996,18.98193359375
3004122,20.44677734375
3004226,18.06640625
3004242,17.02880859375
3004280,31.1279296875
3004296,20.81298828125
3004404,29.4189453125
3004443,25.2685546875
3004470,16.66259765625
3004600,17.08984375
3004632,24.169921875
3004690,29.9072265625
3004743,21.8505859375
3004879,26.42822265625
3004948,17.63916015625
3005075,17.27294921875
3005160,24.23095703125
3005278,18.73779296875
3005522,16.66259765625
3005592,16.54052734375
3005724,22.216796875
3006124,16.4794921875
3024366,21.3623046875
3024405,34.423828125
3024498,27.28271484375
3024523,27.52685546875
3024582,22.4609375
3024608,19.287109375
3024636,23.13232421875
3024691,21.3623046875
3024706,16.90673828125
3024733,27.34375
3024791,21.728515625
3024807,24.658203125
3024838,16.54052734375
3024860,19.4091796875
3024891,18.9208984375
3024928,16.6015625
3024967,20.93505859375
3024995,19.1650390625
3025051,20.69091796875
3025098,26.06201171875
3025124,24.71923828125
3025146,18.85986328125
3025239,16.41845703125
3025310,33.14208984375
3025435,25.08544921875
3025459,17.15087890625
3025520,18.24951171875
3025851,20.69091796875
3025880,17.02880859375
3026062,17.333984375
3026467,17.02880859375
3044757,17.4560546875
3045001,43.0908203125
3045037,20.56884765625
3045060,20.08056640625
3045099,23.86474609375
3045153,27.587890625
3045196,18.73779296875
3045248,23.62060546875
3045259,26.18408203125
3045296,20.69091796875
3045312,17.08984375
3045394,19.10400390625
3045426,16.66259765625
3045452,23.74267578125
3045485,26.0009765625
3045604,17.39501953125
3045653,35.09521484375
3045749,24.35302734375
3045833,21.91162109375
3045852,16.7236328125
3045874,17.02880859375
3045933,18.4326171875
3045983,23.62060546875
3046055,20.32470703125
3046069,16.41845703125
3046103,27.7099609375
3046183,22.5830078125
3046217,16.29638671875
3046255,16.66259765625
3046469,27.64892578125
3046492,17.333984375
3046672,17.578125
3046887,19.287109375
3047105,18.06640625
3047553,18.6767578125
3067280,16.78466796875
3067313,22.03369140625
3067382,19.1650390625
3067413,32.2265625
3067426,19.04296875
3067497,21.54541015625
3067524,23.5595703125
3067557,18.12744140625
3067585,18.24951171875
3067597,38.330078125
3067621,17.2119140625
3067668,19.6533203125
3067684,24.59716796875
3067716,34.48486328125
3067741,43.76220703125
3067778,17.578125
3067797,19.10400390625
3067825,21.3623046875
3067838,17.02880859375
3067864,34.7900390625
3067910,19.34814453125
3067989,19.59228515625
3068027,16.6015625
3068058,18.37158203125
3068253,16.54052734375
3068317,20.01953125
3068397,22.705078125
3068448,19.4091796875
3068609,16.357421875
3068717,17.578125
3068787,16.845703125
3069037,18.12744140625
3069138,16.7236328125
3069227,17.4560546875
3069619,17.08984375
3086898,17.9443359375
3086976,37.2314453125
3087030,16.78466796875
3087078,27.83203125
3087166,20.3857421875
3087266,34.60693359375
3087319,19.8974609375
3087348,19.10400390625
3087358,19.6533203125
3087426,26.9775390625
3087486,18.24951171875
3087518,19.47021484375
3087559,35.21728515625
3087595,25.2685546875
3087627,20.5078125
3087746,23.193359375
3087762,18.06640625
3087826,16.78466796875
3087916,18.24951171875
3087930,18.1884765625
3087991,25.93994140625
3088016,16.41845703125
3088054,19.47021484375
3088133,21.54541015625
3088165,20.1416015625
3088224,18.12744140625
3088328,18.6767578125
3088435,16.90673828125
3088677,16.78466796875
3109568,16.357421875
3109956,18.98193359375
3110076,16.41845703125
3110095,17.27294921875
3110140,41.07666015625
3110203,19.71435546875
3110257,22.76611328125
3110337,20.1416015625
3110357,28.3203125
3110421,26.9775390625
3110489,29.9072265625
3110515,22.94921875
3110530,29.052734375
3110544,19.4091796875
3110576,33.63037109375
3110604,21.97265625
3110699,20.1416015625
3110760,16.90673828125
3110829,28.62548828125
3110982,16.6015625
3111000,25.45166015625
3111042,19.287109375
3111125,16.90673828125
3111144,25.87890625
3111186,28.6865234375
3111210,19.6533203125
3111308,18.4326171875
3111330,16.9677734375
3111407,39.73388671875
3111479,19.4091796875
3111646,23.98681640625
3111819,16.7236328125
3112001,19.287109375
3112327,16.4794921875
3112399,17.15087890625
3112589,20.6298828125
3129446,17.76123046875
3129599,22.27783203125
3129678,35.33935546875
3129713,18.73779296875
3129763,18.12744140625
3129844,30.70068359375
3129945,20.08056640625
3129990,23.681640625
3130017,25.146484375
3130053,16.9677734375
3130120,17.7001953125
3130307,37.109375
3130366,20.3857421875
3130491,16.6015625
3130636,17.76123046875
3130806,18.4326171875
3130855,22.0947265625
3131487,17.15087890625
3131889,17.51708984375
3132182,16.845703125
3151020,16.78466796875
3151070,38.0859375
3151146,20.751953125
3151183,27.2216796875
3151240,23.0712890625
3151289,16.41845703125
3151307,18.49365234375
3151321,19.287109375
3151428,23.37646484375
3151501,45.34912109375
3151543,16.9677734375
3151560,19.04296875
3151695,22.39990234375
3151747,20.56884765625
3151761,17.578125
3151867,27.34375
3151900,16.54052734375
3152091,16.54052734375
3152150,18.06640625
3152178,22.52197265625
3152270,21.54541015625
3152355,17.578125
3172237,17.02880859375
3172389,16.9677734375
3172504,35.58349609375
3172561,18.24951171875
3172671,19.59228515625
3172830,18.310546875
3172851,37.04833984375
3172880,23.5595703125
3172894,20.01953125
3172990,19.287109375
3173105,19.59228515625
3173127,39.4287109375
3173256,18.73779296875
3173388,29.84619140625
3173426,17.333984375
3173491,18.06640625
3173508,16.7236328125
3173538,25.2685546875
3173643,17.39501953125
3173738,20.81298828125
3173833,17.2119140625
3174554,16.78466796875
3174614,17.51708984375
3193698,16.357421875
3194357,18.6767578125
3194878,17.578125
3195151,18.06640625
3195302,20.99609375
3195365,40.22216796875
3195429,21.6064453125
3195572,19.47021484375
3195582,20.32470703125
3195628,18.37158203125
3195645,27.64892578125
3195760,17.63916015625
3195889,22.94921875
3195954,22.39990234375
3195968,20.6298828125
3196027,32.04345703125
3196145,19.6533203125
3196199,17.822265625
3196239,17.76123046875
3196264,22.64404296875
3196329,16.6015625
3196413,17.51708984375
3196527,17.02880859375
3196675,17.27294921875
3217134,46.56982421875
3217314,28.076171875
3217418,29.78515625
3217434,17.08984375
3217470,17.02880859375
3217507,31.79931640625
3217531,22.27783203125
3217693,20.8740234375
3217714,33.50830078125
3217944,20.6298828125
3218086,18.24951171875
3218219,30.76171875
3218251,19.22607421875
3218289,17.822265625
3218383,25.146484375
3240417,28.80859375
3240465,16.2353515625
3240479,18.798828125
3240580,22.39990234375
3240608,21.484375
3240625,18.37158203125
3240662,16.90673828125
3240675,31.18896484375
3240709,16.2353515625
3240839,17.333984375
3240925,21.54541015625
3240940,17.63916015625
3240977,33.935546875
3241070,20.08056640625
3241185,19.10400390625
3241206,20.5078125
3241266,16.78466796875
3241289,22.52197265625
3241308,19.71435546875
3241349,16.66259765625
3241385,16.78466796875
3241408,22.64404296875
3241493,21.17919921875
3241528,18.06640625
3241618,20.44677734375
3241764,18.5546875
3262681,18.798828125
3262837,18.12744140625
3262852,42.1142578125
3262916,17.9443359375
3263048,39.36767578125
3263172,22.27783203125
3263434,16.7236328125
3263455,16.41845703125
3263476,16.90673828125
3263525,19.53125
3263600,16.7236328125
3263616,28.4423828125
3263821,19.83642578125
3263933,18.310546875
3264182,18.73779296875
3285233,17.88330078125
3285254,40.283203125
3285331,18.6767578125
3285440,33.14208984375
3285634,16.357421875
3285724,16.845703125
3285887,33.63037109375
3286016,16.2353515625
3286054,21.30126953125
3286540,23.681640625
3287259,16.357421875
3305568,16.78466796875
3306342,42.3583984375
3306520,16.29638671875
3306630,32.04345703125
3306755,17.27294921875
3306785,21.484375
3306800,16.78466796875
3306843,37.29248046875
3306857,25.08544921875
3306889,21.3623046875
3306980,16.2353515625
3307026,23.193359375
3307062,19.22607421875
3307114,17.2119140625
3307241,25.08544921875
3307251,37.2314453125
3307319,17.27294921875
3307525,20.32470703125
3307537,29.96826171875
3307686,17.63916015625
3307965,16.2353515625
3330737,16.29638671875
3330846,16.66259765625
3331450,38.330078125
3331508,19.4091796875
3331733,20.3857421875
3331859,38.51318359375
3331897,17.2119140625
3331959,17.39501953125
3332052,34.85107421875
3332095,19.8974609375
3332471,20.81298828125
3332517,18.5546875
3332551,20.32470703125
3332594,20.5078125
3332817,16.2353515625
3332917,20.08056640625
3354499,17.88330078125
3355834,31.3720703125
3355969,17.27294921875
3356038,16.9677734375
3356052,19.8974609375
3356128,17.63916015625
3356276,26.79443359375
3356335,18.06640625
3356692,34.3017578125
3356870,22.88818359375
3357009,23.193359375
3396967,23.37646484375
3397240,23.0712890625
3397391,19.59228515625
3397488,46.142578125
3397529,32.16552734375
3397554,19.6533203125
3397655,31.67724609375
3397694,26.7333984375
3397714,28.4423828125
3397838,21.05712890625
3397850,18.98193359375
3397972,16.2353515625
3398044,16.9677734375
3398085,16.4794921875
3398107,25.32958984375
3398217,17.39501953125
3398281,19.10400390625
3398399,21.30126953125
3398807,16.845703125
3434691,16.41845703125
3435229,19.287109375
3435742,27.4658203125
3435884,21.66748046875
3435930,34.3017578125
3436032,16.66259765625
3436353,20.44677734375
3436527,23.62060546875
3436693,17.4560546875
3436827,16.845703125
3462814,17.39501953125
3463624,16.2353515625
3464025,37.78076171875
3464456,19.10400390625
3464717,21.97265625
3465042,17.27294921875
3489895,20.263671875
3489951,35.2783203125
3490190,22.64404296875
3490726,17.39501953125
3490813,21.97265625
3491501,16.4794921875
3491981,17.15087890625
3513673,16.7236328125
3514881,18.310546875
3515303,21.05712890625
3515513,18.00537109375
3515715,35.15625
3515941,16.7236328125
3516415,18.73779296875
3538953,16.66259765625
3563251,22.88818359375
3604242,17.08984375
3606720,19.287109375
3621163,20.08056640625
3689531,23.0712890625
3700438,17.76123046875
3709664,20.32470703125
3711915,21.05712890625
3732121,19.1650390625
3748962,16.357421875
3749000,16.2353515625
3749044,17.4560546875
3770899,18.24951171875
3777024,16.4794921875
3777065,17.2119140625
3777322,35.94970703125
3779005,20.3857421875
3800418,20.44677734375
3808836,21.66748046875
3815194,23.681640625
3825326,20.44677734375
3825806,17.02880859375
3825878,16.9677734375
3825919,17.27294921875
3849579,20.5078125
3859850,19.47021484375
3867083,19.04296875
3869812,29.72412109375
3869939,24.658203125
3899366,20.5078125
3907397,21.240234375
3913908,21.91162109375
3921583,17.51708984375
3921625,17.76123046875
3921664,17.08984375
3922135,16.6015625
3922169,17.02880859375
3922197,17.39501953125
3922492,34.0576171875
3941481,17.88330078125
3941559,19.47021484375
3941666,18.1884765625
3959839,17.39501953125
3959991,19.71435546875
3960005,20.20263671875
3960118,17.63916015625
3960149,46.0205078125
3960175,37.78076171875
3960228,25.69580078125
3960256,27.34375
3960267,25.69580078125
3960318,31.55517578125
3960335,24.59716796875
3960345,28.564453125
3960403,32.16552734375
3960447,28.01513671875
3960505,24.10888671875
3960524,16.7236328125
3960550,21.78955078125
3960648,19.95849609375
3960741,19.47021484375
3960808,20.01953125
3960868,17.333984375
3960959,18.37158203125
3961063,20.20263671875
3961075,29.60205078125
3961110,17.51708984375
3961150,18.00537109375
3961232,18.6767578125
3961432,22.4609375
3961461,17.63916015625
3961552,16.54052734375
3961691,18.00537109375
3962021,17.822265625
3962793,16.9677734375
3963185,18.49365234375
3963265,17.578125
3963494,17.88330078125
3963534,17.7001953125
3963855,17.51708984375
3965597,16.845703125
3966124,18.4326171875
4025089,16.4794921875
4056908,19.53125
4074099,18.4326171875
4090521,16.90673828125
4090551,23.37646484375
4091168,29.84619140625
4091647,17.15087890625
4094315,22.4609375
4095016,21.17919921875
4095056,42.1142578125
4095071,21.78955078125
4095094,25.81787109375
4095122,23.62060546875
4095135,16.41845703125
4095157,18.798828125
4095178,29.60205078125
4095196,16.6015625
4095221,22.15576171875
4095234,21.30126953125
4095262,28.564453125
4095337,24.23095703125
4095377,21.728515625
4095437,22.03369140625
4095470,25.390625
4095482,20.6298828125
4095639,21.54541015625
4095757,19.59228515625
4095944,21.1181640625
4096016,17.2119140625
4096116,19.71435546875
4096140,28.13720703125
4096413,17.578125
4096490,16.54052734375
4096528,19.6533203125
4096783,26.2451171875
4097909,17.02880859375
4098270,16.845703125
4098343,16.90673828125
4098743,18.98193359375
4099434,16.29638671875
4136059,23.681640625
4141531,18.06640625
4141545,60.302734375
4141564,20.08056640625
4141590,21.17919921875
4141606,34.48486328125
4141647,23.13232421875
4141660,22.52197265625
4141690,29.23583984375
4141711,35.21728515625
4141740,27.40478515625
4141751,17.822265625
4141788,23.86474609375
4141851,21.484375
4141888,20.751953125
4141906,26.06201171875
4141932,20.8740234375
4141979,27.099609375
4142017,18.310546875
4142068,18.6767578125
4142198,16.54052734375
4142321,16.41845703125
4142443,17.333984375
4142582,16.90673828125
4142638,22.4609375
4142706,21.17919921875
4142723,23.3154296875
4142746,28.38134765625
4142760,20.01953125
4142793,24.84130859375
4142810,17.08984375
4142836,23.86474609375
4142860,16.78466796875
4142871,21.3623046875
4142925,32.3486328125
4142956,23.8037109375
4142997,16.845703125
4143041,32.470703125
4143056,19.83642578125
4143082,16.54052734375
4143118,17.08984375
4143150,23.86474609375
4143209,23.25439453125
4143946,21.8505859375
4144028,23.49853515625
4144181,18.00537109375
4144393,16.41845703125
4144432,21.78955078125
4144704,19.53125
4148255,17.51708984375
4196100,22.15576171875
4215275,19.10400390625
4228898,21.42333984375
4228920,44.5556640625
4228937,20.08056640625
4228980,20.20263671875
4229018,25.146484375
4229039,34.1796875
4229084,29.1748046875
4229108,30.57861328125
4229121,22.4609375
4229158,19.04296875
4229179,27.28271484375
4229224,18.49365234375
4229265,23.681640625
4229353,22.0947265625
4229410,17.76123046875
4229501,20.69091796875
4229540,17.15087890625
4229671,18.49365234375
4229681,24.169921875
4229721,19.775390625
4229820,20.8740234375
4229870,20.8740234375
4229904,20.3857421875
4229923,17.76123046875
4229947,21.240234375
4229995,18.73779296875
4230021,29.1748046875
4230090,22.5830078125
4230116,18.12744140625
4230138,20.81298828125
4230172,26.91650390625
4230191,17.27294921875
4230207,22.5830078125
4230239,26.611328125
4230264,28.62548828125
4230292,23.62060546875
4230333,24.59716796875
4230380,16.29638671875
4230396,22.5830078125
4230464,16.41845703125
4230537,18.12744140625
4230593,23.98681640625
4230693,18.6767578125
4231094,20.20263671875
4231169,18.85986328125
4231408,19.59228515625
4231441,17.333984375
4231589,20.44677734375
4231806,20.263671875
4231948,16.845703125
4232033,17.4560546875
4232076,24.658203125
4233757,16.29638671875
4234630,16.29638671875
4318269,18.98193359375
4348826,30.82275390625
4365649,18.24951171875
4374871,20.81298828125
4374967,16.2353515625
4375586,18.310546875
4379501,39.4287109375
4407512,32.3486328125
4409022,17.2119140625
4409119,20.751953125
4409809,34.36279296875
4423365,16.90673828125
4426752,16.845703125
4427185,17.27294921875
4427244,18.4326171875
4427278,16.29638671875
4427318,21.97265625
4427339,31.06689453125
4427382,17.02880859375
4427421,19.8974609375
4427438,27.9541015625
4427466,41.68701171875
4427491,24.96337890625
4427512,18.798828125
4427522,26.0009765625
4427536,21.728515625
4427577,19.10400390625
4427592,21.484375
4427608,18.9208984375
4427619,19.71435546875
4427639,19.34814453125
4427667,22.3388671875
4427727,42.6025390625
4427750,16.7236328125
4427760,16.357421875
4427799,21.8505859375
4427844,17.15087890625
4427855,21.97265625
4427978,20.6298828125
4428055,22.03369140625
4428145,17.822265625
4428246,22.216796875
4428293,16.7236328125
4428310,21.3623046875
4428374,17.51708984375
4428519,18.9208984375
4428791,22.3388671875
4428921,17.7001953125
4429010,20.8740234375
4429294,16.90673828125
4430346,16.29638671875
4476261,17.27294921875
4486507,17.2119140625
4499731,17.2119140625
4522272,16.6015625
4522899,16.90673828125
4523476,16.54052734375
4523583,30.57861328125
4524323,22.3388671875
4554536,18.4326171875
4554592,18.798828125
4554614,16.9677734375
4586297,18.61572265625
4587527,16.54052734375
4621865,35.58349609375
4640530,27.64892578125
4655610,18.06640625
4656165,16.845703125
4664240,16.6015625
4664394,18.73779296875
4664444,36.2548828125
4664468,18.5546875
4664480,41.9921875
4664519,22.94921875
4664531,35.400390625
4664563,20.69091796875
4664574,25.2685546875
4664610,23.01025390625
4664638,19.22607421875
4664662,21.8505859375
4664723,21.728515625
4664733,19.59228515625
4664795,22.39990234375
4664811,19.95849609375
4664835,16.2353515625
4664862,27.34375
4664879,16.29638671875
4664891,17.08984375
4664926,22.216796875
4664947,20.44677734375
4665007,16.845703125
4665103,20.3857421875
4665252,22.27783203125
4665368,19.10400390625
4665435,17.4560546875
4665519,17.63916015625
4665572,16.9677734375
4665607,31.31103515625
4665656,23.49853515625
4665715,20.81298828125
4665725,17.51708984375
4665841,18.49365234375
4665898,19.83642578125
4665925,21.42333984375
4665984,20.751953125
4666055,24.84130859375
4666105,18.5546875
4666173,18.5546875
4666280,18.9208984375
4666419,17.15087890625
4666454,16.2353515625
4666640,24.90234375
4668516,16.90673828125
4668758,17.08984375
4668794,16.357421875
4669457,21.42333984375
4670655,16.41845703125
4671786,17.15087890625
4677024,16.41845703125
4678731,16.54052734375
4703808,16.54052734375
4722625,19.22607421875
4722731,19.34814453125
4722788,42.78564453125
4722834,30.57861328125
4722859,19.83642578125
4722877,18.5546875
4722893,22.8271484375
4722932,16.357421875
4722944,29.296875
4722976,34.0576171875
4722998,22.3388671875
4723008,21.484375
4723031,19.10400390625
4723068,23.13232421875
4723116,20.3857421875
4723130,25.20751953125
4723201,18.73779296875
4723243,16.9677734375
4723264,16.78466796875
4723308,16.9677734375
4723381,22.76611328125
4723495,20.69091796875
4723687,19.22607421875
4723765,16.357421875
4723779,19.10400390625
4723868,19.287109375
4723886,19.775390625
4723946,22.39990234375
4723992,20.263671875
4724015,25.5126953125
4724055,20.56884765625
4724068,18.06640625
4724097,24.2919921875
4724139,27.03857421875
4724149,18.49365234375
4724183,21.6064453125
4724207,23.01025390625
4724220,17.7001953125
4724251,17.15087890625
4724304,19.287109375
4724350,22.3388671875
4724401,18.6767578125
4724467,16.845703125
4724863,26.7333984375
4725051,16.90673828125
4725248,21.42333984375
4725895,20.93505859375
4726164,16.6015625
4726426,17.822265625
4727192,16.66259765625
4775910,18.06640625
4776003,18.310546875
4776017,42.41943359375
4776077,29.96826171875
4776090,33.3251953125
4776132,17.333984375
4776157,26.4892578125
4776208,38.87939453125
4776237,21.42333984375
4776259,17.4560546875
4776271,17.4560546875
4776311,16.9677734375
4776330,28.62548828125
4776370,20.56884765625
4776405,20.8740234375
4776462,27.89306640625
4776517,23.37646484375
4776595,21.728515625
4776698,20.01953125
4776901,31.6162109375
4776970,22.705078125
4776998,16.9677734375
4777041,17.4560546875
4777060,19.22607421875
4777131,16.54052734375
4777158,17.822265625
4777176,18.73779296875
4777216,20.5078125
4777335,18.6767578125
4777364,23.49853515625
4777391,18.5546875
4777445,18.5546875
4777468,34.66796875
4777514,18.98193359375
4777562,17.76123046875
4777601,19.83642578125
4777677,16.7236328125
4777699,17.822265625
4777783,17.7001953125
4777959,23.74267578125
4778480,22.15576171875
4778818,19.04296875
4779966,20.81298828125
4809617,38.9404296875
4809725,27.77099609375
4809774,18.49365234375
4809827,17.63916015625
4809866,31.79931640625
4809903,16.9677734375
4809925,21.1181640625
4809954,24.5361328125
4809965,32.1044921875
4810014,26.9775390625
4810026,17.27294921875
4810051,40.46630859375
4810095,26.30615234375
4810142,20.20263671875
4810183,23.98681640625
4810258,16.29638671875
4810289,17.51708984375
4810333,20.01953125
4810411,25.08544921875
4810564,17.7001953125
4810656,16.4794921875
4810671,16.6015625
4810728,22.03369140625
4810826,17.39501953125
4810877,24.658203125
4810909,21.05712890625
4810977,22.705078125
4811038,23.13232421875
4811083,18.73779296875
4811143,24.169921875
4811177,16.9677734375
4811195,19.775390625
4811269,19.22607421875
4811292,20.81298828125
4811359,17.15087890625
4811369,18.9208984375
4811532,25.08544921875
4811545,19.8974609375
4811650,21.6064453125
4811729,30.3955078125
4811935,16.54052734375
4811951,23.3154296875
4812013,22.4609375
4812030,16.9677734375
4812172,21.05712890625
4812444,20.3857421875
4813688,16.4794921875
4813973,17.76123046875
4814583,19.1650390625
4845850,24.0478515625
4845912,18.00537109375
4845977,35.7666015625
4846047,21.3623046875
4846071,17.08984375
4846094,20.20263671875
4846124,17.15087890625
4846138,23.13232421875
4846164,40.10009765625
4846185,32.470703125
4846217,34.60693359375
4846258,21.1181640625
4846281,21.66748046875
4846305,23.98681640625
4846342,21.484375
4846380,27.099609375
4846396,29.23583984375
4846435,20.20263671875
4846465,19.22607421875
4846475,28.99169921875
4846510,30.76171875
4846571,18.61572265625
4846640,20.1416015625
4846704,18.37158203125
4846734,23.5595703125
4846855,22.705078125
4846941,19.10400390625
4846954,16.2353515625
4847040,25.32958984375
4847154,22.64404296875
4847225,24.96337890625
4847259,20.20263671875
4847286,22.03369140625
4847378,20.08056640625
4847537,26.3671875
4847569,17.88330078125
4847762,21.66748046875
4847792,16.41845703125
4850240,18.00537109375
4876928,18.00537109375
4877010,17.27294921875
4877048,19.04296875
4877079,36.68212890625
4877161,22.0947265625
4877199,31.18896484375
4877269,16.90673828125
4877286,17.7001953125
4877314,19.34814453125
4877335,33.8134765625
4877414,20.56884765625
4877428,19.6533203125
4877449,16.90673828125
4877467,21.17919921875
4877494,16.357421875
4877534,21.240234375
4877556,19.71435546875
4877571,36.07177734375
4877600,18.310546875
4877615,20.01953125
4877663,23.3154296875
4877678,19.59228515625
4877704,17.88330078125
4877720,28.25927734375
4877736,28.4423828125
4877762,20.81298828125
4877804,18.85986328125
4877834,29.296875
4877858,20.56884765625
4877876,16.6015625
4877929,17.822265625
4877941,29.60205078125
4878018,20.751953125
4878074,21.78955078125
4878182,18.310546875
4878259,24.10888671875
4878285,16.7236328125
4878461,18.4326171875
4878622,23.193359375
4878678,17.9443359375
4878745,18.37158203125
4878868,18.37158203125
4878911,16.845703125
4878946,16.54052734375
4879272,19.95849609375
4879633,18.61572265625
4879827,20.93505859375
4880424,16.66259765625
4880802,16.2353515625
4905385,24.59716796875
4905504,31.55517578125
4905591,23.62060546875
4905609,25.146484375
4905666,32.71484375
4905705,27.28271484375
4905733,16.90673828125
4905746,26.18408203125
4905780,18.85986328125
4905795,20.3857421875
4905812,18.5546875
4905853,34.423828125
4905877,28.564453125
4905946,16.357421875
4906046,18.4326171875
4906062,18.06640625
4906125,17.578125
4906272,18.61572265625
4906405,47.42431640625
4906418,18.9208984375
4906552,20.3857421875
4906598,24.2919921875
4906642,16.54052734375
4906783,23.49853515625
4906840,18.12744140625
4906875,19.83642578125
4906905,16.66259765625
4906961,34.72900390625
4907010,17.51708984375
4907071,18.1884765625
4907178,24.96337890625
4907214,18.37158203125
4907321,22.15576171875
4907390,21.17919921875
4907479,16.78466796875
4907666,18.310546875
4907724,17.2119140625
4909290,16.2353515625
4909325,17.39501953125
4909567,17.02880859375
4946460,32.8369140625
4946612,24.47509765625
4946860,25.634765625
4946901,25.57373046875
4947079,43.88427734375
4947110,21.240234375
4947166,17.51708984375
4947187,17.822265625
4947268,21.66748046875
4947284,22.4609375
4947377,22.94921875
4947404,17.02880859375
4947435,19.775390625
4947454,22.52197265625
4947479,19.34814453125
4947527,16.845703125
4947599,17.02880859375
4947637,19.22607421875
4947664,16.41845703125
4947693,16.2353515625
4947738,20.56884765625
4947798,19.22607421875
4947829,16.78466796875
4947843,17.51708984375
4947903,31.31103515625
4947936,19.59228515625
4947972,30.21240234375
4948018,16.357421875
4948055,23.5595703125
4948066,20.20263671875
4948109,24.47509765625
4948128,20.751953125
4948221,20.6298828125
4948250,17.39501953125
4948265,17.51708984375
4948325,19.6533203125
4948470,16.54052734375
4949353,17.333984375
4950640,18.61572265625
4950803,19.22607421875
4950968,16.6015625
4951172,18.61572265625
4951355,18.49365234375
4951632,18.49365234375
4984620,19.1650390625
4984804,28.38134765625
4984861,20.20263671875
4984930,26.2451171875
4984971,20.01953125
4985020,19.53125
4985073,21.6064453125
4985113,25.69580078125
4985178,32.65380859375
4985243,19.34814453125
4985281,21.30126953125
4985308,20.69091796875
4985358,16.9677734375
4985371,17.51708984375
4985404,18.00537109375
4985482,22.705078125
4985519,31.3720703125
4985543,23.25439453125
4985562,16.845703125
4985575,26.0009765625
4985589,25.08544921875
4985636,17.39501953125
4985656,32.77587890625
4985704,18.85986328125
4985805,17.27294921875
4985897,23.25439453125
4985990,19.53125
4986098,16.4794921875
4986175,18.98193359375
4986355,21.91162109375
4986624,22.8271484375
4986682,19.04296875
4987416,16.845703125
4987749,17.4560546875
4987936,18.61572265625
4988308,20.20263671875
4988683,16.6015625
5017139,18.310546875
5017316,17.4560546875
5018160,16.54052734375
5018433,38.14697265625
5018975,17.51708984375
5019097,34.24072265625
5019137,16.6015625
5019180,17.51708984375
5019224,28.1982421875
5019279,27.099609375
5019404,29.11376953125
5019463,17.63916015625
5019487,23.3154296875
5019525,19.71435546875
5019590,20.08056640625
5019612,26.123046875
5019642,18.98193359375
5019699,19.775390625
5019751,19.04296875
5019836,17.27294921875
5019862,21.17919921875
5019914,17.27294921875
5020015,23.49853515625
5020197,47.7294921875
5020264,17.27294921875
5020332,17.2119140625
5020358,17.76123046875
5020436,22.03369140625
5022117,19.10400390625
5023048,18.310546875
5069419,18.9208984375
5069521,16.78466796875
5069585,34.48486328125
5069613,19.1650390625
5069692,22.39990234375
5069760,27.2216796875
5069783,20.81298828125
5069803,24.10888671875
5069837,19.59228515625
5069855,22.03369140625
5069871,20.08056640625
5069893,22.88818359375
5069932,16.6015625
5069953,18.9208984375
5069987,19.6533203125
5070000,24.5361328125
5070099,16.4794921875
5070131,34.1796875
5070224,17.333984375
5070358,17.02880859375
5070447,18.1884765625
5070518,20.8740234375
5070604,17.333984375
5070641,23.49853515625
5070686,21.54541015625
5070735,17.7001953125
5070768,20.6298828125
5070834,21.728515625
5070893,19.04296875
5070934,17.76123046875
5070949,19.83642578125
5071076,18.6767578125
5071105,18.1884765625
5071230,20.3857421875
5071274,24.84130859375
5071295,19.53125
5071357,19.83642578125
5071407,18.98193359375
5072774,18.1884765625
5073040,16.54052734375
5073343,18.4326171875
5108293,18.310546875
5108425,18.06640625
5108457,32.470703125
5108560,30.2734375
5108640,19.775390625
5108670,29.35791015625
5108681,24.2919921875
5108735,16.54052734375
5108754,31.982421875
5108776,22.5830078125
5108793,25.08544921875
5108822,27.4658203125
5108844,18.1884765625
5108858,16.29638671875
5108872,20.751953125
5108902,16.4794921875
5108934,18.5546875
5108976,21.728515625
5109004,19.53125
5109068,26.3671875
5109150,17.9443359375
5109241,26.2451171875
5109424,18.37158203125
5109495,22.8271484375
5109683,17.27294921875
5109777,20.751953125
5109817,21.484375
5109830,17.27294921875
5109858,18.798828125
5109908,16.4794921875
5109960,21.3623046875
5110114,23.01025390625
5110234,27.89306640625
5112210,16.54052734375
5144149,16.2353515625
5144862,18.798828125
5180525,16.2353515625
5289997,17.08984375
5290102,33.935546875
5290168,36.2548828125
5290190,16.78466796875
5290215,22.52197265625
5290232,35.2783203125
5290258,25.57373046875
5290284,29.78515625
5290297,33.02001953125
5290338,29.1748046875
5290356,16.2353515625
5290393,17.51708984375
5290426,22.52197265625
5290457,17.27294921875
5290489,17.39501953125
5290536,21.54541015625
5290570,20.5078125
5290601,23.0712890625
5290640,20.751953125
5290749,17.76123046875
5290801,17.88330078125
5290812,19.8974609375
5290870,24.169921875
5290967,31.55517578125
5291051,17.88330078125
5291182,19.8974609375
5291216,23.4375
5291292,19.71435546875
5291329,17.02880859375
5291381,17.27294921875
5291403,16.2353515625
5291734,25.32958984375
5291785,16.66259765625
5291955,20.56884765625
5293331,17.333984375
5293429,16.41845703125
5294414,17.08984375
5339018,19.59228515625
5339099,38.818359375
5339248,21.728515625
5339271,20.751953125
5339289,19.53125
5339332,34.60693359375
5339348,17.2119140625
5339362,26.0009765625
5339391,30.2734375
5339403,25.2685546875
5339449,24.47509765625
5339478,24.2919921875
5339500,27.52685546875
5339529,35.46142578125
5339546,20.751953125
5339588,17.15087890625
5339616,16.78466796875
5339686,17.822265625
5339719,26.06201171875
5339739,16.357421875
5339821,22.216796875
5339991,16.29638671875
5340082,17.9443359375
5340218,19.95849609375
5340306,21.8505859375
5340342,17.7001953125
5340467,24.4140625
5340491,16.29638671875
5340586,16.6015625
5340706,17.63916015625
5340778,19.71435546875
5340893,19.47021484375
5341237,16.29638671875
5342552,16.4794921875
5344012,17.27294921875
5407317,19.10400390625
5407444,19.83642578125
5407543,20.20263671875
5407586,34.0576171875
5407628,19.8974609375
5407654,19.6533203125
5407695,26.0009765625
5407711,30.94482421875
5407773,22.76611328125
5407788,29.72412109375
5407814,18.85986328125
5407852,19.34814453125
5407870,28.076171875
5407903,26.2451171875
5407927,32.04345703125
5407950,16.4794921875
5407962,17.9443359375
5407984,20.08056640625
5408017,20.69091796875
5408041,18.00537109375
5408080,19.34814453125
5408143,22.4609375
5408176,22.03369140625
5408235,16.29638671875
5408249,20.751953125
5408317,19.775390625
5408397,19.4091796875
5408438,17.51708984375
5408526,18.5546875
5408680,19.287109375
5408700,21.78955078125
5408767,22.39990234375
5408842,18.85986328125
5409050,17.39501953125
5409153,22.39990234375
5409230,20.81298828125
5410421,16.90673828125
5410505,19.6533203125
5410684,19.287109375
5410891,20.81298828125
5411348,24.23095703125
5411766,17.63916015625
5501664,19.95849609375
5501755,18.12744140625
5501790,38.57421875
5501844,18.6767578125
5501900,26.9775390625
5501929,18.85986328125
5501977,23.0712890625
5501993,21.728515625
5502042,73.18115234375
5502074,17.9443359375
5502096,32.2265625
5502147,17.2119140625
5502157,34.1796875
5502242,20.99609375
5502288,18.12744140625
5502326,25.7568359375
5502381,16.41845703125
5502441,17.578125
5502483,16.6015625
5502612,18.06640625
5502768,18.24951171875
5502919,20.3857421875
5502957,21.54541015625
5502987,16.29638671875
5503085,32.1044921875
5503143,17.822265625
5503208,18.6767578125
5503398,17.08984375
5503472,24.5361328125
5503579,16.845703125
5503723,18.85986328125
5504421,17.15087890625
5504972,16.78466796875
5506088,17.9443359375
5506500,18.06640625
5636620,19.287109375
5636817,35.15625
5636833,25.2685546875
5636892,18.6767578125
5636937,20.81298828125
5636969,27.7099609375
5637011,19.10400390625
5637034,26.42822265625
5637065,22.5830078125
5637090,24.169921875
5637112,17.88330078125
5637136,19.775390625
5637154,17.76123046875
5637179,18.6767578125
5637239,33.203125
5637259,18.85986328125
5637308,21.6064453125
5637354,26.85546875
5637380,18.12744140625
5637425,19.83642578125
5637557,18.4326171875
5637703,18.9208984375
5637831,17.4560546875
5637869,20.69091796875
5637926,18.06640625
5637954,18.06640625
5638016,24.658203125
5638040,17.39501953125
5638216,25.7568359375
5638376,28.74755859375
5638771,17.333984375
5640528,16.7236328125
5640552,17.2119140625
5640825,18.798828125
5641614,20.81298828125
5642255,18.61572265625
5748758,17.7001953125
5748893,38.0859375
5748953,21.6064453125
5748985,16.54052734375
5749023,28.13720703125
5749050,17.822265625
5749063,20.81298828125
5749091,18.73779296875
5749118,24.59716796875
5749151,37.41455078125
5749168,30.6396484375
5749189,27.83203125
5749204,30.57861328125
5749220,33.5693359375
5749262,16.6015625
5749287,20.3857421875
5749343,20.1416015625
5749408,20.99609375
5749428,17.02880859375
5749444,20.3857421875
5749546,21.728515625
5749581,21.30126953125
5749652,19.47021484375
5749703,17.4560546875
5749772,17.2119140625
5750134,21.66748046875
5750173,18.98193359375
5750185,19.775390625
5750225,20.6298828125
5750413,19.6533203125
5750463,16.29638671875
5750509,16.845703125
5750772,18.798828125
5750884,17.88330078125
5752890,19.47021484375
5753559,20.44677734375
5805251,18.5546875
5805397,18.798828125
5805509,17.88330078125
5805552,39.48974609375
5805606,18.37158203125
5805669,33.3251953125
5805697,18.98193359375
5805714,19.53125
5805730,26.7333984375
5805751,24.84130859375
5805798,29.84619140625
5805831,23.193359375
5805872,29.84619140625
5805883,25.93994140625
5805930,27.9541015625
5805942,38.63525390625
5805984,18.6767578125
5806011,16.54052734375
5806049,17.4560546875
5806144,18.9208984375
5806204,27.2216796875
5806288,17.822265625
5806458,16.2353515625
5806518,20.32470703125
5806615,22.15576171875
5806666,17.02880859375
5806782,17.39501953125
5806979,23.5595703125
5807055,16.78466796875
5807095,25.7568359375
5807120,18.73779296875
5810097,19.8974609375
5810571,16.78466796875
5919058,16.4794921875
5939871,18.12744140625
5940084,20.08056640625
5940150,35.21728515625
5940205,22.705078125
5940262,27.89306640625
5940275,19.71435546875
5940286,24.71923828125
5940324,19.775390625
5940340,21.05712890625
5940362,22.0947265625
5940391,22.03369140625
5940411,34.11865234375
5940441,16.2353515625
5940462,38.57421875
5940500,27.34375
5940537,44.00634765625
5940705,18.85986328125
5940778,17.02880859375
5940858,22.216796875
5940911,19.10400390625
5941024,21.728515625
5941091,17.822265625
5941217,19.59228515625
5941235,25.390625
5941310,17.39501953125
5941341,18.06640625
5941457,16.4794921875
5941477,25.5126953125
5941591,18.06640625
5941812,26.55029296875
5941866,18.00537109375
5942055,16.4794921875
5942439,17.02880859375
5943472,17.02880859375
5943629,18.06640625
5944059,16.54052734375
5944997,16.29638671875
5945130,17.08984375
5988456,16.54052734375
5988730,38.14697265625
5988785,19.95849609375
5988874,29.60205078125
5988917,17.63916015625
5988961,24.84130859375
5988986,38.75732421875
5989031,18.98193359375
5989051,19.4091796875
5989085,24.658203125
5989132,22.705078125
5989142,23.62060546875
5989227,17.822265625
5989262,22.15576171875
5989296,16.9677734375
5989317,18.4326171875
5989344,19.1650390625
5989393,22.4609375
5989528,29.35791015625
5989623,21.97265625
5989720,17.9443359375
5989749,23.98681640625
5989862,17.02880859375
5990024,19.1650390625
5990039,18.6767578125
5990186,17.63916015625
5990210,23.4375
5990357,16.9677734375
5990564,17.578125
5991531,16.2353515625
5993491,17.88330078125
6053606,19.04296875
6053751,17.02880859375
6053863,16.845703125
6053966,17.578125
6054026,29.9072265625
6054072,16.90673828125
6054150,19.59228515625
6054181,18.73779296875
6054195,28.25927734375
6054260,26.79443359375
6054285,20.5078125
6054313,25.32958984375
6054366,20.69091796875
6054377,32.65380859375
6054418,16.7236328125
6054435,17.2119140625
6054465,24.4140625
6054532,17.76123046875
6054546,22.27783203125
6054573,21.240234375
6054586,17.08984375
6054669,22.52197265625
6054774,18.798828125
6054790,21.30126953125
6054995,25.5126953125
6055167,16.4794921875
6055225,18.49365234375
6055262,30.94482421875
6055296,19.04296875
6055438,25.87890625
6055624,19.34814453125
6056902,16.7236328125
6058625,17.08984375
6259431,16.54052734375
6416209,16.845703125
6483763,17.15087890625
6506845,16.6015625
6507623,18.85986328125
6507668,22.15576171875
6507687,19.83642578125
6507852,22.76611328125
6507883,31.6162109375
6507913,21.54541015625
6507942,18.49365234375
6507983,20.8740234375
6508002,17.578125
6508171,17.15087890625
6508406,28.80859375
6508456,31.79931640625
6508516,16.54052734375
6508566,19.775390625
6508596,17.822265625
6508609,24.2919921875
6508650,25.390625
6508691,18.06640625
6508743,26.85546875
6508766,25.08544921875
6508798,42.17529296875
6508808,17.63916015625
6508853,22.64404296875
6508869,18.1884765625
6508886,18.49365234375
6508908,20.1416015625
6508928,17.822265625
6508976,20.1416015625
6509003,17.76123046875
6509036,18.310546875
6509058,20.3857421875
6509086,18.310546875
6509122,17.2119140625
6509153,16.2353515625
6509179,23.8037109375
6509288,19.287109375
6509435,21.78955078125
6509585,18.00537109375
6509830,16.41845703125
6510010,19.4091796875
6510174,17.39501953125
6510376,16.7236328125
6510856,18.06640625
6511401,16.357421875
6512458,16.845703125
6513498,17.08984375
6515791,16.4794921875
6633383,16.845703125
6633509,19.71435546875
6633596,23.3154296875
6633649,32.89794921875
6633679,20.99609375
6633729,27.587890625
6633747,18.4326171875
6633772,21.54541015625
6633786,18.6767578125
6633810,28.6865234375
6633863,39.306640625
6633877,19.53125
6633916,39.9169921875
6633933,22.3388671875
6633955,22.3388671875
6634036,17.76123046875
6634084,30.6396484375
6634149,17.51708984375
6634218,29.47998046875
6634305,16.66259765625
6634424,16.41845703125
6634497,18.98193359375
6634621,17.76123046875
6634690,21.30126953125
6634850,29.296875
6634873,18.798828125
6634900,18.1884765625
6634917,23.25439453125
6634954,24.4140625
6635009,18.49365234375
6635045,17.4560546875
6635079,21.42333984375
6635101,25.2685546875
6635231,29.11376953125
6635287,16.357421875
6635308,23.62060546875
6635331,16.845703125
6635372,20.99609375
6635563,17.27294921875
6635884,16.2353515625
6637547,16.6015625
6637767,18.310546875
6638257,17.51708984375
6638723,16.4794921875
6639148,18.6767578125
6866021,16.2353515625
6868335,16.78466796875
6875716,18.1884765625
6876609,16.4794921875
6896534,19.34814453125
6897429,16.66259765625
6898448,18.85986328125
6929098,19.71435546875
6930083,17.4560546875
6931159,16.7236328125
6947636,16.845703125
6949282,16.6015625
6949784,17.7001953125
6950614,16.845703125
6980490,18.49365234375
6981834,16.7236328125
6983167,17.63916015625
7010685,18.6767578125
7023098,16.54052734375
7028678,17.08984375
7028717,22.88818359375
7028768,19.47021484375
7028798,29.052734375
7028817,22.64404296875
7028858,30.6396484375
7028883,22.52197265625
7028908,30.6396484375
7028942,24.96337890625
7028954,33.75244140625
7029005,25.634765625
7029079,19.04296875
7029209,26.18408203125
7029242,17.7001953125
7029268,21.1181640625
7029351,16.2353515625
7029657,23.01025390625
7029806,16.357421875
7029837,24.4140625
7029849,19.22607421875
7029927,19.775390625
7030014,19.83642578125
7030054,26.67236328125
7030065,21.97265625
7030120,20.1416015625
7030233,17.51708984375
7030260,17.39501953125
7030367,24.96337890625
7030391,25.57373046875
7030410,17.27294921875
7030480,19.10400390625
7030499,20.32470703125
7030751,16.41845703125
7030850,18.73779296875
7032999,17.02880859375
7033497,17.9443359375
7033766,16.357421875
7033980,17.822265625
7034175,17.4560546875
7034525,16.66259765625
7035284,16.90673828125
7035793,17.88330078125
7141527,17.822265625
7143647,16.357421875
7144410,17.39501953125
7163196,19.4091796875
7163542,16.2353515625
7164233,16.78466796875
7164839,16.66259765625
7182591,19.59228515625
7183227,17.02880859375
7184583,16.4794921875
7185701,18.9208984375
7196077,18.1884765625
7196167,16.4794921875
7196216,22.4609375
7196260,19.10400390625
7196285,17.88330078125
7196309,33.14208984375
7196336,24.2919921875
7196364,18.73779296875
7196384,47.05810546875
7196425,19.1650390625
7196464,21.42333984375
7196490,20.8740234375
7196504,27.89306640625
7196556,16.4794921875
7196580,24.0478515625
7196651,19.775390625
7196717,20.44677734375
7196782,18.798828125
7196858,16.41845703125
7196932,19.8974609375
7197098,20.56884765625
7197344,22.52197265625
7197420,24.35302734375
7197483,17.08984375
7197566,20.6298828125
7197626,22.4609375
7197676,24.5361328125
7197705,17.578125
7197721,23.49853515625
7197784,17.15087890625
7197806,17.822265625
7197851,21.17919921875
7197919,23.74267578125
7197979,19.8974609375
7198040,19.775390625
7198061,19.10400390625
7198176,19.47021484375
7198355,16.2353515625
7198378,16.41845703125
7198800,20.6298828125
7200103,16.29638671875
7200420,22.88818359375
7200613,16.41845703125
7201161,17.822265625
7237041,18.73779296875
7292959,17.88330078125
7293726,16.845703125
7319948,16.90673828125
7320584,20.3857421875
7321381,18.73779296875
7322208,16.54052734375
7322955,16.41845703125
7323464,16.54052734375
7325767,36.0107421875
7340561,18.12744140625
7341112,16.78466796875
7341544,16.7236328125
7342450,16.845703125
7342984,17.9443359375
7343431,16.90673828125
7345243,16.78466796875
7361438,16.54052734375
7378538,16.90673828125
7378943,16.78466796875
7379399,16.4794921875
7380403,18.24951171875
7400110,16.66259765625
7400702,18.310546875
7401654,16.357421875
7418846,17.4560546875
7420449,19.59228515625
7442109,16.66259765625
7443578,17.02880859375
7444544,18.06640625
7445651,18.4326171875
7448331,16.2353515625
7448396,46.44775390625
7448446,21.78955078125
7448488,29.47998046875
7448515,18.00537109375
7448536,25.81787109375
7448571,19.59228515625
7448603,19.95849609375
7448623,18.9208984375
7448650,24.84130859375
7448672,16.29638671875
7448765,28.50341796875
7448824,17.9443359375
7448849,18.5546875
7448874,21.728515625
7448901,26.18408203125
7449001,17.02880859375
7449104,20.44677734375
7449316,17.08984375
7449430,17.88330078125
7449447,22.64404296875
7449508,17.08984375
7449643,16.54052734375
7449706,19.95849609375
7449804,20.69091796875
7449860,16.4794921875
7449922,16.2353515625
7449979,18.00537109375
7450133,16.78466796875
7450391,18.24951171875
7451492,16.2353515625
7452764,19.6533203125
7452940,16.66259765625
7453522,20.1416015625
7454224,16.29638671875
7455590,16.357421875
7494764,18.49365234375
7495473,18.798828125
7497242,17.9443359375
7497633,16.4794921875
7499237,16.66259765625
7518160,18.1884765625
7519000,16.41845703125
7537097,16.357421875
7537735,17.2119140625
7538371,17.08984375
7540005,18.5546875
7549513,16.29638671875
7560530,18.5546875
7561803,16.90673828125
7581128,17.51708984375
7582069,18.798828125
7583533,17.51708984375
7584144,17.39501953125
7584779,17.578125
7585199,16.29638671875
7609936,22.5830078125
7610022,29.1748046875
7610038,26.3671875
7610067,18.310546875
7610102,22.5830078125
7610118,24.10888671875
7610128,24.169921875
7610177,25.5126953125
7610210,21.78955078125
7610244,17.822265625
7610295,18.5546875
7610312,19.53125
7610360,16.7236328125
7610415,19.287109375
7610618,17.7001953125
7610747,17.7001953125
7610835,17.08984375
7610895,16.78466796875
7610924,21.30126953125
7610934,16.66259765625
7610958,16.29638671875
7610983,16.9677734375
7611092,17.7001953125
7611125,21.42333984375
7611146,16.41845703125
7611239,18.73779296875
7611305,20.263671875
7611345,20.1416015625
7611375,25.390625
7611407,16.90673828125
7611436,21.6064453125
7611459,18.4326171875
7611502,18.5546875
7611604,22.5830078125
7611623,16.7236328125
7611648,20.93505859375
7611701,17.08984375
7611720,23.74267578125
7611760,20.6298828125
7611867,17.2119140625
7612154,17.9443359375
7612216,16.54052734375
7612275,16.845703125
7612313,19.6533203125
7612556,18.1884765625
7615895,17.63916015625
7663918,17.578125
7698262,16.7236328125
7708771,17.88330078125
7738481,16.9677734375
7739495,16.6015625
7750116,16.78466796875
7750927,16.9677734375
7751609,17.2119140625
7752203,16.6015625
7752562,17.76123046875
7763872,16.54052734375
7766801,16.357421875
7767409,16.41845703125
7768313,17.9443359375
7769569,19.775390625
7770410,17.578125
7772530,17.822265625
7787599,17.51708984375
7797976,16.54052734375
7803755,16.54052734375
7818770,17.2119140625
7820601,17.08984375
7821795,17.578125
7822975,16.9677734375
7831600,17.76123046875
7832471,16.66259765625
7833318,16.78466796875
7833700,19.34814453125
7834709,16.78466796875
7835568,18.1884765625
7836218,17.63916015625
7836521,16.90673828125
7837613,19.95849609375
7839123,17.822265625
7853941,17.02880859375
7863580,19.287109375
7864401,17.2119140625
7864828,16.357421875
7868550,17.88330078125
7889159,16.7236328125
7907774,16.845703125
7910080,16.90673828125
7930748,16.7236328125
7931519,16.9677734375
7931945,28.6865234375
7931987,19.83642578125
7932005,17.63916015625
7932033,26.55029296875
7932059,35.46142578125
7932083,16.845703125
7932107,17.51708984375
7932130,22.88818359375
7932178,19.83642578125
7932192,25.45166015625
7932260,17.9443359375
7932299,17.39501953125
7932330,19.6533203125
7932402,16.41845703125
7932486,16.9677734375
7932508,17.15087890625
7932626,21.05712890625
7932706,17.2119140625
7932800,16.845703125
7932856,21.91162109375
7933003,19.22607421875
7933050,31.18896484375
7933159,18.24951171875
7933214,17.822265625
7933250,18.798828125
7933303,17.08984375
7933323,16.2353515625
7933341,18.98193359375
7933373,20.81298828125
7933453,26.18408203125
7933557,18.85986328125
7933649,17.578125
7933701,19.71435546875
7933807,16.845703125
7933928,19.6533203125
7934167,16.7236328125
7938256,16.54052734375
7983149,16.66259765625
8000192,18.37158203125
8041352,17.822265625
8045189,17.9443359375
8069467,19.6533203125
8072595,16.78466796875
8081244,16.6015625
8102350,17.822265625
8119536,16.4794921875
8143121,16.66259765625
8144720,16.7236328125
8147907,16.357421875
8148535,17.7001953125
8149622,18.12744140625
8169549,17.9443359375
8169654,21.42333984375
8169682,34.85107421875
8169710,16.78466796875
8169755,19.53125
8169780,25.08544921875
8169812,16.54052734375
8169858,25.08544921875
8169877,27.83203125
8169899,21.30126953125
8169937,25.2685546875
8170002,19.95849609375
8170026,19.83642578125
8170055,18.5546875
8170159,26.18408203125
8170225,17.51708984375
8170262,23.193359375
8170276,20.01953125
8170328,26.06201171875
8170605,20.69091796875
8170690,21.54541015625
8170761,16.41845703125
8170802,16.41845703125
8170844,16.66259765625
8170907,19.95849609375
8170955,22.39990234375
8171013,18.49365234375
8171097,20.751953125
8171147,17.76123046875
8171158,16.357421875
8171268,31.06689453125
8171417,16.54052734375
8171439,17.333984375
8171650,24.169921875
8171836,17.333984375
8173822,16.845703125
8174036,18.4326171875
8174271,16.78466796875
8175366,18.37158203125
8175863,17.2119140625
8236960,16.2353515625
8254194,16.54052734375
8255257,16.54052734375
8285231,17.88330078125
8286965,16.41845703125
8288104,16.2353515625
8292109,16.9677734375
8292537,18.4326171875
8294034,16.29638671875
8309155,17.02880859375
8317279,18.6767578125
8318241,16.9677734375
8318954,16.41845703125
8331645,16.357421875
8335810,18.06640625
8337534,16.41845703125
8338843,17.39501953125
8339530,17.63916015625
8341164,17.76123046875
8359873,17.578125
8365363,17.333984375
8367815,16.90673828125
8380560,17.08984375
8392125,17.578125
8404939,16.6015625
8405322,16.4794921875
8408502,17.333984375
8419007,17.88330078125
8422643,16.54052734375
8423002,17.63916015625
8424608,17.08984375
8449913,16.29638671875
8461829,17.2119140625
8463215,16.66259765625
8477944,18.37158203125
8480932,16.41845703125
8482184,16.2353515625
8495210,18.24951171875
8500151,17.2119140625
8503354,16.2353515625
8504906,17.08984375
8506417,19.287109375
8507082,16.4794921875
8509146,16.78466796875
8525838,16.29638671875
8528396,16.78466796875
8531508,18.310546875
8535925,19.83642578125
8538276,19.47021484375
8539278,16.54052734375
8541222,17.7001953125
8550400,18.5546875
8551543,17.333984375
8561660,18.4326171875
8563433,16.66259765625
8578823,17.08984375
8581590,16.29638671875
8587245,18.85986328125
8593339,17.63916015625
8594448,18.1884765625
8596703,18.06640625
8598369,16.2353515625
8618602,16.41845703125
8622642,17.08984375
8623576,20.20263671875
8625448,17.578125
8644971,16.78466796875
8645961,16.29638671875
8654700,17.7001953125
8661325,16.29638671875
8666094,16.4794921875
8667439,16.7236328125
8668327,16.66259765625
8669657,16.845703125
8672987,17.27294921875
8673238,16.357421875
8675156,19.287109375
8675645,18.6767578125
8676216,16.29638671875
8696851,16.41845703125
8698630,17.02880859375
8700590,16.66259765625
8702667,17.51708984375
8702936,17.15087890625
8705058,16.54052734375
8707777,17.2119140625
8718841,16.2353515625
8724932,16.6015625
8726516,17.02880859375
8749564,16.90673828125
8755146,16.78466796875
8767589,19.287109375
8771016,16.41845703125
8771552,18.61572265625
8775783,17.15087890625
8776777,17.9443359375
8777150,44.61669921875
8777236,32.28759765625
8777306,33.63037109375
8777329,17.08984375
8777355,41.6259765625
8777395,21.728515625
8777411,17.9443359375
8777448,24.71923828125
8777542,22.52197265625
8777584,18.6767578125
8777606,17.822265625
8777628,21.728515625
8777649,18.24951171875
8777706,19.34814453125
8777889,16.6015625
8777941,16.66259765625
8778190,21.6064453125
8778243,18.9208984375
8778334,16.90673828125
8778395,16.29638671875
8778510,19.47021484375
8778634,22.705078125
8778777,17.88330078125
8778822,28.3203125
8778920,20.3857421875
8778942,16.9677734375
8778972,28.99169921875
8779019,16.29638671875
8779110,22.88818359375
8779185,25.0244140625
8779226,19.71435546875
8779288,25.5126953125
8779369,17.51708984375
8779420,18.37158203125
8779459,17.822265625
8779689,23.5595703125
8779843,17.9443359375
8779940,17.15087890625
8779957,25.93994140625
8780301,19.95849609375
8782700,16.78466796875
8783200,16.845703125
8820966,18.61572265625
8824992,16.2353515625
8825476,17.7001953125
8846760,17.2119140625
8850344,16.845703125
8859582,16.9677734375
8860881,17.63916015625
8861476,16.9677734375
8874063,18.12744140625
8880818,19.10400390625
8882646,16.29638671875
8885512,16.6015625
8886801,16.6015625
8888901,17.15087890625
8898359,16.845703125
8905308,16.66259765625
8921325,19.83642578125
8940595,17.63916015625
8956575,16.54052734375
8974077,16.29638671875
8977339,16.845703125
8979469,17.63916015625
8983058,19.1650390625
8983684,17.333984375
8996202,18.6767578125
8996844,17.15087890625
9005520,18.5546875
9018037,17.63916015625
9018665,16.78466796875
9033677,17.333984375
9038200,17.4560546875
9045093,16.90673828125
9069912,17.4560546875
9075723,16.6015625
9077721,16.9677734375
9078415,17.9443359375
9081295,18.4326171875
9088209,16.7236328125
9093684,16.54052734375
9121181,19.287109375
9136430,16.9677734375
9143877,16.4794921875
9150194,17.4560546875
9150643,16.2353515625
9150752,22.03369140625
9150794,31.43310546875
9150897,20.01953125
9150918,26.30615234375
9150969,22.64404296875
9151007,16.29638671875
9151019,27.83203125
9151040,18.00537109375
9151068,30.6396484375
9151108,26.123046875
9151121,27.4658203125
9151199,17.76123046875
9151219,21.3623046875
9151270,22.39990234375
9151325,17.9443359375
9151558,17.02880859375
9151718,18.00537109375
9151788,16.9677734375
9152028,16.9677734375
9152170,18.12744140625
9152196,29.60205078125
9152238,16.41845703125
9152300,16.7236328125
9152326,17.2119140625
9152399,20.69091796875
9152441,24.23095703125
9152573,16.4794921875
9152616,19.95849609375
9152670,21.78955078125
9152754,24.84130859375
9152915,19.04296875
9153291,17.822265625
9156731,17.51708984375
9174721,17.39501953125
9206190,16.357421875
9208524,16.66259765625
9217992,16.66259765625
9225354,16.357421875
9228259,18.12744140625
9281654,16.4794921875
9283624,18.85986328125
9305448,17.578125
9305773,36.2548828125
9305811,19.10400390625
9305845,27.099609375
9305859,21.54541015625
9305887,22.52197265625
9305921,23.98681640625
9305953,25.0244140625
9305974,25.7568359375
9306023,31.494140625
9306041,17.822265625
9306053,20.5078125
9306100,18.37158203125
9306120,18.9208984375
9306204,18.00537109375
9306248,16.41845703125
9306338,20.6298828125
9306349,18.5546875
9306412,16.7236328125
9306430,21.728515625
9306648,19.04296875
9306907,16.6015625
9306950,21.6064453125
9307028,18.9208984375
9307088,16.4794921875
9307126,17.63916015625
9307189,22.27783203125
9307241,22.94921875
9307376,16.41845703125
9307452,17.9443359375
9307755,18.798828125
9308821,16.90673828125
9310074,16.2353515625
9338652,16.90673828125
9347732,17.15087890625
9352042,16.54052734375
9367531,16.2353515625
9373924,18.00537109375
9385765,17.39501953125
9398176,16.41845703125
9399105,16.66259765625
9430402,16.66259765625
9434539,16.6015625
9462189,17.15087890625
9466558,16.357421875
9474780,16.54052734375
9522339,18.24951171875
9528004,16.6015625
9549266,16.78466796875
9568018,16.357421875
9568663,16.7236328125
9584213,16.41845703125
9596210,16.9677734375
9607963,17.4560546875
9627765,17.333984375
9630656,19.34814453125
9645262,16.357421875
9651459,16.357421875
9653237,17.08984375
9670442,17.822265625
9701598,16.357421875
9766163,17.822265625
9780786,16.41845703125
9845981,16.6015625
9854744,16.357421875
9863099,19.53125
9927128,16.2353515625
9934579,29.23583984375
9958489,16.7236328125
9970514,16.357421875
9973555,17.2119140625
10020267,16.41845703125
10069635,17.578125
10099784,16.2353515625
10195335,17.08984375
10198506,16.4794921875
10286112,16.2353515625
10311397,16.357421875
10345743,17.08984375
10392524,16.2353515625
10424560,16.90673828125
10427507,16.845703125
10523139,31.55517578125
10542097,16.4794921875
10543801,16.357421875
10543827,16.78466796875
10543944,25.2685546875
10543963,27.7099609375
10543993,30.21240234375
10544007,22.0947265625
10544041,20.01953125
10544054,21.42333984375
10544116,29.72412109375
10544186,17.76123046875
10544305,16.90673828125
10544371,21.78955078125
10544487,17.76123046875
10544557,20.69091796875
10544742,16.6015625
10544990,23.37646484375
10545007,16.54052734375
10545115,22.3388671875
10545144,16.6015625
10545276,30.94482421875
10545457,21.484375
10545520,29.72412109375
10593748,18.00537109375
10659394,17.578125
10740319,16.6015625
10941786,16.2353515625
11041504,17.333984375
11086740,16.54052734375
11117510,16.6015625
11135658,16.54052734375
11421797,16.4794921875
11583013,16.4794921875
11649315,19.71435546875
11790412,16.54052734375
11934904,35.2783203125
