11999000,0
142498,55.5419921875
142508,20.01953125
142623,18.310546875
142649,71.59423828125
142723,87.2802734375
142823,59.14306640625
142849,19.287109375
142894,64.39208984375
142906,18.9208984375
143007,63.29345703125
143017,17.2119140625
143144,61.46240234375
143319,56.640625
143460,53.89404296875
143621,18.9208984375
143655,57.12890625
143781,18.5546875
143808,17.51708984375
143901,62.19482421875
144072,19.59228515625
144082,20.32470703125
144173,73.8525390625
144276,61.09619140625
144411,18.85986328125
144451,58.837890625
144669,55.84716796875
144830,23.5595703125
144872,69.2138671875
145214,61.46240234375
145529,74.40185546875
145740,59.326171875
145765,23.01025390625
146063,54.0771484375
146302,54.13818359375
146483,59.08203125
146718,54.8095703125
147487,68.17626953125
292877,62.80517578125
292911,18.06640625
292986,20.5078125
293007,56.5185546875
293097,57.0068359375
293135,18.61572265625
293167,58.9599609375
293257,57.55615234375
293363,21.3623046875
293414,59.6923828125
293426,19.4091796875
293547,16.90673828125
293660,63.720703125
293895,61.34033203125
293908,17.7001953125
294036,66.83349609375
294195,56.5185546875
294219,18.798828125
294284,57.12890625
294442,17.578125
294461,52.30712890625
294567,17.578125
294587,61.82861328125
294720,16.66259765625
294797,59.08203125
294908,19.4091796875
295041,55.419921875
295291,54.13818359375
295790,52.001953125
295891,61.1572265625
296061,56.57958984375
296486,54.0771484375
296565,17.08984375
296718,54.62646484375
297135,54.62646484375
299214,54.5654296875
421562,52.6123046875
438766,79.28466796875
438816,18.12744140625
438902,23.86474609375
438913,74.64599609375
438958,19.22607421875
438990,62.744140625
439037,17.63916015625
439087,63.4765625
439097,19.22607421875
439160,17.63916015625
439198,61.279296875
439230,16.90673828125
439316,57.55615234375
439433,16.66259765625
439549,57.861328125
439795,61.21826171875
439852,20.44677734375
440007,64.0869140625
440040,17.822265625
440217,56.2744140625
440476,57.92236328125
440600,56.94580078125
440610,17.333984375
440761,17.39501953125
440813,56.2744140625
440960,17.02880859375
440997,59.4482421875
441273,56.94580078125
441283,17.39501953125
441387,58.837890625
441610,58.28857421875
441837,66.7724609375
442043,76.0498046875
442433,62.6220703125
442937,51.26953125
445033,57.31201171875
594962,60.24169921875
609008,68.4814453125
609075,20.08056640625
609126,61.4013671875
609137,20.69091796875
609164,19.34814453125
609214,60.11962890625
609234,21.05712890625
609288,65.12451171875
609298,25.81787109375
609376,18.61572265625
609403,61.95068359375
609466,17.9443359375
609519,60.60791015625
609715,60.1806640625
609847,19.22607421875
609977,60.791015625
609988,16.90673828125
610208,64.8193359375
610235,16.66259765625
610354,63.5986328125
610525,51.94091796875
610710,53.03955078125
610722,19.71435546875
610959,69.82421875
611137,60.24169921875
611290,17.88330078125
611403,67.3828125
611541,63.1103515625
611621,68.29833984375
611852,53.52783203125
612204,56.2744140625
612493,58.837890625
612505,18.1884765625
612743,56.33544921875
612954,17.4560546875
612988,54.87060546875
613575,60.546875
614163,56.33544921875
771126,56.82373046875
772807,55.35888671875
772822,21.42333984375
772972,71.6552734375
772993,20.751953125
773025,19.71435546875
773064,21.78955078125
773087,63.53759765625
773199,61.34033203125
773410,70.556640625
773624,59.08203125
773843,65.24658203125
773854,18.06640625
773961,16.7236328125
774016,57.06787109375
774136,63.78173828125
774195,16.66259765625
774336,16.78466796875
774363,59.4482421875
774487,59.6923828125
774615,58.837890625
774840,55.419921875
774985,50.59814453125
775237,19.83642578125
775271,59.87548828125
775493,72.81494140625
775615,18.6767578125
775744,55.23681640625
775822,18.798828125
775928,59.14306640625
776267,19.04296875
776309,55.72509765625
776576,17.63916015625
776597,56.33544921875
913944,52.8564453125
932902,16.6015625
932919,67.87109375
933012,16.90673828125
933027,26.2451171875
933085,23.5595703125
933099,79.65087890625
933159,80.4443359375
933231,17.333984375
933255,65.12451171875
933373,17.7001953125
933394,61.03515625
933483,20.01953125
933515,57.43408203125
933660,16.9677734375
933688,16.90673828125
933779,16.78466796875
933801,59.9365234375
933950,69.3359375
934096,52.8564453125
934152,17.39501953125
934254,59.9365234375
934268,20.99609375
934319,18.98193359375
934403,61.6455078125
934657,73.05908203125
934797,61.58447265625
934832,17.2119140625
935002,60.60791015625
935165,58.10546875
935279,17.88330078125
935323,59.326171875
935513,54.19921875
935651,59.38720703125
935761,17.9443359375
935980,54.87060546875
935992,19.22607421875
936263,17.02880859375
936597,51.81884765625
936781,17.02880859375
936851,54.87060546875
937083,53.89404296875
937509,54.87060546875
937740,16.66259765625
938121,58.41064453125
938958,57.0068359375
1096878,61.4013671875
1096974,20.8740234375
1097011,59.50927734375
1097059,23.49853515625
1097081,62.8662109375
1097124,18.37158203125
1097179,62.68310546875
1097189,16.7236328125
1097257,16.9677734375
1097273,78.369140625
1097352,63.720703125
1097365,18.310546875
1097407,16.7236328125
1097446,62.1337890625
1097457,17.27294921875
1097486,16.7236328125
1097636,61.58447265625
1097845,60.05859375
1097979,60.72998046875
1098147,56.7626953125
1098316,73.486328125
1098465,18.12744140625
1098557,56.33544921875
1098665,22.39990234375
1098692,63.4765625
1098703,16.845703125
1098939,57.9833984375
1099063,57.06787109375
1099265,53.40576171875
1099375,59.814453125
1099552,69.3359375
1099635,16.9677734375
1099713,59.02099609375
1099888,55.2978515625
1100133,59.2041015625
1100143,17.2119140625
1100361,52.490234375
1100565,56.5185546875
1101380,56.70166015625
1203946,54.50439453125
1256996,18.9208984375
1257062,56.09130859375
1257110,16.9677734375
1257193,63.65966796875
1257270,77.0263671875
1257306,19.71435546875
1257367,60.85205078125
1257384,16.90673828125
1257468,17.51708984375
1257481,76.23291015625
1257572,18.5546875
1257657,59.02099609375
1257850,58.349609375
1257877,18.4326171875
1258022,26.611328125
1258032,18.4326171875
1258307,55.35888671875
1258402,63.29345703125
1258520,59.14306640625
1258668,55.23681640625
1258679,20.32470703125
1258773,63.4765625
1258951,18.06640625
1259042,55.5419921875
1259106,18.12744140625
1259196,57.67822265625
1259352,59.814453125
1259515,61.8896484375
1259697,60.11962890625
1260228,56.82373046875
1260492,68.42041015625
1260667,16.7236328125
1260810,52.67333984375
1261091,54.87060546875
1261499,55.84716796875
1303141,54.931640625
1375579,57.55615234375
1375590,16.7236328125
1403726,56.70166015625
1416713,68.603515625
1416870,66.83349609375
1416884,20.5078125
1416950,79.9560546875
1417021,65.3076171875
1417102,66.89453125
1417235,62.5
1417341,61.03515625
1417360,16.78466796875
1417592,60.24169921875
1417734,17.333984375
1417759,60.05859375
1417913,58.53271484375
1418002,17.76123046875
1418068,74.462890625
1418209,60.6689453125
1418340,58.65478515625
1418469,17.76123046875
1418522,57.9833984375
1418532,17.822265625
1418618,17.333984375
1418746,63.3544921875
1419138,66.83349609375
1419229,61.8896484375
1419239,17.39501953125
1419459,40.71044921875
1419605,16.90673828125
1419624,57.31201171875
1419835,56.70166015625
1420031,53.16162109375
1420096,17.39501953125
1420374,53.7109375
1420385,25.20751953125
1420844,54.26025390625
1421170,54.443359375
1421695,67.9931640625
1593755,68.66455078125
1613077,53.7109375
1613105,16.78466796875
1613179,17.15087890625
1613222,17.39501953125
1613245,62.01171875
1613342,64.208984375
1613377,17.02880859375
1613414,59.99755859375
1613516,64.3310546875
1613599,60.60791015625
1613710,62.5
1613723,18.310546875
1614020,59.9365234375
1614159,60.302734375
1614340,59.63134765625
1614483,73.79150390625
1614516,17.76123046875
1614605,73.66943359375
1614680,19.83642578125
1614802,57.80029296875
1614812,21.6064453125
1615057,60.72998046875
1615311,57.4951171875
1615585,69.4580078125
1615702,61.767578125
1615824,58.9599609375
1615980,56.33544921875
1616041,19.4091796875
1616256,59.326171875
1616494,65.24658203125
1616806,52.490234375
1617351,67.19970703125
1617630,71.8994140625
1618153,52.67333984375
1733094,74.76806640625
1750074,57.06787109375
1824839,53.03955078125
1849442,55.419921875
1849584,76.72119140625
1849653,77.45361328125
1849741,19.22607421875
1849780,59.14306640625
1849802,23.62060546875
1849908,62.19482421875
1849920,17.27294921875
1850012,62.07275390625
1850224,72.20458984375
1850381,17.39501953125
1850499,60.11962890625
1850597,59.02099609375
1850608,20.3857421875
1850775,59.75341796875
1850846,18.49365234375
1850889,73.2421875
1850969,61.58447265625
1851112,59.2041015625
1851312,18.24951171875
1851324,72.93701171875
1851498,65.24658203125
1851656,57.373046875
1851880,58.04443359375
1852115,60.11962890625
1852317,57.43408203125
1852397,17.27294921875
1852438,55.11474609375
1852723,57.0068359375
1852756,16.90673828125
1852908,58.16650390625
1853097,58.65478515625
1853148,16.845703125
1853375,54.87060546875
1854181,53.7109375
1854639,55.0537109375
1983181,56.640625
2017175,57.06787109375
2025655,75.5615234375
2029670,60.9130859375
2029807,20.44677734375
2029860,64.63623046875
2029875,17.333984375
2029936,87.890625
2029995,18.49365234375
2030015,62.744140625
2030090,73.486328125
2030121,16.78466796875
2030207,16.845703125
2030218,71.47216796875
2030280,20.69091796875
2030473,17.4560546875
2030493,54.62646484375
2030609,64.14794921875
2030756,74.5849609375
2030931,74.27978515625
2031036,61.4013671875
2031046,18.49365234375
2031111,17.27294921875
2031138,61.4013671875
2031297,56.396484375
2031454,62.31689453125
2031593,61.58447265625
2031638,17.2119140625
2031960,58.2275390625
2032154,17.63916015625
2032169,18.37158203125
2032320,57.18994140625
2032521,77.1484375
2032577,17.2119140625
2032804,60.302734375
2033076,54.62646484375
2033149,18.73779296875
2033380,57.7392578125
2033589,58.77685546875
2033905,54.443359375
2035098,56.70166015625
2035438,54.99267578125
2035449,18.98193359375
2181888,58.16650390625
2211622,59.63134765625
2223635,75.86669921875
2253706,69.03076171875
2254576,71.8994140625
2254728,19.34814453125
2254779,62.3779296875
2254803,17.76123046875
2254814,17.15087890625
2254853,70.9228515625
2254919,65.36865234375
2254929,20.44677734375
2254992,16.78466796875
2255009,62.98828125
2255067,17.76123046875
2255119,60.4248046875
2255246,53.40576171875
2255256,28.50341796875
2255442,65.4296875
2255611,59.6923828125
2255772,61.21826171875
2255923,65.673828125
2256057,60.11962890625
2256099,19.95849609375
2256232,56.15234375
2256271,17.4560546875
2256349,62.6220703125
2256452,16.845703125
2256492,61.34033203125
2256526,20.263671875
2256640,61.4013671875
2256882,59.26513671875
2257030,17.4560546875
2257144,58.28857421875
2257322,55.35888671875
2257332,20.99609375
2257658,19.4091796875
2257752,71.35009765625
2257992,62.8662109375
2258279,69.15283203125
2258289,19.53125
2258377,32.53173828125
2258388,17.4560546875
2258901,57.373046875
2259322,54.5654296875
2259416,19.4091796875
2259460,72.3876953125
2259896,20.44677734375
2259945,66.22314453125
2373678,59.02099609375
2390120,72.69287109375
2402497,67.87109375
2444473,55.60302734375
2444564,16.90673828125
2444629,63.4765625
2444699,61.46240234375
2444783,65.12451171875
2444812,22.52197265625
2444861,70.98388671875
2444878,16.845703125
2444929,64.697265625
2444946,21.97265625
2445035,17.27294921875
2445115,60.85205078125
2445189,18.1884765625
2445239,65.0634765625
2445416,69.51904296875
2445484,18.1884765625
2445571,61.1572265625
2445646,21.97265625
2445724,85.26611328125
2445770,18.00537109375
2445792,17.9443359375
2445931,81.72607421875
2445959,21.1181640625
2446042,61.03515625
2446115,17.02880859375
2446156,58.59375
2446318,63.04931640625
2446528,51.94091796875
2446606,19.95849609375
2446644,74.0966796875
2446784,69.091796875
2446997,21.91162109375
2447057,70.49560546875
2447185,16.6015625
2447216,61.03515625
2447379,64.27001953125
2447397,17.27294921875
2447797,57.861328125
2447963,57.12890625
2448162,21.05712890625
2448434,58.04443359375
2448644,55.35888671875
2450877,71.22802734375
2621692,68.66455078125
2622968,18.98193359375
2623040,69.580078125
2623083,19.95849609375
2623099,75.3173828125
2623139,18.85986328125
2623179,76.59912109375
2623192,17.88330078125
2623260,60.60791015625
2623364,24.84130859375
2623381,60.85205078125
2623437,17.4560546875
2623499,59.08203125
2623728,55.5419921875
2623901,68.4814453125
2624066,66.10107421875
2624171,17.822265625
2624210,59.6923828125
2624309,67.56591796875
2624329,20.3857421875
2624437,63.90380859375
2624447,18.310546875
2624573,65.00244140625
2624783,57.12890625
2624904,75.25634765625
2624914,20.69091796875
2625009,74.03564453125
2625153,58.4716796875
2625275,18.24951171875
2625338,63.96484375
2625527,62.01171875
2625906,61.767578125
2626115,20.44677734375
2626222,60.05859375
2626360,18.6767578125
2626468,53.1005859375
2626548,17.4560546875
2626604,57.373046875
2627211,59.326171875
2627244,25.390625
2627816,59.50927734375
2768833,59.02099609375
2780639,62.31689453125
2788718,60.36376953125
2801104,60.48583984375
2801190,18.5546875
2801238,69.3359375
2801249,20.93505859375
2801276,26.79443359375
2801333,66.0400390625
2801419,20.01953125
2801452,65.185546875
2801478,18.1884765625
2801534,67.81005859375
2801547,18.12744140625
2801616,16.845703125
2801649,72.265625
2801793,66.5283203125
2801937,64.208984375
2802087,19.59228515625
2802102,19.53125
2802256,59.5703125
2802268,16.90673828125
2802384,63.720703125
2802560,67.87109375
2802574,18.6767578125
2802759,57.4951171875
2802772,17.76123046875
2802966,65.97900390625
2803147,59.08203125
2803238,17.02880859375
2803352,65.3076171875
2803392,18.61572265625
2803603,69.9462890625
2803940,17.15087890625
2804015,62.3779296875
2804199,59.38720703125
2804210,17.88330078125
2804440,58.4716796875
2804451,17.2119140625
2804688,20.99609375
2804719,58.41064453125
2804958,56.94580078125
2805947,59.326171875
2807215,70.4345703125
2972125,70.6787109375
2993062,71.83837890625
3004711,62.5
3006874,59.814453125
3006894,18.5546875
3006986,77.2705078125
3007042,18.37158203125
3007070,62.5
3007161,70.3125
3007172,17.4560546875
3007280,72.57080078125
3007412,64.5751953125
3007430,18.49365234375
3007575,63.3544921875
3007701,65.5517578125
3007844,70.00732421875
3007995,61.95068359375
3008114,62.19482421875
3008141,17.08984375
3008292,65.73486328125
3008516,66.650390625
3008638,62.01171875
3008802,63.720703125
3008955,64.88037109375
3009077,61.279296875
3009334,56.640625
3009499,59.14306640625
3009694,22.27783203125
3009704,20.32470703125
3009865,75.0732421875
3010146,55.419921875
3010354,56.45751953125
3010364,17.2119140625
3010667,16.78466796875
3010769,55.96923828125
3011024,56.0302734375
3011035,21.91162109375
3011378,50.4150390625
3011388,17.822265625
3011595,19.287109375
3130482,60.85205078125
3138461,62.07275390625
3149848,62.5
3158831,62.01171875
3175730,75.25634765625
3216202,59.5703125
3226209,65.24658203125
3226219,17.15087890625
3236427,59.4482421875
3243074,61.4013671875
3263177,60.48583984375
3270210,16.78466796875
3270259,72.6318359375
3270269,18.5546875
3270314,17.63916015625
3270377,77.57568359375
3270457,61.09619140625
3270560,62.19482421875
3270571,22.0947265625
3270656,64.208984375
3270796,18.4326171875
3270810,60.4248046875
3270950,64.94140625
3271220,60.48583984375
3271426,61.70654296875
3271572,59.326171875
3271691,60.6689453125
3271747,17.63916015625
3271832,65.61279296875
3272011,65.61279296875
3272186,67.19970703125
3272406,62.31689453125
3272467,18.49365234375
3272606,58.04443359375
3272757,67.5048828125
3272903,56.0302734375
3273000,19.10400390625
3273012,72.1435546875
3273161,66.95556640625
3273281,58.77685546875
3273444,19.6533203125
3273513,61.46240234375
3273807,59.2041015625
3273817,17.08984375
3273850,18.5546875
3274213,55.96923828125
3274416,19.04296875
3274558,55.6640625
3274848,58.4716796875
3275151,57.861328125
3275632,18.49365234375
3456684,58.4716796875
3472046,72.021484375
3473399,61.58447265625
3473431,22.03369140625
3473492,19.4091796875
3473517,75.439453125
3473619,67.19970703125
3473629,22.15576171875
3473688,65.00244140625
3473831,70.4345703125
3473911,18.310546875
3474009,17.9443359375
3474064,59.2041015625
3474220,67.93212890625
3474365,70.37353515625
3474402,17.27294921875
3474469,65.3076171875
3474587,63.720703125
3474761,64.0869140625
3474847,74.462890625
3474984,63.5986328125
3475108,68.17626953125
3475265,62.744140625
3475457,60.11962890625
3475568,16.78466796875
3475635,71.2890625
3475785,63.3544921875
3475953,57.18994140625
3476082,17.4560546875
3476180,77.392578125
3476357,59.326171875
3476511,16.78466796875
3476577,55.35888671875
3476588,17.333984375
3476732,72.3876953125
3476763,18.12744140625
3477067,53.22265625
3477103,17.08984375
3477259,61.82861328125
3478134,53.77197265625
3615944,61.6455078125
3624121,62.56103515625
3670720,65.91796875
3680870,61.58447265625
3685896,16.6015625
3686057,18.00537109375
3686071,77.33154296875
3686081,20.3857421875
3686136,27.28271484375
3686157,68.42041015625
3686198,18.85986328125
3686250,68.66455078125
3686366,69.88525390625
3686427,16.6015625
3686493,19.10400390625
3686510,63.96484375
3686641,17.7001953125
3686676,67.07763671875
3686909,70.98388671875
3687009,67.626953125
3687123,64.02587890625
3687234,19.95849609375
3687250,22.4609375
3687348,66.7724609375
3687581,64.3310546875
3687747,73.974609375
3687912,66.0400390625
3688043,18.310546875
3688110,58.53271484375
3688340,60.4248046875
3688350,20.5078125
3688488,66.0400390625
3688744,64.94140625
3688893,66.5283203125
3689041,62.68310546875
3689177,17.51708984375
3689228,65.00244140625
3689442,34.85107421875
3689475,19.6533203125
3689614,61.09619140625
3689738,61.95068359375
3690079,54.19921875
3690358,56.15234375
3690961,17.578125
3690979,70.12939453125
3832514,62.92724609375
3875497,48.76708984375
3883242,60.1806640625
3900510,61.70654296875
3912038,72.57080078125
3913052,63.232421875
3913139,75.86669921875
3913194,20.5078125
3913232,73.2421875
3913253,17.7001953125
3913283,18.798828125
3913297,78.06396484375
3913372,18.06640625
3913383,79.9560546875
3913471,65.91796875
3913519,17.88330078125
3913605,20.69091796875
3913646,62.1337890625
3913782,67.138671875
3913794,18.98193359375
3913956,63.29345703125
3914110,64.0869140625
3914260,63.17138671875
3914352,63.53759765625
3914517,65.73486328125
3914725,62.01171875
3914916,66.83349609375
3915029,17.578125
3915166,61.767578125
3915382,64.94140625
3915474,17.51708984375
3915640,62.43896484375
3915817,60.6689453125
3916007,60.11962890625
3916200,17.51708984375
3916244,58.59375
3916561,72.32666015625
3916716,40.8935546875
3916726,17.27294921875
3917123,57.12890625
3917676,69.39697265625
4030073,59.75341796875
4041886,59.63134765625
4067103,61.09619140625
4097728,59.5703125
4112225,56.70166015625
4128286,63.4765625
4147647,60.85205078125
4166245,30.33447265625
4175868,60.11962890625
4186475,61.767578125
4187348,19.775390625
4187374,82.33642578125
4187390,17.4560546875
4187471,26.55029296875
4187536,68.603515625
4187596,20.1416015625
4187615,94.29931640625
4187643,21.42333984375
4187662,17.7001953125
4187686,71.71630859375
4187727,16.90673828125
4187832,67.19970703125
4187998,73.66943359375
4188192,64.39208984375
4188315,67.68798828125
4188479,61.6455078125
4188562,21.484375
4188582,64.3310546875
4188778,65.3076171875
4188876,16.7236328125
4188935,67.56591796875
4189089,66.0400390625
4189222,19.04296875
4189268,63.65966796875
4189377,17.822265625
4189401,68.66455078125
4189657,63.8427734375
4189856,70.98388671875
4190051,61.6455078125
4190061,22.3388671875
4190234,66.5283203125
4190482,59.26513671875
4190502,17.15087890625
4190584,19.04296875
4190724,71.044921875
4191034,59.99755859375
4191242,60.4248046875
4191398,60.85205078125
4191709,67.7490234375
4192359,70.86181640625
4192718,58.837890625
4331086,74.5849609375
4340302,61.1572265625
4373432,55.2978515625
4373554,75.5615234375
4373589,17.08984375
4373631,69.7021484375
4373662,18.98193359375
4373706,69.39697265625
4373717,21.8505859375
4373796,81.6650390625
4373812,19.10400390625
4373878,75.37841796875
4373930,16.66259765625
4374011,17.2119140625
4374031,80.4443359375
4374158,68.54248046875
4374215,17.578125
4374324,69.2138671875
4374451,68.66455078125
4374493,17.02880859375
4374608,62.56103515625
4374654,17.578125
4374787,66.46728515625
4374817,22.15576171875
4374905,64.8193359375
4374959,16.7236328125
4375157,79.04052734375
4375284,69.88525390625
4375376,21.66748046875
4375447,18.00537109375
4375461,79.04052734375
4375598,18.06640625
4375766,60.72998046875
4375959,62.19482421875
4376068,63.4765625
4376225,16.66259765625
4376304,59.99755859375
4376444,69.27490234375
4376653,18.06640625
4376756,59.6923828125
4376935,63.96484375
4377221,18.1884765625
4377239,61.1572265625
4377728,57.80029296875
4377968,20.08056640625
4378055,70.3125
4379965,56.82373046875
4520238,61.95068359375
4528378,63.29345703125
4539190,78.18603515625
4551854,61.4013671875
4563779,78.2470703125
4571527,65.12451171875
4583363,76.0498046875
4591230,74.70703125
4601774,63.90380859375
4609686,64.27001953125
4609802,60.6689453125
4609852,21.6064453125
4609883,69.15283203125
4609911,17.27294921875
4609965,67.626953125
4609975,18.12744140625
4610047,70.86181640625
4610138,18.98193359375
4610187,65.00244140625
4610197,21.728515625
4610340,64.63623046875
4610496,17.822265625
4610527,66.34521484375
4610696,17.15087890625
4610711,21.240234375
4610797,79.04052734375
4610853,16.6015625
4610939,66.40625
4611114,62.68310546875
4611164,17.2119140625
4611260,64.14794921875
4611331,18.9208984375
4611486,61.58447265625
4611683,72.81494140625
4611835,83.251953125
4611883,17.333984375
4612154,59.326171875
4612283,66.5283203125
4612295,18.310546875
4612450,17.88330078125
4612462,26.4892578125
4612615,67.56591796875
4612627,18.5546875
4612806,59.14306640625
4612823,17.63916015625
4612968,61.34033203125
4613176,63.29345703125
4613386,19.10400390625
4613637,71.6552734375
4613938,59.4482421875
4614097,17.15087890625
4614343,57.7392578125
4614678,18.1884765625
4759774,59.26513671875
4774797,56.94580078125
4794709,68.9697265625
4794719,20.8740234375
4794854,69.82421875
4794934,70.49560546875
4794985,17.08984375
4795003,64.208984375
4795066,62.92724609375
4795190,72.75390625
4795290,17.7001953125
4795308,65.24658203125
4795364,17.333984375
4795446,67.9931640625
4795617,18.4326171875
4795700,67.138671875
4795782,60.72998046875
4795931,67.138671875
4795955,21.66748046875
4796009,66.34521484375
4796126,65.91796875
4796228,68.2373046875
4796303,19.47021484375
4796344,65.185546875
4796354,21.05712890625
4796454,66.34521484375
4796636,59.326171875
4796646,20.99609375
4796897,60.97412109375
4797076,73.73046875
4797086,19.83642578125
4797228,58.77685546875
4797430,73.54736328125
4797562,61.46240234375
4797637,17.63916015625
4797721,61.58447265625
4797898,25.390625
4797908,17.578125
4798093,56.15234375
4798253,58.41064453125
4798448,61.279296875
4798712,53.955078125
4798724,20.3857421875
4799045,53.16162109375
4799159,18.1884765625
4799310,52.24609375
4921629,74.89013671875
4931925,61.58447265625
4958340,61.4013671875
4982675,60.9130859375
4988273,61.5234375
4988300,20.93505859375
4988394,19.1650390625
4988424,81.9091796875
4988496,76.66015625
4988600,71.6552734375
4988716,71.96044921875
4988859,67.44384765625
4988892,18.73779296875
4988963,16.9677734375
4988980,19.95849609375
4989066,67.68798828125
4989077,18.61572265625
4989221,65.91796875
4989341,66.162109375
4989378,19.1650390625
4989488,66.650390625
4989604,69.51904296875
4989720,24.71923828125
4989759,64.63623046875
4989906,64.697265625
4990075,66.89453125
4990187,19.6533203125
4990203,62.80517578125
4990342,60.24169921875
4990502,64.51416015625
4990704,59.50927734375
4990958,59.14306640625
4991324,57.9833984375
4991510,59.63134765625
4991576,17.578125
4991629,62.80517578125
4991793,17.76123046875
4991816,62.68310546875
4992079,70.3125
4992091,19.10400390625
4992363,59.75341796875
4992652,18.12744140625
4992693,54.99267578125
4992965,60.546875
4993412,18.00537109375
4994221,59.9365234375
5154392,63.17138671875
5154402,16.9677734375
5182317,68.90869140625
5182328,17.4560546875
5191002,62.56103515625
5207954,59.87548828125
5217825,60.302734375
5225403,64.697265625
5239591,64.0869140625
5254724,57.861328125
5271804,57.4951171875
5294283,77.57568359375
5313423,56.0302734375
5319206,77.81982421875
5331788,78.0029296875
5337276,74.40185546875
5345583,79.65087890625
5354215,65.673828125
5357874,62.31689453125
5368183,75.74462890625
5371386,59.50927734375
5371449,18.5546875
5371518,67.3828125
5371589,68.2373046875
5371656,19.8974609375
5371689,62.19482421875
5371711,16.9677734375
5371768,66.95556640625
5371778,17.51708984375
5371891,68.359375
5371930,21.484375
5372042,66.95556640625
5372163,21.42333984375
5372194,66.95556640625
5372446,66.34521484375
5372582,66.2841796875
5372613,17.7001953125
5372730,67.07763671875
5372760,19.34814453125
5372854,69.39697265625
5372909,17.7001953125
5372988,63.8427734375
5373114,17.578125
5373129,63.232421875
5373259,70.25146484375
5373533,60.302734375
5373644,60.546875
5373846,62.1337890625
5373962,62.92724609375
5374140,63.41552734375
5374232,49.86572265625
5374243,19.83642578125
5374408,59.38720703125
5374658,70.1904296875
5374686,21.17919921875
5374817,60.9130859375
5374861,19.4091796875
5375015,57.43408203125
5375034,18.310546875
5375237,56.0302734375
5375472,60.48583984375
5375771,53.5888671875
5376017,16.78466796875
5376134,56.09130859375
5376312,61.34033203125
5376736,64.453125
5377357,56.15234375
5425343,68.7255859375
5426585,74.52392578125
5519602,62.07275390625
5537211,58.28857421875
5552915,66.7724609375
5552941,20.3857421875
5553022,77.45361328125
5553032,20.20263671875
5553119,85.205078125
5553162,16.90673828125
5553220,69.82421875
5553348,67.07763671875
5553358,23.92578125
5553478,18.24951171875
5553535,60.60791015625
5553666,64.27001953125
5553795,65.61279296875
5553805,18.37158203125
5553900,70.556640625
5554029,18.06640625
5554081,66.7724609375
5554163,17.27294921875
5554186,80.13916015625
5554292,65.0634765625
5554313,18.73779296875
5554403,58.28857421875
5554413,19.4091796875
5554493,69.88525390625
5554645,70.068359375
5554774,26.0009765625
5554784,23.4375
5554862,65.185546875
5554873,19.22607421875
5555046,58.16650390625
5555147,62.8662109375
5555397,56.94580078125
5555585,62.80517578125
5555758,63.720703125
5555844,65.36865234375
5555995,61.279296875
5556104,67.44384765625
5556298,59.14306640625
5556495,60.11962890625
5556987,53.89404296875
5557122,53.03955078125
5557253,61.8896484375
5557630,18.310546875
5740671,41.50390625
5748179,59.814453125
5758859,62.98828125
5759164,17.4560546875
5759217,72.6318359375
5759240,21.17919921875
5759350,69.27490234375
5759437,66.650390625
5759447,16.78466796875
5759500,17.4560546875
5759510,82.58056640625
5759564,22.0947265625
5759633,63.65966796875
5759788,61.4013671875
5759922,67.68798828125
5759969,18.798828125
5760060,68.84765625
5760107,17.08984375
5760184,67.3828125
5760254,19.47021484375
5760303,63.232421875
5760463,67.32177734375
5760552,67.44384765625
5760562,20.56884765625
5760707,79.52880859375
5760852,63.232421875
5761024,63.232421875
5761035,17.822265625
5761126,18.1884765625
5761140,18.4326171875
5761279,64.8193359375
5761361,17.02880859375
5761395,76.0498046875
5761525,17.7001953125
5761570,62.80517578125
5761796,67.9931640625
5761929,64.63623046875
5762160,68.05419921875
5762311,76.5380859375
5762595,56.33544921875
5762782,59.2041015625
5762893,60.48583984375
5763210,58.2275390625
5763220,17.4560546875
5763452,59.814453125
5763686,55.23681640625
5899488,79.4677734375
5948146,81.1767578125
5956300,61.58447265625
5964595,61.09619140625
5972506,74.951171875
5985005,79.65087890625
6007702,73.54736328125
6013773,68.115234375
6020916,59.50927734375
6029992,61.21826171875
6044939,61.8896484375
6046857,88.623046875
6046964,63.3544921875
6047017,17.578125
6047048,73.1201171875
6047136,19.775390625
6047198,17.333984375
6047263,20.32470703125
6047278,22.64404296875
6047356,17.9443359375
6047406,63.8427734375
6047445,17.08984375
6047645,66.83349609375
6047772,65.97900390625
6047861,19.83642578125
6047878,67.9931640625
6048002,70.00732421875
6048037,17.39501953125
6048155,61.46240234375
6048316,75.01220703125
6048327,21.42333984375
6048478,70.068359375
6048488,19.04296875
6048628,66.2841796875
6048793,68.17626953125
6048963,70.00732421875
6049157,65.97900390625
6049252,62.92724609375
6049262,19.59228515625
6049494,56.15234375
6049613,65.4296875
6049895,69.27490234375
6050144,56.70166015625
6050420,57.4951171875
6050528,70.86181640625
6050548,17.578125
6050824,62.6220703125
6051204,61.58447265625
6051491,58.16650390625
6051501,18.00537109375
6051807,52.734375
6051817,20.32470703125
6209693,58.59375
6209827,69.27490234375
6209888,16.9677734375
6210001,64.14794921875
6210084,60.546875
6210097,19.53125
6210183,69.27490234375
6210200,17.4560546875
6210326,65.24658203125
6210462,70.9228515625
6210590,17.08984375
6210669,61.46240234375
6210770,72.81494140625
6210788,23.86474609375
6210892,64.88037109375
6210903,17.9443359375
6210927,20.5078125
6211004,64.51416015625
6211065,16.78466796875
6211142,65.73486328125
6211329,30.82275390625
6211423,21.240234375
6211439,69.7021484375
6211595,68.05419921875
6211731,67.81005859375
6211742,21.30126953125
6212019,61.82861328125
6212031,19.71435546875
6212166,64.5751953125
6212323,61.1572265625
6212451,19.53125
6212507,59.5703125
6212674,63.8427734375
6212824,17.27294921875
6212849,72.998046875
6213040,60.48583984375
6213268,60.4248046875
6213531,58.9599609375
6213917,61.279296875
6214331,61.5234375
6350731,77.20947265625
6363604,61.5234375
6402675,74.21875
6443091,64.02587890625
6463008,74.5849609375
6463018,18.49365234375
6474720,61.4013671875
6479864,82.58056640625
6479924,18.12744140625
6479955,17.51708984375
6479992,62.07275390625
6480019,17.27294921875
6480063,70.9228515625
6480130,75.3173828125
6480223,64.5751953125
6480274,17.27294921875
6480341,23.3154296875
6480352,77.81982421875
6480416,17.4560546875
6480502,67.81005859375
6480643,65.85693359375
6480689,17.9443359375
6480787,66.40625
6480869,16.6015625
6480947,66.58935546875
6481074,61.70654296875
6481105,17.27294921875
6481259,66.95556640625
6481292,18.98193359375
6481396,68.7255859375
6481454,17.02880859375
6481489,70.25146484375
6481707,18.00537109375
6481725,67.07763671875
6481856,62.56103515625
6482049,20.44677734375
6482078,62.43896484375
6482285,62.255859375
6482396,68.4814453125
6482540,68.115234375
6482672,63.29345703125
6482782,18.798828125
6482879,69.27490234375
6483049,62.19482421875
6483289,53.77197265625
6483299,25.69580078125
6483482,70.556640625
6483571,18.85986328125
6483663,62.255859375
6483754,18.5546875
6483840,58.7158203125
6484010,65.12451171875
6484305,19.4091796875
6484496,55.60302734375
6484506,16.845703125
6484543,17.7001953125
6484912,17.39501953125
6485138,56.21337890625
6486123,73.54736328125
6653230,62.6220703125
6671960,61.34033203125
6682951,59.6923828125
6688808,64.453125
6688881,18.798828125
6688919,19.71435546875
6688948,63.3544921875
6689001,16.9677734375
6689016,81.11572265625
6689027,22.94921875
6689081,68.84765625
6689171,66.58935546875
6689228,66.2841796875
6689354,65.97900390625
6689364,18.24951171875
6689524,65.97900390625
6689635,68.115234375
6689783,65.91796875
6689793,21.05712890625
6689909,62.07275390625
6689993,17.76123046875
6690045,66.34521484375
6690116,19.287109375
6690202,69.9462890625
6690284,69.76318359375
6690414,20.3857421875
6690450,71.10595703125
6690634,64.27001953125
6690724,66.22314453125
6690935,65.36865234375
6690947,16.9677734375
6691165,72.509765625
6691376,65.00244140625
6691468,78.18603515625
6691675,61.1572265625
6691845,64.14794921875
6691857,21.78955078125
6692092,72.93701171875
6692198,20.8740234375
6692289,55.7861328125
6692582,54.19921875
6692738,62.1337890625
6693078,58.65478515625
6693088,18.37158203125
6693336,59.08203125
6790138,78.857421875
6813270,56.82373046875
6849294,64.14794921875
6866674,57.67822265625
6873902,79.58984375
6902980,57.2509765625
6910831,58.53271484375
6929048,76.171875
6946375,62.255859375
6950337,66.83349609375
6950382,22.705078125
6950455,72.20458984375
6950479,20.08056640625
6950537,64.94140625
6950608,65.673828125
6950684,65.185546875
6950827,69.580078125
6950912,17.2119140625
6951009,63.96484375
6951155,17.578125
6951170,59.75341796875
6951293,67.9931640625
6951460,66.83349609375
6951501,18.24951171875
6951523,62.01171875
6951610,17.333984375
6951633,75.3173828125
6951737,79.1015625
6951879,67.81005859375
6951988,64.94140625
6952017,16.7236328125
6952075,66.0400390625
6952179,61.82861328125
6952302,67.81005859375
6952413,64.697265625
6952525,17.333984375
6952546,56.884765625
6952663,66.58935546875
6952876,64.51416015625
6952886,31.8603515625
6953028,68.78662109375
6953317,59.08203125
6953327,19.1650390625
6953472,70.98388671875
6953564,65.7958984375
6953892,55.60302734375
6954090,59.02099609375
6954128,19.59228515625
6954510,60.302734375
6955081,18.98193359375
6955242,59.2041015625
7106628,61.82861328125
7106638,21.6064453125
7143036,60.9130859375
7156247,63.17138671875
7166756,53.22265625
7173898,64.88037109375
7180125,66.95556640625
7190959,64.5751953125
7193798,69.64111328125
7193849,16.90673828125
7193915,76.66015625
7193975,66.7724609375
7194007,24.7802734375
7194035,72.44873046875
7194063,16.90673828125
7194120,74.52392578125
7194252,69.7021484375
7194430,68.115234375
7194504,16.845703125
7194533,19.287109375
7194559,70.37353515625
7194696,74.21875
7194706,16.6015625
7194836,69.39697265625
7194965,66.10107421875
7195072,78.18603515625
7195216,25.45166015625
7195226,25.2685546875
7195368,64.0869140625
7195446,20.01953125
7195567,67.32177734375
7195731,65.4296875
7195855,65.73486328125
7196064,63.90380859375
7196074,16.90673828125
7196345,61.21826171875
7196461,16.78466796875
7196538,60.302734375
7196702,64.5751953125
7196902,59.4482421875
7197077,57.6171875
7197314,58.10546875
7197427,63.96484375
7197651,55.96923828125
7197784,65.7958984375
7197950,61.1572265625
7198186,56.94580078125
7198417,17.822265625
7199750,62.744140625
7199760,16.7236328125
7314990,74.951171875
7325924,60.72998046875
7349601,64.208984375
7361508,62.3779296875
7368359,64.88037109375
7376586,60.60791015625
7384132,62.31689453125
7393464,62.07275390625
7393640,74.52392578125
7393669,18.61572265625
7393716,67.87109375
7393794,72.6318359375
7393804,19.04296875
7393872,70.1904296875
7393931,16.66259765625
7393950,77.69775390625
7394064,64.39208984375
7394084,17.7001953125
7394195,68.9697265625
7394306,18.73779296875
7394328,62.43896484375
7394500,62.3779296875
7394623,67.56591796875
7394636,17.333984375
7394729,63.41552734375
7394765,20.44677734375
7394861,66.22314453125
7394956,71.77734375
7395047,67.0166015625
7395194,65.36865234375
7395347,67.19970703125
7395432,68.54248046875
7395631,66.7724609375
7395831,59.9365234375
7395963,62.3779296875
7395974,22.15576171875
7396201,71.533203125
7396298,66.2841796875
7396445,16.78466796875
7396514,59.2041015625
7396666,16.845703125
7396749,52.8564453125
7397010,16.6015625
7397047,73.66943359375
7397158,57.6171875
7397576,70.61767578125
7397835,72.509765625
7397915,20.99609375
7398196,56.5185546875
7399189,17.2119140625
7580131,57.861328125
7642524,65.49072265625
7649067,58.349609375
7649152,17.02880859375
7649193,20.20263671875
7649206,22.15576171875
7649257,21.66748046875
7649271,76.416015625
7649311,17.333984375
7649379,67.56591796875
7649390,19.4091796875
7649460,68.66455078125
7649527,17.08984375
7649595,68.66455078125
7649605,16.90673828125
7649706,60.48583984375
7649854,18.798828125
7649909,65.7958984375
7650066,67.87109375
7650139,19.10400390625
7650200,64.697265625
7650212,17.02880859375
7650299,60.1806640625
7650415,65.5517578125
7650573,69.3359375
7650610,17.9443359375
7650692,64.453125
7650824,65.61279296875
7650964,69.76318359375
7651148,65.85693359375
7651279,64.75830078125
7651392,68.05419921875
7651663,64.3310546875
7651962,62.68310546875
7652113,64.51416015625
7652261,68.7255859375
7652388,64.697265625
7652492,16.78466796875
7652529,66.650390625
7652686,17.51708984375
7652752,65.0634765625
7652937,63.96484375
7653053,17.51708984375
7653377,57.0068359375
7653643,17.76123046875
7653751,59.87548828125
7654363,55.908203125
7654568,17.2119140625
7772157,75.98876953125
7784532,59.87548828125
7805581,62.31689453125
7849211,64.697265625
7849385,71.35009765625
7849411,22.76611328125
7849467,67.9931640625
7849477,17.27294921875
7849533,73.42529296875
7849547,19.22607421875
7849621,69.39697265625
7849631,19.34814453125
7849731,68.05419921875
7849741,23.37646484375
7849868,65.673828125
7850002,74.21875
7850030,24.35302734375
7850151,67.56591796875
7850256,64.39208984375
7850338,20.56884765625
7850357,67.0166015625
7850367,18.798828125
7850463,70.9228515625
7850514,17.08984375
7850620,68.42041015625
7850753,65.36865234375
7850893,68.115234375
7850926,21.66748046875
7851048,65.24658203125
7851143,19.53125
7851429,18.61572265625
7851468,59.814453125
7851567,18.12744140625
7851652,66.40625
7851771,17.7001953125
7851853,62.01171875
7852004,63.53759765625
7852172,74.5849609375
7852397,63.1103515625
7852523,66.46728515625
7852751,66.71142578125
7852924,65.673828125
7852936,18.85986328125
7853063,64.14794921875
7853344,59.2041015625
7853663,56.09130859375
7853674,17.822265625
7853908,18.12744140625
7853992,59.63134765625
8012753,59.75341796875
8017700,20.01953125
8017758,77.880859375
8017828,19.04296875
8017858,68.05419921875
8017897,18.12744140625
8017926,63.4765625
8017951,23.0712890625
8017999,73.05908203125
8018018,20.20263671875
8018065,68.29833984375
8018156,16.845703125
8018195,65.73486328125
8018235,16.78466796875
8018305,42.1142578125
8018454,67.138671875
8018547,17.76123046875
8018602,66.71142578125
8018724,64.88037109375
8018735,21.42333984375
8018860,16.90673828125
8018916,66.5283203125
8019049,73.54736328125
8019196,70.12939453125
8019312,17.39501953125
8019366,68.2373046875
8019506,65.673828125
8019547,18.49365234375
8019731,16.90673828125
8019847,62.92724609375
8020016,67.32177734375
8020158,65.185546875
8020373,66.650390625
8020534,62.744140625
8020588,17.08984375
8020808,61.5234375
8020911,36.31591796875
8021191,60.302734375
8021318,16.90673828125
8021458,62.68310546875
8021617,18.5546875
8021813,58.2275390625
8022140,59.87548828125
8022717,56.15234375
8145894,63.8427734375
8159013,64.88037109375
8177539,20.20263671875
8188104,65.00244140625
8207071,57.4951171875
8268009,62.56103515625
8292924,65.97900390625
8293052,69.82421875
8293094,16.6015625
8293121,72.021484375
8293189,65.91796875
8293268,69.091796875
8293329,24.4140625
8293385,71.1669921875
8293483,17.76123046875
8293509,71.8994140625
8293560,18.798828125
8293637,19.34814453125
8293674,70.25146484375
8293741,16.845703125
8293792,68.7255859375
8293905,73.3642578125
8294028,63.29345703125
8294055,18.798828125
8294182,73.30322265625
8294204,27.03857421875
8294273,64.8193359375
8294361,68.84765625
8294518,76.171875
8294528,23.62060546875
8294712,67.0166015625
8294932,20.6298828125
8294982,61.767578125
8295095,65.4296875
8295154,17.7001953125
8295256,64.5751953125
8295428,74.76806640625
8295630,64.88037109375
8295842,58.4716796875
8295968,59.326171875
8296071,65.185546875
8296303,59.75341796875
8296336,16.9677734375
8296879,64.208984375
8297103,16.6015625
8297182,43.5791015625
8297467,57.2509765625
8439415,62.68310546875
8454790,62.56103515625
8464389,62.19482421875
8479029,66.10107421875
8487147,81.1767578125
8497781,65.36865234375
8511189,64.75830078125
8521487,61.95068359375
8527718,61.95068359375
8529736,64.51416015625
8533420,69.580078125
8533512,76.84326171875
8533565,17.578125
8533590,70.12939453125
8533624,19.53125
8533679,94.23828125
8533748,17.9443359375
8533803,66.2841796875
8533813,24.23095703125
8533951,66.0400390625
8534095,17.88330078125
8534213,73.73046875
8534223,19.4091796875
8534354,74.40185546875
8534392,17.333984375
8534463,64.208984375
8534561,17.7001953125
8534589,62.8662109375
8534719,58.77685546875
8534730,17.822265625
8534903,18.98193359375
8534935,64.27001953125
8535048,74.951171875
8535253,61.09619140625
8535380,64.94140625
8535537,71.77734375
8535565,18.4326171875
8535711,61.95068359375
8535840,17.578125
8535907,63.41552734375
8536010,21.66748046875
8536066,67.81005859375
8536222,60.4248046875
8536260,18.49365234375
8536514,16.9677734375
8536556,57.6171875
8536782,62.98828125
8536999,60.302734375
8537191,58.28857421875
8537314,17.76123046875
8537468,63.232421875
8537841,56.57958984375
8538176,60.11962890625
8538736,73.2421875
8689205,74.21875
8695023,71.77734375
8704908,65.673828125
8724477,77.81982421875
8731809,58.10546875
8737822,76.59912109375
8749596,59.6923828125
8762396,73.3642578125
8771108,60.791015625
8776790,60.6689453125
8801539,64.39208984375
8801676,64.27001953125
8801687,16.9677734375
8801761,70.9228515625
8801771,20.3857421875
8801813,66.40625
8801880,64.63623046875
8801907,19.83642578125
8802003,67.07763671875
8802092,65.91796875
8802312,69.51904296875
8802322,19.47021484375
8802400,66.46728515625
8802555,19.287109375
8802607,68.4814453125
8802715,75.13427734375
8802812,65.24658203125
8802996,66.95556640625
8803113,17.27294921875
8803160,65.5517578125
8803313,63.65966796875
8803448,67.0166015625
8803631,64.3310546875
8803642,16.6015625
8803776,67.9931640625
8803941,61.8896484375
8803952,16.7236328125
8804099,62.98828125
8804110,19.04296875
8804241,63.53759765625
8804342,18.06640625
8804417,63.8427734375
8804536,17.27294921875
8804560,74.21875
8804756,71.2890625
8804892,64.51416015625
8805156,55.84716796875
8805328,63.96484375
8805954,57.92236328125
8806383,56.82373046875
8806393,17.27294921875
8806905,55.6640625
8806986,16.66259765625
8976781,62.3779296875
8992134,75.74462890625
9002074,65.36865234375
9011531,79.16259765625
9011542,16.66259765625
9014698,55.96923828125
9014725,31.73828125
9014829,69.27490234375
9014870,18.1884765625
9014887,80.50537109375
9014924,16.78466796875
9014962,76.7822265625
9014998,17.578125
9015040,67.138671875
9015051,21.484375
9015162,65.73486328125
9015359,66.10107421875
9015423,18.5546875
9015458,63.5986328125
9015512,16.90673828125
9015647,67.87109375
9015805,70.25146484375
9015896,68.29833984375
9015933,18.12744140625
9016022,80.38330078125
9016104,16.90673828125
9016157,65.91796875
9016204,16.6015625
9016270,65.12451171875
9016386,75.62255859375
9016576,67.87109375
9016594,17.51708984375
9016730,72.81494140625
9016740,27.4658203125
9016882,66.95556640625
9017004,17.02880859375
9017095,69.15283203125
9017337,63.90380859375
9017347,20.69091796875
9017626,62.98828125
9017688,17.76123046875
9017780,66.7724609375
9017790,16.9677734375
9017982,62.07275390625
9018169,58.9599609375
9018452,61.767578125
9018687,57.2509765625
9019070,56.21337890625
9019612,61.21826171875
9019623,17.63916015625
9020211,63.41552734375
9178756,62.68310546875
9186926,66.7724609375
9200056,36.4990234375
9207380,60.24169921875
9212601,63.90380859375
9224267,67.19970703125
9236481,64.75830078125
9244584,75.8056640625
9244689,77.08740234375
9244722,17.4560546875
9244765,75.98876953125
9244784,17.15087890625
9244832,68.2373046875
9244913,68.90869140625
9244969,20.5078125
9244988,67.93212890625
9245048,17.02880859375
9245137,16.78466796875
9245207,64.27001953125
9245235,19.287109375
9245330,18.310546875
9245382,64.8193359375
9245392,20.20263671875
9245428,17.822265625
9245517,16.66259765625
9245561,64.39208984375
9245571,16.845703125
9245626,20.3857421875
9245767,67.626953125
9245794,16.845703125
9245878,69.3359375
9245950,17.578125
9246010,63.8427734375
9246107,78.9794921875
9246119,17.9443359375
9246238,61.58447265625
9246248,19.22607421875
9246369,65.0634765625
9246440,17.578125
9246566,72.3876953125
9246758,65.4296875
9246768,17.15087890625
9246894,63.96484375
9246972,65.4296875
9247261,61.58447265625
9247362,67.2607421875
9247463,33.99658203125
9247474,17.63916015625
9247680,59.87548828125
9247925,60.85205078125
9248191,57.4951171875
9248537,69.39697265625
9248774,59.75341796875
9248844,18.98193359375
9249061,57.6171875
9249469,55.5419921875
9249928,17.822265625
9250555,71.35009765625
9408711,74.5849609375
9419666,66.650390625
9429403,62.07275390625
9435042,64.453125
9485830,73.91357421875
9503509,60.302734375
9526991,64.02587890625
9532844,62.68310546875
9542255,65.3076171875
9542364,17.02880859375
9542394,72.44873046875
9542475,83.67919921875
9542497,30.21240234375
9542551,16.66259765625
9542567,85.14404296875
9542667,66.22314453125
9542805,70.37353515625
9542971,66.83349609375
9542984,18.49365234375
9543174,72.69287109375
9543228,18.06640625
9543255,77.880859375
9543364,74.40185546875
9543478,20.263671875
9543499,66.71142578125
9543603,74.21875
9543618,16.66259765625
9543719,65.5517578125
9543915,62.19482421875
9544025,66.58935546875
9544129,74.27978515625
9544324,62.5
9544432,71.4111328125
9544680,64.75830078125
9544863,72.1435546875
9545057,64.453125
9545194,69.3359375
9545353,59.08203125
9545643,62.6220703125
9545852,56.21337890625
9546089,56.57958984375
9546197,72.20458984375
9546437,68.90869140625
9546876,57.373046875
9547273,54.6875
9547598,57.31201171875
9547608,16.7236328125
9548036,57.18994140625
9703395,63.41552734375
9713562,72.69287109375
9741055,71.22802734375
9744406,65.36865234375
9744440,19.83642578125
9744454,31.43310546875
9744528,75.0732421875
9744538,18.12744140625
9744642,65.0634765625
9744709,16.9677734375
9744728,70.86181640625
9744824,70.00732421875
9744940,68.29833984375
9744978,18.49365234375
9745051,18.61572265625
9745131,68.4814453125
9745286,59.4482421875
9745359,68.54248046875
9745429,19.34814453125
9745444,72.75390625
9745583,69.9462890625
9745666,68.66455078125
9745734,18.49365234375
9745784,65.91796875
9745909,65.91796875
9746029,63.29345703125
9746126,64.88037109375
9746288,64.5751953125
9746424,63.720703125
9746571,33.203125
9746707,63.29345703125
9746837,62.744140625
9746981,17.63916015625
9747052,54.5654296875
9747137,17.88330078125
9747220,61.95068359375
9747395,61.82861328125
9747494,67.9931640625
9747720,57.18994140625
9747924,58.9599609375
9747995,19.287109375
9748069,58.9599609375
9748299,56.396484375
9748491,17.02880859375
9748552,55.35888671875
9748962,66.7724609375
9749486,59.2041015625
9749839,58.837890625
9750782,55.908203125
9750792,19.04296875
9901898,63.232421875
9902044,68.78662109375
9902101,17.51708984375
9902118,74.27978515625
9902184,62.92724609375
9902194,18.37158203125
9902221,17.15087890625
9902250,72.08251953125
9902261,21.66748046875
9902338,72.6318359375
9902495,67.81005859375
9902505,17.88330078125
9902668,68.42041015625
9902695,17.63916015625
9902807,68.29833984375
9902978,17.88330078125
9902997,74.21875
9903007,18.49365234375
9903072,67.81005859375
9903169,59.50927734375
9903294,77.63671875
9903500,63.8427734375
9903596,23.74267578125
9903681,67.5048828125
9903850,79.04052734375
9903965,67.68798828125
9904100,70.86181640625
9904277,64.75830078125
9904450,62.1337890625
9904560,19.775390625
9904622,66.95556640625
9904732,64.39208984375
9904870,60.791015625
9904881,16.7236328125
9904956,17.333984375
9904983,66.162109375
9905122,68.17626953125
9905367,60.302734375
9905524,59.38720703125
9905734,17.08984375
9905802,56.15234375
9906004,17.88330078125
9906126,55.35888671875
9906512,67.9931640625
9906702,58.4716796875
9907091,52.55126953125
9907630,67.138671875
10049655,63.96484375
10051288,63.29345703125
10068580,61.21826171875
10102563,64.63623046875
10109398,65.36865234375
10119173,63.4765625
10124364,76.171875
10144105,67.44384765625
10151886,68.78662109375
10166635,72.75390625
10169305,59.326171875
10169368,18.6767578125
10169401,76.416015625
10169477,74.03564453125
10169500,28.13720703125
10169549,69.4580078125
10169624,67.7490234375
10169670,16.78466796875
10169805,70.61767578125
10169896,67.138671875
10170047,73.30322265625
10170058,18.6767578125
10170177,67.68798828125
10170207,17.08984375
10170294,66.46728515625
10170341,17.27294921875
10170503,63.90380859375
10170644,65.00244140625
10170794,68.90869140625
10170924,65.49072265625
10171048,63.78173828125
10171059,16.9677734375
10171220,68.9697265625
10171310,65.97900390625
10171441,67.0166015625
10171607,59.99755859375
10171799,58.9599609375
10171968,65.36865234375
10172186,66.7724609375
10172196,16.6015625
10172347,61.8896484375
10172503,62.80517578125
10172513,17.02880859375
10172710,63.53759765625
10172977,56.15234375
10173242,67.9931640625
10173383,18.12744140625
10173394,18.61572265625
10173664,57.92236328125
10173752,17.4560546875
10173964,58.2275390625
10174225,16.66259765625
10174267,55.908203125
10292701,63.90380859375
10334696,59.326171875
10353098,61.5234375
10371895,59.6923828125
10379493,75.01220703125
10403905,56.5185546875
10409564,75.13427734375
10414522,66.0400390625
10426215,73.974609375
10426225,18.4326171875
10433189,74.03564453125
10436236,64.453125
10447892,63.96484375
10455110,66.89453125
10455162,28.25927734375
10455193,81.97021484375
10455230,16.845703125
10455268,74.951171875
10455343,72.75390625
10455383,19.1650390625
10455448,73.1201171875
10455566,68.66455078125
10455579,17.822265625
10455690,66.83349609375
10455840,66.0400390625
10455955,74.462890625
10456083,64.0869140625
10456094,17.27294921875
10456165,64.27001953125
10456294,65.3076171875
10456388,17.02880859375
10456407,70.4345703125
10456476,68.84765625
10456563,17.08984375
10456591,66.5283203125
10456731,17.02880859375
10456786,60.546875
10456900,66.162109375
10456993,73.6083984375
10457147,73.79150390625
10457289,61.03515625
10457439,74.951171875
10457729,57.55615234375
10457739,17.51708984375
10457768,17.02880859375
10457898,75.37841796875
10457931,19.6533203125
10458078,58.89892578125
10458088,18.12744140625
10458308,58.53271484375
10458543,59.99755859375
10458554,17.9443359375
10458700,60.48583984375
10458904,58.28857421875
10459113,53.1005859375
10459754,67.56591796875
10460040,59.02099609375
10460298,18.37158203125
10460821,61.70654296875
10642942,79.2236328125
10649748,64.63623046875
10654027,66.83349609375
10657267,62.07275390625
10668407,61.82861328125
10674820,60.9130859375
10685368,73.8525390625
10693941,79.345703125
10702417,60.546875
10707844,63.4765625
10712733,34.423828125
10712744,17.08984375
10724449,62.56103515625
10739309,71.83837890625
10763220,76.66015625
10772033,63.720703125
10783138,62.07275390625
10789115,67.138671875
10817381,56.7626953125
10824641,54.931640625
10836495,59.99755859375
10846744,71.59423828125
10860607,63.90380859375
10872629,64.75830078125
10881730,61.34033203125
10881779,16.7236328125
10881839,70.1904296875
10881854,18.73779296875
10881909,75.5615234375
10881977,83.06884765625
10882056,76.47705078125
10882178,67.44384765625
10882191,17.88330078125
10882307,18.1884765625
10882402,67.138671875
10882471,19.34814453125
10882583,67.56591796875
10882745,66.650390625
10882769,17.822265625
10882853,65.24658203125
10882959,67.07763671875
10883096,65.36865234375
10883209,64.63623046875
10883319,67.87109375
10883485,63.5986328125
10883581,68.78662109375
10883634,17.39501953125
10883651,19.83642578125
10883763,62.5
10884031,18.6767578125
10884158,58.2275390625
10884168,17.578125
10884329,62.56103515625
10884405,17.39501953125
10884466,62.68310546875
10884585,65.4296875
10884709,73.18115234375
10884919,64.63623046875
10885077,65.12451171875
10885240,61.6455078125
10885470,59.38720703125
10885657,58.349609375
10886033,58.7158203125
10886421,61.279296875
10886848,57.31201171875
10887401,57.4951171875
10887412,17.27294921875
11023386,60.24169921875
11054148,67.9931640625
11065200,65.97900390625
11071991,60.11962890625
11076833,76.66015625
11079672,73.30322265625
11089842,67.0166015625
11097356,63.720703125
11099613,70.1904296875
11099725,22.27783203125
11099750,69.03076171875
11099795,19.71435546875
11099821,57.67822265625
11099849,17.02880859375
11099861,17.578125
11099909,71.10595703125
11099954,18.5546875
11099976,90.6982421875
11100042,16.66259765625
11100084,63.8427734375
11100200,67.7490234375
11100333,17.9443359375
11100480,64.14794921875
11100493,20.32470703125
11100657,64.88037109375
11100771,68.90869140625
11100878,63.4765625
11101014,67.32177734375
11101131,72.81494140625
11101250,22.03369140625
11101277,73.8525390625
11101394,16.7236328125
11101458,64.94140625
11101589,71.10595703125
11101747,63.53759765625
11101856,64.208984375
11101866,21.91162109375
11102017,64.453125
11102091,17.08984375
11102252,65.0634765625
11102396,63.29345703125
11102455,17.7001953125
11102574,56.0302734375
11102710,65.36865234375
11102877,63.96484375
11102995,59.08203125
11103034,18.5546875
11103258,65.61279296875
11103451,18.73779296875
11103478,74.52392578125
11103655,59.75341796875
11103897,69.3359375
11104166,57.4951171875
11104460,58.04443359375
11278138,78.2470703125
11303154,75.8056640625
11309604,65.97900390625
11316276,65.3076171875
11321407,76.7822265625
11327153,62.68310546875
11332192,61.58447265625
11337147,65.73486328125
11341979,62.8662109375
11353670,62.31689453125
11372545,72.998046875
11384595,73.91357421875
11392503,62.255859375
11397628,63.17138671875
11409112,74.52392578125
11414863,75.74462890625
11425763,69.51904296875
11425773,19.59228515625
11425803,26.85546875
11425863,66.7724609375
11425887,17.02880859375
11425930,76.904296875
11425940,18.06640625
11426000,82.51953125
11426074,17.2119140625
11426102,67.3828125
11426194,75.86669921875
11426273,19.22607421875
11426352,66.650390625
11426363,18.24951171875
11426511,68.78662109375
11426679,78.61328125
11426689,20.08056640625
11426766,67.56591796875
11426863,67.44384765625
11426916,17.2119140625
11427046,63.720703125
11427169,65.91796875
11427284,73.18115234375
11427366,17.15087890625
11427480,63.3544921875
11427656,19.59228515625
11427668,70.556640625
11427797,63.90380859375
11428012,61.279296875
11428152,62.43896484375
11428253,67.138671875
11428392,17.2119140625
11428551,54.8095703125
11428756,59.75341796875
11428884,78.43017578125
11429030,66.10107421875
11429329,56.5185546875
11429387,20.81298828125
11429498,63.04931640625
11429737,58.41064453125
11429906,62.68310546875
11429982,20.6298828125
11430041,62.255859375
11430233,16.6015625
11430461,58.349609375
11430738,17.51708984375
11430788,50.59814453125
11430799,16.7236328125
11584629,62.744140625
11594805,61.4013671875
11602432,75.5615234375
11618905,17.51708984375
11618936,81.54296875
11619006,20.20263671875
11619050,75.74462890625
11619079,19.22607421875
11619118,16.6015625
11619129,24.7802734375
11619195,67.56591796875
11619271,75.927734375
11619396,72.57080078125
11619554,69.2138671875
11619565,18.98193359375
11619732,16.7236328125
11619790,64.88037109375
11619924,79.52880859375
11619995,69.39697265625
11620084,18.85986328125
11620131,69.03076171875
11620237,68.17626953125
11620361,70.4345703125
11620398,24.7802734375
11620424,65.673828125
11620568,61.95068359375
11620738,64.697265625
11620865,65.12451171875
11620981,67.7490234375
11621169,60.36376953125
11621222,17.4560546875
11621369,59.4482421875
11621474,66.10107421875
11621508,17.578125
11621622,61.6455078125
11621787,62.8662109375
11621954,56.94580078125
11622141,17.822265625
11622225,59.9365234375
11622382,66.2841796875
11622429,19.71435546875
11622537,60.302734375
11622703,62.255859375
11622714,20.5078125
11622912,54.01611328125
11622961,17.333984375
11623149,55.0537109375
11623285,64.208984375
11623648,58.10546875
11624355,56.70166015625
11749922,70.25146484375
11810182,64.94140625
11816976,64.0869140625
11817120,70.9228515625
11817150,16.90673828125
11817196,70.12939453125
11817207,21.30126953125
11817287,82.275390625
11817358,68.359375
11817436,66.95556640625
11817486,16.78466796875
11817629,64.63623046875
11817797,67.32177734375
11817881,16.78466796875
11817955,68.54248046875
11818145,62.5
11818268,66.650390625
11818393,77.1484375
11818545,65.3076171875
11818631,16.845703125
11818656,66.71142578125
11818892,59.75341796875
11819003,72.44873046875
11819021,31.31103515625
11819142,64.51416015625
11819153,16.66259765625
11819321,64.75830078125
11819450,17.27294921875
11819495,62.98828125
11819770,63.5986328125
11819889,64.3310546875
11820117,59.26513671875
11820282,61.8896484375
11820555,55.11474609375
11820838,76.23291015625
11821007,61.6455078125
11821426,56.33544921875
11821460,17.578125
11821766,53.5888671875
11821848,16.7236328125
11993424,59.326171875
