11999000,0
190,23.37646484375
1240,26.4892578125
1775,25.5126953125
2371,27.64892578125
3727,26.06201171875
4229,26.85546875
6103,23.49853515625
6624,29.296875
7344,23.193359375
7914,25.81787109375
8695,18.5546875
9242,26.2451171875
10991,20.81298828125
12814,26.67236328125
21486,23.92578125
24155,23.3154296875
83881,24.0478515625
110944,19.59228515625
114959,27.03857421875
133727,26.67236328125
136798,28.4423828125
142490,19.95849609375
142686,25.146484375
142825,31.55517578125
142906,20.32470703125
142934,20.44677734375
143135,24.5361328125
144598,30.1513671875
144937,25.57373046875
146221,27.77099609375
148273,26.55029296875
148955,26.06201171875
149148,28.3203125
149561,28.076171875
149879,28.4423828125
150368,28.01513671875
150843,18.9208984375
151384,24.96337890625
152293,23.8037109375
153596,24.23095703125
154788,26.67236328125
155131,25.634765625
155606,26.2451171875
158226,25.20751953125
162423,25.20751953125
163603,19.287109375
164948,25.57373046875
166416,25.20751953125
166856,23.62060546875
167690,24.4140625
169599,18.00537109375
170307,25.57373046875
171293,26.55029296875
172136,23.13232421875
174551,28.50341796875
177873,32.71484375
182389,25.146484375
190318,26.91650390625
197806,26.611328125
202968,27.34375
222150,29.96826171875
292919,26.30615234375
293117,31.005859375
293260,27.16064453125
293491,26.67236328125
294530,26.91650390625
294981,29.541015625
296228,23.01025390625
297828,25.634765625
298135,24.169921875
298644,27.34375
299023,24.169921875
299515,31.8603515625
299815,27.52685546875
301958,26.85546875
305521,28.62548828125
309896,27.587890625
327261,28.74755859375
344969,26.2451171875
381126,18.310546875
389185,23.4985351562499
389211,19.1040039062501
389231,35.8886718750001
389256,29.052734375
389284,22.7050781249999
389301,37.2314453125001
389326,32.1044921875
389352,38.26904296875
389383,39.0625
389408,36.9873046875
389435,18.98193359375
389454,20.69091796875
389475,26.85546875
389500,20.751953125
389529,19.59228515625
389555,18.6767578125
389649,22.0947265625
415990,28.6865234375
422064,21.30126953125
422080,35.9497070312501
422100,47.30224609375
422120,46.38671875
422140,57.7392578125
422167,34.0576171875
422187,45.2880859375
422491,19.1650390625
438704,28.13720703125
438892,29.1748046875
439066,22.705078125
439251,24.5361328125
439451,25.146484375
439701,27.16064453125
440331,18.06640625
441713,28.99169921875
441860,28.3203125
442685,31.18896484375
442903,26.55029296875
443292,28.4423828125
443584,28.6865234375
444043,26.9775390625
444573,27.34375
444999,26.06201171875
445772,24.96337890625
475138,28.13720703125
478571,18.73779296875
609207,29.84619140625
609337,25.7568359375
609429,30.70068359375
609569,27.7099609375
609819,23.13232421875
610517,26.42822265625
612651,25.93994140625
613467,25.7568359375
613861,26.2451171875
614266,29.78515625
614559,29.96826171875
614811,26.3671875
615116,29.9072265625
615708,23.92578125
616764,26.9775390625
618130,28.38134765625
618824,26.85546875
619371,28.076171875
620291,25.57373046875
620721,24.2919921875
621386,23.3154296875
622651,29.96826171875
624128,30.76171875
625052,28.38134765625
627740,25.45166015625
633220,22.4609375
636511,18.12744140625
639919,20.99609375
640720,23.74267578125
644265,25.32958984375
644814,27.4658203125
646024,27.28271484375
647837,23.74267578125
652343,25.93994140625
662421,29.052734375
663706,26.0009765625
672057,29.11376953125
675620,24.5361328125
732443,18.310546875
742237,28.50341796875
772845,34.3017578125
773056,29.296875
773202,27.4658203125
773356,30.029296875
773541,27.099609375
773749,26.30615234375
776254,29.6630859375
777390,26.9775390625
777944,27.03857421875
778773,27.587890625
779058,26.4892578125
779433,31.18896484375
779836,27.52685546875
780080,28.6865234375
780387,24.96337890625
781017,28.3203125
782821,28.74755859375
783218,26.91650390625
784900,28.62548828125
785677,20.20263671875
786332,24.71923828125
787071,24.71923828125
787848,26.85546875
789258,25.0244140625
789674,24.23095703125
790419,28.9306640625
790750,26.06201171875
793326,25.146484375
795685,26.611328125
796646,25.2685546875
797072,27.03857421875
797818,22.88818359375
798589,28.9306640625
799933,20.01953125
802068,27.4658203125
802842,23.5595703125
803491,23.92578125
804523,24.84130859375
805713,17.76123046875
805860,34.72900390625
807018,28.01513671875
807529,25.08544921875
808021,27.64892578125
808755,23.13232421875
810781,25.45166015625
811437,20.20263671875
811484,20.93505859375
811591,20.751953125
811616,20.69091796875
811649,20.5078125
814267,18.310546875
817643,26.611328125
824940,23.98681640625
836476,20.44677734375
844146,28.62548828125
844534,26.55029296875
853256,25.45166015625
855890,25.20751953125
856571,27.40478515625
866278,19.4091796875
866358,21.05712890625
869968,24.169921875
890893,18.12744140625
906430,24.7802734375
915357,25.93994140625
932816,28.62548828125
933024,25.634765625
933051,17.76123046875
933141,24.10888671875
933302,20.81298828125
933437,22.5830078125
933617,27.9541015625
934099,27.099609375
935299,29.96826171875
936509,30.45654296875
937058,26.55029296875
937564,26.3671875
937864,27.587890625
938378,26.91650390625
938724,26.67236328125
939306,25.20751953125
939647,26.79443359375
940083,25.93994140625
941208,25.2685546875
941509,26.30615234375
943678,22.5830078125
943705,26.3671875
943724,24.169921875
943744,27.83203125
943770,18.9208984375
943788,25.7568359375
943821,19.4091796875
943855,19.1650390625
944114,28.13720703125
948261,29.23583984375
951588,29.47998046875
951948,21.30126953125
952356,26.4892578125
952693,24.10888671875
959213,19.04296875
959797,24.5361328125
972866,23.681640625
986012,29.60205078125
991900,18.310546875
1018232,27.28271484375
1033661,18.06640625
1033709,19.4091796875
1080349,26.3671875
1097049,29.84619140625
1097146,22.03369140625
1097245,21.78955078125
1097384,26.79443359375
1097660,25.146484375
1097832,25.390625
1098225,18.00537109375
1099978,27.587890625
1101791,27.77099609375
1102387,28.4423828125
1103002,30.1513671875
1107232,27.587890625
1111648,28.9306640625
1115822,26.611328125
1120569,27.4658203125
1120813,24.7802734375
1140057,29.35791015625
1176353,28.50341796875
1191208,18.37158203125
1194895,17.76123046875
1228044,27.34375
1256762,18.73779296875
1256787,21.05712890625
1256812,24.47509765625
1256830,25.57373046875
1256856,19.59228515625
1256884,21.17919921875
1256906,19.34814453125
1256969,19.04296875
1257006,18.61572265625
1257292,54.62646484375
1257337,52.1240234375
1257363,45.10498046875
1257391,17.88330078125
1257441,27.40478515625
1257467,29.11376953125
1257511,23.4375
1257522,28.62548828125
1257570,21.728515625
1257625,17.822265625
1258260,18.12744140625
1258364,21.05712890625
1258504,19.53125
1260128,30.09033203125
1261589,26.42822265625
1262997,31.31103515625
1263283,27.7099609375
1264358,28.25927734375
1265852,22.88818359375
1266202,27.83203125
1267630,32.28759765625
1268271,24.59716796875
1407278,27.64892578125
1416835,28.99169921875
1416900,20.6298828125
1417050,20.5078125
1417165,19.95849609375
1417326,23.5595703125
1420920,28.1982421875
1422283,22.39990234375
1423286,25.57373046875
1423665,30.6396484375
1423886,19.95849609375
1424362,24.84130859375
1424806,27.03857421875
1428017,25.2685546875
1449778,23.13232421875
1510390,26.30615234375
1613191,33.3251953125
1613361,27.9541015625
1613468,27.2216796875
1613710,28.80859375
1614912,26.30615234375
1615838,28.62548828125
1615893,18.37158203125
1616793,25.81787109375
1617371,28.3203125
1618474,20.263671875
1619414,28.86962890625
1620597,25.69580078125
1621482,25.5126953125
1621725,30.029296875
1626676,19.04296875
1627982,31.55517578125
1643178,23.86474609375
1687547,26.67236328125
1731237,29.35791015625
1786443,26.67236328125
1787842,27.34375
1795351,24.5361328125
1795596,28.6865234375
1799253,28.25927734375
1808348,26.7333984375
1809027,34.24072265625
1811614,29.11376953125
1813515,20.99609375
1820160,28.01513671875
1835339,25.69580078125
1844796,29.541015625
1847311,29.6630859375
1849204,24.4140625
1849537,32.65380859375
1849665,31.6162109375
1849770,28.13720703125
1850200,25.87890625
1850369,29.1748046875
1855349,27.7099609375
1856517,21.17919921875
1857131,18.12744140625
1862617,36.865234375
1862770,19.5312500000001
1862795,24.9633789062501
1862820,24.4140625000001
1862839,29.4799804687501
1862859,25.5126953124999
1862878,33.26416015625
1862897,26.8554687500001
1862917,30.94482421875
1862947,36.1328125
1862975,29.4189453125
1863002,19.71435546875
1863020,23.25439453125
1863040,18.12744140625
1863059,24.23095703125
1863079,17.822265625
1863100,20.69091796875
1863134,21.54541015625
1864281,21.54541015625
1864308,23.98681640625
1864337,27.40478515625
1864361,24.47509765625
1864393,17.76123046875
1865550,28.1982421875
1872027,21.66748046875
1874660,25.634765625
1875381,24.47509765625
1879287,18.24951171875
1883999,27.34375
1884133,19.59228515625
2029745,32.65380859375
2029904,30.1513671875
2030016,26.55029296875
2030188,25.69580078125
2030330,21.91162109375
2031109,34.912109375
2032047,32.40966796875
2032373,26.9775390625
2033233,30.517578125
2034422,32.470703125
2035963,28.4423828125
2036433,27.099609375
2037163,30.21240234375
2037633,26.2451171875
2037975,26.0009765625
2038959,24.2919921875
2042234,31.43310546875
2064763,26.123046875
2075090,24.658203125
2075627,31.43310546875
2080897,25.5126953125
2147112,45.71533203125
2147148,20.08056640625
2180153,26.85546875
2182552,18.310546875
2209238,20.99609375
2230752,22.64404296875
2244888,29.1748046875
2248926,26.611328125
2249337,24.4140625
2251308,28.13720703125
2254594,27.2216796875
2254717,24.169921875
2254799,18.798828125
2254847,24.71923828125
2254961,28.38134765625
2255470,31.67724609375
2256253,30.2734375
2258874,30.3955078125
2260311,28.13720703125
2260937,26.42822265625
2261255,21.17919921875
2261828,32.2265625
2262394,27.28271484375
2269452,26.79443359375
2270091,25.57373046875
2271241,29.11376953125
2292176,25.32958984375
2296602,25.2685546875
2310347,24.658203125
2355284,24.47509765625
2362878,23.193359375
2421974,28.50341796875
2422941,27.28271484375
2423202,25.146484375
2425572,27.9541015625
2436767,27.9541015625
2439647,28.1982421875
2443945,30.33447265625
2444608,28.1982421875
2444633,21.78955078125
2444745,24.96337890625
2445218,28.99169921875
2446387,23.62060546875
2447109,28.38134765625
2448876,27.4658203125
2449213,29.1748046875
2450617,29.4189453125
2450887,28.86962890625
2451386,29.9072265625
2451836,28.80859375
2452327,27.64892578125
2452553,24.658203125
2453191,26.3671875
2453546,27.03857421875
2454582,26.4892578125
2454969,27.89306640625
2469267,26.7333984375
2474456,29.296875
2476945,26.67236328125
2499330,29.23583984375
2521204,18.98193359375
2537441,26.123046875
2584580,30.8837890625
2622980,29.9072265625
2623137,27.28271484375
2623233,28.80859375
2623364,27.89306640625
2624090,25.87890625
2628435,28.076171875
2629395,28.13720703125
2630072,29.78515625
2631297,29.6630859375
2631665,33.50830078125
2638878,29.35791015625
2650668,31.3720703125
2652221,27.4658203125
2684909,32.77587890625
2747928,32.5927734375
2748026,21.17919921875
2748050,20.69091796875
2748070,19.6533203125
2748806,23.4375
2748861,21.17919921875
2768656,30.76171875
2773402,29.96826171875
2774481,31.31103515625
2789305,17.9443359375
2790145,29.47998046875
2792429,26.30615234375
2800804,27.4658203125
2801216,33.99658203125
2801337,28.74755859375
2801388,18.00537109375
2801563,29.60205078125
2801733,21.3623046875
2801888,29.6630859375
2802841,18.310546875
2804816,25.81787109375
2805785,26.7333984375
2806131,25.08544921875
2806738,26.2451171875
2807145,28.3203125
2807570,24.47509765625
2807890,28.62548828125
2808212,28.564453125
2809566,26.91650390625
2810461,21.728515625
2812459,25.45166015625
2816255,29.1748046875
2817292,26.611328125
2819388,28.3203125
2819733,22.0947265625
2830547,29.60205078125
2831102,29.84619140625
2845511,30.3955078125
2877509,22.216796875
2900841,17.822265625
2908559,26.91650390625
2917402,23.25439453125
2919781,27.89306640625
2922183,28.01513671875
2967394,33.14208984375
3006898,31.67724609375
3007001,28.564453125
3007091,21.17919921875
3007213,29.78515625
3007359,29.23583984375
3007898,28.6865234375
3008357,28.1982421875
3008636,27.89306640625
3009657,28.076171875
3010487,27.03857421875
3011105,29.84619140625
3011350,27.9541015625
3011773,29.6630859375
3012354,25.69580078125
3013162,29.11376953125
3013663,25.57373046875
3014076,26.85546875
3014299,25.93994140625
3014743,31.06689453125
3015205,23.37646484375
3015837,26.123046875
3016879,25.20751953125
3017559,31.43310546875
3019063,25.87890625
3027154,26.42822265625
3031069,25.2685546875
3038100,30.517578125
3041454,26.3671875
3043624,23.01025390625
3051372,24.71923828125
3058697,28.80859375
3095639,30.57861328125
3103036,26.4892578125
3104616,27.16064453125
3107511,23.92578125
3122757,28.99169921875
3215577,30.3955078125
3218461,27.34375
3235006,18.73779296875
3238247,30.029296875
3239571,28.74755859375
3249870,28.01513671875
3251535,28.86962890625
3257876,26.85546875
3265597,24.96337890625
3269019,24.47509765625
3270281,30.6396484375
3270380,20.3857421875
3270405,37.841796875
3270528,22.94921875
3270643,24.35302734375
3271652,29.84619140625
3271796,17.822265625
3272884,29.72412109375
3273434,28.6865234375
3274401,29.296875
3274869,27.7099609375
3275174,29.60205078125
3275384,27.587890625
3275590,27.2216796875
3276357,28.99169921875
3277131,25.5126953125
3277574,31.06689453125
3278000,26.2451171875
3278567,25.45166015625
3279657,25.87890625
3279889,31.73828125
3280448,28.3203125
3280963,24.2919921875
3281704,29.9072265625
3282888,27.7099609375
3283829,29.47998046875
3284156,23.5595703125
3288511,31.1279296875
3291028,26.4892578125
3294720,27.587890625
3305545,28.25927734375
3318972,27.40478515625
3329340,24.90234375
3361344,31.25
3398486,25.69580078125
3408803,24.7802734375
3425401,17.9443359375
3429361,30.029296875
3429864,29.11376953125
3431706,30.1513671875
3438472,33.3251953125
3443040,29.35791015625
3444015,27.4658203125
3449858,27.7099609375
3451748,24.96337890625
3458249,30.2734375
3471029,25.2685546875
3473441,28.74755859375
3473571,29.35791015625
3473863,25.93994140625
3474053,19.1650390625
3475537,34.85107421875
3475886,25.634765625
3478197,28.4423828125
3479349,24.90234375
3480129,30.33447265625
3480523,22.03369140625
3481440,28.38134765625
3503956,31.67724609375
3510269,29.78515625
3554753,25.5126953125
3558450,20.3857421875
3574123,24.10888671875
3633959,123.1689453125
3634015,18.24951171875
3634042,28.25927734375
3634067,27.099609375
3634087,32.5927734375
3634107,41.8701171875
3634134,24.96337890625
3634160,19.10400390625
3634207,19.6533203125
3634230,28.564453125
3634250,45.2880859375
3634294,30.09033203125
3641396,31.25
3685889,29.4189453125
3686093,19.95849609375
3686179,29.84619140625
3686301,26.0009765625
3686453,27.77099609375
3687301,23.62060546875
3688961,28.076171875
3689510,33.5693359375
3691488,31.67724609375
3691792,21.05712890625
3692071,30.21240234375
3692333,28.564453125
3693113,29.35791015625
3693285,19.10400390625
3693591,29.296875
3693931,27.4658203125
3694163,28.50341796875
3694796,27.40478515625
3695322,29.35791015625
3695554,22.39990234375
3695990,23.193359375
3696334,20.5078125
3696698,23.92578125
3698081,27.40478515625
3699382,25.87890625
3700444,31.43310546875
3702608,26.67236328125
3706278,18.310546875
3710306,26.91650390625
3726663,30.76171875
3733305,18.5546875
3733332,20.81298828125
3733352,20.44677734375
3733373,25.146484375
3733412,18.5546875
3740243,29.11376953125
3744016,25.81787109375
3764864,25.45166015625
3791926,33.50830078125
3795979,30.82275390625
3815850,28.6865234375
3827770,24.658203125
3847236,24.0478515625
3854888,29.47998046875
3869188,26.9775390625
3873140,24.47509765625
3876635,27.89306640625
3882770,29.296875
3884627,32.28759765625
3884940,27.9541015625
3885187,30.029296875
3889796,18.5546875
3894482,27.77099609375
3897270,33.8134765625
3908415,27.587890625
3913124,30.82275390625
3913245,29.296875
3913367,30.6396484375
3913986,32.53173828125
3917620,24.2919921875
3917940,27.2216796875
3918516,26.91650390625
3919115,26.30615234375
3919679,30.8837890625
3920052,28.6865234375
3920305,26.30615234375
3920804,26.7333984375
3921266,32.1044921875
3921876,28.1982421875
3922400,32.28759765625
3922912,29.9072265625
3923215,26.06201171875
3923535,24.7802734375
3924304,33.5693359375
3924628,32.53173828125
3925343,25.93994140625
3926347,29.541015625
3926806,26.55029296875
3927398,27.2216796875
3933257,27.34375
3946263,27.4658203125
3949050,24.84130859375
3950589,29.35791015625
3961396,24.84130859375
3967509,28.74755859375
4008011,25.69580078125
4022999,27.2216796875
4024505,29.541015625
4030354,26.9775390625
4084626,28.9306640625
4087226,28.99169921875
4095128,19.4091796875
4101512,29.78515625
4101938,33.63037109375
4111132,26.123046875
4123419,31.73828125
4127064,25.0244140625
4129429,29.47998046875
4132192,29.052734375
4141793,27.64892578125
4154449,23.0712890625
4164856,24.658203125
4168312,30.09033203125
4173380,26.0009765625
4176280,26.3671875
4181899,32.2265625
4185550,28.50341796875
4187372,26.9775390625
4187511,27.64892578125
4187594,18.06640625
4188391,29.541015625
4189148,33.63037109375
4189279,26.55029296875
4189762,30.6396484375
4193483,28.4423828125
4194236,27.77099609375
4194649,28.25927734375
4195174,29.9072265625
4195997,26.3671875
4196722,29.4189453125
4197400,31.31103515625
4197739,29.11376953125
4198020,31.1279296875
4198708,25.87890625
4199073,26.3671875
4213193,27.16064453125
4214678,30.45654296875
4219870,28.99169921875
4221007,28.50341796875
4223421,29.6630859375
4247434,26.91650390625
4291878,27.83203125
4296670,27.587890625
4365387,31.67724609375
4373419,31.494140625
4373568,29.96826171875
4373732,27.16064453125
4373837,32.1044921875
4373984,26.4892578125
4375113,34.423828125
4376318,18.798828125
4376510,27.9541015625
4377534,27.77099609375
4378426,28.01513671875
4379053,30.70068359375
4379518,23.25439453125
4379965,29.11376953125
4380438,24.169921875
4381093,27.03857421875
4383423,30.94482421875
4386353,25.93994140625
4406734,25.69580078125
4411956,25.45166015625
4426264,26.55029296875
4432727,18.00537109375
4432781,21.54541015625
4440714,31.25
4470876,68.115234375
4470980,114.74609375
4471047,78.9794921875
4471059,114.2578125
4471114,21.1181640625
4471142,68.54248046875
4471397,72.3876953125
4471491,41.3818359375
4471729,23.0712890625
4471861,20.08056640625
4471909,18.6767578125
4471943,21.484375
4471975,20.44677734375
4472003,17.9443359375
4472024,19.6533203125
4472050,19.53125
4472106,21.6064453125
4472158,17.9443359375
4477820,30.82275390625
4486933,19.10400390625
4486957,24.0478515625
4486984,26.3671875
4487004,22.27783203125
4487030,24.59716796875
4497615,23.62060546875
4517506,28.74755859375
4534214,38.87939453125
4545954,27.89306640625
4569255,30.70068359375
4580797,27.52685546875
4609764,30.33447265625
4609863,28.50341796875
4609977,28.9306640625
4610120,29.9072265625
4610567,29.1748046875
4610868,31.3720703125
4612102,29.6630859375
4614951,25.20751953125
4615606,29.23583984375
4616248,29.23583984375
4616706,26.42822265625
4617100,31.494140625
4651936,32.470703125
4660519,27.40478515625
4661876,25.5126953125
4664187,32.8369140625
4678193,26.30615234375
4679290,26.2451171875
4688032,23.5595703125
4700520,26.42822265625
4706402,29.96826171875
4707472,27.77099609375
4716623,30.21240234375
4725328,28.86962890625
4727869,27.7099609375
4732967,30.2734375
4743151,31.6162109375
4751372,27.77099609375
4771262,29.11376953125
4777783,30.33447265625
4780302,30.45654296875
4783085,26.91650390625
4787152,25.390625
4787452,25.69580078125
4792505,27.9541015625
4794458,28.86962890625
4794834,31.982421875
4794996,25.7568359375
4795372,29.052734375
4795741,26.91650390625
4795874,26.4892578125
4797134,31.982421875
4798135,28.74755859375
4800229,23.86474609375
4801109,25.7568359375
4801417,30.76171875
4805646,30.82275390625
4810431,29.84619140625
4824976,30.029296875
4847237,18.98193359375
4946216,29.96826171875
4948085,28.076171875
4988323,28.01513671875
4988480,33.63037109375
4988578,22.216796875
4988694,25.69580078125
4988898,31.67724609375
4989052,29.84619140625
4989804,27.16064453125
4991063,30.09033203125
4991154,18.06640625
4991970,25.87890625
4992190,28.74755859375
4993673,32.28759765625
4994075,31.494140625
4995309,29.6630859375
4996049,33.87451171875
4996353,27.77099609375
4997539,31.6162109375
5004526,26.91650390625
5014373,30.1513671875
5021378,27.34375
5021843,27.7099609375
5037552,31.31103515625
5053727,28.3203125
5056718,30.3955078125
5090692,21.484375
5110090,27.64892578125
5123710,29.1748046875
5148541,21.8505859375
5176988,31.67724609375
5185619,30.76171875
5203499,18.61572265625
5203524,18.4326171875
5210727,32.5927734375
5221752,30.1513671875
5254690,25.87890625
5262364,26.06201171875
5274313,29.9072265625
5283994,31.79931640625
5285290,31.55517578125
5286303,33.38623046875
5287111,30.33447265625
5287910,30.8837890625
5288127,27.7099609375
5288670,30.33447265625
5303884,25.87890625
5306426,20.32470703125
5308098,30.82275390625
5308452,27.28271484375
5311283,30.1513671875
5315981,26.67236328125
5316418,31.73828125
5318847,27.34375
5319953,33.447265625
5321610,28.3203125
5329503,31.25
5333303,25.2685546875
5342130,30.76171875
5345684,31.79931640625
5371512,31.67724609375
5371612,22.705078125
5371746,17.9443359375
5372237,27.2216796875
5372784,30.3955078125
5374915,29.78515625
5375381,32.53173828125
5376134,29.11376953125
5376572,29.052734375
5377802,27.64892578125
5378042,28.80859375
5378907,26.0009765625
5380710,23.681640625
5381338,27.83203125
5381665,29.23583984375
5382038,24.71923828125
5382643,30.33447265625
5383187,26.06201171875
5383642,30.3955078125
5384347,26.9775390625
5384583,27.2216796875
5390474,28.99169921875
5396774,30.82275390625
5408152,28.80859375
5411228,34.1796875
5425193,24.96337890625
5443598,26.42822265625
5444751,33.3251953125
5459492,26.85546875
5463049,33.63037109375
5488154,28.1982421875
5500957,29.47998046875
5506570,31.1279296875
5512091,31.92138671875
5514711,32.71484375
5527550,29.35791015625
5536453,30.1513671875
5546019,27.89306640625
5552700,31.31103515625
5553010,28.01513671875
5553124,19.775390625
5553158,19.775390625
5553638,32.1044921875
5554613,30.94482421875
5555104,30.029296875
5556217,27.587890625
5556825,28.9306640625
5557989,25.57373046875
5558309,26.42822265625
5558741,30.70068359375
5559057,32.8369140625
5559371,20.1416015625
5559696,32.1044921875
5560975,28.4423828125
5562095,28.86962890625
5562733,22.27783203125
5563111,28.01513671875
5563540,24.5361328125
5565036,28.4423828125
5566327,26.18408203125
5566747,29.47998046875
5567612,29.23583984375
5584546,28.99169921875
5594008,20.56884765625
5609875,30.029296875
5651136,23.74267578125
5662303,30.76171875
5670400,26.30615234375
5673104,27.89306640625
5677959,19.287109375
5677984,29.72412109375
5678004,30.57861328125
5678034,29.9072265625
5678060,20.20263671875
5678084,23.8037109375
5678122,22.94921875
5682769,31.73828125
5689976,29.35791015625
5719553,29.1748046875
5727160,34.36279296875
5759202,27.64892578125
5759385,29.1748046875
5759669,27.89306640625
5760117,30.70068359375
5760407,25.08544921875
5761941,28.38134765625
5763656,31.494140625
5764373,30.82275390625
5765256,28.86962890625
5765638,29.4189453125
5765961,31.67724609375
5766445,26.55029296875
5766731,28.25927734375
5767227,25.57373046875
5769321,26.79443359375
5779750,30.57861328125
5781200,26.3671875
5787158,28.80859375
5799218,30.45654296875
5805704,32.5927734375
5812348,27.099609375
5815434,27.4658203125
5817550,28.076171875
5823303,27.16064453125
5835458,28.01513671875
5841190,26.3671875
5846039,29.96826171875
5849910,26.18408203125
5855636,27.77099609375
5857024,20.44677734375
5870125,33.447265625
5877881,27.4658203125
5886821,31.43310546875
5910190,26.06201171875
5942038,32.958984375
5958933,26.85546875
5977852,28.9306640625
5981349,29.296875
5987408,27.9541015625
5990359,25.81787109375
5992901,27.4658203125
5994604,34.5458984375
5999801,31.55517578125
6003108,25.93994140625
6010894,28.50341796875
6011653,30.57861328125
6013502,28.86962890625
6018859,26.9775390625
6029828,29.78515625
6030079,34.423828125
6030147,24.10888671875
6030172,27.4658203125
6030222,18.6767578125
6033610,26.0009765625
6036746,26.2451171875
6036929,27.099609375
6046832,32.958984375
6046957,29.9072265625
6047498,22.15576171875
6047681,25.87890625
6048633,26.4892578125
6050103,25.634765625
6051275,30.029296875
6051972,28.99169921875
6052413,25.2685546875
6053474,29.4189453125
6055195,28.01513671875
6056395,28.3203125
6057766,31.31103515625
6058842,25.93994140625
6059497,30.1513671875
6103602,28.50341796875
6122438,31.18896484375
6131757,29.84619140625
6156182,29.84619140625
6192124,35.64453125
6194041,31.494140625
6200930,32.04345703125
6209082,28.6865234375
6209703,27.52685546875
6209863,22.03369140625
6210000,27.83203125
6210131,24.35302734375
6210304,26.123046875
6211497,29.1748046875
6214144,31.3720703125
6215788,26.55029296875
6216638,30.57861328125
6237136,25.69580078125
6243550,26.67236328125
6343923,25.08544921875
6374179,34.72900390625
6382745,27.9541015625
6390404,30.33447265625
6405149,26.2451171875
6412047,29.23583984375
6425029,23.3154296875
6436208,29.4189453125
6438980,28.62548828125
6447908,30.33447265625
6475068,28.62548828125
6479955,27.099609375
6480075,31.92138671875
6480180,25.45166015625
6480825,24.5361328125
6481146,30.76171875
6482075,28.86962890625
6483700,30.45654296875
6486264,29.1748046875
6487284,25.08544921875
6488733,27.03857421875
6489004,31.31103515625
6507010,27.64892578125
6519558,26.91650390625
6537609,29.052734375
6544450,18.85986328125
6556166,26.55029296875
6561434,19.10400390625
6568379,31.25
6573879,18.9208984375
6573911,19.22607421875
6573936,18.73779296875
6573973,17.88330078125
6632805,31.06689453125
6644750,30.33447265625
6659268,30.45654296875
6659947,23.92578125
6660189,24.96337890625
6664221,27.587890625
6667630,32.16552734375
6670873,26.85546875
6676011,28.62548828125
6680881,31.73828125
6683795,30.45654296875
6688660,27.16064453125
6688927,30.82275390625
6688955,17.9443359375
6689055,31.31103515625
6689171,22.94921875
6689530,24.84130859375
6689851,35.2783203125
6691657,28.6865234375
6693799,31.1279296875
6703163,25.57373046875
6710560,28.6865234375
6735425,22.15576171875
6761197,27.099609375
6846863,22.705078125
6872447,30.21240234375
6882416,30.33447265625
6889924,31.005859375
6891925,29.4189453125
6909154,30.1513671875
6950434,29.60205078125
6950532,28.62548828125
6950641,33.02001953125
6950762,24.169921875
6951147,25.57373046875
6951634,31.67724609375
6952115,31.55517578125
6953210,33.447265625
6954501,28.564453125
6955043,30.6396484375
6955654,27.83203125
6956044,25.2685546875
6956367,27.9541015625
6956691,32.71484375
6957105,32.16552734375
6957988,30.45654296875
6958622,30.21240234375
6959193,33.203125
6959502,24.90234375
6959913,24.7802734375
6960274,30.33447265625
6960609,28.99169921875
6964088,29.96826171875
6969182,27.83203125
6977887,28.6865234375
6978532,28.9306640625
6983632,29.96826171875
6986613,27.03857421875
6989098,29.23583984375
6990304,28.3203125
6992692,28.62548828125
6994051,27.16064453125
6998500,31.06689453125
7001673,30.2734375
7008897,32.470703125
7014341,31.67724609375
7020295,21.66748046875
7026024,24.658203125
7028682,28.25927734375
7039921,31.8603515625
7046722,28.74755859375
7054804,24.84130859375
7057804,27.52685546875
7078817,27.83203125
7095623,29.78515625
7124174,30.82275390625
7141509,28.076171875
7151169,28.01513671875
7152839,26.91650390625
7162039,30.70068359375
7165801,29.052734375
7170951,30.029296875
7174162,29.9072265625
7174564,28.3203125
7177092,24.10888671875
7180571,25.2685546875
7192346,18.24951171875
7193702,30.1513671875
7193887,26.7333984375
7193901,18.85986328125
7194051,36.68212890625
7194491,31.31103515625
7194853,18.24951171875
7196357,23.74267578125
7199039,28.50341796875
7199708,29.6630859375
7200340,28.564453125
7200816,30.029296875
7201665,18.98193359375
7201693,18.37158203125
7201735,42.8466796875
7203983,29.1748046875
7216632,30.517578125
7235244,29.35791015625
7247162,25.5126953125
7273863,29.4189453125
7303546,27.03857421875
7333102,26.18408203125
7343696,30.45654296875
7345038,30.09033203125
7358267,29.23583984375
7361302,24.2919921875
7375347,30.517578125
7384045,28.86962890625
7388883,24.84130859375
7391954,28.4423828125
7393587,35.888671875
7393721,28.38134765625
7393857,23.0712890625
7394187,28.01513671875
7395055,28.4423828125
7395523,31.25
7395770,34.11865234375
7396742,30.517578125
7397586,25.81787109375
7398229,29.052734375
7398526,26.611328125
7403418,31.18896484375
7404385,22.0947265625
7425017,34.0576171875
7435924,28.62548828125
7458756,19.287109375
7460921,30.6396484375
7465997,27.77099609375
7487770,21.54541015625
7487805,21.66748046875
7487833,26.123046875
7493174,30.2734375
7522911,30.8837890625
7562908,27.03857421875
7566792,27.099609375
7574574,30.1513671875
7583409,26.85546875
7585197,27.83203125
7588029,26.85546875
7609343,29.96826171875
7610733,30.029296875
7611017,27.64892578125
7612648,31.18896484375
7614062,34.3017578125
7615204,28.3203125
7617263,28.076171875
7619476,31.982421875
7621331,31.6162109375
7621532,27.77099609375
7625994,29.541015625
7626764,26.2451171875
7646859,29.11376953125
7649029,26.42822265625
7649167,30.3955078125
7649311,20.263671875
7649553,26.30615234375
7649716,28.01513671875
7649951,26.4892578125
7650129,32.53173828125
7650414,28.50341796875
7653735,29.296875
7654432,28.13720703125
7654877,27.77099609375
7656076,30.33447265625
7656529,28.564453125
7663880,26.85546875
7668128,18.798828125
7682589,30.82275390625
7697802,18.49365234375
7716727,18.1884765625
7765370,23.98681640625
7766807,26.9775390625
7809179,32.77587890625
7826626,22.76611328125
7830799,25.634765625
7834559,26.55029296875
7846079,28.9306640625
7847587,29.1748046875
7849292,30.45654296875
7849451,32.53173828125
7849963,30.82275390625
7850539,29.78515625
7851707,28.80859375
7853080,27.64892578125
7854373,28.74755859375
7855703,27.40478515625
7858833,29.35791015625
7860082,29.23583984375
7878368,32.16552734375
7894014,24.84130859375
7896198,28.3203125
7899492,28.9306640625
7908843,20.263671875
7908866,23.3154296875
7908892,17.88330078125
7908909,23.25439453125
7908965,18.06640625
7912563,26.85546875
7915134,26.91650390625
7915926,27.16064453125
7919848,26.9775390625
7925370,17.9443359375
7930341,27.77099609375
7937084,27.89306640625
7944582,29.60205078125
7960411,25.5126953125
7973276,18.24951171875
7977638,29.296875
7979540,22.5830078125
7988798,28.80859375
7991820,26.3671875
7994276,32.77587890625
7996763,29.78515625
8013900,28.01513671875
8017774,32.28759765625
8017891,25.20751953125
8018854,29.23583984375
8019055,31.92138671875
8019420,17.76123046875
8019565,26.67236328125
8019939,28.564453125
8020457,33.0810546875
8021130,28.25927734375
8021567,27.099609375
8022005,28.564453125
8022635,31.73828125
8023785,24.47509765625
8024325,29.72412109375
8024635,23.86474609375
8028055,28.9306640625
8035235,29.23583984375
8036120,28.1982421875
8037604,26.7333984375
8055767,32.53173828125
8113889,31.005859375
8167062,29.47998046875
8174990,28.1982421875
8181990,31.67724609375
8184153,32.16552734375
8189976,31.1279296875
8190404,24.84130859375
8190720,25.634765625
8197221,30.6396484375
8198016,30.76171875
8198423,32.470703125
8201827,25.87890625
8204136,26.3671875
8205738,32.28759765625
8206009,26.55029296875
8209140,29.47998046875
8214632,20.20263671875
8219354,30.517578125
8223992,30.21240234375
8232059,29.1748046875
8241288,29.47998046875
8246126,28.50341796875
8253956,25.634765625
8259686,33.0810546875
8261876,27.52685546875
8268053,30.57861328125
8272144,32.65380859375
8273377,26.0009765625
8274117,27.4658203125
8278331,27.77099609375
8281879,31.73828125
8286187,26.4892578125
8292950,25.69580078125
8293060,33.935546875
8293755,30.94482421875
8295041,33.14208984375
8295587,25.2685546875
8296605,32.470703125
8297698,25.146484375
8299093,29.60205078125
8299485,30.6396484375
8300416,30.45654296875
8300965,30.33447265625
8302975,27.64892578125
8303621,29.6630859375
8304000,31.79931640625
8304652,32.04345703125
8305087,27.16064453125
8311876,27.83203125
8325449,32.16552734375
8328559,25.7568359375
8333302,28.80859375
8339851,27.16064453125
8344777,27.77099609375
8359357,28.076171875
8364175,35.15625
8374039,18.24951171875
8378046,23.13232421875
8381267,26.3671875
8387021,26.9775390625
8413371,26.4892578125
8453420,30.029296875
8458975,30.94482421875
8482257,30.76171875
8499663,30.94482421875
8515005,31.67724609375
8533296,30.45654296875
8533462,18.798828125
8533584,26.42822265625
8533709,29.84619140625
8533895,17.88330078125
8534282,19.775390625
8534801,18.00537109375
8534977,30.517578125
8536051,20.08056640625
8537302,26.4892578125
8539552,31.982421875
8541220,22.27783203125
8541693,27.03857421875
8542118,29.6630859375
8543925,31.31103515625
8545866,27.89306640625
8574831,29.72412109375
8576178,25.45166015625
8579785,33.8134765625
8582939,31.79931640625
8599373,18.73779296875
8603696,28.38134765625
8609844,29.96826171875
8618063,30.33447265625
8622751,28.38134765625
8625822,28.86962890625
8627452,28.6865234375
8629752,31.55517578125
8632069,25.634765625
8651348,29.6630859375
8687583,27.4658203125
8690623,27.89306640625
8693654,27.9541015625
8697637,31.3720703125
8704050,27.2216796875
8710679,31.18896484375
8714034,28.74755859375
8731279,30.029296875
8747314,32.04345703125
8751746,30.76171875
8752076,31.79931640625
8757110,32.71484375
8760659,26.0009765625
8761100,29.60205078125
8766236,28.6865234375
8768129,24.84130859375
8778473,28.01513671875
8783564,29.35791015625
8786316,32.65380859375
8786594,26.67236328125
8792651,28.62548828125
8793521,29.4189453125
8797109,31.55517578125
8798667,30.82275390625
8800470,31.982421875
8800958,27.64892578125
8801345,26.123046875
8801662,22.03369140625
8801690,27.77099609375
8801813,26.3671875
8802400,28.9306640625
8802638,35.09521484375
8803109,29.541015625
8803859,19.4091796875
8804579,34.66796875
8806671,26.4892578125
8807724,27.587890625
8810320,19.4091796875
8811265,28.25927734375
8811437,32.5927734375
8815799,19.59228515625
8816318,27.52685546875
8830786,26.18408203125
8832197,28.25927734375
8833727,26.2451171875
8842600,29.9072265625
8845220,27.587890625
8847385,24.35302734375
8851397,30.3955078125
8858382,29.4189453125
8862875,26.91650390625
8864056,26.123046875
8865616,25.45166015625
8867451,26.91650390625
8874441,29.9072265625
8880171,25.93994140625
8889293,26.30615234375
8889709,25.7568359375
8897908,26.2451171875
8935677,29.72412109375
8959390,25.93994140625
8967942,26.91650390625
8971828,29.23583984375
8973126,31.31103515625
8990754,31.18896484375
8991180,22.64404296875
8997000,24.2919921875
8997487,27.77099609375
9005516,27.7099609375
9014642,26.4892578125
9014836,18.98193359375
9014927,26.06201171875
9015026,27.52685546875
9015150,26.79443359375
9015863,31.005859375
9016174,31.982421875
9016660,23.193359375
9017505,33.69140625
9018294,27.83203125
9020525,28.86962890625
9021086,30.57861328125
9025604,27.40478515625
9050251,27.89306640625
9061157,31.1279296875
9080523,29.6630859375
9087871,30.517578125
9139249,30.33447265625
9153654,28.25927734375
9166488,28.74755859375
9194813,29.11376953125
9196162,27.16064453125
9205664,31.67724609375
9244663,29.23583984375
9244781,21.66748046875
9244903,26.0009765625
9245462,28.1982421875
9246353,33.203125
9247439,29.96826171875
9247947,33.26416015625
9248712,27.4658203125
9249514,28.3203125
9249989,29.47998046875
9250853,27.40478515625
9251120,30.8837890625
9254032,28.25927734375
9258616,28.6865234375
9276773,26.123046875
9280719,26.3671875
9283227,31.25
9283843,30.21240234375
9292183,28.1982421875
9293535,30.2734375
9301480,26.42822265625
9313870,25.20751953125
9321732,28.86962890625
9322057,24.10888671875
9324281,18.798828125
9324306,19.47021484375
9324335,17.822265625
9328192,30.029296875
9330548,29.23583984375
9334478,31.494140625
9339700,29.541015625
9340259,29.052734375
9349063,18.798828125
9349089,23.98681640625
9349115,18.61572265625
9349135,18.00537109375
9349158,24.7802734375
9356891,29.296875
9367858,29.60205078125
9371680,17.88330078125
9371709,21.3623046875
9371730,18.61572265625
9371758,18.310546875
9427768,17.88330078125
9440301,27.28271484375
9465265,36.7431640625
9493880,28.50341796875
9497842,24.35302734375
9500505,22.39990234375
9513656,27.52685546875
9522646,32.40966796875
9529074,31.67724609375
9531274,28.25927734375
9537114,25.93994140625
9542286,27.7099609375
9542398,24.4140625
9542524,28.99169921875
9543082,28.38134765625
9543391,34.66796875
9543654,29.84619140625
9544024,28.25927734375
9545196,32.470703125
9545586,31.67724609375
9547545,28.99169921875
9548520,32.53173828125
9548924,30.517578125
9549193,20.01953125
9549432,23.193359375
9550012,29.96826171875
9550276,27.2216796875
9550556,28.4423828125
9553061,25.08544921875
9553556,29.1748046875
9554036,27.40478515625
9554709,30.1513671875
9555260,29.4189453125
9558377,27.83203125
9562401,24.47509765625
9568224,26.79443359375
9575348,24.0478515625
9575608,23.86474609375
9576184,31.79931640625
9584395,27.16064453125
9584882,31.982421875
9598519,27.099609375
9605111,32.16552734375
9608438,26.611328125
9617120,27.83203125
9639148,30.517578125
9645662,24.658203125
9647903,31.73828125
9649371,34.48486328125
9653221,25.93994140625
9657609,29.6630859375
9669387,27.34375
9681468,29.23583984375
9683085,36.865234375
9699315,31.005859375
9700562,34.7900390625
9702722,28.86962890625
9704951,28.1982421875
9721740,33.63037109375
9727003,21.1181640625
9728511,30.3955078125
9740471,30.09033203125
9744330,31.31103515625
9744530,29.6630859375
9744689,25.7568359375
9744800,24.96337890625
9745064,32.470703125
9745260,24.23095703125
9746156,34.11865234375
9746839,27.587890625
9748066,27.64892578125
9748751,27.83203125
9749472,27.64892578125
9751073,29.23583984375
9776668,19.83642578125
9799370,28.25927734375
9805533,29.78515625
9808237,21.8505859375
9837984,27.7099609375
9852703,32.16552734375
9856946,28.6865234375
9902046,31.31103515625
9902168,28.38134765625
9902290,27.28271484375
9902534,28.99169921875
9902689,27.9541015625
9903408,26.30615234375
9903589,25.0244140625
9904052,27.7099609375
9906565,25.93994140625
9907089,24.84130859375
9908671,27.64892578125
9909713,22.8271484375
9923931,25.7568359375
9924852,32.71484375
9929114,29.47998046875
9941581,32.1044921875
9944804,30.21240234375
9966957,28.86962890625
9979670,23.37646484375
9983639,33.14208984375
9988733,28.01513671875
9990045,27.64892578125
9992236,28.99169921875
9995680,28.9306640625
10001002,32.470703125
10021518,27.34375
10026073,30.94482421875
10027252,30.09033203125
10029715,24.23095703125
10046008,28.99169921875
10048827,25.45166015625
10077535,29.35791015625
10082313,27.2216796875
10086708,29.35791015625
10100689,30.33447265625
10128016,33.50830078125
10133443,25.93994140625
10149907,30.57861328125
10160233,26.9775390625
10162176,29.6630859375
10166314,23.193359375
10169258,30.33447265625
10169431,32.3486328125
10169522,31.79931640625
10170105,27.03857421875
10170850,20.81298828125
10170900,27.34375
10171112,32.04345703125
10172188,25.5126953125
10173604,29.6630859375
10175240,26.85546875
10175609,29.84619140625
10176244,30.2734375
10176622,28.50341796875
10179707,28.38134765625
10182065,26.42822265625
10198166,29.47998046875
10222171,31.982421875
10229259,18.12744140625
10237073,27.4658203125
10248565,26.611328125
10265649,31.06689453125
10278991,24.90234375
10309149,26.55029296875
10343848,29.052734375
10344204,27.52685546875
10345811,29.35791015625
10348910,26.9775390625
10356181,26.7333984375
10360838,20.3857421875
10361670,31.31103515625
10362655,30.517578125
10363231,25.634765625
10363738,32.2265625
10364235,28.4423828125
10367316,23.5595703125
10369133,28.25927734375
10370084,27.099609375
10372453,33.447265625
10375109,31.1279296875
10378410,28.62548828125
10380316,29.23583984375
10382085,28.25927734375
10385075,28.25927734375
10390096,28.62548828125
10392454,32.65380859375
10392942,28.4423828125
10395931,26.85546875
10400601,31.982421875
10402527,29.9072265625
10405026,26.67236328125
10407663,27.587890625
10409242,20.5078125
10454777,30.76171875
10455154,35.5224609375
10455281,37.04833984375
10455355,18.9208984375
10458242,27.77099609375
10458986,29.541015625
10459830,27.7099609375
10460425,22.27783203125
10460915,26.42822265625
10461520,28.1982421875
10465003,26.79443359375
10465437,23.62060546875
10466217,28.9306640625
10468958,25.0244140625
10470945,28.13720703125
10475001,18.6767578125
10490180,26.9775390625
10497195,31.43310546875
10524114,29.1748046875
10525745,29.6630859375
10537524,31.3720703125
10552085,33.02001953125
10560229,32.16552734375
10626983,31.73828125
10628182,30.1513671875
10628426,28.564453125
10633924,18.1884765625
10636963,31.1279296875
10638592,26.91650390625
10642439,28.62548828125
10645537,28.6865234375
10649411,30.3955078125
10652725,29.78515625
10655493,22.705078125
10656221,27.9541015625
10661211,35.09521484375
10666646,24.7802734375
10677726,29.23583984375
10678701,29.6630859375
10679001,25.2685546875
10687671,30.82275390625
10705185,29.47998046875
10708255,28.74755859375
10711633,30.33447265625
10717892,31.982421875
10730747,21.42333984375
10757015,28.80859375
10757148,30.029296875
10767554,30.76171875
10776167,23.74267578125
10777815,28.564453125
10778770,28.99169921875
10778936,20.08056640625
10782595,30.09033203125
10785479,25.390625
10786841,28.80859375
10792264,19.4091796875
10794985,30.2734375
10798194,32.1044921875
10800080,29.9072265625
10803857,28.86962890625
10807401,24.84130859375
10814007,23.5595703125
10819399,28.74755859375
10822598,26.30615234375
10822844,29.47998046875
10827686,24.71923828125
10831165,26.55029296875
10836239,27.03857421875
10838381,31.005859375
10841388,28.25927734375
10844629,31.31103515625
10849248,28.62548828125
10852948,30.57861328125
10854199,29.1748046875
10854513,30.57861328125
10855037,27.9541015625
10861338,27.77099609375
10861548,34.0576171875
10861642,20.99609375
10861667,69.7021484375
10861703,72.3876953125
10861728,57.0068359375
10863442,27.34375
10866646,24.4140625
10868279,28.25927734375
10869985,27.40478515625
10879582,30.517578125
10881456,30.2734375
10881783,33.63037109375
10881885,27.16064453125
10882061,19.6533203125
10882550,26.7333984375
10882938,27.099609375
10883503,27.89306640625
10884007,28.01513671875
10885223,25.08544921875
10885676,23.4375
10886776,26.2451171875
10888460,29.72412109375
10888783,31.25
10889189,33.26416015625
10889536,30.2734375
10890130,27.89306640625
10893986,24.47509765625
10895666,27.16064453125
10897170,23.8037109375
10897705,27.52685546875
10898059,24.10888671875
10899369,27.9541015625
10904286,30.21240234375
10911410,27.4658203125
10915756,27.28271484375
10929649,26.9775390625
10931514,27.52685546875
10936684,28.6865234375
10942429,28.9306640625
10948407,28.01513671875
10951359,26.123046875
10957058,27.03857421875
10959005,26.18408203125
10963287,25.81787109375
10967094,26.42822265625
10971645,25.08544921875
10980136,24.5361328125
10985739,26.06201171875
10995270,27.77099609375
11001972,30.21240234375
11003836,28.1982421875
11007156,23.5595703125
11009944,27.7099609375
11012159,19.8974609375
11014652,29.1748046875
11016286,28.99169921875
11018843,31.1279296875
11028447,24.23095703125
11030865,26.4892578125
11032707,26.42822265625
11035862,28.6865234375
11042221,29.4189453125
11045507,29.11376953125
11047099,31.18896484375
11049023,32.1044921875
11050240,27.52685546875
11051813,28.1982421875
11054206,28.6865234375
11055224,28.1982421875
11057909,24.35302734375
11064136,22.03369140625
11068685,27.7099609375
11072628,23.0712890625
11074085,25.81787109375
11074557,27.83203125
11077427,28.1982421875
11079090,31.43310546875
11083350,27.7099609375
11084241,28.99169921875
11088823,26.79443359375
11090596,24.10888671875
11091203,31.005859375
11093512,27.7099609375
11099630,24.84130859375
11099808,32.2265625
11099914,36.62109375
11100057,28.3203125
11101385,26.7333984375
11102220,28.86962890625
11105348,27.83203125
11107257,25.634765625
11108293,27.2216796875
11124211,30.2734375
11133675,28.80859375
11135187,26.42822265625
11141504,24.90234375
11145827,23.62060546875
11175177,28.25927734375
11183740,29.541015625
11190795,28.3203125
11200599,29.1748046875
11286635,25.5126953125
11308148,26.9775390625
11309474,27.4658203125
11325768,25.20751953125
11342094,29.11376953125
11349100,30.45654296875
11351032,29.84619140625
11353386,29.47998046875
11356933,22.27783203125
11358321,29.47998046875
11359480,27.52685546875
11360746,25.57373046875
11365506,29.96826171875
11366172,30.517578125
11366783,26.67236328125
11367202,27.099609375
11370000,32.16552734375
11371047,31.3720703125
11373104,28.50341796875
11373355,26.67236328125
11375409,30.94482421875
11381863,28.6865234375
11384593,29.96826171875
11386415,30.45654296875
11389784,29.1748046875
11391753,23.01025390625
11397019,25.0244140625
11400041,26.30615234375
11402074,25.146484375
11404418,25.2685546875
11407876,29.052734375
11411891,28.25927734375
11420109,30.82275390625
11421720,27.099609375
11424648,29.296875
11425692,29.96826171875
11425871,18.37158203125
11425888,34.0576171875
11426890,27.28271484375
11428564,27.64892578125
11430091,23.98681640625
11430695,27.77099609375
11431977,28.3203125
11432158,28.3203125
11432565,29.1748046875
11433362,29.11376953125
11433774,30.70068359375
11434182,28.74755859375
11434497,30.45654296875
11435002,25.93994140625
11435667,28.86962890625
11436418,28.9306640625
11438597,29.541015625
11440046,28.50341796875
11440915,23.5595703125
11442098,26.06201171875
11448115,25.7568359375
11453047,28.13720703125
11453602,27.52685546875
11455022,26.55029296875
11456970,27.40478515625
11460422,33.5693359375
11463950,31.92138671875
11465747,29.9072265625
11473328,27.52685546875
11476405,26.0009765625
11483898,27.4658203125
11486236,26.30615234375
11497927,26.4892578125
11501381,30.21240234375
11504255,29.541015625
11509958,28.1982421875
11512489,25.634765625
11518074,26.4892578125
11521569,27.2216796875
11525897,28.50341796875
11527513,26.67236328125
11530804,27.77099609375
11535767,27.83203125
11544158,21.6064453125
11555971,30.45654296875
11557412,24.71923828125
11565786,28.74755859375
11577215,31.55517578125
11595191,26.9775390625
11610351,32.470703125
11612728,18.310546875
11618991,32.89794921875
11619111,30.21240234375
11619244,28.86962890625
11619376,23.4375
11619795,19.59228515625
11620725,30.6396484375
11621007,30.94482421875
11621889,32.3486328125
11622503,24.59716796875
11623460,27.7099609375
11626138,21.30126953125
11628537,27.64892578125
11632826,29.47998046875
11643243,29.052734375
11661434,29.47998046875
11701728,28.13720703125
11709336,25.32958984375
11715584,24.7802734375
11720089,25.0244140625
11752010,30.94482421875
11757965,22.94921875
11776889,29.60205078125
11781000,26.9775390625
11808483,29.1748046875
11814775,29.84619140625
11815650,28.62548828125
11817141,28.50341796875
11817245,28.80859375
11817536,31.92138671875
11817956,21.78955078125
11818183,30.57861328125
11818417,27.52685546875
11819817,28.38134765625
11821218,27.83203125
11821861,26.42822265625
11822582,30.1513671875
11823485,27.34375
11824356,28.62548828125
11825227,26.611328125
11825940,26.79443359375
11829174,30.76171875
11842775,32.65380859375
11845755,31.18896484375
11850842,28.9306640625
11862948,26.79443359375
11863667,18.9208984375
11969831,30.2734375
11988223,28.38134765625
