11999000,0
142698,22.27783203125
142801,21.1181640625
142946,17.88330078125
143115,18.49365234375
143424,25.146484375
143598,21.6064453125
143767,20.751953125
144344,18.1884765625
144554,21.05712890625
144936,19.53125
145301,19.287109375
146225,17.578125
293049,18.5546875
293285,22.27783203125
293415,19.1650390625
293854,22.5830078125
294193,21.6064453125
294715,19.10400390625
295278,18.49365234375
295875,19.775390625
296281,18.61572265625
438890,22.27783203125
439132,20.93505859375
440002,18.9208984375
440302,17.4560546875
441127,18.06640625
441692,19.71435546875
609171,23.86474609375
609292,24.169921875
609402,23.681640625
609545,22.4609375
609712,19.287109375
611509,18.12744140625
612263,18.61572265625
612710,20.20263671875
773096,23.62060546875
773219,22.39990234375
773379,24.23095703125
773684,18.98193359375
774096,19.775390625
774528,20.08056640625
774777,18.12744140625
775862,18.6767578125
933015,20.263671875
933121,18.4326171875
933225,22.03369140625
933376,17.822265625
933914,17.88330078125
934116,18.85986328125
934269,18.06640625
934809,20.263671875
935083,19.47021484375
935347,25.2685546875
936232,20.5078125
1097018,21.91162109375
1097121,23.193359375
1097243,21.3623046875
1097375,20.3857421875
1097524,17.88330078125
1097828,22.03369140625
1099043,18.49365234375
1099520,18.4326171875
1099920,21.42333984375
1257211,17.7001953125
1257309,21.1181640625
1257427,18.00537109375
1257554,21.91162109375
1257882,17.7001953125
1258473,19.4091796875
1258797,22.0947265625
1259743,18.61572265625
1260055,24.59716796875
1417126,20.01953125
1417284,24.169921875
1417454,23.0712890625
1417832,20.6298828125
1417983,21.54541015625
1418134,19.8974609375
1418946,19.287109375
1419753,20.93505859375
1613305,20.1416015625
1613422,21.17919921875
1613542,22.3388671875
1614220,24.4140625
1614418,21.42333984375
1614745,18.00537109375
1614937,19.22607421875
1615144,19.71435546875
1615476,18.00537109375
1615702,19.71435546875
1849558,23.37646484375
1849676,19.6533203125
1849781,22.94921875
1849964,18.24951171875
1850581,18.98193359375
1850742,18.37158203125
1850948,19.4091796875
1851292,23.49853515625
1851668,18.9208984375
1852307,19.1650390625
1852665,21.728515625
1853041,20.01953125
2029807,18.1884765625
2029918,20.08056640625
2030024,17.76123046875
2030171,17.9443359375
2031396,19.95849609375
2254776,19.4091796875
2254895,19.47021484375
2254999,17.9443359375
2255667,23.193359375
2255919,17.51708984375
2256682,19.4091796875
2258161,24.0478515625
2444792,21.30126953125
2444892,23.86474609375
2445058,21.30126953125
2445858,18.61572265625
2446105,18.12744140625
2446363,19.775390625
2446612,19.22607421875
2446942,19.53125
2447147,19.34814453125
2447368,23.3154296875
2447847,21.3623046875
2448213,20.6298828125
2623066,21.1181640625
2623172,23.3154296875
2623274,18.98193359375
2623455,19.71435546875
2624419,21.97265625
2624619,18.4326171875
2625383,18.49365234375
2626164,19.47021484375
2626674,23.25439453125
2801360,18.85986328125
2801472,20.93505859375
2801640,22.27783203125
2801886,20.69091796875
2802153,21.728515625
2802315,18.24951171875
2802693,20.01953125
2802905,21.66748046875
2803116,18.24951171875
2804318,19.8974609375
3007189,22.03369140625
3007958,18.98193359375
3008224,22.03369140625
3008400,22.76611328125
3009147,23.86474609375
3009417,19.83642578125
3009819,18.00537109375
3010285,20.751953125
3270391,19.4091796875
3270503,18.310546875
3270604,18.06640625
3270787,18.73779296875
3271080,18.798828125
3271439,18.12744140625
3271781,18.798828125
3271962,20.01953125
3272146,22.27783203125
3272781,19.95849609375
3273406,18.4326171875
3273681,24.23095703125
3473461,20.751953125
3473564,22.15576171875
3473669,25.93994140625
3476461,18.24951171875
3476748,17.63916015625
3686130,17.51708984375
3686228,17.88330078125
3686345,23.13232421875
3686733,23.13232421875
3687069,19.53125
3687187,18.00537109375
3688760,21.97265625
3689160,19.95849609375
3689361,18.310546875
3913178,17.822265625
3913283,24.10888671875
3913832,18.85986328125
3914141,23.92578125
3914757,18.00537109375
3915154,19.775390625
3915459,18.85986328125
4187480,23.74267578125
4187708,19.34814453125
4187844,19.10400390625
4188168,22.88818359375
4188428,22.76611328125
4188669,18.310546875
4189040,19.47021484375
4189338,20.1416015625
4189668,19.34814453125
4190518,20.3857421875
4191095,21.8505859375
4191948,20.8740234375
4330808,21.17919921875
4373584,19.34814453125
4373688,22.64404296875
4373793,20.20263671875
4374128,17.63916015625
4374530,19.287109375
4375654,20.81298828125
4376832,20.08056640625
4609804,23.25439453125
4610405,21.66748046875
4610743,22.4609375
4611138,20.8740234375
4612030,18.06640625
4612325,17.7001953125
4612780,19.04296875
4613183,20.6298828125
4794882,23.62060546875
4795106,17.7001953125
4795859,18.4326171875
4796572,19.287109375
4797149,17.822265625
4797664,17.88330078125
4798201,20.56884765625
4988427,19.4091796875
4988539,19.83642578125
4988648,24.96337890625
4988771,18.12744140625
4988930,18.12744140625
4989184,22.4609375
4989338,19.287109375
4989498,17.822265625
4989895,21.97265625
4990099,19.1650390625
4990320,18.37158203125
4990515,20.08056640625
4990812,21.42333984375
4991076,18.37158203125
4991604,18.798828125
5371526,19.95849609375
5371626,18.12744140625
5371733,21.78955078125
5371887,19.95849609375
5372250,20.263671875
5373839,18.49365234375
5374053,19.53125
5374388,22.39990234375
5374590,18.1884765625
5374854,20.08056640625
5375063,19.71435546875
5553010,18.61572265625
5553120,23.13232421875
5553219,19.47021484375
5553373,19.04296875
5553526,23.01025390625
5553884,17.9443359375
5554035,21.78955078125
5556326,18.310546875
5759295,21.91162109375
5759400,26.30615234375
5759503,21.1181640625
5760338,19.83642578125
5760563,18.98193359375
5761329,23.8037109375
5762841,19.47021484375
5763069,17.578125
5763534,20.32470703125
6046941,20.93505859375
6047028,19.22607421875
6047122,20.32470703125
6047267,18.37158203125
6047512,17.578125
6047675,23.37646484375
6047844,20.69091796875
6048940,18.6767578125
6049461,18.73779296875
6050447,20.56884765625
6209830,22.3388671875
6209933,19.95849609375
6210435,18.6767578125
6212702,18.24951171875
6212974,18.85986328125
6480010,19.10400390625
6480234,19.95849609375
6480893,22.8271484375
6481051,20.263671875
6481676,22.39990234375
6481882,20.99609375
6482067,21.1181640625
6482408,21.1181640625
6482652,19.22607421875
6483974,17.4560546875
6688954,21.42333984375
6689082,21.30126953125
6689195,22.4609375
6689348,17.822265625
6689677,17.63916015625
6689853,18.24951171875
6690039,18.85986328125
6690223,18.6767578125
6691085,18.798828125
6692096,20.01953125
6692869,18.24951171875
6950492,18.37158203125
6950589,18.9208984375
6950825,21.91162109375
6952117,20.93505859375
6952309,20.3857421875
6953445,23.193359375
7193923,22.5830078125
7194027,21.8505859375
7194141,24.0478515625
7194252,21.78955078125
7194525,19.53125
7196811,19.59228515625
7393665,24.2919921875
7393771,22.4609375
7393997,19.1650390625
7394516,20.69091796875
7394884,19.04296875
7395448,20.56884765625
7395859,20.99609375
7396437,19.53125
7396967,21.54541015625
7649216,18.1884765625
7649316,25.57373046875
7649604,21.3623046875
7649867,21.78955078125
7650363,18.73779296875
7651270,22.0947265625
7652499,19.71435546875
7849411,20.81298828125
7849507,20.3857421875
7849609,20.8740234375
7849734,19.4091796875
7850189,18.00537109375
7850439,20.751953125
8017858,19.10400390625
8017966,18.73779296875
8018186,22.52197265625
8018363,17.88330078125
8018660,22.88818359375
8018926,18.5546875
8019562,20.32470703125
8020750,19.71435546875
8021498,19.83642578125
8293069,17.578125
8293175,21.54541015625
8293295,21.3623046875
8293812,22.5830078125
8293974,18.98193359375
8294151,19.53125
8294318,18.37158203125
8294736,18.85986328125
8295511,19.34814453125
8296732,17.9443359375
8533519,20.5078125
8533595,24.169921875
8533740,18.61572265625
8534220,19.1650390625
8534477,18.00537109375
8534999,21.728515625
8535187,18.5546875
8536230,22.39990234375
8536758,17.9443359375
8801903,23.193359375
8802032,19.10400390625
8802204,18.1884765625
8802588,20.01953125
8802919,21.1181640625
8804902,24.169921875
9014839,26.4892578125
9014943,19.287109375
9015039,17.63916015625
9015160,18.5546875
9015902,19.22607421875
9016881,20.8740234375
9018241,21.8505859375
9244696,19.775390625
9244810,25.634765625
9244906,19.8974609375
9245052,18.12744140625
9245431,18.37158203125
9246443,24.0478515625
9246629,18.98193359375
9246834,18.37158203125
9247025,19.6533203125
9247277,19.8974609375
9248434,18.5546875
9542532,17.76123046875
9542644,19.59228515625
9543019,18.73779296875
9543748,18.310546875
9543921,19.6533203125
9544844,20.6298828125
9744531,18.49365234375
9744654,20.69091796875
9747601,19.4091796875
9902184,18.98193359375
9902305,22.39990234375
9902432,19.22607421875
9902925,17.7001953125
9903683,21.78955078125
9904205,21.05712890625
9904532,18.12744140625
9905071,18.73779296875
10169513,26.7333984375
10169940,17.822265625
10170195,18.1884765625
10170412,21.42333984375
10171763,20.01953125
10172382,18.798828125
10455249,18.4326171875
10455357,24.658203125
10455459,17.63916015625
10455825,19.22607421875
10456394,25.2685546875
10457278,17.88330078125
10457695,18.85986328125
10458324,18.6767578125
10881847,21.728515625
10882044,21.6064453125
10882980,17.822265625
10883413,18.73779296875
10883739,19.287109375
10884729,19.34814453125
10885123,21.6064453125
11100529,18.61572265625
11101023,20.99609375
11101626,18.798828125
11102091,19.6533203125
11102379,19.22607421875
11425870,19.34814453125
11425953,23.37646484375
11426061,20.08056640625
11426696,22.4609375
11426850,20.751953125
11427460,20.6298828125
11428069,18.06640625
11619184,21.30126953125
11619286,22.94921875
11619662,17.76123046875
11619885,19.6533203125
11620032,18.06640625
11620207,22.216796875
11620832,19.22607421875
11621209,19.47021484375
11621747,18.4326171875
11622584,19.1650390625
11623039,19.53125
11817181,17.4560546875
11817273,18.1884765625
11817376,19.53125
11817547,21.8505859375
11817729,20.81298828125
11817964,19.10400390625
11819278,21.91162109375
11820454,18.06640625
