11999000,0
74814,17.51708984375
142638,20.6298828125
142658,18.1884765625
142740,18.4326171875
146134,18.12744140625
293097,21.3623046875
294135,18.00537109375
439068,21.91162109375
439755,17.51708984375
440697,22.52197265625
442537,18.73779296875
609152,18.1884765625
611043,18.798828125
774190,18.73779296875
775693,18.4326171875
934099,22.64404296875
1097071,17.7001953125
1097174,17.63916015625
1098585,22.27783203125
1100755,17.88330078125
1256961,17.4560546875
1257084,19.287109375
1257665,17.4560546875
1258739,17.7001953125
1416957,18.4326171875
1613267,19.4091796875
1613343,20.93505859375
1850840,25.69580078125
1851020,18.85986328125
2029803,18.37158203125
2029910,19.83642578125
2032216,17.76123046875
2145592,18.310546875
2254843,19.34814453125
2254905,18.06640625
2256181,17.7001953125
2444524,17.9443359375
2444606,17.76123046875
2444788,19.47021484375
2445266,19.47021484375
2445858,19.22607421875
2446220,20.263671875
2624553,18.37158203125
2801216,24.658203125
2801316,19.34814453125
2803794,20.5078125
3007087,17.7001953125
3007181,17.88330078125
3007917,20.56884765625
3008209,17.51708984375
3270375,17.822265625
3270496,22.216796875
3272184,17.822265625
3473495,17.76123046875
3475282,17.4560546875
3686101,22.64404296875
3686192,18.00537109375
3686443,18.85986328125
3687020,17.7001953125
3690182,17.4560546875
3913157,24.5361328125
3915380,17.51708984375
4041597,18.310546875
4187427,18.85986328125
4187625,18.4326171875
4188696,19.1650390625
4189279,17.822265625
4373664,18.98193359375
4374411,19.287109375
4374677,17.822265625
4377378,18.6767578125
4609788,21.1181640625
4609879,21.78955078125
4610709,17.4560546875
4794846,17.822265625
4795056,17.63916015625
4795297,19.34814453125
4797282,17.9443359375
4989918,17.822265625
5371619,21.3623046875
5371741,18.4326171875
5372436,18.5546875
5552976,17.88330078125
5553013,22.64404296875
5553145,19.287109375
5553766,19.10400390625
5759257,19.47021484375
5759508,17.4560546875
5761285,20.20263671875
5761566,17.7001953125
6047005,23.0712890625
6047046,18.06640625
6048035,18.06640625
6210788,19.04296875
6210997,21.30126953125
6480080,17.4560546875
6689040,18.6767578125
6950438,17.88330078125
6950810,18.4326171875
6951826,18.37158203125
6953169,18.00537109375
7193825,18.6767578125
7194084,19.10400390625
7393536,20.99609375
7395377,19.83642578125
7649191,23.86474609375
7649392,18.1884765625
7849392,18.00537109375
7849538,20.01953125
7851253,18.5546875
8017750,17.9443359375
8017840,21.3623046875
8292928,20.93505859375
8293471,19.34814453125
8294084,18.00537109375
8294689,17.9443359375
8295330,18.00537109375
8296411,17.51708984375
8533657,17.63916015625
8533722,18.73779296875
8536216,18.798828125
8802405,17.4560546875
9244677,17.9443359375
9244747,21.1181640625
9544373,20.44677734375
9545312,17.63916015625
9744538,18.00537109375
9747607,18.37158203125
9845873,20.1416015625
9902354,18.73779296875
9905642,18.4326171875
10169427,18.06640625
10170746,18.310546875
10455060,17.63916015625
10455210,19.04296875
10458300,19.34814453125
10882173,18.12744140625
11100664,17.63916015625
11425821,18.4326171875
11425941,23.5595703125
11426669,17.578125
11619119,17.51708984375
11619442,19.4091796875
11817047,18.06640625
11817117,19.22607421875
11817189,18.9208984375
