11999000,0
143162,16.66259765625
293205,16.7236328125
299082,17.822265625
439117,16.357421875
609319,17.7001953125
933220,16.6015625
934508,16.7236328125
937073,20.56884765625
938506,16.7236328125
1097026,16.357421875
1097100,16.54052734375
1097477,16.90673828125
1416907,16.54052734375
1419496,16.66259765625
1617921,17.76123046875
1849627,17.88330078125
2029955,21.05712890625
2030133,16.29638671875
2031022,17.333984375
2031330,16.54052734375
2254881,21.484375
2255924,16.29638671875
2622985,16.357421875
2623052,18.310546875
2801405,19.04296875
2801777,19.8974609375
3007092,18.73779296875
3272198,16.4794921875
3325346,16.357421875
3473475,17.51708984375
3607445,17.333984375
3686268,20.44677734375
3686783,16.7236328125
3867829,16.4794921875
4187656,20.1416015625
4187744,16.41845703125
4187878,16.66259765625
4189820,17.15087890625
4190543,17.88330078125
4193455,16.41845703125
4373607,17.27294921875
4373838,16.357421875
4374587,17.76123046875
4375301,18.37158203125
4609889,17.27294921875
4609919,20.32470703125
4794988,17.7001953125
4795686,16.66259765625
4989010,17.08984375
5371667,16.29638671875
5372240,16.6015625
5553372,17.39501953125
5759312,16.66259765625
5759408,16.41845703125
5759575,16.6015625
6012452,16.4794921875
6046902,16.90673828125
6047071,16.41845703125
6209806,17.27294921875
6209832,16.4794921875
6209947,19.83642578125
6210035,17.02880859375
6210166,17.4560546875
6212305,16.7236328125
6479980,17.15087890625
6480102,16.90673828125
6528444,16.41845703125
6689059,17.578125
6689352,17.578125
6689912,16.29638671875
6950548,18.49365234375
6955586,16.4794921875
6956086,16.90673828125
7194018,19.22607421875
7194134,19.8974609375
7527353,17.02880859375
7649344,19.4091796875
7849492,18.9208984375
8017950,16.7236328125
8018111,16.54052734375
8018444,16.66259765625
8019837,17.333984375
8293178,19.95849609375
8293270,18.49365234375
8294777,16.357421875
8516204,17.9443359375
8533581,17.27294921875
8533701,17.2119140625
8535702,17.02880859375
8801781,17.39501953125
8803804,16.41845703125
9014913,20.3857421875
9015010,16.54052734375
9015148,18.06640625
9016533,17.02880859375
9244975,22.216796875
9246685,18.9208984375
9542621,17.63916015625
9746702,16.41845703125
9902397,20.08056640625
9902456,17.08984375
9902885,16.54052734375
10455491,16.78466796875
10456253,16.78466796875
10766919,16.7236328125
10885542,16.6015625
10887622,17.2119140625
10888242,16.41845703125
11100111,18.5546875
11102735,17.4560546875
11105471,17.51708984375
11425946,16.54052734375
11576050,17.7001953125
11618889,18.9208984375
11817173,17.333984375
11818980,18.12744140625
