11999000,0
381575,47.66845703125
381720,50.6591796875
381752,65.5517578125
381766,47.54638671875
381780,76.0498046875
381832,54.6875
381895,54.62646484375
381927,62.3779296875
381965,72.509765625
382053,61.46240234375
382069,55.6640625
382099,48.52294921875
382153,50.78125
382206,65.91796875
382226,51.26953125
382262,54.0771484375
382288,52.06298828125
382457,46.56982421875
383441,49.86572265625
384011,47.54638671875
403494,50.048828125
403628,52.79541015625
403651,47.54638671875
403717,48.095703125
403814,48.03466796875
403836,67.5048828125
403887,71.47216796875
403920,53.64990234375
403988,53.955078125
403998,48.52294921875
404016,49.6826171875
404062,65.85693359375
404244,47.607421875
404293,49.86572265625
404318,49.560546875
404584,65.673828125
405262,46.9970703125
405548,48.583984375
406075,46.9970703125
581780,47.79052734375
581794,46.630859375
581822,46.81396484375
581852,58.10546875
581903,101.25732421875
581926,53.5888671875
581964,80.322265625
582019,57.373046875
582035,59.4482421875
582063,51.7578125
582137,52.18505859375
582170,53.955078125
582202,68.54248046875
582245,71.35009765625
582356,51.8798828125
582500,49.13330078125
582656,55.23681640625
583240,47.42431640625
583283,50.048828125
583466,53.8330078125
583938,47.18017578125
584290,50.35400390625
601844,55.72509765625
601975,72.998046875
602011,57.18994140625
602144,48.095703125
602154,47.7294921875
602166,47.54638671875
602199,47.2412109375
602235,79.345703125
602246,57.18994140625
602352,49.25537109375
602366,60.9130859375
602401,53.7109375
602479,73.66943359375
602515,48.88916015625
602749,49.37744140625
604005,49.13330078125
617843,56.21337890625
617869,47.91259765625
617889,62.98828125
617959,55.96923828125
617991,48.88916015625
618069,47.4853515625
618189,51.81884765625
618211,51.57470703125
618253,48.40087890625
618330,55.17578125
618413,48.03466796875
618545,46.5087890625
618610,52.30712890625
618670,61.8896484375
618710,46.630859375
619145,47.54638671875
619330,58.41064453125
619773,57.6171875
619930,49.74365234375
631404,56.396484375
631464,76.0498046875
631549,60.791015625
631565,51.26953125
631631,57.7392578125
631658,58.77685546875
631704,54.26025390625
631743,59.14306640625
631832,61.09619140625
631852,51.81884765625
631896,73.91357421875
632125,48.2177734375
632158,54.931640625
632359,47.05810546875
632472,52.55126953125
632497,56.640625
632592,46.875
632610,52.978515625
633165,52.1240234375
645220,60.72998046875
645314,59.99755859375
645391,49.560546875
645469,47.05810546875
645537,46.56982421875
645582,48.15673828125
645673,48.095703125
645760,50.4150390625
645807,61.82861328125
646046,49.8046875
646086,46.7529296875
646129,55.6640625
646192,47.8515625
646240,47.05810546875
646335,52.734375
646677,62.3779296875
647022,46.9970703125
655949,50.72021484375
656000,51.6357421875
656021,47.54638671875
656148,67.9931640625
656191,52.06298828125
656227,62.19482421875
656299,53.7109375
656405,66.34521484375
656442,67.19970703125
656559,51.33056640625
656687,49.25537109375
656781,49.13330078125
656818,57.7392578125
657088,52.490234375
667628,53.40576171875
667673,47.4853515625
667907,47.42431640625
667931,52.3681640625
668356,47.7294921875
677174,57.67822265625
677316,49.4384765625
677370,51.025390625
677454,49.49951171875
677557,49.6826171875
677584,57.67822265625
677642,59.814453125
677731,48.64501953125
677958,48.52294921875
678089,48.2177734375
678102,47.9736328125
678120,62.1337890625
678130,50.1708984375
686938,46.69189453125
687101,50.6591796875
687140,46.7529296875
687267,54.74853515625
687301,46.81396484375
687372,48.03466796875
687445,54.38232421875
687477,58.837890625
687600,48.88916015625
687743,55.72509765625
687787,49.62158203125
688181,46.69189453125
696552,54.74853515625
696750,50.29296875
697082,58.89892578125
697276,47.91259765625
697327,48.15673828125
697370,52.8564453125
706698,50.78125
706736,48.76708984375
706810,47.05810546875
707126,48.2177734375
707171,53.22265625
707238,47.7294921875
707286,47.30224609375
707631,46.69189453125
717924,52.1240234375
718126,64.88037109375
718155,56.15234375
718520,55.96923828125
718581,49.31640625
727142,51.69677734375
727265,53.22265625
727475,57.373046875
727587,49.37744140625
727720,59.87548828125
736383,46.7529296875
736903,47.54638671875
746298,48.9501953125
746370,54.6875
746484,47.18017578125
746559,49.86572265625
746724,48.828125
746956,47.91259765625
747239,49.37744140625
756408,49.4384765625
756527,51.3916015625
756548,46.7529296875
756716,47.79052734375
756740,49.13330078125
756861,47.91259765625
756907,51.33056640625
757027,58.59375
757048,47.66845703125
757333,54.50439453125
766330,47.4853515625
766375,52.30712890625
766418,49.74365234375
766527,46.5087890625
766812,52.18505859375
766849,46.56982421875
766933,55.48095703125
776964,56.2744140625
777370,50.4150390625
777422,54.19921875
777579,58.41064453125
777722,51.69677734375
787382,52.8564453125
787468,51.57470703125
787582,54.50439453125
788031,49.4384765625
797601,60.9130859375
797741,57.92236328125
797848,49.01123046875
797926,46.93603515625
798061,54.87060546875
799030,48.7060546875
799281,49.74365234375
808927,47.119140625
809037,58.2275390625
809066,57.55615234375
809083,49.13330078125
809135,47.607421875
809170,62.6220703125
809225,46.7529296875
809268,53.03955078125
809410,49.31640625
809518,49.49951171875
819397,51.8798828125
819859,50.6591796875
819891,46.875
819925,78.125
819994,59.4482421875
820062,54.443359375
820192,53.52783203125
820237,64.27001953125
820844,46.93603515625
831563,68.54248046875
831635,47.36328125
831879,54.38232421875
831926,56.396484375
831957,46.7529296875
832093,46.81396484375
832292,53.77197265625
832312,48.33984375
832388,49.01123046875
832448,46.56982421875
832586,49.37744140625
843488,49.01123046875
843558,48.9501953125
843692,51.3916015625
843862,51.8798828125
843934,55.7861328125
844238,53.40576171875
846051,50.29296875
855805,53.5888671875
856035,50.59814453125
856399,47.79052734375
856537,47.05810546875
856629,48.7060546875
869359,48.88916015625
869473,46.81396484375
869522,53.52783203125
869568,54.3212890625
869614,50.048828125
869736,64.39208984375
869748,49.13330078125
869967,47.607421875
869984,49.37744140625
870028,48.095703125
884673,48.88916015625
884734,46.630859375
884845,55.72509765625
885042,58.65478515625
885073,62.744140625
885191,47.2412109375
885388,49.62158203125
885484,52.30712890625
885536,48.52294921875
903833,49.1943359375
904284,50.78125
904335,48.52294921875
904382,47.36328125
904476,55.96923828125
904568,61.4013671875
904612,50.6591796875
904663,49.9267578125
904673,47.4853515625
904730,49.25537109375
904787,75.1953125
904918,60.11962890625
904983,47.79052734375
905179,54.0771484375
905360,54.62646484375
905394,57.80029296875
921168,57.31201171875
921653,46.9970703125
921765,52.18505859375
921818,52.06298828125
922010,49.1943359375
922128,48.52294921875
922323,48.7060546875
1338960,49.1943359375
1339224,58.837890625
1339273,51.94091796875
1339308,56.70166015625
1339404,53.5888671875
1339433,54.01611328125
1339445,53.28369140625
1339530,66.83349609375
1339560,50.048828125
1339647,52.24609375
1339678,47.79052734375
1339714,63.90380859375
1339783,54.3212890625
1339825,50.4150390625
1339971,50.78125
1340027,57.4951171875
1340617,46.7529296875
1341479,49.98779296875
1361632,48.76708984375
1362844,47.36328125
1362865,52.55126953125
1362952,50.6591796875
1363003,48.03466796875
1363136,52.42919921875
1363198,60.302734375
1363229,54.38232421875
1363350,51.08642578125
1363418,52.001953125
1363443,54.13818359375
1363479,76.904296875
1363518,48.095703125
1363586,51.69677734375
1363626,47.36328125
1363669,46.630859375
1363749,47.36328125
1363845,49.49951171875
1363890,50.6591796875
1364541,47.7294921875
1364712,53.22265625
1364740,53.22265625
1489136,58.53271484375
1489221,87.5244140625
1489235,63.1103515625
1489274,57.43408203125
1489304,55.5419921875
1489326,65.61279296875
1489355,49.1943359375
1489382,57.4951171875
1489457,47.2412109375
1489491,52.490234375
1489528,63.17138671875
1489641,54.01611328125
1489653,57.18994140625
1489705,56.82373046875
1489997,49.072265625
1490350,46.81396484375
1490586,48.583984375
1491316,46.69189453125
1491935,48.40087890625
1635887,50.048828125
1636220,50.1708984375
1636274,46.630859375
1636390,47.05810546875
1636428,53.22265625
1636452,77.20947265625
1636503,58.89892578125
1636518,61.21826171875
1636560,61.279296875
1636592,54.443359375
1636607,63.1103515625
1636637,53.1005859375
1636654,59.99755859375
1636698,49.072265625
1636752,47.8515625
1636781,54.8095703125
1636793,51.7578125
1636819,52.06298828125
1636851,62.68310546875
1636926,64.88037109375
1636943,53.40576171875
1637028,57.55615234375
1637045,52.91748046875
1637690,66.34521484375
1637916,49.31640625
1638227,47.66845703125
1638884,47.119140625
1638940,47.91259765625
1657586,48.88916015625
1657717,55.60302734375
1657827,49.98779296875
1657999,65.3076171875
1658079,53.466796875
1658136,50.84228515625
1658237,50.78125
1658265,73.42529296875
1658294,50.72021484375
1658307,50.96435546875
1658446,50.72021484375
1658488,51.6357421875
1658580,52.8564453125
1658791,79.9560546875
1658856,52.001953125
1658902,56.0302734375
1658930,46.5087890625
1659016,48.64501953125
1659406,48.64501953125
1671175,51.45263671875
1824217,53.8330078125
1824584,46.7529296875
1824700,52.79541015625
1824741,53.1005859375
1824753,46.69189453125
1824809,56.82373046875
1824819,73.2421875
1824835,53.64990234375
1824848,51.513671875
1824876,61.46240234375
1824890,55.17578125
1824915,61.82861328125
1825001,63.65966796875
1825025,56.82373046875
1825065,49.31640625
1825107,70.61767578125
1825255,46.56982421875
1825432,61.82861328125
1825963,46.875
1827412,47.2412109375
1841975,48.88916015625
1846300,49.62158203125
1855362,49.560546875
1861238,54.443359375
1939775,52.18505859375
1939811,88.134765625
1939852,55.23681640625
1939870,47.607421875
1939887,89.29443359375
1939953,66.46728515625
1940035,52.67333984375
1940046,47.9736328125
1940083,48.828125
1940100,50.59814453125
1940194,52.91748046875
1940307,46.630859375
1940761,47.36328125
1941655,50.35400390625
1942136,47.36328125
1956252,52.001953125
1960232,48.095703125
1962203,48.33984375
1964753,47.4853515625
1969759,49.25537109375
1977626,47.36328125
2016055,50.47607421875
2018592,53.466796875
2018707,52.24609375
2018740,55.23681640625
2018783,50.048828125
2018842,78.7353515625
2018865,53.89404296875
2018984,50.84228515625
2019016,47.30224609375
2019032,61.767578125
2019059,53.955078125
2019072,54.13818359375
2019123,65.97900390625
2019149,50.4150390625
2019160,48.88916015625
2019205,49.01123046875
2019243,59.4482421875
2019298,54.13818359375
2019333,61.1572265625
2019391,63.65966796875
2019512,49.86572265625
2020240,52.3681640625
2020284,47.36328125
2020646,47.42431640625
2020978,47.607421875
2021011,68.603515625
2036828,52.3681640625
2040784,48.88916015625
2043447,47.36328125
2053226,49.1943359375
2158360,56.21337890625
2161460,51.33056640625
2161860,46.69189453125
2162055,55.72509765625
2162087,52.91748046875
2162107,51.26953125
2162123,58.10546875
2162207,63.3544921875
2162264,54.26025390625
2162281,63.53759765625
2162328,54.5654296875
2162424,53.22265625
2162674,50.96435546875
2162859,52.490234375
2163735,52.1240234375
2164091,63.3544921875
2178074,51.69677734375
2188687,47.91259765625
2191274,49.4384765625
2193499,54.87060546875
2222187,46.7529296875
2224570,47.607421875
2226981,57.43408203125
2227138,59.2041015625
2227245,47.05810546875
2227264,74.27978515625
2227340,56.884765625
2227366,62.19482421875
2227388,75.1953125
2227441,49.49951171875
2227473,46.630859375
2227491,63.29345703125
2227525,57.55615234375
2227558,76.59912109375
2227654,66.162109375
2227696,68.4814453125
2227736,47.66845703125
2227776,51.26953125
2227904,49.62158203125
2227961,49.31640625
2228230,48.15673828125
2228273,52.79541015625
2243785,50.96435546875
2247960,47.4853515625
2255424,46.630859375
2399074,59.326171875
2402916,50.4150390625
2404029,56.15234375
2404047,54.13818359375
2404073,53.955078125
2404100,59.814453125
2404128,55.11474609375
2404162,46.630859375
2404185,72.509765625
2404240,64.453125
2404277,57.0068359375
2404304,52.79541015625
2404368,89.53857421875
2404381,50.23193359375
2404440,74.8291015625
2404469,51.94091796875
2404520,52.001953125
2404870,47.119140625
2404966,47.2412109375
2405488,54.5654296875
2405644,59.814453125
2418760,51.45263671875
2419705,48.52294921875
2421689,47.7294921875
2421813,64.39208984375
2421830,46.93603515625
2421874,51.81884765625
2421922,73.54736328125
2422002,48.2177734375
2422047,52.3681640625
2422090,54.01611328125
2422131,47.2412109375
2422195,61.95068359375
2422239,61.8896484375
2422301,69.82421875
2422399,46.93603515625
2422412,56.640625
2422528,51.8798828125
2422595,48.095703125
2422624,52.8564453125
2422667,46.93603515625
2422916,48.828125
2422987,55.419921875
2451854,47.8515625
2455034,56.09130859375
2464321,51.08642578125
2470569,46.56982421875
2503740,50.9033203125
2504102,49.1943359375
2504492,58.16650390625
2504969,48.33984375
2505082,48.40087890625
2505115,56.7626953125
2505150,54.26025390625
2505179,50.9033203125
2505207,56.33544921875
2505217,54.8095703125
2505247,56.2744140625
2505274,50.048828125
2505333,74.8291015625
2505353,67.07763671875
2505376,68.359375
2505416,57.12890625
2505508,55.23681640625
2505526,47.05810546875
2505549,53.5888671875
2505561,46.5087890625
2505640,58.10546875
2505752,48.40087890625
2514936,47.54638671875
2521617,47.30224609375
2528245,47.79052734375
2563833,47.9736328125
2565572,47.30224609375
2567838,50.72021484375
2568400,54.62646484375
2568509,50.10986328125
2568539,51.8798828125
2568563,48.52294921875
2568584,50.537109375
2568607,59.50927734375
2568642,51.45263671875
2568693,51.3916015625
2568727,53.52783203125
2568767,52.30712890625
2568801,66.34521484375
2568814,46.56982421875
2568856,78.9794921875
2568927,51.94091796875
2568954,59.14306640625
2568990,47.18017578125
2569029,51.81884765625
2569057,52.06298828125
2569103,52.06298828125
2569174,46.81396484375
2569373,49.86572265625
2588806,48.33984375
2606899,51.20849609375
2636983,48.583984375
2637124,47.18017578125
2637954,64.5751953125
2639447,50.84228515625
2639559,53.40576171875
2639601,63.90380859375
2639626,49.98779296875
2639667,47.91259765625
2639693,57.861328125
2639712,55.35888671875
2639768,50.59814453125
2639793,71.22802734375
2639828,46.7529296875
2639882,46.56982421875
2639931,47.66845703125
2639950,51.3916015625
2640060,46.69189453125
2640153,49.74365234375
2641455,50.78125
2659987,48.64501953125
2661437,49.49951171875
2662066,48.40087890625
2662081,53.03955078125
2662106,62.07275390625
2662159,49.560546875
2662239,49.072265625
2662259,54.6875
2662378,50.35400390625
2662461,59.4482421875
2662551,56.70166015625
2662581,54.01611328125
2662649,59.9365234375
2662694,53.89404296875
2662754,47.8515625
2662802,51.81884765625
2662974,58.2275390625
2663151,47.18017578125
2663273,47.54638671875
2663927,49.62158203125
2677966,49.9267578125
2678129,48.095703125
2678294,49.6826171875
2678419,47.4853515625
2678442,50.29296875
2678482,54.6875
2678519,60.4248046875
2678561,51.025390625
2678583,46.93603515625
2678696,54.931640625
2678725,52.06298828125
2678745,57.4951171875
2678909,47.607421875
2678941,48.828125
2679095,52.06298828125
2679118,51.7578125
2679862,46.56982421875
2693719,55.419921875
2693768,78.43017578125
2693889,48.2177734375
2693913,48.583984375
2694033,52.490234375
2694068,50.048828125
2694258,47.18017578125
2694318,50.78125
2694363,54.5654296875
2694382,53.466796875
2706715,49.98779296875
2706725,47.18017578125
2706765,66.7724609375
2706821,49.37744140625
2707036,47.7294921875
2707119,55.0537109375
2707174,46.9970703125
2707425,64.5751953125
2707464,50.1708984375
2707721,52.6123046875
2718808,52.24609375
2718909,66.22314453125
2718931,48.15673828125
2718973,48.15673828125
2719122,49.74365234375
2719162,46.630859375
2719273,49.74365234375
2719315,59.326171875
2719351,57.861328125
2719425,61.09619140625
2719451,58.9599609375
2719579,62.43896484375
2719616,47.05810546875
2719737,62.68310546875
2730446,46.56982421875
2730467,58.59375
2730546,51.513671875
2730581,64.3310546875
2730608,47.91259765625
2730776,62.07275390625
2730799,46.5087890625
2730948,48.40087890625
2731078,48.828125
2731243,48.9501953125
2731273,48.9501953125
2731550,48.76708984375
2731655,50.048828125
2741744,55.48095703125
2741851,62.19482421875
2741915,49.49951171875
2741994,68.42041015625
2742267,51.8798828125
2742291,54.3212890625
2742348,49.9267578125
2742366,48.15673828125
2752029,52.24609375
2752364,47.4853515625
2752512,51.08642578125
2752610,49.37744140625
2752858,50.1708984375
2753148,52.490234375
2760987,48.88916015625
2761095,50.29296875
2761107,47.9736328125
2761212,47.7294921875
2761231,55.5419921875
2769789,46.93603515625
2770008,46.81396484375
2770107,59.814453125
2770250,49.6826171875
2770366,48.583984375
2770433,50.47607421875
2770583,49.98779296875
2770681,49.86572265625
2778853,49.62158203125
2779354,48.03466796875
2779400,47.36328125
2779663,49.98779296875
2779692,53.8330078125
2779893,46.630859375
2780248,51.1474609375
2789134,47.18017578125
2789190,50.29296875
2789329,54.74853515625
2789448,46.875
2789583,56.94580078125
2789623,48.64501953125
2789662,47.05810546875
2789747,62.255859375
2789783,48.88916015625
2798190,76.171875
2798605,46.81396484375
2807004,46.9970703125
2807187,75.74462890625
2807254,47.66845703125
2807815,49.6826171875
2808318,46.630859375
2815964,49.6826171875
2816578,59.6923828125
2816819,46.81396484375
2816848,50.23193359375
2816875,47.79052734375
2816971,51.94091796875
2817181,50.78125
2817443,49.62158203125
2827145,47.05810546875
2827231,61.03515625
2827339,54.3212890625
2827775,54.443359375
2837434,62.01171875
2837491,53.28369140625
2837617,47.4853515625
2837717,46.630859375
2838110,50.72021484375
2847860,46.93603515625
2848088,50.35400390625
2848134,48.2177734375
2848268,56.94580078125
2848353,48.9501953125
2848451,47.8515625
2859099,47.30224609375
2859175,54.0771484375
2859188,68.66455078125
2859336,53.1005859375
2870121,52.734375
2870217,49.74365234375
2870347,52.734375
2870466,49.49951171875
2870873,54.3212890625
2880743,48.583984375
2880944,49.560546875
2881048,53.40576171875
2881260,48.7060546875
2881379,56.2744140625
2881437,49.74365234375
2881708,48.9501953125
2881872,48.64501953125
2892099,49.1943359375
2892178,49.31640625
2892265,51.33056640625
2892597,47.607421875
2892773,54.50439453125
2892877,55.419921875
2892995,48.583984375
2903859,54.01611328125
2904315,53.1005859375
2904480,54.62646484375
2904540,54.931640625
2904646,47.05810546875
2904683,46.875
2904762,49.072265625
2905063,50.537109375
2905133,56.884765625
2916999,52.42919921875
2917076,59.326171875
2917132,46.69189453125
2917414,50.537109375
2917802,47.30224609375
2917838,46.875
2936325,57.4951171875
2936369,50.4150390625
2936453,51.20849609375
2936487,53.955078125
2936642,46.9970703125
2936697,49.49951171875
2936767,48.2177734375
2936803,48.7060546875
2936826,51.20849609375
2936944,52.3681640625
2956214,48.76708984375
2956366,67.44384765625
2956387,52.001953125
2956498,59.6923828125
2956510,71.47216796875
2956609,50.6591796875
2956639,51.69677734375
2956717,47.36328125
2956824,46.875
2957001,53.77197265625
2957182,47.4853515625
2957360,46.5087890625
2957477,53.5888671875
3401025,48.52294921875
3401150,46.875
3401206,50.72021484375
3401219,73.79150390625
3401255,47.66845703125
3401320,47.607421875
3401343,55.23681640625
3401358,46.875
3401370,53.466796875
3401395,65.7958984375
3401439,64.0869140625
3401467,52.91748046875
3401483,49.9267578125
3401580,58.349609375
3401620,46.7529296875
3401657,47.66845703125
3401695,48.583984375
3401799,53.3447265625
3401847,53.28369140625
3401904,49.01123046875
3403206,50.9033203125
3492969,51.513671875
3494226,47.7294921875
3494246,53.16162109375
3494282,62.744140625
3494351,47.30224609375
3494368,47.4853515625
3494452,50.23193359375
3494479,48.9501953125
3494506,71.71630859375
3494556,57.80029296875
3494594,56.33544921875
3494615,57.18994140625
3494656,57.18994140625
3494681,51.8798828125
3494754,48.52294921875
3494793,59.814453125
3494864,49.86572265625
3494901,52.91748046875
3494991,56.640625
3495873,51.94091796875
3496299,48.9501953125
3496614,57.31201171875
3600161,52.55126953125
3600228,49.37744140625
3600238,60.36376953125
3600274,73.18115234375
3600287,53.77197265625
3600311,47.54638671875
3600357,46.630859375
3600374,51.20849609375
3600402,63.1103515625
3600432,65.12451171875
3600458,64.27001953125
3600491,51.1474609375
3600547,49.560546875
3600564,51.513671875
3600586,62.3779296875
3600629,47.79052734375
3600655,52.24609375
3600716,47.79052734375
3600736,49.31640625
3600764,55.35888671875
3601277,51.20849609375
3601414,55.48095703125
3602144,53.5888671875
3602454,50.78125
3620124,53.7109375
3630592,47.9736328125
3630660,68.4814453125
3630718,46.7529296875
3630756,50.29296875
3630784,47.79052734375
3630869,82.21435546875
3630995,53.22265625
3631022,62.6220703125
3631043,66.162109375
3631078,47.8515625
3631115,51.6357421875
3631128,76.171875
3631210,47.30224609375
3631262,52.06298828125
3631290,55.0537109375
3631321,51.20849609375
3631370,48.4619140625
3631380,63.5986328125
3631497,50.59814453125
3631619,49.6826171875
3631694,50.35400390625
3631786,47.18017578125
3631910,46.630859375
3632039,51.26953125
3632107,48.76708984375
3632358,50.29296875
3770970,47.66845703125
3772907,47.05810546875
3773009,57.0068359375
3773051,48.15673828125
3773079,63.78173828125
3773111,83.67919921875
3773139,46.875
3773203,49.31640625
3773233,68.78662109375
3773253,46.5087890625
3773313,65.36865234375
3773436,48.40087890625
3773459,46.630859375
3773855,50.1708984375
3774069,58.65478515625
3774184,52.001953125
3774900,51.3916015625
3776124,48.4619140625
3793622,64.63623046875
3799465,46.7529296875
3801914,54.5654296875
3894569,52.30712890625
3894618,48.40087890625
3894649,47.30224609375
3894688,51.33056640625
3894716,50.23193359375
3894726,67.138671875
3894743,67.56591796875
3894794,72.75390625
3894848,73.30322265625
3894868,46.875
3894968,55.35888671875
3894983,55.35888671875
3895031,65.4296875
3895044,49.4384765625
3895074,46.69189453125
3895111,46.875
3895245,49.9267578125
3895302,47.8515625
3895352,52.55126953125
3896570,51.45263671875
3911397,49.072265625
3918515,64.51416015625
3919036,52.001953125
3919754,65.49072265625
3919819,54.5654296875
3919834,50.29296875
3919869,51.45263671875
3919973,48.4619140625
3920003,58.28857421875
3920034,59.87548828125
3920150,47.18017578125
3920171,50.4150390625
3920191,57.9833984375
3920295,51.26953125
3920326,48.828125
3920370,53.64990234375
3920409,66.7724609375
3920512,49.4384765625
3920699,52.42919921875
3920815,47.607421875
3920846,47.54638671875
3921016,52.42919921875
3921333,50.23193359375
3921776,50.72021484375
3922385,47.4853515625
3951356,54.01611328125
4037533,64.63623046875
4039126,60.6689453125
4057489,57.2509765625
4058436,52.30712890625
4058985,49.74365234375
4059035,52.001953125
4059067,65.673828125
4059098,64.27001953125
4059149,61.6455078125
4059174,48.27880859375
4059185,80.4443359375
4059208,88.07373046875
4059274,68.2373046875
4059368,51.7578125
4059416,57.861328125
4059485,54.74853515625
4059521,54.443359375
4059551,51.20849609375
4060040,50.59814453125
4060714,49.6826171875
4075990,48.15673828125
4077076,47.4853515625
4080126,51.08642578125
4082203,49.62158203125
4086153,50.35400390625
4094234,47.7294921875
4097930,48.27880859375
4162700,67.0166015625
4165051,48.095703125
4165152,48.9501953125
4165222,52.06298828125
4165318,49.13330078125
4165351,59.08203125
4165380,73.2421875
4165392,52.490234375
4165451,47.54638671875
4165488,48.88916015625
4165501,47.8515625
4165523,48.27880859375
4165581,56.396484375
4165602,47.7294921875
4165618,55.84716796875
4165658,78.43017578125
4165752,49.01123046875
4165815,61.21826171875
4165909,48.76708984375
4165949,47.18017578125
4166298,52.55126953125
4166332,47.66845703125
4166466,46.93603515625
4166828,46.875
4167558,54.19921875
4186570,54.8095703125
4187869,46.9970703125
4187931,60.4248046875
4187946,77.57568359375
4187962,55.11474609375
4188001,65.61279296875
4188018,50.537109375
4188069,48.27880859375
4188125,50.35400390625
4188325,59.99755859375
4188413,53.8330078125
4188507,49.072265625
4188602,46.9970703125
4188626,49.49951171875
4188833,46.5087890625
4210501,47.91259765625
4221081,50.4150390625
4221185,51.26953125
4221201,52.42919921875
4221256,49.1943359375
4221269,69.091796875
4221306,58.59375
4221318,52.3681640625
4221524,55.11474609375
4221593,63.232421875
4221717,58.53271484375
4221765,49.6826171875
4221952,48.095703125
4222073,53.466796875
4222246,67.87109375
4222667,52.67333984375
4223098,54.87060546875
4257166,47.91259765625
4257483,49.74365234375
4257511,47.18017578125
4257600,46.630859375
4257612,51.94091796875
4257691,52.18505859375
4257719,56.45751953125
4257734,47.36328125
4257794,47.30224609375
4257894,48.2177734375
4257961,47.8515625
4258019,62.01171875
4258103,48.33984375
4258273,46.56982421875
4258307,48.828125
4258521,46.5087890625
4258891,47.79052734375
4259423,48.095703125
4277789,47.79052734375
4288412,48.9501953125
4288588,48.27880859375
4288601,102.294921875
4288666,54.38232421875
4288691,47.36328125
4288749,51.33056640625
4288760,56.15234375
4288807,61.279296875
4288829,47.36328125
4288864,51.6357421875
4288962,50.9033203125
4289062,48.40087890625
4290464,48.88916015625
4304600,47.2412109375
4304670,52.42919921875
4304718,48.03466796875
4304742,50.84228515625
4304782,49.13330078125
4304800,55.35888671875
4304823,48.2177734375
4304899,48.15673828125
4304942,48.03466796875
4304976,47.30224609375
4305048,50.29296875
4305166,57.18994140625
4305218,53.28369140625
4305311,48.583984375
4305522,50.4150390625
4307018,47.9736328125
4318622,53.3447265625
4318713,76.96533203125
4318747,75.01220703125
4318797,69.51904296875
4318830,49.6826171875
4318871,52.30712890625
4318904,55.84716796875
4318983,50.1708984375
4319195,49.25537109375
4319267,48.2177734375
4319813,49.98779296875
4332326,56.884765625
4332358,50.29296875
4332379,48.4619140625
4332458,58.4716796875
4332484,49.98779296875
4332540,55.17578125
4332585,52.8564453125
4332686,49.25537109375
4332723,57.31201171875
4332805,47.79052734375
4333032,49.98779296875
4333083,46.93603515625
4343186,47.4853515625
4343359,56.33544921875
4343389,58.59375
4343423,50.048828125
4343823,58.04443359375
4344013,49.072265625
4355112,56.7626953125
4355173,48.27880859375
4355242,85.26611328125
4355281,59.26513671875
4355607,53.16162109375
4355746,47.2412109375
4355815,52.24609375
4356029,59.2041015625
4365827,49.072265625
4365969,55.5419921875
4366066,64.27001953125
4366326,47.7294921875
4376421,80.50537109375
4376465,72.6318359375
4376596,49.01123046875
4376714,50.84228515625
4376776,51.33056640625
4376808,50.29296875
4376873,48.095703125
4386862,61.09619140625
4387043,54.443359375
4387075,54.50439453125
4387106,52.001953125
4387159,47.4853515625
4387366,57.0068359375
4387449,56.70166015625
4396763,65.97900390625
4396784,47.05810546875
4396825,47.607421875
4396881,50.23193359375
4397105,47.18017578125
4397199,49.4384765625
4397227,51.20849609375
4397350,53.3447265625
4397361,47.54638671875
4397686,46.630859375
4406383,50.6591796875
4406573,49.072265625
4406608,54.19921875
4406727,49.1943359375
4406843,52.91748046875
4406987,48.095703125
4416347,50.23193359375
4416427,54.99267578125
4416477,50.96435546875
4416565,52.3681640625
4425923,48.095703125
4425968,52.001953125
4426108,49.86572265625
4426173,48.2177734375
4426241,46.81396484375
4426330,60.302734375
4426609,47.607421875
4426790,47.9736328125
4436550,56.884765625
4445362,47.66845703125
4445505,47.30224609375
4445604,52.978515625
4445755,47.4853515625
4445771,60.72998046875
4445829,54.01611328125
4446014,46.69189453125
4446094,53.89404296875
4446277,50.9033203125
4456225,51.6357421875
4456260,48.7060546875
4456386,59.38720703125
4456456,56.21337890625
4456467,55.72509765625
4456496,51.7578125
4456558,50.6591796875
4456588,49.4384765625
4456712,48.33984375
4456967,52.18505859375
4468498,59.6923828125
4468508,60.11962890625
4469330,52.1240234375
4469896,47.4853515625
4478728,50.048828125
4479354,58.10546875
4479437,54.19921875
4479553,47.8515625
4479585,50.9033203125
4479612,46.56982421875
4479679,52.67333984375
4480185,50.96435546875
4481133,46.81396484375
4491708,48.095703125
4491869,51.69677734375
4491963,48.9501953125
4491994,48.9501953125
4492058,55.17578125
4492156,52.3681640625
4492259,50.4150390625
4492640,50.1708984375
4492941,53.64990234375
4506019,49.560546875
4506110,54.6875
4506162,55.6640625
4506266,53.28369140625
4506393,47.8515625
4506519,51.513671875
4506586,48.33984375
4506744,51.94091796875
4507481,47.8515625
4520790,54.99267578125
4521058,50.29296875
4521241,51.025390625
4521360,55.11474609375
4521421,58.41064453125
4521513,46.81396484375
4521640,48.7060546875
4543568,50.84228515625
4543641,54.26025390625
4543664,52.6123046875
4543685,46.630859375
4543746,80.38330078125
4543789,73.05908203125
4543819,48.64501953125
4543879,51.513671875
4543970,53.3447265625
4543998,54.50439453125
4544021,46.630859375
4544054,47.4853515625
4544140,46.9970703125
4544215,50.78125
4544360,47.119140625
4544533,46.630859375
5004525,49.072265625
5004686,67.138671875
5004723,55.48095703125
5004767,53.22265625
5004782,48.03466796875
5004810,53.89404296875
5004851,49.31640625
5004896,81.11572265625
5004943,64.02587890625
5004964,55.84716796875
5005059,49.072265625
5005091,55.908203125
5005106,52.001953125
5005155,48.4619140625
5005337,48.52294921875
5005443,51.6357421875
5006811,47.91259765625
5007185,51.94091796875
5042210,53.52783203125
5043616,49.74365234375
5067790,58.837890625
5067857,48.9501953125
5072533,68.17626953125
5072563,57.31201171875
5072607,56.5185546875
5072644,53.955078125
5072673,58.349609375
5072719,51.8798828125
5072772,54.87060546875
5072783,49.86572265625
5072830,76.84326171875
5072843,48.40087890625
5072920,53.22265625
5072932,47.9736328125
5073022,57.4951171875
5073101,54.8095703125
5073172,61.46240234375
5073192,46.9970703125
5073221,50.10986328125
5073462,50.47607421875
5100229,52.24609375
5107651,57.6171875
5108323,48.76708984375
5109755,48.27880859375
5110192,49.98779296875
5110219,49.62158203125
5110285,49.62158203125
5110320,53.955078125
5110387,59.50927734375
5110409,46.875
5110431,65.12451171875
5110521,48.03466796875
5110537,47.30224609375
5110571,64.02587890625
5110638,61.46240234375
5110678,56.5185546875
5110732,46.9970703125
5110769,47.36328125
5110789,54.0771484375
5110843,47.7294921875
5110939,65.3076171875
5110960,58.7158203125
5111213,53.40576171875
5111253,53.16162109375
5111447,51.69677734375
5111537,49.13330078125
5111869,48.52294921875
5130426,47.42431640625
5136036,47.18017578125
5138010,51.1474609375
5141115,54.931640625
5141265,51.33056640625
5141295,66.58935546875
5141392,51.94091796875
5141403,47.18017578125
5141446,51.81884765625
5141508,67.93212890625
5141546,48.03466796875
5141595,56.09130859375
5141623,53.03955078125
5141647,58.28857421875
5141715,57.06787109375
5141738,47.91259765625
5141813,68.2373046875
5141916,48.64501953125
5141966,51.69677734375
5141996,49.13330078125
5142044,49.74365234375
5142130,51.6357421875
5142482,47.7294921875
5142546,51.94091796875
5143208,57.31201171875
5157454,49.25537109375
5173142,52.734375
5179034,56.396484375
5184327,54.62646484375
5189513,62.255859375
5189551,46.9970703125
5189561,55.419921875
5189603,70.80078125
5189688,48.4619140625
5189701,62.68310546875
5189796,49.8046875
5189820,58.77685546875
5189865,69.9462890625
5189900,52.18505859375
5189933,47.18017578125
5189965,50.29296875
5189992,52.30712890625
5190034,62.5
5190165,48.40087890625
5190236,49.9267578125
5190347,47.119140625
5219170,47.66845703125
5225531,48.828125
5225767,48.33984375
5227101,47.2412109375
5227793,46.630859375
5228323,46.69189453125
5228363,48.64501953125
5228433,47.42431640625
5228446,65.49072265625
5228485,46.5087890625
5228499,50.35400390625
5228519,51.33056640625
5228578,48.4619140625
5228605,50.6591796875
5228653,59.63134765625
5228678,55.35888671875
5228738,48.4619140625
5228757,51.08642578125
5228806,51.025390625
5229030,46.9970703125
5229993,50.537109375
5230349,50.35400390625
5230504,50.23193359375
5242862,46.81396484375
5252590,57.9833984375
5252853,52.30712890625
5253003,57.12890625
5253066,52.91748046875
5253191,47.05810546875
5253439,48.03466796875
5253665,49.74365234375
5254023,47.7294921875
5254493,49.98779296875
5274102,52.06298828125
5274182,56.82373046875
5274261,52.24609375
5274473,47.66845703125
5274550,57.6171875
5274848,52.978515625
5275250,56.5185546875
5293964,48.2177734375
5294089,54.74853515625
5294182,49.86572265625
5294337,49.072265625
5294424,48.52294921875
5294489,58.349609375
5294578,46.69189453125
5294596,59.50927734375
5294628,65.185546875
5294812,47.79052734375
5294964,55.35888671875
5311994,52.18505859375
5312157,51.7578125
5312221,47.30224609375
5312284,55.5419921875
5312309,48.15673828125
5312524,70.37353515625
5312571,48.33984375
5312884,51.26953125
5328796,49.1943359375
5328987,54.443359375
5329024,56.09130859375
5329100,63.8427734375
5329252,50.35400390625
5329325,55.23681640625
5329357,49.49951171875
5329625,53.7109375
5329848,46.69189453125
5329873,48.40087890625
5329994,50.10986328125
5330038,47.42431640625
5330078,48.03466796875
5344077,46.56982421875
5344340,51.69677734375
5344425,51.6357421875
5344512,52.6123046875
5344684,48.583984375
5344887,57.12890625
5345237,51.6357421875
5356076,55.5419921875
5356183,56.640625
5356258,48.828125
5356361,50.6591796875
5356480,60.72998046875
5356533,48.4619140625
5367869,46.630859375
5368316,51.025390625
5368459,46.630859375
5368641,52.06298828125
5368975,50.048828125
5378140,50.9033203125
5378335,57.80029296875
5378480,46.93603515625
5378808,48.828125
5388237,48.03466796875
5388275,54.74853515625
5388698,47.54638671875
5388993,52.8564453125
5398647,59.6923828125
5398712,51.7578125
5398914,53.77197265625
5399125,47.8515625
5399136,50.78125
5399287,46.69189453125
5399707,47.36328125
5407895,46.56982421875
5408007,51.45263671875
5408055,48.88916015625
5408605,47.7294921875
5408884,58.28857421875
5417193,47.05810546875
5417430,48.4619140625
5417457,49.98779296875
5417516,47.30224609375
5417674,46.69189453125
5417986,50.96435546875
5426968,59.5703125
5427015,50.4150390625
5427173,46.69189453125
5427527,47.607421875
5437064,48.52294921875
5447124,46.875
5447152,52.8564453125
5447218,48.828125
5447772,46.56982421875
5457590,61.4013671875
5457665,51.513671875
5457721,57.80029296875
5457788,51.513671875
5457933,60.48583984375
5458054,50.1708984375
5467861,47.36328125
5468098,52.91748046875
5468470,46.56982421875
5468644,49.13330078125
5476402,46.9970703125
5477180,56.70166015625
5477441,47.7294921875
5477948,48.64501953125
5487827,49.62158203125
5488133,55.6640625
5488308,47.4853515625
5488562,49.13330078125
5488778,51.513671875
5500164,51.81884765625
5500241,62.92724609375
5500325,51.3916015625
5512020,53.8330078125
5512195,48.2177734375
5512240,51.26953125
5512498,50.537109375
5513285,46.69189453125
5523265,47.18017578125
5523674,48.40087890625
5523948,51.69677734375
5535419,47.79052734375
5535608,55.6640625
5535767,48.828125
5536004,56.2744140625
5536014,47.607421875
5536101,47.91259765625
5536236,49.37744140625
5547107,46.7529296875
5547213,54.26025390625
5547561,53.3447265625
5563473,55.2978515625
5563536,59.50927734375
5563589,59.02099609375
5563682,51.26953125
5563911,65.7958984375
5564137,49.13330078125
5564149,55.6640625
5564301,57.31201171875
5958908,47.18017578125
5959265,49.25537109375
5959350,47.36328125
5959423,46.69189453125
5959437,53.466796875
5959469,53.64990234375
5959524,48.88916015625
5959580,57.43408203125
5959610,51.45263671875
5959643,47.2412109375
5961069,50.048828125
5961322,52.6123046875
6125039,46.875
6125287,49.25537109375
6125347,47.7294921875
6125398,47.54638671875
6125413,50.1708984375
6125450,49.37744140625
6125489,49.6826171875
6125520,47.7294921875
6125593,69.580078125
6125628,48.15673828125
6125666,53.466796875
6125718,57.2509765625
6125760,68.7255859375
6125799,56.33544921875
6125851,56.70166015625
6126109,48.88916015625
6126150,48.52294921875
6126336,49.8046875
6126360,54.443359375
6127408,47.79052734375
6127876,48.88916015625
6193116,48.76708984375
6193139,55.6640625
6193241,47.2412109375
6193252,86.3037109375
6193313,48.828125
6193331,49.74365234375
6193361,65.36865234375
6193459,47.36328125
6193527,59.9365234375
6193684,71.96044921875
6193818,47.2412109375
6193848,65.97900390625
6194040,53.3447265625
6194115,52.42919921875
6194255,55.2978515625
6194336,50.78125
6194676,60.24169921875
6289462,48.4619140625
6289802,65.7958984375
6289877,70.73974609375
6289895,46.81396484375
6289913,56.33544921875
6289947,48.9501953125
6289980,54.50439453125
6289994,63.53759765625
6290101,50.78125
6290181,47.05810546875
6290230,46.7529296875
6290244,71.10595703125
6290298,48.2177734375
6290369,62.1337890625
6290533,53.8330078125
6290770,48.583984375
6290912,60.11962890625
6291641,47.2412109375
6292077,57.2509765625
6317807,47.54638671875
6317968,50.96435546875
6318040,47.54638671875
6318069,48.828125
6318090,49.4384765625
6318113,49.1943359375
6318175,47.91259765625
6318207,51.26953125
6318240,61.8896484375
6318272,56.82373046875
6318292,50.78125
6318318,53.1005859375
6318349,50.1708984375
6318557,50.59814453125
6319274,48.4619140625
6319329,61.4013671875
6319671,47.7294921875
6393003,62.01171875
6399116,57.9833984375
6399564,46.56982421875
6399618,50.10986328125
6399690,52.001953125
6399791,46.56982421875
6399816,59.87548828125
6399844,53.89404296875
6399889,61.70654296875
6399949,55.35888671875
6399972,47.91259765625
6400004,53.89404296875
6400038,61.03515625
6400081,52.001953125
6400108,63.17138671875
6400171,63.8427734375
6400306,47.7294921875
6400365,51.08642578125
6400478,51.513671875
6400708,51.8798828125
6401007,46.81396484375
6418723,54.19921875
6425460,46.56982421875
6426902,47.30224609375
6429231,67.07763671875
6429330,49.31640625
6429371,62.3779296875
6429406,55.2978515625
6429432,55.17578125
6429443,58.7158203125
6429480,46.875
6429491,49.86572265625
6429533,57.2509765625
6429547,48.4619140625
6429575,51.69677734375
6429617,78.06396484375
6429786,57.67822265625
6429846,52.55126953125
6430211,50.4150390625
6451471,50.23193359375
6458740,50.84228515625
6462236,47.66845703125
6469576,48.2177734375
6481599,50.048828125
6481747,57.18994140625
6481780,52.8564453125
6481811,60.48583984375
6481849,58.2275390625
6481868,50.9033203125
6481926,69.51904296875
6481966,47.7294921875
6481989,49.4384765625
6482016,47.36328125
6482096,54.99267578125
6482192,51.6357421875
6482228,50.78125
6482253,49.072265625
6482337,49.49951171875
6482351,54.87060546875
6482390,46.81396484375
6482411,54.62646484375
6482858,49.62158203125
6483073,49.9267578125
6498439,52.1240234375
6514599,51.513671875
6514971,47.66845703125
6518123,56.5185546875
6518223,55.17578125
6518247,55.5419921875
6518338,47.42431640625
6518454,57.861328125
6518514,54.38232421875
6518593,58.7158203125
6518606,46.9970703125
6518688,50.537109375
6518718,47.119140625
6519167,50.4150390625
6548481,52.8564453125
6548491,49.74365234375
6548605,56.5185546875
6548638,49.8046875
6548745,49.49951171875
6548833,56.57958984375
6548964,54.50439453125
6549164,48.583984375
6549350,51.3916015625
6550114,47.05810546875
6569301,49.25537109375
6569823,49.6826171875
6569837,52.79541015625
6569907,48.27880859375
6569948,59.38720703125
6570033,61.8896484375
6570069,50.84228515625
6570200,53.64990234375
6570253,51.6357421875
6570336,47.05810546875
6570368,67.626953125
6570419,59.50927734375
6570636,47.2412109375
6570900,64.27001953125
6571068,48.4619140625
6571352,53.64990234375
6584619,49.1943359375
6584740,54.0771484375
6584803,56.7626953125
6584827,57.0068359375
6584871,49.62158203125
6584898,50.1708984375
6584972,54.50439453125
6585039,62.98828125
6585066,50.23193359375
6585156,48.095703125
6585189,52.978515625
6585303,49.8046875
6585387,55.0537109375
6585517,50.6591796875
6585577,54.87060546875
6599235,47.18017578125
6599264,47.8515625
6599336,70.6787109375
6599354,58.59375
6599469,60.11962890625
6599506,54.26025390625
6599608,50.23193359375
6599661,47.36328125
6599699,58.59375
6599827,53.8330078125
6599852,46.69189453125
6600471,50.1708984375
6601625,47.7294921875
6610802,50.47607421875
6610916,48.2177734375
6611098,61.767578125
6611185,46.630859375
6611330,47.119140625
6611492,53.5888671875
6612217,54.87060546875
6622177,51.08642578125
6622284,75.13427734375
6622337,48.15673828125
6622777,50.72021484375
6622909,46.7529296875
6622997,47.30224609375
6623043,48.88916015625
6623395,46.9970703125
6632964,50.84228515625
6633067,55.2978515625
6633122,53.466796875
6633210,47.8515625
6633233,47.4853515625
6633248,47.36328125
6633322,49.37744140625
6633370,52.55126953125
6633561,49.37744140625
6633582,51.94091796875
6633782,58.10546875
6634067,54.8095703125
6642567,52.18505859375
6642823,49.98779296875
6642972,75.13427734375
6643012,60.05859375
6643260,57.18994140625
6652103,54.62646484375
6652246,54.87060546875
6652425,46.56982421875
6652592,48.095703125
6652629,51.513671875
6652803,47.66845703125
6652873,58.9599609375
6653008,46.9970703125
6661935,49.31640625
6662141,50.9033203125
6662201,48.40087890625
6662447,53.64990234375
6662457,62.98828125
6662623,46.630859375
6662733,47.30224609375
6662973,62.92724609375
6663064,50.29296875
6672812,50.47607421875
6672901,50.9033203125
6672984,46.630859375
6673047,54.26025390625
6681543,47.30224609375
6681866,50.59814453125
6681939,46.7529296875
6681986,64.14794921875
6682075,56.15234375
6682115,50.537109375
6682341,59.2041015625
6682645,49.13330078125
6691884,48.4619140625
6691912,54.99267578125
6701184,47.2412109375
6701227,46.875
6710141,47.7294921875
6710263,46.630859375
6710722,47.7294921875
6711100,49.31640625
6719850,48.27880859375
6719998,47.42431640625
6720178,47.42431640625
6720351,48.27880859375
6729713,51.94091796875
6729787,51.7578125
6729869,48.583984375
6729985,47.79052734375
6730042,46.9970703125
6730172,46.93603515625
6739241,48.64501953125
6739455,50.78125
6739560,52.24609375
6739634,47.2412109375
6739672,48.76708984375
6739927,50.78125
6749223,47.54638671875
6749444,56.21337890625
6749625,71.59423828125
6749719,52.734375
6749925,53.03955078125
6759910,58.4716796875
6760424,48.15673828125
6760597,50.29296875
6771890,54.931640625
6772042,72.265625
6772327,62.6220703125
6787159,53.40576171875
6787232,50.78125
6787343,47.30224609375
6787489,52.06298828125
6787836,48.2177734375
6787856,47.9736328125
6788082,47.36328125
6802334,52.42919921875
6802359,52.30712890625
6802390,49.072265625
6802456,51.20849609375
6802579,49.6826171875
6802974,47.79052734375
6803148,48.40087890625
7347078,48.4619140625
7347129,57.92236328125
7347146,73.8525390625
7347183,67.81005859375
7347211,48.03466796875
7347238,78.0029296875
7347260,47.119140625
7347276,53.16162109375
7347293,51.81884765625
7347305,52.79541015625
7347346,56.15234375
7347382,60.302734375
7347558,57.55615234375
7348355,47.54638671875
7348929,49.560546875
7349210,54.01611328125
7349555,46.7529296875
7349582,48.33984375
7412853,47.119140625
7415330,47.30224609375
7415692,47.36328125
7415879,52.8564453125
7415922,54.26025390625
7415938,70.80078125
7415991,48.33984375
7416009,55.48095703125
7416026,53.466796875
7416053,57.92236328125
7416109,81.4208984375
7416120,48.4619140625
7416152,48.7060546875
7416202,48.76708984375
7416232,56.15234375
7416271,48.15673828125
7416323,57.373046875
7416343,47.05810546875
7416410,52.79541015625
7416436,46.630859375
7416519,51.025390625
7416761,49.98779296875
7417735,50.96435546875
7417810,50.84228515625
7418073,48.583984375
7495209,49.31640625
7497968,61.46240234375
7497998,54.13818359375
7498026,58.53271484375
7498104,93.93310546875
7498161,72.265625
7498178,62.92724609375
7498202,80.99365234375
7498230,55.17578125
7498283,49.8046875
7498326,56.15234375
7498361,56.2744140625
7498374,74.3408203125
7498426,63.53759765625
7498483,47.30224609375
7498520,49.98779296875
7498562,46.93603515625
7498650,68.54248046875
7498696,59.26513671875
7498737,47.18017578125
7498835,52.490234375
7521401,55.2978515625
7526330,46.7529296875
7533526,61.46240234375
7563170,54.50439453125
7563232,48.88916015625
7563256,46.7529296875
7563266,68.603515625
7563327,61.4013671875
7563352,63.78173828125
7563365,48.2177734375
7563406,62.31689453125
7563446,55.17578125
7563473,55.17578125
7563495,85.14404296875
7563553,52.24609375
7563593,50.6591796875
7563616,62.255859375
7563648,46.69189453125
7563684,48.88916015625
7563991,46.7529296875
7564057,49.13330078125
7564573,49.37744140625
7587081,46.56982421875
7654699,49.4384765625
7654805,55.6640625
7654870,56.884765625
7654905,52.79541015625
7654932,84.53369140625
7654943,57.7392578125
7654975,53.89404296875
7655007,71.6552734375
7655023,55.5419921875
7655054,65.673828125
7655071,68.78662109375
7655090,49.74365234375
7655104,48.2177734375
7655133,51.94091796875
7655217,50.6591796875
7655252,67.68798828125
7655277,67.626953125
7655337,47.05810546875
7656919,48.33984375
7674290,47.91259765625
7679619,53.89404296875
7679653,48.33984375
7679691,51.7578125
7679760,58.9599609375
7679840,55.6640625
7679920,69.091796875
7680033,54.19921875
7680059,53.5888671875
7680203,50.6591796875
7680331,47.30224609375
7680504,56.2744140625
7680666,48.828125
7681051,47.9736328125
7681158,47.66845703125
7702185,47.91259765625
7704376,47.30224609375
7704639,49.31640625
7714884,48.52294921875
7719701,48.2177734375
7721678,47.2412109375
7722022,48.095703125
7722082,63.17138671875
7722148,55.7861328125
7722207,50.96435546875
7722219,52.001953125
7722250,55.72509765625
7722267,50.47607421875
7722306,71.533203125
7722330,48.27880859375
7722345,48.15673828125
7722466,70.86181640625
7722490,49.8046875
7758908,57.861328125
7758936,53.5888671875
7758968,46.5087890625
7758990,61.46240234375
7759042,70.4345703125
7759091,52.42919921875
7759131,57.67822265625
7759198,54.931640625
7759215,48.88916015625
7759243,47.05810546875
7759270,62.31689453125
7759327,48.828125
7759367,68.54248046875
7759384,47.05810546875
7759452,58.7158203125
7759574,55.6640625
7761099,47.8515625
7778953,47.2412109375
7779036,59.5703125
7779088,79.04052734375
7779178,46.5087890625
7779222,49.37744140625
7779356,48.828125
7779407,57.2509765625
7779432,48.27880859375
7779474,48.76708984375
7779503,56.82373046875
7779548,50.048828125
7779646,53.03955078125
7779954,50.59814453125
7791719,47.119140625
7791745,53.03955078125
7791948,49.31640625
7792000,50.47607421875
7792015,49.13330078125
7792123,49.49951171875
7792133,49.98779296875
7792210,57.861328125
7792452,47.66845703125
7792565,46.5087890625
7792747,48.03466796875
7793579,47.18017578125
7804413,60.60791015625
7804467,49.072265625
7804493,51.513671875
7804649,49.9267578125
7804741,46.630859375
7805415,46.56982421875
7817442,56.396484375
7817590,53.52783203125
7817704,55.419921875
7817788,49.62158203125
7817835,51.025390625
7817948,47.91259765625
7818105,46.81396484375
7818389,54.62646484375
7819337,48.27880859375
7828818,51.20849609375
7828846,54.443359375
7828963,52.06298828125
7829167,54.5654296875
7829216,59.26513671875
7829416,48.52294921875
7830117,49.86572265625
7838954,50.537109375
7839066,50.29296875
7839167,60.24169921875
7839261,52.6123046875
7839502,48.7060546875
7839883,47.2412109375
7848531,47.2412109375
7848734,55.84716796875
7848764,63.8427734375
7848919,50.29296875
7849118,48.40087890625
7849151,49.6826171875
7849600,47.36328125
7857702,62.1337890625
7857897,48.64501953125
7858062,48.88916015625
7858243,54.5654296875
7858439,55.17578125
7867240,46.630859375
7867286,47.91259765625
7867434,48.4619140625
7867651,49.4384765625
7867878,48.095703125
7876419,47.4853515625
7876467,54.38232421875
7876513,46.7529296875
7886469,50.35400390625
7886578,55.908203125
7886848,60.24169921875
7895624,49.49951171875
7895647,47.79052734375
7895887,46.875
7896051,50.47607421875
7904897,55.11474609375
7905106,50.048828125
7905422,58.59375
7905452,51.6357421875
7905720,49.74365234375
7905761,46.93603515625
7915658,50.59814453125
7915769,47.8515625
7923034,49.74365234375
7925224,54.50439453125
7925345,47.607421875
7934895,51.26953125
7935315,46.7529296875
7936073,48.15673828125
7945132,51.69677734375
7945689,47.30224609375
7945819,57.55615234375
7945924,50.4150390625
7946038,48.9501953125
7946529,53.8330078125
7956522,47.79052734375
7956551,50.23193359375
7956706,60.48583984375
7956926,46.81396484375
7957272,51.3916015625
7957481,47.79052734375
7967812,46.56982421875
7967866,54.0771484375
7968053,47.66845703125
7968181,51.513671875
7979948,50.78125
7980074,56.0302734375
7980191,46.56982421875
7991832,48.27880859375
7991872,48.40087890625
7991906,52.79541015625
7992346,54.87060546875
7992584,48.64501953125
7992957,50.6591796875
8004135,48.27880859375
8004329,48.2177734375
8004391,50.78125
8004512,48.03466796875
8004684,57.7392578125
8004753,48.88916015625
8005051,52.490234375
8005863,46.5087890625
8026103,47.8515625
8026135,48.7060546875
8026145,55.11474609375
8026162,58.837890625
8026255,51.025390625
8026282,46.93603515625
8026363,47.18017578125
8026737,50.048828125
8048036,47.9736328125
8048127,49.86572265625
8048180,46.93603515625
8048457,47.66845703125
8048670,47.2412109375
8048719,53.64990234375
8049543,46.5087890625
8471038,56.396484375
8471164,48.52294921875
8472813,50.29296875
8472823,59.2041015625
8472861,55.60302734375
8472893,87.0361328125
8472915,51.20849609375
8472952,59.38720703125
8472992,55.6640625
8473038,51.6357421875
8473077,69.88525390625
8473119,50.35400390625
8473176,46.56982421875
8473229,49.49951171875
8473327,49.98779296875
8473473,46.630859375
8474639,47.30224609375
8474902,50.1708984375
8497777,49.1943359375
8540757,48.095703125
8552036,46.81396484375
8574504,47.66845703125
8574561,47.36328125
8574658,67.68798828125
8574689,46.875
8574726,57.6171875
8574754,46.56982421875
8574769,86.73095703125
8574795,52.06298828125
8574834,52.06298828125
8574868,49.8046875
8574894,79.16259765625
8574960,47.18017578125
8575002,66.22314453125
8575042,52.3681640625
8575765,54.931640625
8576547,48.40087890625
8656333,58.89892578125
8679201,51.1474609375
8679234,46.69189453125
8680151,52.06298828125
8682391,60.11962890625
8682506,51.57470703125
8682532,69.580078125
8682575,51.69677734375
8682603,48.40087890625
8682629,53.89404296875
8682641,82.3974609375
8682670,52.3681640625
8682704,53.52783203125
8682755,79.28466796875
8682765,69.39697265625
8682902,61.279296875
8682949,57.7392578125
8682995,49.072265625
8683094,58.10546875
8699640,52.490234375
8703118,48.88916015625
8706766,51.1474609375
8709841,53.466796875
8757545,54.50439453125
8762569,53.8330078125
8763182,50.29296875
8764780,47.91259765625
8767596,64.697265625
8768472,53.7109375
8768949,58.41064453125
8769013,52.91748046875
8769052,51.08642578125
8769071,50.59814453125
8769107,50.29296875
8769140,56.82373046875
8769199,58.04443359375
8769226,51.7578125
8769263,48.095703125
8769303,53.28369140625
8769465,46.875
8769554,50.35400390625
8769657,48.095703125
8769721,49.9267578125
8770068,48.15673828125
8778985,47.7294921875
8798625,49.31640625
8806217,49.37744140625
8823812,48.03466796875
8827408,48.2177734375
8828341,51.513671875
8828684,52.6123046875
8828981,48.64501953125
8829024,47.66845703125
8829059,51.6357421875
8829077,53.64990234375
8829122,52.06298828125
8829145,51.26953125
8829177,52.67333984375
8829205,59.6923828125
8829258,51.1474609375
8829286,48.828125
8829302,50.6591796875
8829328,47.119140625
8829345,59.6923828125
8829443,50.048828125
8829488,52.42919921875
8829498,60.36376953125
8829638,58.77685546875
8829683,47.119140625
8829866,48.828125
8830346,51.45263671875
8831447,48.27880859375
8832492,48.52294921875
8843995,48.2177734375
8847154,50.96435546875
8870350,46.9970703125
8874519,47.42431640625
8877740,50.78125
8877816,64.51416015625
8877845,48.095703125
8877932,66.5283203125
8877961,51.8798828125
8877982,47.66845703125
8878032,52.8564453125
8878092,52.91748046875
8878147,46.69189453125
8878210,50.35400390625
8878221,55.17578125
8878271,50.96435546875
8878385,46.9970703125
8878425,48.828125
8878524,49.74365234375
8878559,48.828125
8878729,48.9501953125
8909383,49.98779296875
8915757,49.4384765625
8918826,47.4853515625
8942323,51.1474609375
8946512,48.64501953125
8947410,53.64990234375
8947437,60.1806640625
8949239,51.81884765625
8949704,49.1943359375
8949738,75.8056640625
8949764,47.05810546875
8949790,51.1474609375
8949823,54.01611328125
8949914,66.650390625
8949989,48.2177734375
8950016,55.6640625
8950049,53.40576171875
8950084,82.3974609375
8950116,51.08642578125
8950181,52.490234375
8950259,46.56982421875
8950697,51.025390625
8951375,47.79052734375
8977446,57.06787109375
8977557,46.630859375
8977607,48.4619140625
8977701,67.56591796875
8977721,47.79052734375
8977735,49.01123046875
8977801,67.87109375
8977829,64.8193359375
8977864,50.84228515625
8978015,49.37744140625
8978067,50.72021484375
8978143,46.875
8978338,64.697265625
9001199,49.9267578125
9003984,59.38720703125
9004018,79.77294921875
9004114,50.35400390625
9004160,56.7626953125
9004211,69.091796875
9004280,56.57958984375
9004368,61.21826171875
9004455,50.4150390625
9004480,51.3916015625
9004528,46.5087890625
9004570,49.31640625
9004600,46.5087890625
9005070,50.048828125
9026975,46.7529296875
9029571,47.607421875
9029587,57.06787109375
9029671,50.72021484375
9029799,54.01611328125
9029813,47.9736328125
9029859,54.99267578125
9029905,49.4384765625
9029922,57.2509765625
9029948,49.01123046875
9030051,51.1474609375
9030071,49.98779296875
9030170,53.16162109375
9030339,57.2509765625
9030554,48.583984375
9030778,53.89404296875
9053598,46.5087890625
9053790,55.60302734375
9053825,55.84716796875
9053948,47.119140625
9053990,50.537109375
9054012,51.08642578125
9054085,55.0537109375
9054099,49.25537109375
9054159,50.47607421875
9054255,50.78125
9054502,57.67822265625
9054589,50.47607421875
9054728,49.1943359375
9054756,65.49072265625
9054952,47.7294921875
9086834,61.8896484375
9086922,63.29345703125
9087058,53.77197265625
9087143,56.396484375
9087156,50.84228515625
9087284,52.6123046875
9087439,48.15673828125
9087532,52.24609375
9088251,52.490234375
9088386,46.9970703125
9124501,49.072265625
9124676,49.49951171875
9124708,50.9033203125
9124835,72.32666015625
9124864,54.74853515625
9124894,51.08642578125
9124947,49.31640625
9124989,52.79541015625
9125016,46.7529296875
9125039,53.3447265625
9125183,52.30712890625
9125228,50.78125
9125286,56.09130859375
9125377,54.19921875
9125580,51.08642578125
9125761,49.49951171875
9125907,50.59814453125
9151249,59.50927734375
9151403,54.931640625
9151479,50.10986328125
9151554,46.5087890625
9151583,55.84716796875
9151628,50.84228515625
9151682,49.6826171875
9151718,49.8046875
9151771,51.6357421875
9151795,47.9736328125
9151884,48.52294921875
9152059,49.1943359375
9152121,49.01123046875
9152368,49.9267578125
9173174,58.65478515625
9173381,63.90380859375
9173465,53.3447265625
9173527,50.537109375
9173549,51.81884765625
9173754,47.30224609375
9173823,53.5888671875
9173848,58.4716796875
9174212,48.15673828125
9192772,47.18017578125
9192992,49.9267578125
9193138,49.1943359375
9193190,46.7529296875
9193229,46.69189453125
9193252,47.30224609375
9193340,47.2412109375
9193422,49.4384765625
9193485,60.791015625
9193573,57.861328125
9193663,51.3916015625
9216974,55.96923828125
9217178,52.06298828125
9217237,63.720703125
9217331,51.20849609375
9217513,51.45263671875
9217668,47.18017578125
9217723,51.08642578125
9258141,47.7294921875
9258355,47.18017578125
9258414,54.01611328125
9258656,47.36328125
9258675,54.8095703125
9258708,51.94091796875
9258733,53.77197265625
9258794,50.59814453125
9258843,51.8798828125
9258892,58.65478515625
9258908,65.673828125
9258982,61.6455078125
9259036,57.67822265625
9259056,48.4619140625
9259107,58.2275390625
9259359,60.4248046875
9260231,49.62158203125
9260458,46.875
9420925,47.36328125
9422141,47.2412109375
9422162,50.537109375
9422229,83.31298828125
9422279,53.40576171875
9422298,60.791015625
9422380,51.69677734375
9422401,47.8515625
9422460,70.4345703125
9422506,49.01123046875
9422573,48.33984375
9422586,46.9970703125
9422679,53.22265625
9422751,53.1005859375
9422892,52.8564453125
9547679,53.89404296875
9549140,60.1806640625
9550031,65.61279296875
9550044,51.3916015625
9550097,50.35400390625
9550276,55.96923828125
9550351,59.4482421875
9550456,47.42431640625
9550473,51.94091796875
9550512,52.8564453125
9550528,53.3447265625
9550555,47.2412109375
9550741,48.2177734375
9550824,55.60302734375
9552200,47.42431640625
9612105,56.5185546875
9612974,53.89404296875
9612994,65.85693359375
9613143,59.08203125
9613165,51.7578125
9613211,52.79541015625
9613236,56.884765625
9613299,51.94091796875
9613328,72.021484375
9613449,51.513671875
9613564,52.24609375
9613597,46.630859375
9613759,47.30224609375
9614107,46.69189453125
9662438,50.9033203125
9667421,50.048828125
9674044,48.76708984375
9675340,49.37744140625
9675408,51.08642578125
9675462,52.67333984375
9675508,55.60302734375
9675521,55.5419921875
9675550,58.2275390625
9675565,54.3212890625
9675603,56.640625
9675683,52.3681640625
9675700,54.5654296875
9675719,66.2841796875
9675751,55.35888671875
9675786,50.4150390625
9675839,52.67333984375
9675945,58.41064453125
9675967,49.01123046875
9676302,46.56982421875
9730677,50.78125
9736756,54.8095703125
9737941,46.81396484375
9738804,51.7578125
9739386,48.4619140625
9739445,59.87548828125
9739481,53.3447265625
9739543,51.7578125
9739560,59.814453125
9739628,49.13330078125
9739670,47.8515625
9739704,56.09130859375
9739727,56.396484375
9739805,46.7529296875
9740492,48.40087890625
9740662,51.26953125
9792264,56.2744140625
9792961,46.56982421875
9793112,55.48095703125
9794394,51.57470703125
9794407,60.791015625
9794461,53.52783203125
9794484,50.72021484375
9794542,54.931640625
9794576,53.466796875
9794604,47.2412109375
9794630,50.96435546875
9794664,48.4619140625
9794744,66.7724609375
9794780,65.24658203125
9794818,51.8798828125
9794965,51.57470703125
9795076,54.443359375
9795157,59.26513671875
9795299,47.66845703125
9795527,54.3212890625
9833577,53.8330078125
9848339,53.77197265625
9849385,51.45263671875
9849605,49.01123046875
9849652,60.85205078125
9849720,47.607421875
9849755,50.10986328125
9849847,52.8564453125
9849865,53.466796875
9849882,48.2177734375
9849922,60.9130859375
9849950,53.40576171875
9849993,54.443359375
9850014,52.24609375
9850055,59.4482421875
9850118,52.3681640625
9850164,47.607421875
9850195,49.37744140625
9850389,55.84716796875
9850549,51.69677734375
9851063,48.40087890625
9851298,47.66845703125
9872420,47.54638671875
9893604,49.49951171875
9896567,53.466796875
9897266,53.1005859375
9897575,59.38720703125
9897680,47.9736328125
9897749,56.5185546875
9897762,56.7626953125
9897783,50.23193359375
9897815,54.87060546875
9897848,52.24609375
9897869,62.92724609375
9897890,47.9736328125
9897928,62.07275390625
9897953,46.875
9897985,53.5888671875
9898027,71.533203125
9898063,61.09619140625
9898093,54.0771484375
9898142,54.74853515625
9898156,53.03955078125
9898240,47.8515625
9899480,49.01123046875
9943583,50.6591796875
9944632,47.30224609375
9946317,46.7529296875
9946968,49.560546875
9947017,50.29296875
9947047,47.36328125
9947130,47.42431640625
9947165,55.84716796875
9947176,114.19677734375
9947287,49.86572265625
9947378,60.302734375
9947418,54.13818359375
9947506,49.072265625
9947591,47.91259765625
9947878,47.2412109375
9986999,79.9560546875
9987014,56.33544921875
9987096,60.85205078125
9987142,56.0302734375
9987172,71.22802734375
9987248,57.67822265625
9987304,54.74853515625
9987328,51.08642578125
9987372,49.49951171875
9987412,49.86572265625
9987443,47.91259765625
9987469,51.08642578125
9987508,50.72021484375
9987565,48.583984375
9987620,56.15234375
9987895,47.7294921875
9988342,48.095703125
10014778,53.5888671875
10014908,59.326171875
10014928,47.36328125
10014965,52.8564453125
10015011,54.74853515625
10015089,65.85693359375
10015124,52.79541015625
10015146,47.119140625
10015248,51.45263671875
10015497,51.025390625
10015771,46.93603515625
10016095,50.35400390625
10016464,47.54638671875
10038194,51.57470703125
10038264,48.828125
10038384,54.0771484375
10038423,61.34033203125
10038443,46.69189453125
10038460,50.1708984375
10038576,48.2177734375
10038637,47.66845703125
10038651,52.3681640625
10038737,53.03955078125
10038749,66.71142578125
10038800,47.7294921875
10038838,59.2041015625
10038918,50.35400390625
10038952,48.095703125
10039608,46.630859375
10058433,56.0302734375
10058524,50.4150390625
10058535,65.97900390625
10058620,46.7529296875
10058680,49.4384765625
10058714,56.2744140625
10058780,53.28369140625
10058835,47.30224609375
10058874,50.78125
10058958,54.3212890625
10059029,47.607421875
10059132,50.72021484375
10059402,46.56982421875
10076795,46.5087890625
10077873,55.0537109375
10077921,47.79052734375
10077947,51.57470703125
10077974,56.15234375
10078034,53.77197265625
10078149,60.791015625
10078190,51.6357421875
10078294,53.466796875
10078612,49.01123046875
10078865,53.28369140625
10079147,47.42431640625
10095247,55.84716796875
10095272,59.2041015625
10095306,51.26953125
10095340,52.8564453125
10095452,52.55126953125
10095485,54.8095703125
10095682,52.001953125
10095771,47.30224609375
10095887,50.10986328125
10110940,47.4853515625
10110994,54.19921875
10111295,48.7060546875
10111327,50.4150390625
10111416,47.9736328125
10111901,55.48095703125
10111981,47.18017578125
10122985,51.3916015625
10123014,49.8046875
10123081,64.8193359375
10123134,50.29296875
10123176,51.94091796875
10123270,68.29833984375
10123304,48.7060546875
10123366,53.7109375
10123610,50.29296875
10123678,59.14306640625
10123914,57.861328125
10124231,49.25537109375
10134150,51.6357421875
10134249,57.18994140625
10134373,48.2177734375
10134538,48.2177734375
10144858,49.37744140625
10145236,55.23681640625
10145309,52.06298828125
10145347,54.8095703125
10145607,59.9365234375
10145659,49.31640625
10145799,47.2412109375
10146128,51.8798828125
10155802,59.6923828125
10155816,67.32177734375
10156042,47.2412109375
10156052,48.095703125
10156103,49.560546875
10156115,49.560546875
10156288,48.9501953125
10156403,46.7529296875
10165835,54.74853515625
10165856,53.16162109375
10166308,50.72021484375
10175851,56.5185546875
10176028,48.9501953125
10176319,47.8515625
10176373,59.75341796875
10176699,46.5087890625
10176789,47.36328125
10185597,76.0498046875
10186229,49.31640625
10186787,48.40087890625
10195344,47.30224609375
10195694,73.3642578125
10205679,50.29296875
10206586,51.69677734375
10215620,48.095703125
10225829,55.419921875
10225861,50.59814453125
10226049,48.03466796875
10226292,49.37744140625
10236792,51.7578125
10237158,46.93603515625
10246063,48.27880859375
10246476,47.607421875
10246925,49.8046875
10247247,49.6826171875
10257873,57.12890625
10258400,68.9697265625
10258689,47.2412109375
10269207,51.8798828125
10269362,56.09130859375
10269444,49.4384765625
10269537,55.2978515625
10269963,48.583984375
10280970,47.36328125
10281227,50.29296875
10293036,55.908203125
10293068,48.27880859375
10293249,49.37744140625
10311497,50.35400390625
10311750,50.35400390625
10311786,48.9501953125
10311825,51.7578125
10311916,63.65966796875
10311979,48.828125
10312151,50.4150390625
10312228,46.56982421875
10312390,48.40087890625
10812669,50.29296875
10812709,53.8330078125
10812729,57.7392578125
10812828,54.443359375
10812850,55.60302734375
10812920,51.45263671875
10812930,60.48583984375
10813093,64.39208984375
10813475,47.05810546875
10813667,49.01123046875
10813743,47.05810546875
10814000,48.27880859375
10885269,55.2978515625
10885541,64.39208984375
10885612,53.40576171875
10885683,59.26513671875
10885711,81.35986328125
10885775,51.26953125
10885805,52.1240234375
10885827,63.5986328125
10885874,58.4716796875
10885903,47.119140625
10885917,49.1943359375
10885943,53.5888671875
10886057,52.001953125
10886135,55.23681640625
10887489,54.38232421875
10905837,50.84228515625
10907707,49.8046875
10911929,50.47607421875
10957033,49.31640625
10959084,54.38232421875
10959218,63.3544921875
10959268,47.4853515625
10959299,46.81396484375
10959344,66.162109375
10959362,53.5888671875
10959419,95.21484375
10959494,63.96484375
10959535,104.248046875
10959547,60.11962890625
10959573,56.45751953125
10959601,62.744140625
10959627,48.03466796875
10959655,54.19921875
10959726,49.37744140625
10959775,49.86572265625
10960078,47.18017578125
10960593,48.03466796875
10961624,50.1708984375
10962210,52.3681640625
10962674,51.81884765625
10981275,47.9736328125
10983670,46.875
10985392,49.9267578125
10985592,49.560546875
10985608,60.9130859375
10985656,56.82373046875
10985685,47.607421875
10985729,49.01123046875
10985763,47.607421875
10985829,48.27880859375
10985913,49.4384765625
10985939,52.8564453125
10985964,49.072265625
10986019,54.38232421875
10986078,49.9267578125
10986097,50.23193359375
10986203,46.7529296875
10986231,61.21826171875
10986374,50.6591796875
10986813,49.8046875
11008852,47.54638671875
11010923,54.0771484375
11015176,51.20849609375
11028006,49.98779296875
11030007,46.7529296875
11031266,47.4853515625
11031363,62.255859375
11031376,52.30712890625
11031401,49.1943359375
11031450,74.15771484375
11031473,56.7626953125
11031514,56.396484375
11031550,58.9599609375
11031567,63.3544921875
11031598,59.75341796875
11031638,51.20849609375
11031666,54.3212890625
11032113,50.59814453125
11032164,47.607421875
11045019,50.537109375
11069029,52.6123046875
11069094,46.630859375
11069975,47.2412109375
11071596,50.048828125
11071662,49.31640625
11071747,51.7578125
11071810,49.4384765625
11071838,50.47607421875
11071851,51.3916015625
11071899,49.37744140625
11071983,59.99755859375
11072049,51.20849609375
11072171,50.84228515625
11072272,53.64990234375
11073557,47.91259765625
11090075,56.33544921875
11090240,56.5185546875
11090287,52.8564453125
11090328,48.76708984375
11090366,62.1337890625
11090451,51.08642578125
11090515,47.66845703125
11090556,46.93603515625
11090666,50.23193359375
11090709,56.82373046875
11090744,54.38232421875
11090942,46.7529296875
11091011,48.583984375
11092205,51.8798828125
11107756,56.2744140625
11107782,47.42431640625
11107934,53.40576171875
11108057,52.24609375
11108114,54.0771484375
11108131,57.7392578125
11108182,50.4150390625
11108219,48.27880859375
11108260,48.095703125
11108318,49.01123046875
11108710,46.9970703125
11109133,49.8046875
11109278,47.30224609375
11109496,48.27880859375
11125387,52.18505859375
11125507,50.537109375
11125628,56.70166015625
11125740,49.560546875
11125799,61.767578125
11125849,59.2041015625
11125911,49.25537109375
11125956,55.419921875
11126024,46.56982421875
11126350,46.56982421875
11140504,50.9033203125
11140551,66.650390625
11140599,48.40087890625
11153923,56.15234375
11154116,49.6826171875
11154185,48.76708984375
11154272,49.25537109375
11154311,57.2509765625
11154358,51.7578125
11154375,50.23193359375
11154442,59.26513671875
11154497,52.42919921875
11154510,52.18505859375
11154645,46.630859375
11154853,55.0537109375
11155013,55.84716796875
11155160,48.9501953125
11155299,49.9267578125
11167363,56.640625
11167503,49.49951171875
11167608,47.36328125
11167682,47.18017578125
11167910,52.67333984375
11168197,51.69677734375
11168226,47.05810546875
11168286,49.01123046875
11168319,49.98779296875
11169225,47.9736328125
11178804,60.1806640625
11178936,48.095703125
11178971,48.828125
11179012,52.18505859375
11179117,59.14306640625
11189064,49.74365234375
11189328,47.119140625
11189425,63.96484375
11189451,55.11474609375
11189504,47.2412109375
11189543,48.095703125
11199927,59.38720703125
11209815,51.26953125
11209837,50.35400390625
11210074,61.46240234375
11210101,47.36328125
11210497,49.6826171875
11210523,54.3212890625
11210787,49.01123046875
11220782,51.1474609375
11220932,47.36328125
11221009,49.1943359375
11221202,49.072265625
11221401,49.13330078125
11221495,50.4150390625
11230891,46.81396484375
11231376,47.05810546875
11231571,49.1943359375
11241982,46.875
11242074,50.35400390625
11242712,56.70166015625
11253244,50.4150390625
11253315,46.630859375
11253873,48.4619140625
11263392,50.23193359375
11263487,47.42431640625
11263531,53.3447265625
11263687,48.2177734375
11263855,47.607421875
11264379,48.095703125
11274638,47.7294921875
11274741,60.24169921875
11274858,51.20849609375
11274872,48.03466796875
11274996,46.69189453125
11275416,47.79052734375
11286420,55.7861328125
11286530,47.42431640625
11286648,49.31640625
11286818,47.8515625
11299679,51.6357421875
11299721,47.9736328125
11299854,47.36328125
11299947,47.36328125
11300037,55.60302734375
11300096,56.884765625
11300139,54.13818359375
11300305,54.443359375
11312149,48.9501953125
11312471,48.9501953125
11312745,51.025390625
11313596,50.72021484375
11325886,48.27880859375
11325896,62.255859375
11326005,50.9033203125
11326347,48.15673828125
11326631,47.91259765625
11351782,64.453125
11351849,60.60791015625
11351931,47.9736328125
11351953,47.18017578125
11351984,50.23193359375
11352068,46.93603515625
11352850,47.54638671875
11425158,50.9033203125
11624639,48.4619140625
11642229,58.28857421875
11643202,46.875
11644347,52.978515625
11644601,48.33984375
11645401,49.86572265625
11645530,47.4853515625
11646008,47.91259765625
11646030,49.62158203125
11646135,51.6357421875
11646147,60.546875
11646198,74.8291015625
11646230,53.22265625
11646260,58.77685546875
11646344,47.18017578125
11646433,60.302734375
11646462,51.3916015625
11646519,48.64501953125
11646685,52.24609375
11695500,50.9033203125
11696980,49.74365234375
11698146,59.4482421875
11698287,67.9931640625
11698327,67.87109375
11698344,50.72021484375
11698387,54.5654296875
11698398,73.3642578125
11698425,58.2275390625
11698462,52.734375
11698494,63.5986328125
11698609,78.2470703125
11698651,50.6591796875
11698720,54.6875
11741757,56.94580078125
11741888,46.93603515625
11741961,50.10986328125
11742000,77.45361328125
11742092,50.4150390625
11742145,46.7529296875
11742201,57.2509765625
11742222,48.03466796875
11742329,68.4814453125
11742427,59.2041015625
11778360,47.05810546875
11778625,50.048828125
11778636,97.900390625
11778679,48.7060546875
11778748,51.513671875
11778769,47.36328125
11778895,49.86572265625
11778911,49.86572265625
11778990,66.7724609375
11779141,50.47607421875
11779299,53.3447265625
11779718,50.1708984375
11802421,50.6591796875
11807113,47.30224609375
11813266,55.84716796875
11814265,48.03466796875
11814404,74.21875
11814434,53.03955078125
11814492,46.875
11814544,68.05419921875
11814620,54.62646484375
11814663,53.3447265625
11814728,54.01611328125
11814760,65.85693359375
11814790,50.9033203125
11814877,46.9970703125
11814914,56.09130859375
11814989,51.45263671875
11815190,48.4619140625
11815912,49.13330078125
11833393,48.64501953125
11843466,52.3681640625
11846129,62.8662109375
11846294,50.10986328125
11846342,52.8564453125
11846416,50.4150390625
11846446,50.59814453125
11846520,47.2412109375
11846559,50.1708984375
11846591,46.875
11846725,51.025390625
11846781,59.02099609375
11846824,48.15673828125
11846858,56.640625
11846983,46.56982421875
11847065,46.93603515625
11847381,47.9736328125
11847569,46.5087890625
11870990,50.84228515625
11871009,47.91259765625
11871192,53.22265625
11871323,48.64501953125
11871362,53.955078125
11871396,54.19921875
11871440,55.419921875
11871631,55.2978515625
11871674,49.9267578125
11891424,48.27880859375
11891667,50.10986328125
11891717,50.048828125
11891815,46.69189453125
11891845,48.03466796875
11892072,47.9736328125
11892203,47.7294921875
11892597,46.5087890625
11893361,48.27880859375
11910874,53.955078125
11910974,65.5517578125
11911133,54.01611328125
11911155,51.69677734375
11911199,47.7294921875
11911323,49.37744140625
11928697,51.08642578125
11928728,52.42919921875
11928754,47.05810546875
11928882,59.14306640625
11928947,56.21337890625
11929105,49.62158203125
11929166,47.607421875
11929472,51.8798828125
11929676,47.4853515625
11930011,49.62158203125
11947940,49.25537109375
11948441,48.7060546875
11948491,53.03955078125
11948501,47.54638671875
11948578,48.2177734375
11967343,52.1240234375
11967377,51.1474609375
11967598,54.19921875
11967610,50.048828125
11967824,51.8798828125
11984309,56.0302734375
11984382,55.96923828125
11984441,51.8798828125
11984499,60.1806640625
11984639,51.513671875
11984718,49.01123046875
11984802,47.79052734375
11984967,47.66845703125
11984983,53.466796875
11985051,48.52294921875
11985082,50.96435546875
11998650,55.2978515625
11998726,56.94580078125
