11999000,0
617976,52.1240234375
687181,53.3447265625
787202,54.6875
869482,56.82373046875
1658080,57.373046875
1939968,51.81884765625
1940230,62.98828125
2018884,51.513671875
2162442,54.62646484375
2505119,52.734375
2707162,53.1005859375
3401239,55.2978515625
3600294,55.5419921875
3774340,55.908203125
3894922,51.45263671875
4059205,51.94091796875
4165725,57.55615234375
4187960,54.62646484375
4332388,52.6123046875
4446191,56.15234375
5141762,53.64990234375
5141861,54.5654296875
5252782,70.6787109375
5253038,52.490234375
5388181,52.91748046875
5477088,51.7578125
5488222,54.01611328125
5564391,53.16162109375
6125924,57.9833984375
6548553,51.81884765625
6700895,57.4951171875
6788194,52.42919921875
7347396,53.28369140625
8048113,57.18994140625
9550327,52.1240234375
9613352,51.69677734375
9613397,58.349609375
11221057,53.28369140625
