11999000,0
381875,46.93603515625
514143,46.142578125
581884,52.42919921875
831826,57.80029296875
1317881,51.26953125
1339493,45.5322265625
1824695,48.03466796875
1825065,60.4248046875
2018949,54.19921875
2162098,45.59326171875
2324934,45.59326171875
2421885,47.54638671875
2505449,50.6591796875
2565841,47.18017578125
2639735,45.71533203125
2678567,52.1240234375
3600418,47.42431640625
3787176,45.7763671875
3894751,45.654296875
4000505,46.2646484375
4221166,47.119140625
4288681,49.072265625
4288819,48.583984375
4387155,47.8515625
4468359,50.72021484375
5005013,46.81396484375
5072060,57.2509765625
5141484,45.59326171875
5189663,47.119140625
5189978,46.5087890625
5312242,46.142578125
5959667,46.32568359375
6125493,52.06298828125
6190148,46.38671875
6290088,52.3681640625
6400123,46.08154296875
6652218,47.2412109375
7347107,50.29296875
7415531,46.32568359375
7416101,46.630859375
7445158,45.95947265625
7656281,45.71533203125
7759038,49.072265625
7817759,46.7529296875
8472916,49.31640625
8574716,45.83740234375
8682553,53.16162109375
8682670,46.81396484375
8794729,46.0205078125
8829056,52.978515625
8877878,45.41015625
9422510,45.71533203125
9613612,47.4853515625
9987512,46.7529296875
10206826,46.69189453125
10885957,52.490234375
11090161,46.7529296875
11091353,46.9970703125
