11999000,0
381594,38.26904296875
381799,41.6259765625
381966,39.306640625
382099,39.00146484375
383060,39.36767578125
404238,39.36767578125
582026,38.330078125
582059,41.9921875
582127,38.9404296875
582160,40.46630859375
582487,38.02490234375
602213,37.41455078125
602494,39.4287109375
618247,37.7197265625
631625,37.9638671875
631792,40.46630859375
645449,42.3583984375
645727,38.330078125
667919,37.65869140625
677789,37.2314453125
726944,37.53662109375
736638,41.50390625
746733,38.818359375
757026,39.12353515625
787855,39.48974609375
832306,53.77197265625
843941,37.9638671875
856166,37.2314453125
869868,38.57421875
921837,37.17041015625
1339359,38.02490234375
1339672,44.12841796875
1489408,38.75732421875
1489651,41.015625
1636539,43.64013671875
1657795,38.818359375
1825143,37.04833984375
1825176,38.87939453125
1939844,37.65869140625
1940486,38.330078125
2018817,43.64013671875
2019281,40.58837890625
2162258,40.22216796875
2162561,43.0908203125
2162605,39.24560546875
2227257,43.701171875
2227552,40.1611328125
2227581,48.7060546875
2227765,38.57421875
2404010,37.65869140625
2404205,37.17041015625
2404278,40.8935546875
2404603,37.17041015625
2422225,38.14697265625
2422958,37.841796875
2506130,38.02490234375
2568654,40.46630859375
2568811,38.57421875
2568876,37.4755859375
2569095,38.2080078125
2569391,41.1376953125
2662168,39.36767578125
2662377,42.724609375
2678374,41.6259765625
2678481,40.34423828125
2678655,37.41455078125
2678982,38.330078125
2679624,39.1845703125
2693751,40.771484375
2694138,37.9638671875
2706818,37.9638671875
2718862,38.2080078125
2719050,41.015625
2731153,39.306640625
2741942,38.57421875
2742062,40.8935546875
2798486,39.0625
2807229,38.2080078125
2827075,37.59765625
2827451,41.259765625
2837695,37.04833984375
2904865,39.00146484375
2904952,38.330078125
2905155,37.353515625
2956503,37.90283203125
2956842,37.4755859375
3401231,54.26025390625
3401504,46.0205078125
3401770,38.818359375
3494667,37.90283203125
3600066,41.259765625
3600423,41.93115234375
3600498,49.9267578125
3601200,41.80908203125
3631057,46.875
3773558,37.109375
3773762,37.41455078125
3894496,49.49951171875
3894901,39.12353515625
3894970,44.189453125
3919835,37.53662109375
3920372,39.9169921875
3920476,43.0908203125
3920741,38.14697265625
3921046,39.6728515625
4059110,44.0673828125
4059304,39.1845703125
4059359,41.56494140625
4165292,45.41015625
4165371,37.17041015625
4188265,38.9404296875
4221193,46.7529296875
4221326,37.04833984375
4221598,43.39599609375
4221730,39.48974609375
4288762,37.841796875
4288902,39.4287109375
4289038,40.83251953125
4289562,39.36767578125
4304900,37.65869140625
4304939,38.4521484375
4318727,39.794921875
4318781,39.6728515625
4319054,38.6962890625
4343425,37.53662109375
4343758,44.86083984375
4366617,37.841796875
4377068,42.3583984375
4417025,38.2080078125
4426284,39.36767578125
4436918,39.97802734375
4521369,39.00146484375
4543689,39.97802734375
4543978,40.10009765625
4544040,37.4755859375
5004786,38.818359375
5005149,37.2314453125
5005718,37.353515625
5072321,41.259765625
5073263,39.36767578125
5110727,40.1611328125
5141489,37.2314453125
5141876,41.68701171875
5189560,38.63525390625
5189862,37.65869140625
5189967,37.90283203125
5228622,37.109375
5228970,37.9638671875
5252914,40.46630859375
5274316,37.65869140625
5274374,46.81396484375
5274856,43.701171875
5294304,40.34423828125
5294519,37.78076171875
5312096,38.330078125
5312211,38.6962890625
5329596,39.306640625
5344510,37.109375
5344845,38.26904296875
5356806,37.29248046875
5367907,38.0859375
5378292,37.65869140625
5388634,42.6025390625
5448098,39.55078125
5512116,39.73388671875
5535733,39.85595703125
5536034,37.7197265625
5563796,39.00146484375
5959538,39.61181640625
5959610,37.53662109375
5960521,38.6962890625
6125492,37.9638671875
6125598,38.87939453125
6125997,41.9921875
6193278,41.015625
6193770,39.0625
6289916,38.75732421875
6289940,46.0205078125
6290130,43.0908203125
6290917,40.4052734375
6318057,42.1142578125
6400461,38.818359375
6400689,37.59765625
6429404,38.2080078125
6429851,38.6962890625
6482110,43.76220703125
6518679,45.71533203125
6518802,37.78076171875
6548625,38.0859375
6548880,38.2080078125
6549079,37.65869140625
6570088,43.88427734375
6584804,39.85595703125
6585020,37.4755859375
6599685,37.53662109375
6599968,38.330078125
6611137,38.4521484375
6611169,38.02490234375
6611539,37.59765625
6612172,38.39111328125
6652332,37.7197265625
6652426,37.78076171875
6662294,37.353515625
6682375,37.29248046875
6802462,38.75732421875
7347305,41.6259765625
7347372,45.71533203125
7415920,40.10009765625
7416105,37.17041015625
7416458,37.59765625
7491944,37.4755859375
7498183,43.701171875
7498311,39.12353515625
7498367,40.34423828125
7563343,37.65869140625
7563479,41.1376953125
7563593,37.109375
7563786,38.330078125
7564117,37.4755859375
7564577,37.4755859375
7655046,37.29248046875
7655173,42.48046875
7679771,39.73388671875
7722443,39.1845703125
7722462,40.283203125
7722569,39.24560546875
7759455,37.353515625
7779033,37.17041015625
7779308,38.4521484375
7779648,40.52734375
7791925,45.2880859375
7792544,42.236328125
7793128,38.14697265625
7817664,42.54150390625
7817971,38.2080078125
7828995,37.53662109375
7848835,39.36767578125
7848861,37.04833984375
7867149,37.65869140625
7876811,40.8935546875
7925409,38.26904296875
7968212,37.109375
7968240,37.29248046875
7968880,39.97802734375
7992089,43.02978515625
8026328,37.65869140625
8472876,37.53662109375
8472887,40.71044921875
8473036,46.93603515625
8473239,44.86083984375
8473273,47.18017578125
8574708,40.1611328125
8574832,40.6494140625
8574963,40.83251953125
8682948,37.65869140625
8683575,39.61181640625
8684033,39.6728515625
8769121,37.04833984375
8829242,40.8935546875
8829353,37.65869140625
8829610,37.41455078125
8878213,39.4287109375
8878349,39.61181640625
8878762,37.4755859375
8950268,38.87939453125
8978143,39.73388671875
9004043,45.59326171875
9004361,46.69189453125
9004380,43.3349609375
9054077,37.53662109375
9087149,37.53662109375
9087236,37.9638671875
9124800,38.39111328125
9125088,37.109375
9125239,47.30224609375
9151414,42.48046875
9151625,39.6728515625
9151746,40.1611328125
9151785,38.0859375
9151915,40.283203125
9153888,38.818359375
9173372,37.7197265625
9173773,44.49462890625
9174219,39.24560546875
9217073,39.6728515625
9217140,38.6962890625
9217328,39.00146484375
9258850,51.69677734375
9259601,39.9169921875
9422602,44.61669921875
9422678,41.015625
9550222,38.57421875
9550441,39.61181640625
9613315,39.6728515625
9739533,37.90283203125
9739605,59.4482421875
9739733,38.57421875
9794695,37.353515625
9794967,38.26904296875
9849849,37.65869140625
9849962,39.36767578125
9850486,42.66357421875
9851197,42.05322265625
9897790,37.2314453125
9897900,38.2080078125
9946913,37.41455078125
9947125,39.9169921875
9947196,38.63525390625
9947244,39.48974609375
9947535,37.41455078125
9987499,39.306640625
10015010,38.4521484375
10059180,39.00146484375
10078139,45.2880859375
10095246,38.4521484375
10111101,38.330078125
10134968,41.015625
10156501,37.7197265625
10175596,37.04833984375
10185828,39.9169921875
10226499,37.29248046875
10258532,37.9638671875
10311686,42.66357421875
10312250,40.22216796875
10885654,39.0625
10885812,39.0625
10886471,38.0859375
10959477,37.353515625
10959519,37.9638671875
10985659,38.818359375
11031636,40.1611328125
11031727,39.4287109375
11031787,43.701171875
11031932,40.52734375
11071879,38.14697265625
11071978,38.2080078125
11090795,37.2314453125
11090908,37.4755859375
11107884,40.1611328125
11108201,38.818359375
11125636,39.36767578125
11140660,37.78076171875
11141248,45.71533203125
11154943,42.3583984375
11167667,37.29248046875
11167722,39.61181640625
11167856,39.55078125
11168000,38.2080078125
11178968,38.4521484375
11179103,38.6962890625
11189304,39.97802734375
11189499,38.6962890625
11199644,37.59765625
11200097,37.65869140625
11242510,38.63525390625
11286289,37.90283203125
11286398,38.0859375
11646503,42.41943359375
11647150,38.330078125
11698526,38.26904296875
11778349,40.95458984375
11778920,37.41455078125
11778979,37.4755859375
11846397,42.41943359375
11846749,38.0859375
11871030,40.46630859375
11892861,39.85595703125
11911401,38.51318359375
11948089,39.36767578125
11948361,38.0859375
11967457,42.78564453125
