11999000,0
381687,38.2080078125
381712,40.34423828125
381764,38.2080078125
381798,38.6962890625
381811,59.87548828125
381835,46.69189453125
381870,45.71533203125
381902,71.71630859375
381942,38.39111328125
381969,52.734375
382045,79.833984375
382076,48.88916015625
382102,47.66845703125
382118,39.6728515625
382196,44.677734375
382229,43.45703125
382258,38.2080078125
382931,41.50390625
403555,42.90771484375
403640,60.6689453125
403693,40.95458984375
403736,61.58447265625
403751,50.9033203125
403814,40.95458984375
403878,42.6025390625
403963,44.677734375
404003,55.7861328125
404026,38.14697265625
404091,41.748046875
404202,38.02490234375
581803,45.22705078125
581840,45.10498046875
581864,45.2880859375
581898,57.43408203125
581921,61.6455078125
581935,77.81982421875
581958,38.26904296875
581973,46.69189453125
582045,46.875
582141,40.46630859375
582276,48.7060546875
582423,38.87939453125
601874,43.5791015625
601891,43.701171875
601970,49.1943359375
601996,54.26025390625
602030,45.41015625
602068,39.4287109375
602155,39.6728515625
602231,39.85595703125
602383,43.0908203125
602469,42.05322265625
602571,38.63525390625
602798,41.80908203125
603535,38.4521484375
617917,46.142578125
618021,39.1845703125
618108,52.8564453125
618165,47.4853515625
618271,41.748046875
618289,50.78125
618452,53.28369140625
618559,42.90771484375
618668,44.25048828125
618936,39.1845703125
619027,39.24560546875
619890,39.9169921875
631412,38.57421875
631577,40.71044921875
631663,38.39111328125
631733,40.771484375
631799,45.59326171875
631937,38.330078125
631959,39.6728515625
632077,38.4521484375
632389,40.71044921875
632429,40.4052734375
632740,43.3349609375
633010,43.0908203125
645250,41.9921875
645270,40.58837890625
645551,40.46630859375
645681,38.9404296875
645741,44.5556640625
645757,42.1142578125
645808,47.42431640625
645872,38.6962890625
645918,50.048828125
645955,43.8232421875
646083,38.4521484375
646258,39.00146484375
646330,40.34423828125
646456,39.4287109375
647250,38.2080078125
656009,42.05322265625
656085,42.29736328125
656136,42.54150390625
656263,40.10009765625
656288,40.52734375
656401,40.8935546875
656550,43.76220703125
657197,38.57421875
667443,38.0859375
667498,45.0439453125
667508,49.1943359375
667608,40.283203125
667710,38.75732421875
667932,39.73388671875
667985,38.63525390625
677350,45.22705078125
677390,42.8466796875
677447,50.29296875
677512,50.29296875
677636,38.39111328125
677665,56.57958984375
677703,49.8046875
678066,45.10498046875
678260,42.6025390625
687019,42.41943359375
687038,46.5087890625
687493,40.95458984375
687716,50.048828125
687787,42.3583984375
687803,43.15185546875
687878,43.701171875
696633,45.34912109375
696689,50.537109375
696862,38.75732421875
696912,41.259765625
706731,42.6025390625
706814,42.48046875
707127,38.818359375
707495,47.79052734375
707568,45.2880859375
708382,40.95458984375
718455,46.44775390625
718474,39.0625
718898,39.1845703125
718946,46.69189453125
727027,41.8701171875
727051,40.46630859375
727165,38.4521484375
727359,38.0859375
727489,42.724609375
727571,40.10009765625
728219,39.73388671875
736339,39.9169921875
736601,52.79541015625
737065,41.56494140625
746381,38.87939453125
746415,38.57421875
746557,43.88427734375
746672,42.29736328125
747028,40.52734375
747131,38.63525390625
747176,40.4052734375
756719,44.25048828125
756932,46.0205078125
756953,46.2646484375
766409,43.51806640625
766484,46.2646484375
776931,40.52734375
777121,41.8701171875
777245,44.5556640625
777417,46.630859375
777602,42.96875
777762,42.6025390625
787449,43.701171875
787797,39.0625
787857,42.05322265625
788069,39.61181640625
797757,43.88427734375
797819,38.818359375
797935,39.48974609375
797977,42.724609375
798058,48.583984375
798168,38.14697265625
798210,39.48974609375
798224,38.2080078125
798257,38.75732421875
798467,38.02490234375
798575,47.54638671875
808995,39.1845703125
809189,40.283203125
809432,40.83251953125
809466,41.50390625
809874,39.794921875
819890,38.14697265625
819958,39.6728515625
820072,39.4287109375
820295,38.02490234375
820443,43.0908203125
820477,38.9404296875
820664,39.9169921875
820675,41.015625
820737,46.44775390625
820904,39.794921875
831816,39.6728515625
831844,39.4287109375
831972,39.00146484375
832335,49.6826171875
832520,38.818359375
843803,40.771484375
844058,38.57421875
844173,40.95458984375
844187,39.00146484375
844268,38.0859375
855644,39.36767578125
855866,44.49462890625
856017,45.83740234375
856049,44.12841796875
856113,44.37255859375
856181,38.9404296875
856656,44.677734375
869506,41.68701171875
869593,48.52294921875
869730,38.57421875
869867,39.1845703125
869978,49.560546875
869993,39.0625
870236,45.41015625
885003,40.6494140625
885132,38.51318359375
885783,38.2080078125
904429,42.66357421875
904543,39.9169921875
904590,38.9404296875
904671,39.0625
904836,39.0625
904880,38.63525390625
905161,43.76220703125
905182,40.58837890625
905229,39.00146484375
921793,46.20361328125
921847,38.87939453125
921962,41.9921875
921973,43.64013671875
922011,42.41943359375
922105,38.39111328125
922153,46.875
922465,42.96875
922693,41.07666015625
1339303,52.3681640625
1339328,52.8564453125
1339346,65.3076171875
1339396,38.75732421875
1339533,40.34423828125
1339551,42.90771484375
1339624,46.38671875
1339665,42.17529296875
1339730,40.10009765625
1339748,54.19921875
1339892,47.42431640625
1340613,41.1376953125
1341278,42.17529296875
1341348,47.42431640625
1362935,39.12353515625
1362970,48.7060546875
1362999,42.78564453125
1363147,38.75732421875
1363268,40.1611328125
1363290,39.4287109375
1363538,50.048828125
1363707,41.07666015625
1363813,44.921875
1363941,39.85595703125
1364080,40.1611328125
1364115,42.29736328125
1365116,39.0625
1489109,40.46630859375
1489182,45.10498046875
1489201,47.4853515625
1489257,42.1142578125
1489283,40.83251953125
1489322,51.57470703125
1489377,60.791015625
1489412,45.654296875
1489475,48.52294921875
1489525,38.0859375
1489582,40.83251953125
1489678,50.29296875
1636416,44.7998046875
1636473,52.24609375
1636594,60.302734375
1636613,39.6728515625
1636701,42.1142578125
1636735,44.49462890625
1636750,63.1103515625
1636780,44.37255859375
1636790,40.4052734375
1636853,51.94091796875
1636906,62.6220703125
1636937,42.96875
1657819,38.51318359375
1657907,38.26904296875
1658013,52.18505859375
1658137,38.87939453125
1658149,41.07666015625
1658186,48.4619140625
1658252,39.12353515625
1658290,51.45263671875
1658375,44.677734375
1658386,38.51318359375
1658577,46.20361328125
1658674,38.51318359375
1658912,40.4052734375
1658931,38.9404296875
1824666,38.87939453125
1824729,38.14697265625
1824847,38.63525390625
1824905,56.640625
1824955,42.41943359375
1825070,39.794921875
1825168,41.80908203125
1825185,40.83251953125
1825255,43.701171875
1825332,39.97802734375
1825437,45.8984375
1825706,40.95458984375
1825979,39.0625
1826401,39.9169921875
1826441,44.00634765625
1827036,41.6259765625
1939802,46.81396484375
1939838,39.1845703125
1939858,50.96435546875
1939895,41.015625
1939988,44.37255859375
1940033,40.71044921875
1940051,39.24560546875
1940088,43.212890625
1940118,43.212890625
1940177,43.3349609375
1940205,41.19873046875
1940245,45.2880859375
1940294,65.49072265625
1940456,48.76708984375
1940604,41.015625
1940770,41.3818359375
1940924,41.9921875
1941228,44.25048828125
1941501,42.41943359375
2018638,39.0625
2018818,41.9921875
2018848,53.466796875
2018877,60.791015625
2018912,39.73388671875
2018948,61.95068359375
2019016,38.0859375
2019034,51.57470703125
2019174,46.38671875
2019199,38.4521484375
2019292,46.69189453125
2019492,39.55078125
2019966,38.2080078125
2020842,47.36328125
2020882,39.00146484375
2161892,46.9970703125
2162035,49.49951171875
2162057,40.6494140625
2162089,39.73388671875
2162117,54.87060546875
2162142,41.9921875
2162157,57.67822265625
2162197,50.048828125
2162223,39.6728515625
2162242,49.49951171875
2162284,53.52783203125
2162319,40.95458984375
2162411,40.71044921875
2162454,39.00146484375
2162473,41.9921875
2162498,43.02978515625
2162741,42.78564453125
2163430,38.57421875
2164125,40.83251953125
2227319,49.25537109375
2227400,39.73388671875
2227430,40.46630859375
2227451,57.373046875
2227487,45.654296875
2227512,42.48046875
2227608,54.13818359375
2227626,49.31640625
2227731,45.83740234375
2227758,38.39111328125
2227783,44.00634765625
2228898,41.32080078125
2404065,41.015625
2404141,50.048828125
2404172,44.61669921875
2404211,69.3359375
2404221,61.82861328125
2404269,54.74853515625
2404292,80.6884765625
2404318,61.21826171875
2404392,40.83251953125
2404420,50.72021484375
2404439,67.626953125
2404514,50.4150390625
2404544,41.6259765625
2405326,39.1845703125
2405410,38.02490234375
2405799,45.59326171875
2421852,64.39208984375
2421889,42.1142578125
2421952,42.17529296875
2422039,45.41015625
2422086,45.95947265625
2422187,39.73388671875
2422224,38.14697265625
2422249,51.1474609375
2422317,38.51318359375
2422369,44.0673828125
2422433,51.513671875
2422478,40.0390625
2422593,44.00634765625
2422717,67.07763671875
2422732,38.87939453125
2422959,39.794921875
2423013,40.10009765625
2423225,39.73388671875
2505130,42.3583984375
2505169,38.26904296875
2505247,46.08154296875
2505281,44.98291015625
2505333,46.08154296875
2505349,59.99755859375
2505370,41.19873046875
2505434,43.64013671875
2505466,43.88427734375
2505596,51.26953125
2505686,41.56494140625
2506738,43.02978515625
2506781,40.46630859375
2568566,38.57421875
2568594,42.96875
2568638,45.22705078125
2568652,39.1845703125
2568681,42.1142578125
2568699,41.8701171875
2568743,45.7763671875
2568785,44.25048828125
2568850,50.29296875
2568878,50.84228515625
2568935,44.49462890625
2568981,53.40576171875
2569004,39.4287109375
2569119,49.4384765625
2569156,45.8984375
2569384,42.78564453125
2569533,39.73388671875
2639484,43.3349609375
2639658,44.25048828125
2639736,38.0859375
2639764,45.22705078125
2639844,45.95947265625
2639912,44.7998046875
2639926,39.1845703125
2640067,41.19873046875
2640096,42.6025390625
2640111,45.41015625
2640317,38.26904296875
2640511,44.677734375
2640791,38.39111328125
2641214,45.166015625
2641238,38.2080078125
2662079,49.37744140625
2662109,40.8935546875
2662181,46.0205078125
2662207,40.34423828125
2662304,49.98779296875
2662362,41.19873046875
2662549,45.5322265625
2662643,44.00634765625
2662711,38.4521484375
2662932,51.20849609375
2663130,40.71044921875
2663329,38.14697265625
2678505,45.5322265625
2678515,55.84716796875
2678600,39.73388671875
2678653,54.0771484375
2678666,38.39111328125
2678687,44.49462890625
2678800,48.88916015625
2678838,42.3583984375
2678849,50.4150390625
2678878,42.05322265625
2678930,39.97802734375
2679197,40.46630859375
2679394,48.9501953125
2679593,38.51318359375
2679731,44.5556640625
2693620,40.10009765625
2693639,39.61181640625
2693738,39.97802734375
2693801,46.630859375
2694169,39.4287109375
2694228,39.85595703125
2694280,46.32568359375
2694330,40.4052734375
2694411,47.42431640625
2694427,39.794921875
2694466,40.283203125
2694651,42.3583984375
2694823,42.6025390625
2706750,51.33056640625
2706806,41.015625
2706866,42.48046875
2706998,41.6259765625
2707110,50.23193359375
2707279,39.12353515625
2707514,43.701171875
2719005,42.54150390625
2719109,45.83740234375
2719159,43.212890625
2719173,41.80908203125
2719207,46.69189453125
2719333,39.85595703125
2719459,48.095703125
2719528,38.39111328125
2719725,41.8701171875
2720216,39.00146484375
2730637,46.7529296875
2730668,46.08154296875
2730705,38.75732421875
2730782,38.39111328125
2741841,41.07666015625
2742021,41.6259765625
2742123,45.71533203125
2742267,38.14697265625
2742337,38.75732421875
2742430,39.73388671875
2742483,39.6728515625
2742597,41.07666015625
2742646,41.07666015625
2752050,47.119140625
2752091,50.47607421875
2752263,53.64990234375
2752803,41.8701171875
2760873,42.54150390625
2761188,41.07666015625
2761295,38.2080078125
2761444,38.2080078125
2769878,41.3818359375
2769920,44.921875
2770001,40.0390625
2770055,45.41015625
2770213,39.1845703125
2770673,39.4287109375
2771096,40.83251953125
2779413,40.52734375
2779450,44.25048828125
2779610,40.1611328125
2779819,41.93115234375
2779944,46.93603515625
2779976,41.259765625
2780256,42.17529296875
2789297,43.76220703125
2789457,50.78125
2789537,39.9169921875
2789791,45.34912109375
2789956,38.87939453125
2798224,38.26904296875
2798643,41.50390625
2807413,44.12841796875
2807453,40.71044921875
2816565,38.57421875
2816630,40.771484375
2816780,52.490234375
2817159,38.57421875
2827029,38.63525390625
2827314,42.78564453125
2827851,39.97802734375
2837606,48.4619140625
2837983,42.17529296875
2848149,39.794921875
2848434,38.51318359375
2848475,43.39599609375
2849045,40.283203125
2859044,48.40087890625
2859341,40.4052734375
2859407,38.63525390625
2870120,39.306640625
2870226,43.8232421875
2870242,41.9921875
2881067,39.48974609375
2881173,44.5556640625
2881515,47.4853515625
2892321,40.95458984375
2892413,41.68701171875
2892733,38.87939453125
2892765,38.87939453125
2893018,40.34423828125
2904481,38.2080078125
2904565,40.4052734375
2904582,45.83740234375
2904667,39.794921875
2905015,44.37255859375
2905082,44.98291015625
2905483,44.98291015625
2916848,42.8466796875
2917027,40.83251953125
2917106,40.46630859375
2917341,44.0673828125
2917471,41.56494140625
2917541,39.12353515625
2936463,44.43359375
2936518,49.8046875
2936541,45.2880859375
2936601,46.20361328125
2936635,39.24560546875
2936694,49.25537109375
2936735,40.71044921875
2937077,41.50390625
2956569,38.4521484375
2956663,38.2080078125
2956673,57.861328125
2956863,43.212890625
2956940,38.63525390625
2957067,38.4521484375
2957093,38.0859375
2957242,41.9921875
3401168,39.12353515625
3401247,57.0068359375
3401269,38.26904296875
3401320,51.20849609375
3401332,38.87939453125
3401352,38.63525390625
3401446,63.96484375
3401515,48.88916015625
3401545,38.0859375
3401590,63.41552734375
3402202,39.794921875
3402245,46.20361328125
3494267,38.51318359375
3494359,42.8466796875
3494385,44.921875
3494455,42.41943359375
3494512,53.40576171875
3494523,44.677734375
3494563,60.97412109375
3494610,40.58837890625
3494691,38.26904296875
3494843,40.1611328125
3494953,49.072265625
3600229,38.818359375
3600257,39.36767578125
3600287,43.76220703125
3600311,47.36328125
3600421,50.29296875
3600452,39.4287109375
3600475,47.7294921875
3600485,44.73876953125
3600549,42.1142578125
3600582,41.6259765625
3600614,42.17529296875
3600658,38.57421875
3600797,38.6962890625
3601020,46.630859375
3602321,38.57421875
3630629,43.39599609375
3630704,55.2978515625
3630724,58.77685546875
3630743,38.4521484375
3630825,39.97802734375
3630895,50.47607421875
3630937,48.40087890625
3630968,57.43408203125
3630993,55.908203125
3631072,39.73388671875
3631171,53.52783203125
3631280,47.42431640625
3631343,47.8515625
3631407,48.64501953125
3631451,39.55078125
3631638,39.36767578125
3773102,49.1943359375
3773160,41.9921875
3773198,50.048828125
3773242,50.048828125
3773301,50.537109375
3773348,46.38671875
3773377,41.8701171875
3773418,38.63525390625
3773447,44.921875
3773459,40.71044921875
3773535,41.6259765625
3773686,38.14697265625
3774295,40.0390625
3776142,38.2080078125
3894637,39.12353515625
3894668,54.38232421875
3894700,40.52734375
3894715,43.8232421875
3894738,43.212890625
3894778,64.27001953125
3894797,59.87548828125
3894839,39.97802734375
3894859,45.41015625
3894873,45.7763671875
3894903,43.701171875
3894933,38.63525390625
3894973,45.83740234375
3895037,39.4287109375
3895079,38.6962890625
3895512,43.3349609375
3895981,40.6494140625
3919711,39.61181640625
3919813,51.3916015625
3919836,38.6962890625
3919904,40.52734375
3919942,38.14697265625
3920003,43.8232421875
3920054,44.86083984375
3920075,42.54150390625
3920125,46.20361328125
3920153,39.4287109375
3920297,40.83251953125
3920444,54.6875
3920471,45.166015625
3920505,42.41943359375
3920551,39.00146484375
3920671,43.8232421875
3920799,58.53271484375
3920893,40.4052734375
3921229,39.73388671875
3921745,40.4052734375
4058952,47.42431640625
4059015,40.0390625
4059100,44.43359375
4059153,40.46630859375
4059234,46.08154296875
4059251,63.90380859375
4059280,53.03955078125
4059403,42.54150390625
4059518,46.32568359375
4059613,49.9267578125
4059652,38.330078125
4059683,41.19873046875
4059760,45.47119140625
4060076,41.1376953125
4165217,50.29296875
4165264,42.3583984375
4165296,52.734375
4165330,44.0673828125
4165349,41.50390625
4165405,63.3544921875
4165429,44.37255859375
4165470,53.77197265625
4165537,43.8232421875
4165577,47.79052734375
4165612,48.64501953125
4165651,42.96875
4165694,38.9404296875
4165779,47.607421875
4165862,47.05810546875
4188019,40.771484375
4188070,39.0625
4188081,41.19873046875
4188137,47.36328125
4188186,40.71044921875
4188222,38.02490234375
4188280,45.71533203125
4188345,38.75732421875
4188388,42.78564453125
4188519,38.75732421875
4188652,38.51318359375
4188708,68.42041015625
4188737,51.57470703125
4188821,44.189453125
4189054,44.43359375
4189446,42.66357421875
4189589,39.0625
4221002,38.87939453125
4221068,51.7578125
4221094,40.22216796875
4221223,63.29345703125
4221249,44.0673828125
4221282,45.83740234375
4221337,43.15185546875
4221412,38.26904296875
4221446,44.86083984375
4221572,45.71533203125
4221617,41.07666015625
4221687,44.00634765625
4222367,41.44287109375
4222489,39.1845703125
4257400,42.1142578125
4257426,40.6494140625
4257456,41.259765625
4257528,46.81396484375
4257590,38.14697265625
4257620,43.45703125
4257655,48.15673828125
4257680,39.9169921875
4257731,46.08154296875
4257899,51.81884765625
4257959,39.00146484375
4257977,44.5556640625
4258014,38.330078125
4258031,42.66357421875
4258131,41.50390625
4258176,46.32568359375
4258567,45.41015625
4258764,48.2177734375
4288494,45.71533203125
4288554,38.4521484375
4288643,56.57958984375
4288680,43.45703125
4288719,40.83251953125
4288754,59.26513671875
4288823,46.142578125
4288903,50.29296875
4289052,38.0859375
4289143,41.6259765625
4289200,49.86572265625
4289399,39.794921875
4289445,41.748046875
4304674,46.44775390625
4304696,47.2412109375
4304733,40.4052734375
4304777,47.7294921875
4304789,41.56494140625
4304856,42.1142578125
4305021,49.6826171875
4305096,49.49951171875
4305145,53.22265625
4305244,40.46630859375
4305283,42.6025390625
4305325,40.10009765625
4305401,38.39111328125
4305537,39.24560546875
4305648,38.0859375
4305868,44.00634765625
4306022,40.34423828125
4318679,51.1474609375
4318703,38.6962890625
4318766,42.48046875
4318803,39.4287109375
4318833,41.6259765625
4318862,40.46630859375
4318920,41.6259765625
4318957,42.236328125
4318996,49.01123046875
4319146,54.13818359375
4319159,54.38232421875
4319182,41.19873046875
4319267,49.25537109375
4319321,40.283203125
4319413,38.51318359375
4319447,40.52734375
4320022,43.51806640625
4332265,47.42431640625
4332351,38.02490234375
4332375,51.57470703125
4332443,48.7060546875
4332471,41.68701171875
4332535,40.34423828125
4332567,39.73388671875
4332704,44.5556640625
4332908,50.9033203125
4333011,38.75732421875
4333089,39.00146484375
4333237,41.015625
4333305,41.44287109375
4343305,41.259765625
4343331,50.78125
4343347,52.55126953125
4343445,40.52734375
4343687,39.36767578125
4343957,45.47119140625
4343980,38.2080078125
4344119,38.14697265625
4344635,39.61181640625
4355235,40.0390625
4355274,42.48046875
4355336,39.12353515625
4355585,44.189453125
4355620,42.48046875
4355666,41.9921875
4355681,46.875
4355711,46.81396484375
4356038,39.12353515625
4365624,38.4521484375
4365736,41.68701171875
4365925,43.45703125
4366298,38.14697265625
4366344,39.55078125
4366428,44.98291015625
4376353,38.9404296875
4376469,38.14697265625
4376506,45.10498046875
4376590,40.6494140625
4377193,41.32080078125
4387195,49.86572265625
4387256,45.41015625
4387319,40.95458984375
4387345,41.259765625
4387414,42.724609375
4387728,38.39111328125
4388028,42.29736328125
4396738,38.2080078125
4396756,40.8935546875
4396798,41.68701171875
4396964,40.52734375
4397734,39.4287109375
4406407,38.4521484375
4406464,39.36767578125
4406578,48.2177734375
4406777,41.748046875
4407737,39.00146484375
4416153,40.83251953125
4416301,53.16162109375
4416472,41.56494140625
4416790,38.0859375
4417172,40.0390625
4426003,43.15185546875
4426016,38.4521484375
4426262,40.283203125
4426587,48.828125
4426715,41.07666015625
4436157,43.51806640625
4436473,48.76708984375
4436524,45.83740234375
4436849,39.24560546875
4446134,40.4052734375
4446314,44.43359375
4456655,42.78564453125
4456686,44.73876953125
4456938,38.330078125
4457339,40.6494140625
4468245,39.73388671875
4468491,38.63525390625
4468513,39.61181640625
4468571,52.3681640625
4468830,41.259765625
4468872,39.97802734375
4468950,41.50390625
4479249,41.748046875
4479369,44.73876953125
4479838,39.00146484375
4479961,40.22216796875
4480143,42.17529296875
4491862,55.84716796875
4491952,49.74365234375
4492059,45.47119140625
4492135,38.75732421875
4492567,41.50390625
4506448,40.6494140625
4506465,38.39111328125
4506605,38.4521484375
4506686,38.57421875
4506954,44.12841796875
4507136,40.283203125
4521390,38.9404296875
4521466,42.6025390625
4521498,45.166015625
4521510,39.85595703125
4521587,39.61181640625
4521661,38.6962890625
4521693,40.283203125
4521856,45.71533203125
4521894,44.98291015625
4521957,39.4287109375
4522046,41.259765625
4543778,42.17529296875
4543830,50.1708984375
4543872,45.95947265625
4543953,51.26953125
4543995,41.015625
4544013,45.10498046875
4544115,41.56494140625
4544168,41.8701171875
4544248,41.748046875
4544356,49.74365234375
4544515,42.78564453125
4544555,41.50390625
4544766,39.9169921875
5004714,47.119140625
5004792,40.52734375
5004921,40.10009765625
5004978,49.9267578125
5005034,41.9921875
5005083,46.142578125
5005105,45.34912109375
5005596,38.14697265625
5006410,39.0625
5072573,46.32568359375
5072642,48.64501953125
5072674,54.0771484375
5072688,48.76708984375
5072709,40.83251953125
5072778,42.54150390625
5072816,46.2646484375
5072860,49.1943359375
5072911,44.00634765625
5072966,38.9404296875
5073017,38.330078125
5073041,72.08251953125
5073143,39.24560546875
5073325,38.2080078125
5074390,38.330078125
5110259,39.9169921875
5110374,42.78564453125
5110410,41.19873046875
5110474,42.724609375
5110497,50.47607421875
5110526,39.36767578125
5110577,61.58447265625
5110738,45.34912109375
5110840,45.47119140625
5110936,41.93115234375
5110984,41.32080078125
5111077,38.818359375
5112194,40.6494140625
5141301,44.12841796875
5141322,71.6552734375
5141340,40.10009765625
5141403,41.07666015625
5141498,38.6962890625
5141509,39.61181640625
5141598,48.52294921875
5141621,39.12353515625
5141633,39.0625
5141670,38.4521484375
5141704,40.34423828125
5141718,39.55078125
5141745,52.91748046875
5141817,40.1611328125
5141866,38.51318359375
5141988,40.6494140625
5142108,38.51318359375
5142153,38.87939453125
5142191,39.1845703125
5142230,44.0673828125
5142678,39.85595703125
5189547,40.283203125
5189597,50.048828125
5189656,38.818359375
5189681,40.52734375
5189711,40.83251953125
5189756,39.4287109375
5189803,40.34423828125
5189847,39.12353515625
5189860,47.42431640625
5189874,43.76220703125
5189921,43.9453125
5190058,51.1474609375
5190102,41.32080078125
5190815,46.32568359375
5191862,38.26904296875
5228379,43.76220703125
5228461,57.67822265625
5228509,48.76708984375
5228525,41.32080078125
5228576,40.95458984375
5228633,39.48974609375
5228665,59.9365234375
5228686,38.2080078125
5228733,50.537109375
5228859,38.57421875
5229097,39.306640625
5229118,41.32080078125
5229184,42.1142578125
5230231,39.36767578125
5252561,43.27392578125
5252632,42.05322265625
5252674,48.33984375
5252684,47.18017578125
5252760,47.66845703125
5252811,44.43359375
5252892,53.64990234375
5252923,40.0390625
5252996,46.630859375
5253152,48.33984375
5253332,47.66845703125
5253342,44.49462890625
5253412,38.4521484375
5253472,48.4619140625
5253665,40.6494140625
5253805,40.0390625
5274178,40.83251953125
5274237,38.6962890625
5274285,41.32080078125
5274336,47.54638671875
5274362,52.91748046875
5274373,57.9833984375
5274403,48.76708984375
5274436,39.48974609375
5274477,44.3115234375
5274559,38.02490234375
5274605,42.78564453125
5274636,43.5791015625
5274816,44.921875
5275126,38.63525390625
5275733,42.54150390625
5294315,44.37255859375
5294356,38.87939453125
5294403,43.51806640625
5294509,44.3115234375
5294567,40.6494140625
5294750,44.25048828125
5294803,47.607421875
5294886,38.6962890625
5294965,47.607421875
5295011,40.46630859375
5295193,46.38671875
5295440,42.1142578125
5312122,39.85595703125
5312265,44.00634765625
5312292,72.57080078125
5312478,40.283203125
5312498,40.0390625
5312528,48.76708984375
5312580,47.8515625
5312635,38.26904296875
5312680,39.4287109375
5312736,51.3916015625
5312812,40.1611328125
5312946,48.583984375
5313173,44.5556640625
5313199,42.78564453125
5313343,38.4521484375
5328905,38.57421875
5329034,42.48046875
5329085,38.2080078125
5329156,43.212890625
5329190,40.283203125
5329213,41.015625
5329292,46.44775390625
5329357,49.37744140625
5329585,38.0859375
5329654,39.306640625
5329708,42.05322265625
5329954,40.22216796875
5330076,38.0859375
5330324,43.701171875
5344423,41.748046875
5344434,41.8701171875
5344472,42.05322265625
5344494,45.2880859375
5344523,38.2080078125
5344798,39.55078125
5344858,42.90771484375
5344913,48.4619140625
5345138,40.34423828125
5345258,46.08154296875
5356220,38.51318359375
5356268,39.6728515625
5356485,39.6728515625
5356568,45.7763671875
5356773,38.26904296875
5356891,50.4150390625
5356903,54.01611328125
5356977,40.22216796875
5367767,38.4521484375
5368026,51.26953125
5368121,48.27880859375
5368199,38.0859375
5378169,38.330078125
5378460,41.50390625
5378473,54.6875
5378501,46.44775390625
5378647,46.38671875
5378707,43.0908203125
5378902,39.61181640625
5378952,40.22216796875
5388206,39.36767578125
5388313,40.95458984375
5388343,46.56982421875
5388428,40.46630859375
5388491,38.9404296875
5388665,40.8935546875
5388896,41.748046875
5388945,43.0908203125
5398765,46.81396484375
5398833,39.4287109375
5399165,39.73388671875
5399340,41.56494140625
5399383,44.00634765625
5399418,38.4521484375
5408208,44.98291015625
5408327,38.75732421875
5408529,43.0908203125
5408576,38.330078125
5408702,39.97802734375
5408836,46.2646484375
5408849,45.8984375
5408978,38.63525390625
5417569,50.6591796875
5418443,39.9169921875
5426774,38.0859375
5426989,38.2080078125
5427110,45.83740234375
5427156,47.54638671875
5427433,59.14306640625
5427722,40.46630859375
5436854,43.88427734375
5436880,40.6494140625
5436974,44.61669921875
5437018,49.4384765625
5437073,38.26904296875
5437251,44.73876953125
5447141,39.4287109375
5447238,38.57421875
5447265,39.24560546875
5447421,38.75732421875
5447456,39.97802734375
5447653,43.39599609375
5447669,38.6962890625
5457693,40.58837890625
5457769,47.2412109375
5457789,39.9169921875
5457851,46.5087890625
5457925,45.95947265625
5458102,43.76220703125
5458342,39.73388671875
5468545,45.2880859375
5477426,39.55078125
5477472,38.9404296875
5477572,45.0439453125
5477623,39.6728515625
5477716,45.5322265625
5477861,38.14697265625
5488140,43.212890625
5488377,39.9169921875
5488655,40.8935546875
5500056,38.87939453125
5500239,38.2080078125
5500265,43.212890625
5500403,42.8466796875
5500498,44.61669921875
5500656,38.14697265625
5500703,43.15185546875
5500822,38.0859375
5500862,42.90771484375
5501028,40.83251953125
5512110,41.80908203125
5512298,44.25048828125
5512323,43.02978515625
5512480,41.32080078125
5512671,43.27392578125
5523253,42.6025390625
5523379,42.78564453125
5523446,38.818359375
5523478,49.37744140625
5523748,38.02490234375
5524539,39.85595703125
5535802,48.2177734375
5535850,40.4052734375
5535956,38.75732421875
5536104,46.81396484375
5547546,39.00146484375
5547640,40.283203125
5547704,38.6962890625
5547737,40.71044921875
5548316,39.0625
5563531,38.6962890625
5563636,43.51806640625
5563680,40.95458984375
5563793,40.283203125
5563907,45.34912109375
5564110,38.4521484375
5959499,55.84716796875
5959531,58.41064453125
5959546,51.513671875
5959572,54.99267578125
5959629,59.4482421875
5959649,47.4853515625
5959670,44.12841796875
5959719,46.2646484375
5960019,41.19873046875
5962057,38.63525390625
6125214,38.818359375
6125373,49.13330078125
6125448,66.71142578125
6125500,65.185546875
6125588,42.29736328125
6125631,53.28369140625
6125683,44.86083984375
6125723,43.701171875
6125762,49.49951171875
6125836,38.9404296875
6125869,50.048828125
6128443,38.2080078125
6193276,53.16162109375
6193308,55.7861328125
6193336,48.9501953125
6193359,41.3818359375
6193393,54.13818359375
6193403,62.31689453125
6193451,42.54150390625
6193486,47.30224609375
6193500,39.0625
6193526,39.00146484375
6193552,52.30712890625
6193571,39.00146484375
6193634,40.83251953125
6193687,43.45703125
6193749,40.1611328125
6194086,41.19873046875
6194305,42.96875
6194517,39.9169921875
6289709,42.724609375
6289838,39.85595703125
6289883,44.25048828125
6289904,39.794921875
6289958,52.490234375
6289977,54.19921875
6289996,50.23193359375
6290049,44.3115234375
6290059,40.6494140625
6290112,46.2646484375
6290164,48.40087890625
6290266,40.0390625
6290370,39.24560546875
6290478,44.189453125
6290658,40.1611328125
6290794,39.1845703125
6291398,40.10009765625
6317838,39.4287109375
6317912,42.17529296875
6317956,39.61181640625
6317987,50.35400390625
6318020,55.0537109375
6318056,40.283203125
6318126,41.8701171875
6318147,39.00146484375
6318193,40.46630859375
6318215,42.54150390625
6318288,54.19921875
6318343,39.00146484375
6318385,42.29736328125
6318442,43.39599609375
6318503,39.48974609375
6318578,43.27392578125
6318691,41.44287109375
6318712,45.166015625
6319202,48.40087890625
6319513,38.4521484375
6399624,39.48974609375
6399800,66.7724609375
6399822,59.6923828125
6399894,44.49462890625
6399925,46.32568359375
6399958,45.59326171875
6399989,39.73388671875
6400036,57.18994140625
6400057,43.212890625
6400094,44.12841796875
6400124,45.47119140625
6400162,39.1845703125
6400262,39.794921875
6400375,51.20849609375
6429193,42.66357421875
6429288,41.50390625
6429331,42.66357421875
6429406,45.41015625
6429448,48.40087890625
6429478,38.14697265625
6429633,56.15234375
6429654,48.40087890625
6429713,42.1142578125
6429723,48.33984375
6429764,48.828125
6429874,38.02490234375
6429910,48.15673828125
6430048,42.3583984375
6430174,42.66357421875
6430296,39.306640625
6430359,38.330078125
6430638,39.73388671875
6481767,40.6494140625
6481781,43.701171875
6481872,39.9169921875
6481890,45.83740234375
6481916,52.42919921875
6481957,59.02099609375
6481970,42.6025390625
6482021,41.1376953125
6482050,55.419921875
6482099,60.9130859375
6482179,50.4150390625
6482283,39.1845703125
6482311,48.9501953125
6482555,50.72021484375
6482619,42.236328125
6483235,41.8701171875
6483516,43.15185546875
6518070,46.08154296875
6518160,43.15185546875
6518182,47.2412109375
6518206,42.05322265625
6518280,42.3583984375
6518309,49.9267578125
6518365,43.76220703125
6518426,38.9404296875
6518437,43.3349609375
6518470,38.818359375
6518497,44.12841796875
6518513,40.95458984375
6518649,41.80908203125
6518775,46.875
6518872,39.55078125
6518910,38.26904296875
6518960,40.83251953125
6519035,39.85595703125
6519227,38.75732421875
6548425,39.48974609375
6548472,39.0625
6548539,47.119140625
6548573,41.32080078125
6548620,78.55224609375
6548665,70.61767578125
6548681,54.74853515625
6548723,40.46630859375
6548735,49.072265625
6548807,40.8935546875
6548881,56.5185546875
6548947,41.68701171875
6549059,40.771484375
6549114,40.34423828125
6549159,39.0625
6549462,39.794921875
6550023,39.794921875
6550140,38.0859375
6569881,38.2080078125
6569915,44.7998046875
6570036,67.5048828125
6570074,52.91748046875
6570303,39.4287109375
6570347,41.8701171875
6570709,47.9736328125
6570785,40.8935546875
6571041,39.794921875
6584642,42.96875
6584665,54.62646484375
6584870,43.51806640625
6584928,42.29736328125
6584954,50.23193359375
6584998,41.6259765625
6585025,40.4052734375
6585074,38.63525390625
6585094,41.93115234375
6585154,40.71044921875
6585206,39.4287109375
6586033,51.513671875
6599227,47.05810546875
6599273,42.8466796875
6599397,39.12353515625
6599440,39.6728515625
6599576,40.52734375
6599670,41.32080078125
6600781,39.73388671875
6610849,39.12353515625
6610911,50.29296875
6610992,39.4287109375
6611025,42.236328125
6611129,38.330078125
6611163,46.81396484375
6611202,56.7626953125
6611270,47.36328125
6611462,43.212890625
6611533,40.1611328125
6611587,39.4287109375
6622187,42.29736328125
6622292,39.36767578125
6622345,40.52734375
6622420,41.80908203125
6622472,51.26953125
6622558,39.24560546875
6622619,38.2080078125
6622829,38.6962890625
6633026,40.0390625
6633080,38.57421875
6633130,38.63525390625
6633265,45.166015625
6633718,39.48974609375
6634057,38.0859375
6634094,45.83740234375
6643090,63.29345703125
6643109,39.48974609375
6643330,39.73388671875
6643356,41.93115234375
6643387,46.630859375
6643436,39.4287109375
6643522,39.24560546875
6643769,51.8798828125
6643951,40.83251953125
6644164,38.2080078125
6652312,43.15185546875
6652385,40.83251953125
6652413,52.1240234375
6652545,38.63525390625
6652679,39.4287109375
6653158,39.4287109375
6653243,42.1142578125
6653340,38.14697265625
6662318,41.80908203125
6662838,47.79052734375
6663034,52.8564453125
6672608,38.818359375
6672655,40.71044921875
6672681,40.83251953125
6672884,39.73388671875
6681968,39.61181640625
6682003,41.1376953125
6691485,42.96875
6691881,41.6259765625
6692006,45.59326171875
6700592,46.56982421875
6701336,40.283203125
6701820,40.283203125
6710098,39.61181640625
6710407,38.0859375
6710548,41.07666015625
6710582,40.22216796875
6710674,38.4521484375
6710728,39.794921875
6710901,42.3583984375
6720237,38.26904296875
6720303,41.44287109375
6720395,40.83251953125
6720462,40.4052734375
6720650,39.306640625
6720925,38.330078125
6729787,39.6728515625
6729890,39.4287109375
6729929,40.58837890625
6729965,40.0390625
6730250,43.5791015625
6739458,45.47119140625
6739547,40.4052734375
6739684,43.88427734375
6739861,40.283203125
6739922,40.95458984375
6739975,39.00146484375
6750391,38.26904296875
6759831,38.6962890625
6760149,38.0859375
6760345,47.54638671875
6760412,44.0673828125
6772028,41.32080078125
6772104,39.36767578125
6772531,49.86572265625
6787320,41.68701171875
6787585,42.78564453125
6787654,39.0625
6787704,41.19873046875
6787790,48.03466796875
6787851,39.9169921875
6802209,39.85595703125
6802476,41.6259765625
6802502,41.9921875
6802588,42.05322265625
6802621,39.9169921875
7347162,44.3115234375
7347183,65.673828125
7347215,44.0673828125
7347255,41.748046875
7347277,38.6962890625
7347304,43.212890625
7347325,45.47119140625
7347369,71.83837890625
7347508,45.5322265625
7347532,46.38671875
7347571,56.640625
7347641,41.259765625
7348135,39.24560546875
7348899,38.818359375
7349424,38.2080078125
7415504,41.32080078125
7415913,44.3115234375
7415947,66.5283203125
7415968,47.36328125
7415998,44.0673828125
7416008,41.56494140625
7416051,40.83251953125
7416078,41.748046875
7416146,43.701171875
7416163,45.654296875
7416326,74.52392578125
7416336,39.55078125
7416434,42.29736328125
7416555,42.17529296875
7416767,38.87939453125
7416938,39.12353515625
7498096,40.1611328125
7498120,41.1376953125
7498152,56.33544921875
7498178,46.630859375
7498204,39.794921875
7498243,43.02978515625
7498292,43.64013671875
7498325,57.7392578125
7498335,44.3115234375
7498378,43.212890625
7498409,47.119140625
7498505,43.0908203125
7498528,50.35400390625
7498730,43.39599609375
7499029,40.6494140625
7499334,39.55078125
7563265,45.7763671875
7563328,44.73876953125
7563403,38.330078125
7563414,44.0673828125
7563457,38.2080078125
7563476,43.701171875
7563506,55.23681640625
7563527,39.4287109375
7563560,54.26025390625
7563612,55.908203125
7563660,46.32568359375
7563680,39.85595703125
7563698,47.4853515625
7563740,40.83251953125
7563847,41.9921875
7564590,47.7294921875
7564801,43.15185546875
7564856,41.56494140625
7565918,42.29736328125
7654985,58.10546875
7655001,50.4150390625
7655040,48.095703125
7655052,38.02490234375
7655099,40.1611328125
7655120,47.05810546875
7655148,48.76708984375
7655166,71.4111328125
7655225,43.5791015625
7655245,40.8935546875
7655267,39.306640625
7655433,46.2646484375
7655694,45.7763671875
7679636,43.27392578125
7679658,67.87109375
7679725,40.58837890625
7679766,39.12353515625
7679891,47.91259765625
7679901,41.8701171875
7679939,38.87939453125
7680010,50.9033203125
7680072,42.05322265625
7680143,52.1240234375
7680167,40.8935546875
7680236,41.80908203125
7680327,55.60302734375
7680804,39.00146484375
7680835,38.0859375
7722125,42.236328125
7722160,51.20849609375
7722170,53.40576171875
7722208,47.8515625
7722278,45.71533203125
7722594,43.9453125
7722694,38.75732421875
7723036,44.677734375
7723720,40.52734375
7758977,55.0537109375
7759009,46.81396484375
7759036,49.4384765625
7759067,41.32080078125
7759096,44.677734375
7759145,39.0625
7759201,40.10009765625
7759212,45.166015625
7759247,43.51806640625
7759359,42.6025390625
7759439,45.654296875
7759483,42.1142578125
7759520,48.64501953125
7759852,41.3818359375
7778935,41.3818359375
7778963,38.4521484375
7779007,41.6259765625
7779071,44.73876953125
7779081,38.26904296875
7779099,45.0439453125
7779147,38.51318359375
7779169,43.0908203125
7779182,44.5556640625
7779247,64.14794921875
7779403,40.10009765625
7779431,38.4521484375
7779499,53.7109375
7779602,44.73876953125
7779657,38.26904296875
7779689,39.794921875
7779885,41.6259765625
7791704,47.54638671875
7791818,39.36767578125
7791831,39.9169921875
7791963,53.7109375
7792089,47.91259765625
7792110,43.15185546875
7792190,44.61669921875
7792264,49.31640625
7792286,41.93115234375
7792779,38.57421875
7804331,38.818359375
7804515,39.48974609375
7804546,39.61181640625
7804624,40.22216796875
7804637,58.04443359375
7804672,39.85595703125
7804769,41.6259765625
7804796,39.55078125
7804842,43.39599609375
7804918,51.26953125
7805082,39.1845703125
7805385,40.34423828125
7805755,38.14697265625
7817685,49.37744140625
7817802,38.0859375
7817874,48.2177734375
7817910,39.4287109375
7818088,39.6728515625
7818103,39.36767578125
7818171,42.05322265625
7818407,40.34423828125
7818426,41.1376953125
7828927,45.10498046875
7828961,42.1142578125
7828982,53.64990234375
7828999,39.794921875
7829047,51.20849609375
7829182,38.87939453125
7829215,39.97802734375
7829265,43.701171875
7829594,39.00146484375
7829814,41.19873046875
7829932,45.0439453125
7838971,45.5322265625
7839083,42.66357421875
7839102,45.41015625
7839175,41.56494140625
7839505,49.62158203125
7839570,39.0625
7840320,38.9404296875
7848700,39.55078125
7848812,42.66357421875
7848924,40.1611328125
7848969,45.7763671875
7849160,39.306640625
7849348,39.24560546875
7849391,41.07666015625
7857660,43.51806640625
7857953,40.8935546875
7867026,38.51318359375
7867492,38.87939453125
7867519,41.1376953125
7867928,38.4521484375
7876365,42.54150390625
7876430,40.0390625
7876499,39.61181640625
7876688,44.0673828125
7876838,39.0625
7877262,41.32080078125
7877279,38.02490234375
7877559,40.10009765625
7886650,39.36767578125
7886667,38.51318359375
7886702,41.80908203125
7886874,41.68701171875
7886899,46.2646484375
7886967,39.794921875
7905085,39.1845703125
7905106,41.80908203125
7905229,42.1142578125
7905537,41.32080078125
7905570,38.818359375
7906011,57.80029296875
7906201,38.26904296875
7915430,40.95458984375
7915597,43.0908203125
7915842,40.6494140625
7916103,46.142578125
7916489,43.51806640625
7925209,40.71044921875
7925238,43.88427734375
7925315,39.6728515625
7925466,39.306640625
7925684,44.25048828125
7925957,46.630859375
7926129,42.54150390625
7935385,39.0625
7935616,38.63525390625
7935680,39.9169921875
7945413,38.75732421875
7945906,41.259765625
7956590,46.44775390625
7956653,38.02490234375
7956714,40.1611328125
7956850,40.4052734375
7956881,38.75732421875
7957037,38.14697265625
7957145,38.2080078125
7957486,47.607421875
7967934,42.78564453125
7968111,44.49462890625
7968293,42.78564453125
7968308,47.54638671875
7968390,43.15185546875
7968422,39.306640625
7979424,43.0908203125
7979671,42.41943359375
7980024,39.24560546875
7980201,41.56494140625
7980410,38.2080078125
7992143,40.52734375
7992319,38.87939453125
7992435,42.78564453125
7992494,39.73388671875
7992650,42.48046875
7992673,39.73388671875
7992866,39.794921875
7992887,38.14697265625
7993009,38.0859375
8004624,38.39111328125
8004653,43.0908203125
8004733,42.78564453125
8026281,39.0625
8026310,40.46630859375
8026375,48.52294921875
8026436,40.34423828125
8026450,45.34912109375
8026523,54.62646484375
8026786,38.0859375
8048086,41.259765625
8048154,43.9453125
8048200,38.6962890625
8048422,39.306640625
8048451,55.5419921875
8048726,53.955078125
8048746,41.8701171875
8472883,46.81396484375
8473000,57.2509765625
8473020,46.20361328125
8473088,52.67333984375
8473214,47.66845703125
8473295,43.3349609375
8476280,39.48974609375
8574630,38.0859375
8574717,40.46630859375
8574747,50.78125
8574828,74.27978515625
8574853,60.60791015625
8574876,41.8701171875
8574888,42.96875
8574910,40.6494140625
8574927,46.08154296875
8574997,42.90771484375
8575009,40.283203125
8575054,42.6025390625
8575109,38.818359375
8575130,67.2607421875
8575188,38.87939453125
8575424,45.22705078125
8575508,43.3349609375
8576012,38.63525390625
8682515,50.048828125
8682594,43.701171875
8682610,44.0673828125
8682659,40.0390625
8682702,41.07666015625
8682725,42.17529296875
8682803,38.63525390625
8682865,39.48974609375
8682907,39.9169921875
8682920,41.19873046875
8682957,47.2412109375
8683025,43.15185546875
8768856,41.259765625
8768941,42.96875
8768987,39.12353515625
8769028,50.78125
8769098,38.02490234375
8769128,41.32080078125
8769175,42.05322265625
8769185,49.74365234375
8769220,39.97802734375
8769245,55.6640625
8769269,43.5791015625
8769292,67.19970703125
8769334,49.01123046875
8769370,48.4619140625
8769449,39.4287109375
8769548,49.62158203125
8769749,39.1845703125
8769945,39.306640625
8770526,40.6494140625
8828935,49.1943359375
8829091,54.99267578125
8829109,42.66357421875
8829127,44.43359375
8829152,40.52734375
8829210,45.22705078125
8829224,51.6357421875
8829248,46.630859375
8829276,42.78564453125
8829318,42.1142578125
8829372,52.67333984375
8829422,40.52734375
8829454,39.24560546875
8829512,44.12841796875
8829570,46.38671875
8829609,55.60302734375
8829635,41.68701171875
8829774,44.25048828125
8830126,39.55078125
8877929,45.47119140625
8877951,63.78173828125
8878021,44.00634765625
8878043,50.23193359375
8878067,64.3310546875
8878089,43.5791015625
8878130,47.18017578125
8878155,41.19873046875
8878183,39.61181640625
8878230,46.5087890625
8878279,41.56494140625
8878330,41.8701171875
8878456,39.1845703125
8878555,40.22216796875
8949853,46.875
8949924,51.7578125
8949955,62.5
8950027,47.05810546875
8950117,43.88427734375
8950181,40.0390625
8977588,39.48974609375
8977704,43.3349609375
8977730,42.96875
8977748,45.95947265625
8977796,38.02490234375
8977842,51.94091796875
8977902,39.73388671875
8977921,45.2880859375
8978046,44.49462890625
8978182,45.2880859375
8978262,46.7529296875
8978727,38.9404296875
8978968,40.52734375
9004079,41.19873046875
9004142,43.9453125
9004167,51.8798828125
9004316,48.40087890625
9004483,40.71044921875
9004570,40.283203125
9004582,38.6962890625
9004663,41.19873046875
9004709,42.48046875
9029561,40.95458984375
9029620,47.42431640625
9029745,46.142578125
9029805,51.69677734375
9029835,40.6494140625
9029906,48.15673828125
9029950,48.583984375
9029969,43.02978515625
9030027,56.2744140625
9030119,39.24560546875
9030184,44.43359375
9030283,41.93115234375
9030478,41.015625
9053931,40.83251953125
9053965,43.51806640625
9054034,55.6640625
9054129,42.236328125
9054145,47.79052734375
9054187,39.6728515625
9054259,43.15185546875
9054386,43.15185546875
9054407,38.4521484375
9054435,42.724609375
9054487,38.26904296875
9054622,39.36767578125
9054654,39.48974609375
9054725,38.39111328125
9054770,41.80908203125
9054806,44.00634765625
9054829,38.0859375
9086821,38.2080078125
9086906,39.306640625
9086972,40.52734375
9087012,44.677734375
9087039,40.95458984375
9087056,45.71533203125
9087097,40.95458984375
9087127,40.6494140625
9087138,43.64013671875
9087164,45.47119140625
9087217,39.36767578125
9087430,46.7529296875
9088337,38.0859375
9124819,42.41943359375
9124855,41.19873046875
9124928,40.283203125
9124967,40.1611328125
9124994,39.85595703125
9125010,45.47119140625
9125070,39.85595703125
9125104,38.4521484375
9125209,40.34423828125
9125311,38.4521484375
9125362,51.20849609375
9125389,38.330078125
9125553,40.771484375
9125620,51.3916015625
9125769,39.9169921875
9126624,39.12353515625
9151384,41.8701171875
9151434,39.9169921875
9151473,54.931640625
9151524,42.8466796875
9151597,44.5556640625
9151623,43.212890625
9151640,39.97802734375
9151691,40.8935546875
9151704,40.0390625
9151765,43.5791015625
9151801,46.20361328125
9151835,46.7529296875
9151908,38.9404296875
9151966,43.27392578125
9152105,43.88427734375
9152158,38.0859375
9152283,39.97802734375
9152350,41.9921875
9173373,40.95458984375
9173431,43.0908203125
9173459,40.6494140625
9173484,54.6875
9173535,48.64501953125
9173546,58.7158203125
9173641,38.39111328125
9173673,51.69677734375
9173685,39.55078125
9173797,42.3583984375
9173852,46.32568359375
9173915,46.7529296875
9173975,55.11474609375
9174102,39.12353515625
9174589,44.189453125
9174884,38.14697265625
9193103,41.32080078125
9193171,46.0205078125
9193228,55.60302734375
9193253,60.05859375
9193325,44.7998046875
9193460,44.98291015625
9193478,45.8984375
9193493,47.42431640625
9193560,38.51318359375
9193640,41.015625
9193708,38.2080078125
9193751,41.8701171875
9193845,40.83251953125
9216962,51.69677734375
9217040,41.9921875
9217128,39.9169921875
9217268,45.654296875
9217289,45.7763671875
9217336,55.84716796875
9217530,41.259765625
9217568,41.9921875
9217606,41.32080078125
9217767,43.88427734375
9218106,40.8935546875
9258747,55.23681640625
9258812,43.212890625
9258842,38.818359375
9258871,58.77685546875
9258951,45.41015625
9258984,47.05810546875
9259035,40.4052734375
9259069,47.79052734375
9259200,38.75732421875
9259232,47.36328125
9259247,44.7998046875
9259351,39.00146484375
9259589,42.1142578125
9259709,46.142578125
9259942,40.83251953125
9422183,39.36767578125
9422264,56.70166015625
9422348,41.9921875
9422378,47.91259765625
9422407,47.42431640625
9422437,45.166015625
9422478,46.08154296875
9422493,51.1474609375
9422539,40.10009765625
9422591,48.88916015625
9422621,40.1611328125
9422722,48.40087890625
9422752,40.58837890625
9422768,44.7998046875
9422809,46.2646484375
9423038,41.1376953125
9423930,39.794921875
9550019,38.818359375
9550096,52.42919921875
9550126,66.58935546875
9550167,63.41552734375
9550201,46.32568359375
9550254,44.12841796875
9550289,40.6494140625
9550343,44.43359375
9550368,55.5419921875
9550403,54.19921875
9550439,39.73388671875
9550492,48.40087890625
9550504,39.97802734375
9550540,62.744140625
9550593,40.22216796875
9550665,42.3583984375
9550936,42.17529296875
9613106,58.9599609375
9613119,53.955078125
9613242,50.29296875
9613338,38.6962890625
9613353,39.24560546875
9613548,43.9453125
9613573,40.771484375
9613667,42.96875
9614368,40.0390625
9675471,40.52734375
9675511,40.1611328125
9675571,44.43359375
9675635,41.1376953125
9675661,51.33056640625
9675684,43.212890625
9675712,49.1943359375
9675741,40.34423828125
9675779,54.5654296875
9675796,39.4287109375
9675845,51.94091796875
9675887,41.56494140625
9676059,47.4853515625
9676702,39.55078125
9676906,38.818359375
9739434,39.24560546875
9739468,42.96875
9739508,48.88916015625
9739539,41.32080078125
9739550,47.91259765625
9739583,45.59326171875
9739619,55.11474609375
9739638,63.17138671875
9739681,42.90771484375
9739691,47.05810546875
9739768,38.9404296875
9739802,41.68701171875
9739837,38.26904296875
9739876,40.283203125
9739892,41.748046875
9739936,40.52734375
9740116,50.35400390625
9740178,41.50390625
9741865,38.9404296875
9794426,38.02490234375
9794495,40.1611328125
9794516,38.4521484375
9794539,48.52294921875
9794664,42.17529296875
9794696,50.29296875
9794736,45.41015625
9794788,47.66845703125
9794896,40.71044921875
9795017,46.20361328125
9795100,41.9921875
9795224,38.0859375
9795395,41.93115234375
9849705,40.1611328125
9849778,41.748046875
9849814,46.7529296875
9849895,45.95947265625
9849928,42.17529296875
9849976,47.2412109375
9849993,49.560546875
9850031,47.05810546875
9850138,46.32568359375
9850166,51.08642578125
9850188,38.14697265625
9850243,50.35400390625
9850253,43.5791015625
9850283,53.64990234375
9850392,47.05810546875
9850452,47.7294921875
9850783,40.283203125
9897750,41.6259765625
9897785,51.08642578125
9897845,38.9404296875
9897857,42.05322265625
9897888,42.48046875
9897967,59.5703125
9897995,38.57421875
9898073,39.6728515625
9898136,45.71533203125
9898149,45.47119140625
9898270,41.80908203125
9898308,48.76708984375
9898413,38.51318359375
9898442,43.27392578125
9898558,41.3818359375
9946835,44.43359375
9946889,43.701171875
9946940,40.95458984375
9946986,50.23193359375
9947069,42.1142578125
9947141,39.00146484375
9947171,40.95458984375
9947202,44.43359375
9947214,44.61669921875
9947265,39.61181640625
9947301,57.4951171875
9947400,40.95458984375
9947422,45.41015625
9947558,38.14697265625
9947716,42.48046875
9947770,42.41943359375
9948171,40.6494140625
9986899,44.3115234375
9987076,49.86572265625
9987142,47.119140625
9987178,63.3544921875
9987194,66.58935546875
9987258,38.26904296875
9987277,40.52734375
9987324,49.74365234375
9987348,39.6728515625
9987454,40.283203125
9987489,39.00146484375
9987565,44.98291015625
9987639,39.0625
9987656,39.4287109375
9987713,43.212890625
9987772,43.9453125
9987975,40.71044921875
9988456,40.83251953125
10014652,52.30712890625
10014740,40.34423828125
10014960,51.69677734375
10015000,46.0205078125
10015030,46.20361328125
10015080,40.0390625
10015090,45.0439453125
10015142,39.1845703125
10015181,41.6259765625
10015265,49.072265625
10015380,41.9921875
10015425,41.93115234375
10015531,45.5322265625
10015619,40.34423828125
10016021,38.330078125
10016111,42.66357421875
10016131,38.818359375
10038354,43.51806640625
10038439,52.18505859375
10038492,42.41943359375
10038512,39.97802734375
10038596,41.9921875
10038683,38.57421875
10038724,41.50390625
10038837,39.306640625
10039116,40.4052734375
10039135,39.73388671875
10039614,43.76220703125
10039862,43.64013671875
10058351,41.32080078125
10058520,38.4521484375
10058627,38.14697265625
10058728,39.4287109375
10058761,41.68701171875
10058824,50.78125
10059056,42.96875
10059074,40.1611328125
10059142,44.86083984375
10059229,44.73876953125
10059267,39.48974609375
10059370,38.14697265625
10077969,39.4287109375
10078000,47.7294921875
10078039,58.89892578125
10078063,51.7578125
10078185,49.74365234375
10078293,52.6123046875
10078530,39.97802734375
10078787,40.22216796875
10078817,43.212890625
10078992,41.07666015625
10095201,45.34912109375
10095243,41.748046875
10095347,47.42431640625
10095385,49.25537109375
10095658,45.34912109375
10095843,39.97802734375
10095905,44.86083984375
10096036,43.9453125
10096075,40.8935546875
10096202,38.4521484375
10110950,41.80908203125
10110974,45.5322265625
10111128,44.98291015625
10111189,46.5087890625
10111308,55.60302734375
10111438,39.4287109375
10111548,38.75732421875
10111681,42.724609375
10123268,48.583984375
10123912,45.83740234375
10124144,40.95458984375
10134099,43.5791015625
10134288,42.78564453125
10134298,52.3681640625
10134358,38.87939453125
10134372,39.36767578125
10134466,41.259765625
10134636,51.025390625
10134683,44.25048828125
10134694,44.677734375
10135473,41.19873046875
10145218,39.24560546875
10145325,42.6025390625
10145494,46.08154296875
10145691,41.80908203125
10145713,41.259765625
10145807,38.330078125
10155703,44.12841796875
10155933,39.55078125
10156038,41.19873046875
10156317,41.748046875
10156616,39.4287109375
10157202,41.259765625
10165938,40.95458984375
10165969,47.91259765625
10166089,42.17529296875
10166139,43.51806640625
10166198,48.15673828125
10166277,38.51318359375
10166368,40.10009765625
10166420,38.6962890625
10166928,38.4521484375
10176038,39.306640625
10176177,38.02490234375
10176258,45.10498046875
10176327,38.2080078125
10176406,40.95458984375
10185468,38.02490234375
10186304,39.794921875
10186450,48.15673828125
10195502,42.236328125
10195899,43.8232421875
10195930,46.56982421875
10196188,43.3349609375
10205815,39.73388671875
10206484,45.0439453125
10215697,41.44287109375
10215865,38.51318359375
10216035,40.95458984375
10225766,41.50390625
10225794,39.55078125
10225921,41.015625
10225971,40.10009765625
10226033,42.78564453125
10226696,49.49951171875
10236536,41.07666015625
10237004,48.583984375
10237148,47.42431640625
10246863,39.24560546875
10247034,39.55078125
10247114,38.87939453125
10247437,39.55078125
10258123,39.36767578125
10258247,49.6826171875
10258783,44.49462890625
10269479,38.2080078125
10269614,39.6728515625
10270019,38.87939453125
10281402,42.1142578125
10281566,46.32568359375
10281831,38.39111328125
10292889,42.1142578125
10293278,46.20361328125
10293858,40.46630859375
10311604,38.330078125
10311721,44.5556640625
10311772,38.9404296875
10311810,38.818359375
10311871,38.9404296875
10311899,41.6259765625
10312170,38.4521484375
10312204,38.0859375
10812811,50.10986328125
10812833,49.1943359375
10812895,49.98779296875
10812925,50.84228515625
10813009,54.26025390625
10813029,43.88427734375
10813061,39.73388671875
10813072,48.4619140625
10813179,40.95458984375
10813225,47.119140625
10813239,57.4951171875
10813278,46.20361328125
10813876,40.8935546875
10814670,39.85595703125
10814695,39.4287109375
10885634,41.68701171875
10885714,41.93115234375
10885738,67.3828125
10885773,44.12841796875
10885844,40.52734375
10885865,39.61181640625
10885883,41.44287109375
10885904,75.13427734375
10885946,42.8466796875
10885989,56.57958984375
10886111,57.31201171875
10886221,46.56982421875
10886514,39.0625
10886639,38.26904296875
10887625,43.9453125
10958867,38.26904296875
10959313,43.5791015625
10959356,42.17529296875
10959404,42.236328125
10959453,46.142578125
10959479,59.814453125
10959512,38.75732421875
10959531,39.306640625
10959577,51.33056640625
10959592,62.1337890625
10959623,48.583984375
10959642,39.794921875
10959674,38.9404296875
10959737,49.31640625
10959812,45.654296875
10959868,38.9404296875
10960031,41.748046875
10960133,39.12353515625
10960211,41.56494140625
10960240,38.57421875
10961262,42.96875
10985521,38.4521484375
10985605,51.08642578125
10985689,41.68701171875
10985722,44.37255859375
10985764,47.119140625
10985831,42.78564453125
10985851,48.52294921875
10985914,42.236328125
10985952,39.36767578125
10986022,44.73876953125
10986108,44.0673828125
10986119,59.75341796875
10986257,40.71044921875
10986268,48.76708984375
10986395,47.4853515625
10986617,50.59814453125
10986735,39.48974609375
10988057,39.6728515625
11031345,38.818359375
11031422,45.10498046875
11031453,38.51318359375
11031514,41.6259765625
11031550,58.53271484375
11031579,45.2880859375
11031619,42.41943359375
11031633,39.36767578125
11031674,38.818359375
11031708,45.166015625
11031745,50.84228515625
11031807,47.42431640625
11031933,47.54638671875
11032106,42.29736328125
11032140,39.1845703125
11071660,40.0390625
11071690,38.75732421875
11071727,38.87939453125
11071763,38.14697265625
11071878,42.3583984375
11071896,50.10986328125
11071992,44.0673828125
11072063,41.32080078125
11072097,46.69189453125
11072119,39.36767578125
11072184,39.1845703125
11072239,41.93115234375
11072386,39.794921875
11072410,41.1376953125
11072599,39.794921875
11072686,41.259765625
11090108,38.63525390625
11090231,39.12353515625
11090267,45.2880859375
11090294,41.50390625
11090348,42.17529296875
11090436,46.7529296875
11090567,54.0771484375
11090645,40.283203125
11090672,43.76220703125
11090709,40.95458984375
11090755,59.814453125
11090774,46.56982421875
11090858,39.0625
11091283,39.73388671875
11091360,40.1611328125
11091400,38.57421875
11107897,40.83251953125
11107920,44.189453125
11107953,43.8232421875
11107976,41.50390625
11108043,41.44287109375
11108143,49.01123046875
11108287,40.771484375
11108386,40.1611328125
11108478,40.283203125
11108523,45.654296875
11108579,44.43359375
11108663,41.07666015625
11108681,45.47119140625
11108910,39.794921875
11125490,44.0673828125
11125547,45.41015625
11125619,54.74853515625
11125665,41.50390625
11125701,39.24560546875
11125724,52.30712890625
11125797,40.10009765625
11126004,41.56494140625
11126129,39.55078125
11140656,38.9404296875
11140735,39.48974609375
11140803,39.794921875
11140849,38.02490234375
11140869,43.212890625
11140981,44.61669921875
11141296,41.56494140625
11154142,41.748046875
11154263,39.12353515625
11154488,45.95947265625
11154558,41.07666015625
11154618,41.93115234375
11154629,50.35400390625
11154665,40.58837890625
11154748,42.724609375
11154794,44.25048828125
11155329,46.81396484375
11167673,39.794921875
11167762,42.05322265625
11167779,41.80908203125
11167809,39.794921875
11167916,40.8935546875
11167927,39.97802734375
11168167,47.18017578125
11168281,39.48974609375
11168643,39.1845703125
11169038,38.14697265625
11178689,41.19873046875
11178782,40.6494140625
11178848,40.283203125
11178914,39.00146484375
11178943,43.02978515625
11179308,43.15185546875
11189035,39.85595703125
11189374,38.57421875
11189396,38.330078125
11189692,40.1611328125
11189812,46.81396484375
11189900,43.15185546875
11189928,41.68701171875
11190247,42.6025390625
11199786,39.61181640625
11199882,39.85595703125
11200042,39.48974609375
11200094,39.55078125
11200336,42.48046875
11200481,38.818359375
11200621,40.10009765625
11200970,38.2080078125
11209849,40.8935546875
11210020,39.6728515625
11210378,39.306640625
11210500,38.6962890625
11210560,39.6728515625
11211027,38.818359375
11220684,44.0673828125
11220894,48.88916015625
11220965,42.3583984375
11221498,41.68701171875
11221639,39.0625
11230988,43.5791015625
11231021,40.4052734375
11231308,39.794921875
11231483,41.8701171875
11231518,40.10009765625
11231566,40.283203125
11231857,39.00146484375
11242326,42.48046875
11242401,40.95458984375
11242447,44.86083984375
11242508,43.5791015625
11242613,41.8701171875
11242835,46.0205078125
11242948,43.64013671875
11243158,40.58837890625
11253308,46.20361328125
11253393,41.32080078125
11253409,49.560546875
11253555,38.14697265625
11253622,49.4384765625
11263363,45.59326171875
11263406,46.32568359375
11263636,42.1142578125
11263727,42.41943359375
11263768,40.4052734375
11263848,38.51318359375
11264135,46.32568359375
11264168,39.1845703125
11274582,41.44287109375
11274902,55.35888671875
11274938,38.75732421875
11275027,44.12841796875
11275304,40.10009765625
11275352,39.24560546875
11275480,44.86083984375
11286077,43.45703125
11286169,38.51318359375
11286366,41.259765625
11286469,54.19921875
11286671,38.39111328125
11299644,45.22705078125
11299689,38.75732421875
11299895,39.794921875
11300046,38.57421875
11300999,40.34423828125
11312053,43.27392578125
11312383,39.6728515625
11312598,42.29736328125
11312690,46.38671875
11312850,43.27392578125
11326060,40.52734375
11326265,40.83251953125
11326341,47.7294921875
11326409,40.46630859375
11326589,38.63525390625
11326892,40.58837890625
11351804,40.22216796875
11351930,43.212890625
11352069,39.0625
11352249,42.05322265625
11353029,41.259765625
11646116,39.4287109375
11646152,39.6728515625
11646247,47.607421875
11646280,45.83740234375
11646339,39.36767578125
11646376,41.748046875
11646411,40.46630859375
11646523,46.875
11646576,41.9921875
11646604,39.306640625
11646986,40.10009765625
11647320,38.63525390625
11647826,41.259765625
11648272,40.22216796875
11698252,38.57421875
11698380,50.84228515625
11698467,38.2080078125
11698531,41.1376953125
11698595,59.814453125
11698680,41.07666015625
11698718,52.1240234375
11698777,38.39111328125
11699285,38.14697265625
11699835,39.6728515625
11741938,41.44287109375
11741988,38.02490234375
11742072,42.41943359375
11742111,61.34033203125
11742127,38.6962890625
11742152,43.45703125
11742189,41.015625
11742199,47.30224609375
11742264,38.02490234375
11742284,43.3349609375
11742313,38.51318359375
11742469,47.18017578125
11742484,47.91259765625
11742514,42.1142578125
11742867,40.8935546875
11743263,39.12353515625
11778451,38.2080078125
11778596,49.31640625
11778708,49.072265625
11778720,52.55126953125
11778766,46.7529296875
11778786,38.57421875
11778810,44.98291015625
11778905,49.560546875
11778917,44.677734375
11778972,39.73388671875
11779037,40.8935546875
11779065,47.66845703125
11779202,43.45703125
11779230,43.64013671875
11779350,41.3818359375
11814459,38.87939453125
11814518,39.97802734375
11814531,38.87939453125
11814674,39.24560546875
11814716,44.86083984375
11814788,40.1611328125
11814831,42.90771484375
11814858,55.11474609375
11814868,45.47119140625
11815012,48.095703125
11815028,44.37255859375
11815077,41.19873046875
11815106,42.29736328125
11815338,48.7060546875
11815479,38.4521484375
11815594,54.62646484375
11846462,62.92724609375
11846545,44.25048828125
11846597,38.330078125
11846626,47.36328125
11846677,41.3818359375
11846689,52.6123046875
11846766,43.15185546875
11846859,39.4287109375
11846895,43.5791015625
11846947,39.6728515625
11847022,41.50390625
11847250,41.748046875
11871105,40.1611328125
11871130,40.10009765625
11871167,39.6728515625
11871257,47.2412109375
11871295,61.5234375
11871331,40.71044921875
11871420,39.24560546875
11871522,38.6962890625
11872044,39.73388671875
11891612,39.24560546875
11891640,43.64013671875
11891671,38.39111328125
11891859,51.08642578125
11891898,50.4150390625
11891981,43.64013671875
11892110,42.29736328125
11892446,41.748046875
11892573,38.02490234375
11892603,41.748046875
11892836,38.0859375
11910896,47.607421875
11910987,47.607421875
11911075,40.46630859375
11911112,42.54150390625
11911198,39.1845703125
11911258,46.2646484375
11911409,39.00146484375
11911446,41.015625
11911475,42.6025390625
11911485,41.44287109375
11911540,43.212890625
11912275,39.61181640625
11928833,42.54150390625
11928987,44.921875
11929090,38.75732421875
11929146,39.97802734375
11929259,40.58837890625
11929383,41.93115234375
11929479,38.39111328125
11929529,50.10986328125
11929633,38.63525390625
11929679,38.75732421875
11930156,40.0390625
11930204,38.0859375
11947908,52.24609375
11947992,38.26904296875
11948162,38.6962890625
11948197,49.13330078125
11948207,43.8232421875
11948241,38.02490234375
11948298,39.24560546875
11948594,49.74365234375
11948753,39.6728515625
11967373,39.1845703125
11967527,40.52734375
11967549,38.2080078125
11967719,51.69677734375
11967801,40.0390625
11967846,40.0390625
11967899,60.6689453125
11968051,39.6728515625
11968082,41.1376953125
11968391,39.00146484375
11968404,39.48974609375
11984589,40.10009765625
11984610,44.3115234375
11984666,38.63525390625
11984713,53.89404296875
11984725,50.84228515625
11984851,41.9921875
11984922,42.6025390625
11985133,48.828125
11985332,39.97802734375
11985680,41.56494140625
11998868,41.3818359375
11998954,45.10498046875
