11999000,0
15487,36.43798828125
15560,35.09521484375
15662,32.958984375
15734,33.3251953125
39142,32.40966796875
62849,35.58349609375
62981,33.935546875
86345,32.16552734375
108014,34.7900390625
134702,35.888671875
137053,35.33935546875
137115,36.31591796875
137215,33.26416015625
166559,32.16552734375
217042,33.5693359375
219076,32.71484375
238355,32.40966796875
240468,32.65380859375
294443,33.5693359375
294511,33.69140625
294533,33.3251953125
314673,38.57421875
317029,38.26904296875
344968,32.470703125
345033,36.80419921875
348010,33.447265625
348154,32.89794921875
364822,37.78076171875
379758,35.70556640625
379850,35.0341796875
379873,31.982421875
399808,31.92138671875
399849,32.8369140625
430692,37.78076171875
430776,34.912109375
432896,33.3251953125
460579,38.39111328125
491993,34.97314453125
492028,34.66796875
517244,33.0810546875
519672,31.8603515625
550890,32.28759765625
586640,32.5927734375
586747,38.57421875
610501,32.89794921875
610635,34.24072265625
637245,33.75244140625
637292,33.99658203125
637320,32.5927734375
637368,33.99658203125
660306,37.78076171875
660359,33.02001953125
660404,33.203125
660467,33.02001953125
685962,34.912109375
685995,34.7900390625
686019,33.50830078125
709961,32.71484375
709986,34.97314453125
739592,33.87451171875
771579,32.470703125
850789,34.7900390625
850890,33.99658203125
872549,35.58349609375
872630,42.54150390625
892064,31.982421875
892156,32.04345703125
894434,33.99658203125
922065,35.400390625
947687,32.89794921875
947793,32.04345703125
947836,37.353515625
963745,33.02001953125
987411,35.70556640625
1009271,37.353515625
1054482,32.89794921875
1076058,40.0390625
1096941,37.841796875
1162141,31.92138671875
1162172,36.865234375
1162240,33.50830078125
1203101,32.71484375
1204555,38.330078125
1274155,41.56494140625
1275977,32.470703125
1279042,32.77587890625
1341595,39.794921875
1407981,32.04345703125
1422433,36.1328125
1473159,37.53662109375
1550331,32.77587890625
1552104,38.6962890625
1590123,34.24072265625
1590159,36.07177734375
1620090,33.26416015625
1658276,33.63037109375
1708639,32.1044921875
1708725,32.53173828125
1708742,32.28759765625
1835710,32.1044921875
1868766,32.40966796875
1868780,37.353515625
1889802,33.50830078125
1985221,34.11865234375
2014640,32.04345703125
2071622,34.48486328125
2071697,32.1044921875
2071734,37.59765625
2141582,33.8134765625
2254419,40.0390625
2254487,32.16552734375
2316116,32.470703125
2361851,34.66796875
2465430,34.912109375
2465505,37.9638671875
2465521,34.36279296875
2643020,36.9873046875
2668890,32.16552734375
2803054,37.9638671875
2876207,32.3486328125
2936186,34.3017578125
2936240,32.470703125
3136115,32.65380859375
3136169,33.203125
3181827,36.56005859375
3181890,32.5927734375
3181938,35.7666015625
3229971,35.70556640625
3253445,31.982421875
3276831,36.19384765625
3366097,32.8369140625
3406200,33.26416015625
3498189,36.07177734375
3498267,32.40966796875
3501228,33.3251953125
3557165,33.26416015625
3792447,35.09521484375
3836808,32.89794921875
3836820,33.0810546875
3836868,43.212890625
3882433,32.2265625
3921084,33.50830078125
4054843,33.02001953125
4230338,34.72900390625
4232550,36.0107421875
4257230,37.29248046875
4297224,32.5927734375
4354556,39.73388671875
4371626,33.5693359375
4515284,32.28759765625
4615939,33.87451171875
4634052,35.0341796875
4679842,34.423828125
4683176,33.63037109375
4707178,32.77587890625
4707263,34.3017578125
4708377,33.50830078125
4739101,32.470703125
4802870,36.865234375
4814659,32.1044921875
5034763,33.5693359375
5094382,33.935546875
5094439,32.65380859375
5176896,32.958984375
5176924,34.48486328125
5321399,33.203125
5399339,34.24072265625
5399368,32.53173828125
5399424,39.00146484375
5443323,33.50830078125
5443363,39.1845703125
5521850,33.38623046875
5609526,35.7666015625
5638109,31.92138671875
5877952,33.203125
5902398,32.958984375
6193144,37.2314453125
6234669,36.0107421875
6284724,32.04345703125
6395803,31.982421875
6424458,34.0576171875
6561489,31.8603515625
6656571,32.40966796875
6763643,39.794921875
6763674,37.841796875
6876319,33.447265625
6876340,32.16552734375
7118629,32.28759765625
7243767,34.72900390625
7269683,32.65380859375
7338683,32.2265625
7384874,32.5927734375
7592182,34.1796875
7610268,34.66796875
7733052,33.8134765625
7748571,32.470703125
7752301,33.26416015625
7764618,32.1044921875
7865917,35.15625
8059506,32.470703125
8269887,31.8603515625
8468407,33.5693359375
8507331,36.9873046875
8577866,35.82763671875
8771823,33.26416015625
8863891,33.26416015625
9022791,33.203125
9077200,34.5458984375
9100286,34.60693359375
9156205,33.26416015625
9226544,40.22216796875
9226620,40.283203125
9255294,31.8603515625
9255373,31.92138671875
9309696,32.28759765625
9372475,34.11865234375
9484551,37.2314453125
9521068,33.5693359375
9522137,32.77587890625
9528433,32.28759765625
9540748,35.15625
9591354,33.02001953125
9624819,33.5693359375
9641712,43.9453125
9647453,37.41455078125
9742983,37.2314453125
9743016,38.818359375
9743091,35.58349609375
9825653,40.22216796875
9825770,33.5693359375
9853312,33.75244140625
9935326,32.04345703125
9935459,32.2265625
10058396,34.11865234375
10093314,34.423828125
10139420,33.69140625
10139479,33.0810546875
10152037,34.60693359375
10234403,33.38623046875
10278293,32.1044921875
10278332,37.04833984375
10383591,35.400390625
10404681,32.958984375
10445734,33.02001953125
10540141,33.203125
10544888,33.935546875
10645293,34.85107421875
10683712,32.958984375
10719663,33.8134765625
10800907,34.97314453125
11086495,39.97802734375
11152280,32.04345703125
11259547,33.14208984375
11305677,32.89794921875
11418411,32.77587890625
11419543,37.04833984375
11470825,32.8369140625
11637635,32.470703125
11716304,37.7197265625
11831420,32.470703125
11943817,32.28759765625
