11999000,0
15531,30.94482421875
15572,28.4423828125
15662,26.611328125
39060,32.04345703125
39118,28.3203125
39283,27.28271484375
62918,33.8134765625
63034,27.40478515625
86254,29.052734375
108029,30.33447265625
151990,39.00146484375
166564,27.587890625
166584,33.935546875
178783,27.9541015625
178913,27.34375
179006,33.38623046875
196719,30.09033203125
196748,26.7333984375
196827,30.029296875
196897,27.89306640625
196914,27.52685546875
216876,26.9775390625
216943,40.0390625
217013,32.470703125
219061,27.52685546875
219134,26.67236328125
238330,29.296875
238449,26.7333984375
240455,31.67724609375
257337,28.076171875
259909,28.50341796875
294430,34.3017578125
294626,28.9306640625
294704,31.8603515625
314589,29.4189453125
316882,31.005859375
316897,29.052734375
316982,27.4658203125
344952,30.3955078125
345067,31.55517578125
347905,29.11376953125
348006,27.16064453125
348019,26.91650390625
348267,35.46142578125
379786,28.4423828125
379798,31.18896484375
379865,28.4423828125
379893,30.33447265625
399800,27.89306640625
402160,33.63037109375
417257,33.50830078125
417302,28.74755859375
417330,27.16064453125
417381,27.4658203125
432808,26.67236328125
432907,27.4658203125
460467,31.73828125
460489,27.89306640625
460562,30.33447265625
460670,30.70068359375
460722,30.21240234375
464604,30.57861328125
464668,30.8837890625
464697,28.80859375
464774,28.99169921875
491954,29.4189453125
492027,31.25
492129,27.4658203125
494494,26.79443359375
494602,30.8837890625
517284,28.80859375
517333,29.1748046875
519615,31.6162109375
519640,29.1748046875
537835,35.82763671875
537859,28.4423828125
537904,31.3720703125
538027,34.5458984375
538109,29.4189453125
550898,30.82275390625
551000,33.203125
565867,32.3486328125
565957,29.296875
610579,34.11865234375
610594,32.65380859375
610625,29.84619140625
610691,29.84619140625
610742,26.611328125
637228,27.7099609375
637399,37.2314453125
660263,29.6630859375
660397,27.64892578125
660487,26.79443359375
660534,31.6162109375
686170,27.4658203125
707977,32.2265625
708129,27.099609375
709963,36.9873046875
710077,27.89306640625
736944,26.611328125
736988,34.7900390625
739451,31.31103515625
739574,29.35791015625
739597,29.96826171875
769175,27.64892578125
769298,28.86962890625
771552,27.03857421875
771664,30.517578125
801082,30.09033203125
801234,30.76171875
801284,27.34375
817364,36.19384765625
817382,29.35791015625
817457,28.01513671875
817493,31.005859375
817547,27.7099609375
817562,28.13720703125
834645,34.72900390625
834702,27.099609375
852901,32.53173828125
872655,30.09033203125
872801,27.40478515625
892099,30.45654296875
894376,27.34375
922023,27.16064453125
922069,40.22216796875
922110,30.21240234375
922141,28.74755859375
922213,30.029296875
947654,29.47998046875
947763,27.03857421875
947838,29.47998046875
963766,36.31591796875
987310,29.60205078125
987376,26.611328125
987544,26.611328125
1033571,30.029296875
1033591,35.15625
1033749,26.85546875
1033784,35.2783203125
1054480,30.09033203125
1054490,38.26904296875
1054562,32.71484375
1054611,27.40478515625
1054659,27.83203125
1096828,27.28271484375
1096884,27.28271484375
1113804,26.79443359375
1113870,29.78515625
1116769,28.38134765625
1118015,30.029296875
1119493,27.40478515625
1162100,27.83203125
1162126,26.85546875
1162306,26.91650390625
1163936,31.31103515625
1170154,28.9306640625
1202995,27.64892578125
1203016,28.564453125
1203115,29.6630859375
1204521,27.2216796875
1274150,35.46142578125
1274291,27.28271484375
1341692,27.34375
1407952,27.77099609375
1407971,28.13720703125
1407995,30.70068359375
1408058,26.67236328125
1408081,30.517578125
1408132,32.89794921875
1422321,36.92626953125
1422349,27.64892578125
1422469,26.67236328125
1423749,29.541015625
1473148,36.07177734375
1473163,31.73828125
1473190,35.33935546875
1473207,33.8134765625
1473239,40.771484375
1473290,30.8837890625
1473377,30.21240234375
1514106,34.5458984375
1514122,27.587890625
1514144,27.03857421875
1514196,27.52685546875
1590042,28.1982421875
1590085,34.36279296875
1590111,29.96826171875
1590139,32.28759765625
1590223,26.85546875
1708736,28.62548828125
1708765,33.38623046875
1708798,31.25
1747580,28.50341796875
1747624,27.77099609375
1747674,30.3955078125
1778850,29.47998046875
1778896,26.611328125
1778923,28.74755859375
1835608,29.84619140625
1868813,31.3720703125
1868849,31.3720703125
1868894,27.16064453125
1925444,26.67236328125
1960589,28.25927734375
1960774,27.52685546875
1960799,27.34375
2014648,27.64892578125
2042420,31.6162109375
2071722,31.005859375
2071743,29.35791015625
2071754,31.8603515625
2071791,27.28271484375
2071820,31.1279296875
2071837,38.818359375
2071880,27.52685546875
2116244,32.8369140625
2116371,29.11376953125
2141564,32.2265625
2141578,26.91650390625
2141614,28.01513671875
2141645,29.296875
2141671,29.6630859375
2161152,26.91650390625
2163866,26.85546875
2182600,26.7333984375
2182673,28.4423828125
2254445,35.2783203125
2254456,33.5693359375
2254490,38.26904296875
2254565,31.494140625
2273183,32.5927734375
2316154,30.517578125
2316968,33.87451171875
2361851,37.4755859375
2361891,26.91650390625
2361918,29.78515625
2362099,28.3203125
2363753,27.099609375
2423456,32.71484375
2423570,27.89306640625
2423684,27.099609375
2424452,27.16064453125
2465439,35.5224609375
2465505,27.77099609375
2465528,30.1513671875
2465541,27.34375
2490020,29.1748046875
2490036,33.0810546875
2490046,29.60205078125
2490207,31.55517578125
2591317,30.3955078125
2592201,28.4423828125
2605277,27.03857421875
2642958,27.16064453125
2643068,27.89306640625
2743285,29.1748046875
2743332,33.63037109375
2743394,32.470703125
2803099,27.7099609375
2803111,33.87451171875
2803144,32.28759765625
2803241,26.79443359375
2803275,29.23583984375
2839712,28.3203125
2839748,30.82275390625
2839813,27.099609375
2839841,27.4658203125
2876341,26.79443359375
2876412,26.79443359375
2936301,29.72412109375
2936333,28.01513671875
2936442,29.6630859375
2936519,26.67236328125
2985031,28.3203125
2985122,26.85546875
3046828,27.89306640625
3046962,27.099609375
3046998,30.76171875
3062579,26.7333984375
3062597,31.1279296875
3062646,27.7099609375
3062664,38.51318359375
3089994,28.62548828125
3090291,27.52685546875
3156718,26.611328125
3156855,26.79443359375
3181912,29.052734375
3181982,29.9072265625
3182006,26.9775390625
3182083,28.076171875
3202844,27.03857421875
3230036,27.9541015625
3230064,32.53173828125
3230175,31.18896484375
3230191,32.16552734375
3230226,29.72412109375
3311202,27.89306640625
3341486,36.865234375
3365785,27.28271484375
3370400,27.34375
3397805,35.0341796875
3398753,28.38134765625
3443353,29.4189453125
3451203,28.564453125
3557102,29.4189453125
3558352,27.7099609375
3604638,28.80859375
3604674,30.1513671875
3604760,27.52685546875
3605665,29.6630859375
3605761,39.4287109375
3657294,33.935546875
3657328,32.5927734375
3657356,31.92138671875
3657414,27.4658203125
3660625,28.62548828125
3675056,27.587890625
3747265,27.7099609375
3795545,27.2216796875
3836879,30.1513671875
3836927,31.73828125
3837529,27.7099609375
3954773,29.78515625
3980474,26.9775390625
4014679,27.89306640625
4016041,28.3203125
4054731,32.28759765625
4054805,27.28271484375
4054822,26.9775390625
4054924,26.85546875
4080509,35.0341796875
4122221,28.50341796875
4123654,28.9306640625
4159143,26.9775390625
4195162,29.052734375
4496778,27.099609375
4530100,26.79443359375
4561640,29.4189453125
4708215,31.79931640625
4709887,27.4658203125
4802895,30.8837890625
4802940,28.6865234375
4802987,27.83203125
4814032,28.564453125
4922633,28.99169921875
5034829,28.6865234375
5034846,33.203125
5034873,27.52685546875
5034910,27.52685546875
5034927,31.43310546875
5094338,27.7099609375
5094406,29.96826171875
5094497,28.1982421875
5094511,29.23583984375
5105183,28.99169921875
5176922,30.33447265625
5177016,26.85546875
5198884,28.50341796875
5199041,30.1513671875
5226960,27.77099609375
5226981,30.09033203125
5227011,29.11376953125
5325150,26.67236328125
5325418,33.5693359375
5342839,28.13720703125
5399468,31.55517578125
5399534,27.03857421875
5399567,27.4658203125
5443391,27.4658203125
5576074,26.7333984375
5576107,29.47998046875
5609531,30.517578125
5609612,32.3486328125
5638034,29.4189453125
5638061,27.40478515625
5669283,27.7099609375
5669327,33.8134765625
5669367,37.7197265625
5722932,29.72412109375
5869265,33.50830078125
5869321,27.16064453125
5869380,32.71484375
5871233,26.67236328125
5874917,26.85546875
5898164,31.6162109375
5930235,30.33447265625
5930328,28.01513671875
5931239,30.82275390625
5984393,29.96826171875
5984437,28.6865234375
5984478,27.7099609375
5984497,30.8837890625
5984515,30.45654296875
5984571,27.40478515625
6014212,31.55517578125
6014391,43.76220703125
6014423,31.1279296875
6148295,27.64892578125
6173061,32.16552734375
6193177,28.3203125
6196840,26.91650390625
6234592,28.564453125
6284880,30.2734375
6284896,29.1748046875
6456818,26.85546875
6462950,27.52685546875
6526804,29.84619140625
6562055,26.85546875
6577029,26.7333984375
6696904,31.67724609375
6715961,28.9306640625
6719210,27.83203125
6763656,28.9306640625
6763697,33.63037109375
6763745,28.13720703125
6763780,29.72412109375
6840155,31.18896484375
6840224,28.86962890625
6840242,31.18896484375
6840309,29.052734375
6876392,30.45654296875
6876491,29.541015625
6930528,28.38134765625
6930614,35.94970703125
6930660,36.7431640625
6930688,40.10009765625
6930700,29.72412109375
6930760,28.564453125
7118657,27.099609375
7118757,28.80859375
7186126,27.28271484375
7243210,27.16064453125
7269666,27.77099609375
7269680,31.67724609375
7284434,27.28271484375
7299624,26.79443359375
7326999,30.8837890625
7328566,37.41455078125
7329578,28.74755859375
7434629,28.99169921875
7435328,28.01513671875
7436261,28.6865234375
7440523,28.25927734375
7486670,27.2216796875
7653808,27.03857421875
7697726,26.79443359375
7698606,27.099609375
7732992,29.052734375
7733028,26.611328125
7733082,27.34375
7733114,29.23583984375
7733125,32.65380859375
7733150,26.7333984375
7842982,29.9072265625
7922053,28.74755859375
7924759,28.86962890625
8068874,31.43310546875
8069841,27.16064453125
8086048,30.45654296875
8166697,27.52685546875
8224677,27.83203125
8408374,31.6162109375
8408391,27.83203125
8408428,32.470703125
8408454,28.25927734375
8408540,29.47998046875
8468436,29.23583984375
8468537,33.0810546875
8468585,28.80859375
8468611,27.4658203125
8507322,28.4423828125
8507357,32.53173828125
8507382,26.7333984375
8507401,27.16064453125
8507433,28.3203125
8578001,29.6630859375
8729240,27.64892578125
8774639,28.076171875
8780291,27.9541015625
8811125,29.1748046875
8812388,28.076171875
8893859,29.052734375
8956617,28.1982421875
8990672,27.28271484375
8991502,34.36279296875
9101990,27.4658203125
9127020,27.16064453125
9199750,27.89306640625
9226539,27.77099609375
9226603,40.0390625
9226628,27.64892578125
9226638,33.14208984375
9266029,26.85546875
9433354,26.9775390625
9435030,30.1513671875
9464827,33.14208984375
9503508,33.87451171875
9540784,28.25927734375
9557816,28.86962890625
9572644,27.2216796875
9624854,27.4658203125
9641743,27.83203125
9681297,29.052734375
9681386,27.03857421875
9703254,27.7099609375
9703301,32.77587890625
9703353,26.611328125
9743084,29.1748046875
9743127,28.99169921875
9743192,27.03857421875
9789684,28.99169921875
9789721,28.74755859375
9789741,33.02001953125
9789752,34.423828125
9789813,28.99169921875
9825720,29.11376953125
9825750,29.60205078125
9870147,27.40478515625
9873486,26.85546875
9935400,42.66357421875
9935430,32.28759765625
9935463,27.89306640625
9990106,27.099609375
10033435,30.1513671875
10098869,28.50341796875
10115619,28.50341796875
10139422,34.72900390625
10139458,26.85546875
10139497,29.35791015625
10139522,29.296875
10139539,29.84619140625
10202492,30.1513671875
10202612,30.57861328125
10212331,26.67236328125
10278330,27.9541015625
10332026,37.17041015625
10335405,32.958984375
10358353,27.2216796875
10383512,29.60205078125
10383661,28.99169921875
10414469,29.78515625
10445710,34.3017578125
10448656,30.94482421875
10451246,27.83203125
10475947,28.01513671875
10494756,26.7333984375
10544904,27.16064453125
10585759,26.611328125
10609299,27.587890625
10681250,27.89306640625
10719633,27.64892578125
10719678,36.865234375
10719825,28.25927734375
10745904,26.611328125
10766127,41.1376953125
10784266,32.16552734375
10805014,26.9775390625
10859633,28.38134765625
10859709,29.72412109375
10934427,28.13720703125
10934592,27.89306640625
10936488,27.2216796875
10966281,29.23583984375
11040398,27.7099609375
11040411,30.3955078125
11040536,31.18896484375
11111303,28.01513671875
11126175,26.85546875
11152444,29.96826171875
11152459,31.92138671875
11176683,28.80859375
11176694,26.611328125
11259586,30.57861328125
11270273,27.64892578125
11288173,36.62109375
11305646,27.099609375
11305661,28.3203125
11305693,32.3486328125
11305716,33.8134765625
11305770,28.74755859375
11330645,27.9541015625
11334300,28.076171875
11347185,27.34375
11348775,30.57861328125
11366758,26.611328125
11381100,26.9775390625
11400396,28.38134765625
11418339,28.25927734375
11419540,28.564453125
11428868,27.2216796875
11431203,26.85546875
11431244,34.24072265625
11440276,28.076171875
11470949,31.06689453125
11470992,51.1474609375
11509331,28.86962890625
11521647,26.79443359375
11521797,28.74755859375
11621913,28.80859375
11637545,32.1044921875
11639589,28.9306640625
11665112,27.9541015625
11665158,30.6396484375
11665195,33.75244140625
11716207,31.92138671875
11716234,29.9072265625
11716281,28.9306640625
11716371,29.35791015625
11742271,29.72412109375
11742326,30.76171875
11742409,30.09033203125
11766331,28.74755859375
11768407,28.25927734375
11793703,26.9775390625
11804215,36.31591796875
11922656,28.3203125
11936746,28.80859375
11964040,32.1044921875
