11999000,0
15508,34.3017578125
15523,51.20849609375
15547,38.63525390625
15643,48.88916015625
15656,33.50830078125
15714,35.94970703125
15742,33.75244140625
15768,34.72900390625
16417,32.1044921875
17003,32.470703125
39002,40.4052734375
39027,34.11865234375
39115,29.35791015625
39144,45.7763671875
62865,41.93115234375
62900,31.25
63050,27.16064453125
63069,44.37255859375
63084,27.64892578125
86252,61.46240234375
86329,28.25927734375
86353,29.78515625
86383,54.931640625
86393,31.18896484375
86439,30.1513671875
86453,28.25927734375
86510,32.71484375
87387,29.541015625
108002,50.59814453125
108039,27.52685546875
108197,36.68212890625
108296,28.13720703125
111231,58.89892578125
111307,30.09033203125
111331,31.31103515625
111355,31.92138671875
134682,53.1005859375
134739,27.16064453125
134786,27.83203125
134829,26.9775390625
134882,31.06689453125
134905,28.564453125
136972,35.888671875
137046,29.4189453125
137087,27.52685546875
137104,32.89794921875
137226,33.935546875
137260,27.64892578125
151828,31.67724609375
151853,58.7158203125
151867,34.85107421875
151915,44.189453125
151962,28.74755859375
151987,41.6259765625
152053,27.40478515625
152099,39.9169921875
166437,36.865234375
166504,53.52783203125
166527,27.16064453125
166553,51.025390625
166588,48.828125
166599,29.296875
166631,27.40478515625
166655,33.447265625
178650,27.52685546875
178688,53.955078125
178705,38.26904296875
178733,38.75732421875
178745,27.9541015625
178790,27.52685546875
178811,28.076171875
178892,32.470703125
179436,31.6162109375
196681,26.85546875
196709,35.64453125
196725,43.88427734375
196751,26.85546875
196784,33.69140625
196824,40.283203125
196881,41.3818359375
196892,36.1328125
216930,33.14208984375
216942,52.8564453125
216955,29.47998046875
217021,28.6865234375
217152,28.38134765625
217190,29.60205078125
219060,43.701171875
219267,41.8701171875
238338,46.9970703125
238364,26.9775390625
238447,27.099609375
238482,29.9072265625
240373,43.701171875
240389,28.1982421875
240424,33.0810546875
240467,26.91650390625
240566,28.99169921875
240579,27.34375
240594,43.0908203125
257319,30.45654296875
257363,31.31103515625
257383,31.25
257420,31.43310546875
257542,36.62109375
257570,55.6640625
257590,27.4658203125
259871,41.56494140625
259950,30.3955078125
259995,27.099609375
260067,30.45654296875
294416,29.96826171875
294428,62.1337890625
294478,37.29248046875
294511,41.68701171875
294540,29.96826171875
294555,30.029296875
294594,44.0673828125
294637,28.13720703125
294693,27.28271484375
295992,33.50830078125
314557,27.77099609375
314577,36.865234375
314665,32.77587890625
314755,29.35791015625
314798,49.13330078125
316840,41.68701171875
316860,31.8603515625
316884,35.46142578125
316940,30.8837890625
316966,30.45654296875
317087,27.7099609375
344895,32.89794921875
344910,56.21337890625
344981,29.78515625
345004,29.35791015625
345066,41.80908203125
345088,38.75732421875
345098,33.63037109375
347904,32.65380859375
347922,27.2216796875
348079,28.01513671875
348162,32.28759765625
348202,28.80859375
348230,28.1982421875
364731,27.4658203125
364767,30.76171875
364787,62.6220703125
364836,27.34375
364852,37.59765625
364884,29.4189453125
365033,27.2216796875
379723,28.1982421875
379746,54.01611328125
379769,31.67724609375
379785,35.2783203125
379813,49.1943359375
379844,26.91650390625
379903,59.326171875
379916,31.005859375
379964,30.82275390625
379984,32.1044921875
399730,27.28271484375
399745,29.47998046875
399766,33.14208984375
399865,42.1142578125
399938,27.587890625
402031,55.2978515625
402102,28.13720703125
402317,45.8984375
417157,46.44775390625
417181,27.34375
417201,32.958984375
417211,49.072265625
417255,35.888671875
417284,49.86572265625
417304,38.87939453125
418128,34.66796875
430629,27.64892578125
430642,32.77587890625
430669,30.029296875
430691,49.560546875
430755,26.85546875
430775,29.60205078125
430795,28.01513671875
430880,50.1708984375
432792,31.494140625
432893,28.1982421875
432943,28.86962890625
433050,31.18896484375
460438,32.2265625
460463,67.19970703125
460549,32.40966796875
460615,31.3720703125
460650,34.24072265625
460674,45.2880859375
464482,61.03515625
464495,28.86962890625
464608,31.6162109375
464684,32.71484375
464719,29.1748046875
464746,32.65380859375
464863,27.64892578125
491958,29.35791015625
491993,43.3349609375
492017,26.91650390625
492037,36.9873046875
492115,27.77099609375
492147,28.80859375
492203,43.64013671875
494447,39.6728515625
494592,29.541015625
494698,29.541015625
494725,38.57421875
494744,28.50341796875
517140,27.34375
517169,28.4423828125
517194,27.16064453125
517221,28.74755859375
517274,30.3955078125
517299,27.7099609375
519568,47.4853515625
519642,29.35791015625
519676,32.3486328125
519726,27.40478515625
519759,27.9541015625
519795,40.83251953125
519856,40.46630859375
537796,46.38671875
537838,36.0107421875
537876,39.73388671875
537899,41.8701171875
537923,31.31103515625
537982,28.74755859375
538085,27.34375
550868,40.34423828125
550897,36.865234375
550922,33.38623046875
550935,54.3212890625
550960,31.005859375
551005,29.60205078125
551024,33.14208984375
565837,43.64013671875
565848,43.8232421875
565860,31.25
565914,30.21240234375
565929,41.9921875
565943,35.7666015625
565959,38.0859375
565971,31.1279296875
566002,29.11376953125
566021,27.7099609375
566146,30.45654296875
586589,37.17041015625
586608,60.36376953125
586622,33.69140625
586658,30.57861328125
586683,34.36279296875
586705,31.6162109375
586812,28.01513671875
610429,27.83203125
610473,50.10986328125
610501,29.47998046875
610514,26.9775390625
610540,31.25
610554,35.21728515625
610582,34.7900390625
610601,28.74755859375
610617,41.32080078125
610631,28.62548828125
610700,36.1328125
611645,30.45654296875
637073,41.19873046875
637122,54.19921875
637176,34.1796875
637241,26.9775390625
637255,34.85107421875
637294,39.36767578125
637316,27.34375
637355,40.52734375
637368,32.65380859375
637394,30.029296875
637462,28.99169921875
660255,34.66796875
660279,31.43310546875
660316,34.5458984375
660336,39.4287109375
660361,27.83203125
660423,33.8134765625
660466,27.40478515625
660476,27.83203125
660536,27.16064453125
685891,29.4189453125
685922,41.1376953125
685944,40.71044921875
685980,28.13720703125
686026,29.60205078125
686041,41.50390625
686086,30.70068359375
686179,27.34375
686901,33.0810546875
707986,31.494140625
708015,27.40478515625
708034,41.6259765625
708091,28.6865234375
709910,45.166015625
709952,33.87451171875
710015,27.16064453125
710118,47.05810546875
736926,32.16552734375
736970,51.20849609375
737009,27.9541015625
737155,31.79931640625
737182,28.1982421875
739386,45.34912109375
739661,39.4287109375
769171,49.1943359375
769239,27.099609375
769249,31.18896484375
769278,27.64892578125
769369,49.6826171875
769392,28.80859375
770053,36.865234375
771472,39.1845703125
771572,30.33447265625
771644,31.25
771720,33.87451171875
771783,35.7666015625
801042,49.6826171875
801061,45.34912109375
801094,32.470703125
801144,41.3818359375
801191,33.3251953125
801213,28.25927734375
801273,30.6396484375
801310,28.6865234375
817290,45.5322265625
817352,32.2265625
817366,42.90771484375
817397,27.16064453125
817447,29.35791015625
817464,29.84619140625
817539,30.1513671875
817573,28.50341796875
817594,30.33447265625
834613,43.3349609375
834642,31.25
834671,32.65380859375
834682,34.0576171875
834728,32.53173828125
834749,38.02490234375
834768,27.9541015625
834795,33.75244140625
834805,34.66796875
834855,26.85546875
835951,31.67724609375
850799,49.98779296875
850825,30.94482421875
850979,27.7099609375
851090,26.85546875
852839,53.52783203125
852975,28.076171875
853085,51.3916015625
872500,54.26025390625
872525,33.203125
872567,41.93115234375
872578,28.6865234375
872640,36.43798828125
872677,29.6630859375
873579,29.296875
892050,33.8134765625
892197,27.099609375
894304,34.11865234375
894350,27.7099609375
894501,43.0908203125
894638,28.38134765625
921799,34.423828125
921928,38.0859375
921994,43.5791015625
922007,31.18896484375
922047,28.1982421875
922076,28.38134765625
922099,31.79931640625
922126,29.296875
922146,29.1748046875
922165,31.73828125
922196,30.57861328125
922233,27.4658203125
922284,27.89306640625
947642,33.8134765625
947668,31.8603515625
947722,50.6591796875
947756,28.564453125
947815,31.43310546875
947826,34.72900390625
947870,28.3203125
947904,44.86083984375
948445,30.1513671875
949037,40.0390625
963677,47.30224609375
963715,27.9541015625
963751,54.6875
963795,30.8837890625
963806,32.1044921875
963825,43.3349609375
963893,31.1279296875
963911,37.78076171875
964560,30.09033203125
964984,30.82275390625
987284,31.43310546875
987307,47.119140625
987321,35.09521484375
987384,32.2265625
987401,27.099609375
987428,49.62158203125
987457,33.38623046875
1009196,31.73828125
1009284,32.89794921875
1009311,31.982421875
1009341,35.82763671875
1009357,40.10009765625
1009441,26.91650390625
1010292,28.6865234375
1033512,61.1572265625
1033534,27.28271484375
1033564,34.7900390625
1033576,27.2216796875
1033604,29.72412109375
1033644,44.677734375
1033690,28.01513671875
1033740,31.982421875
1033807,31.005859375
1034754,32.5927734375
1054227,32.470703125
1054332,33.26416015625
1054368,52.978515625
1054402,42.78564453125
1054486,38.26904296875
1054513,36.7431640625
1054553,27.2216796875
1054597,36.43798828125
1054618,31.73828125
1054683,33.26416015625
1056176,28.01513671875
1076002,34.60693359375
1076024,34.60693359375
1076082,28.25927734375
1076152,57.92236328125
1076185,28.076171875
1076217,30.94482421875
1076246,34.60693359375
1076256,38.26904296875
1076338,33.26416015625
1077198,27.52685546875
1094252,26.9775390625
1094286,55.84716796875
1094317,31.18896484375
1094331,44.12841796875
1094388,28.9306640625
1096826,39.61181640625
1096885,28.564453125
1096957,27.03857421875
1113821,35.21728515625
1113838,39.73388671875
1113863,32.40966796875
1113890,34.3017578125
1116692,28.25927734375
1116763,47.66845703125
1116821,26.91650390625
1117943,47.79052734375
1117971,28.564453125
1118209,29.72412109375
1118927,39.306640625
1118953,28.38134765625
1119526,40.22216796875
1120277,39.1845703125
1120886,39.0625
1122398,28.86962890625
1122852,27.89306640625
1122925,34.912109375
1123188,36.376953125
1124431,32.40966796875
1125105,40.283203125
1125338,28.01513671875
1125535,28.076171875
1127210,37.04833984375
1127643,50.84228515625
1128386,43.39599609375
1162062,64.14794921875
1162188,28.1982421875
1162241,28.6865234375
1162254,27.77099609375
1163942,28.6865234375
1164065,29.052734375
1164100,29.052734375
1164147,41.32080078125
1164783,44.61669921875
1165286,26.9775390625
1165772,29.35791015625
1166324,35.888671875
1166834,35.64453125
1168021,31.6162109375
1170123,34.5458984375
1171605,40.8935546875
1172527,28.4423828125
1203010,37.78076171875
1203026,31.73828125
1203061,29.4189453125
1203080,39.1845703125
1203114,44.37255859375
1203169,29.96826171875
1204493,44.677734375
1204560,28.6865234375
1204588,27.03857421875
1205185,33.38623046875
1205610,31.18896484375
1206033,33.447265625
1207651,30.94482421875
1207865,29.296875
1208897,27.7099609375
1209515,44.73876953125
1210266,28.1982421875
1210706,38.4521484375
1211190,43.27392578125
1274012,35.09521484375
1274044,28.50341796875
1274057,28.9306640625
1274121,30.6396484375
1274165,32.3486328125
1274235,30.517578125
1274261,30.09033203125
1274318,29.35791015625
1275482,48.64501953125
1275539,28.564453125
1275627,26.85546875
1276336,31.92138671875
1276726,31.67724609375
1276991,33.26416015625
1277644,34.11865234375
1278134,38.818359375
1278453,29.052734375
1279914,31.31103515625
1280547,32.28759765625
1280949,38.0859375
1281545,39.36767578125
1282423,37.29248046875
1283235,47.18017578125
1284546,34.1796875
1285891,28.1982421875
1286818,36.68212890625
1287364,29.1748046875
1341429,27.40478515625
1341466,27.099609375
1341480,26.85546875
1341631,28.86962890625
1342579,27.16064453125
1342594,41.748046875
1342740,30.21240234375
1343369,28.564453125
1344408,31.6162109375
1344773,28.62548828125
1345159,40.0390625
1346442,34.48486328125
1347036,29.4189453125
1348731,41.9921875
1349555,47.9736328125
1350025,41.93115234375
1352041,36.2548828125
1407869,49.25537109375
1407932,80.2001953125
1407961,43.64013671875
1407992,44.0673828125
1408030,42.29736328125
1408042,31.67724609375
1408057,45.71533203125
1408096,47.119140625
1408173,28.86962890625
1409055,29.11376953125
1422292,41.07666015625
1422308,33.26416015625
1422351,27.587890625
1422369,58.77685546875
1422391,34.66796875
1422401,33.8134765625
1422437,31.55517578125
1422463,29.72412109375
1422487,26.9775390625
1422524,31.005859375
1423684,45.41015625
1423732,27.587890625
1425821,29.60205078125
1425889,30.82275390625
1426735,40.22216796875
1428649,27.099609375
1429128,33.935546875
1429472,28.38134765625
1432000,44.98291015625
1432474,28.4423828125
1432490,38.2080078125
1472945,36.07177734375
1473036,45.0439453125
1473079,40.8935546875
1473094,38.14697265625
1473138,27.7099609375
1473155,41.8701171875
1473176,30.33447265625
1473191,29.296875
1473222,36.4990234375
1473234,33.02001953125
1473246,32.8369140625
1473263,32.958984375
1473281,34.3017578125
1473303,27.2216796875
1473324,27.9541015625
1514001,33.02001953125
1514040,58.10546875
1514069,61.21826171875
1514081,33.0810546875
1514129,29.23583984375
1514147,27.28271484375
1514175,28.01513671875
1514209,37.2314453125
1514232,28.9306640625
1550089,28.38134765625
1550139,59.9365234375
1550210,39.6728515625
1550341,42.78564453125
1550365,31.79931640625
1551968,27.16064453125
1552092,27.099609375
1552155,27.34375
1552277,44.189453125
1589800,41.93115234375
1589918,31.73828125
1589984,27.099609375
1589997,48.583984375
1590018,34.423828125
1590041,31.3720703125
1590061,31.3720703125
1590088,28.9306640625
1590108,27.34375
1590134,27.2216796875
1590151,33.447265625
1590169,28.74755859375
1590197,30.82275390625
1590219,33.38623046875
1590230,30.57861328125
1619904,27.83203125
1619932,45.34912109375
1620117,46.875
1621568,35.2783203125
1658178,27.16064453125
1658260,57.92236328125
1658359,27.03857421875
1659381,42.3583984375
1660216,27.40478515625
1663131,28.564453125
1708459,47.66845703125
1708555,35.400390625
1708566,58.349609375
1708653,35.400390625
1708704,40.71044921875
1708739,32.5927734375
1708754,43.8232421875
1708783,27.03857421875
1708793,28.86962890625
1708822,28.6865234375
1747194,34.1796875
1747332,32.28759765625
1747414,31.005859375
1747438,45.95947265625
1747530,28.01513671875
1747570,31.92138671875
1747601,47.119140625
1747625,29.296875
1747666,37.59765625
1747710,28.1982421875
1747736,35.64453125
1778466,42.17529296875
1778578,28.86962890625
1778663,33.63037109375
1778674,40.6494140625
1778754,26.91650390625
1778768,34.97314453125
1778791,28.01513671875
1778845,42.6025390625
1778870,35.64453125
1778891,31.06689453125
1778908,28.6865234375
1778948,31.982421875
1802853,32.2265625
1803322,39.794921875
1835516,29.72412109375
1835659,27.89306640625
1835675,31.43310546875
1835730,27.4658203125
1868436,38.75732421875
1868579,37.17041015625
1868659,51.513671875
1868672,28.80859375
1868775,52.001953125
1868802,44.61669921875
1868819,28.4423828125
1868832,39.6728515625
1868862,36.4990234375
1868913,30.3955078125
1869957,26.9775390625
1889531,46.20361328125
1889676,39.4287109375
1889690,51.57470703125
1889811,28.86962890625
1889878,28.86962890625
1925241,30.029296875
1925369,27.587890625
1925467,26.85546875
1925563,28.62548828125
1960592,45.5322265625
1960627,42.41943359375
1960723,29.23583984375
1960738,34.3017578125
1960754,28.38134765625
1960789,31.005859375
1960808,33.50830078125
1960828,31.06689453125
1960856,34.7900390625
1960892,34.72900390625
1985235,27.77099609375
1985413,34.11865234375
2014426,42.90771484375
2014479,53.7109375
2014560,38.63525390625
2014579,27.16064453125
2014610,30.6396484375
2014643,32.28759765625
2014661,44.25048828125
2014681,36.80419921875
2014729,41.68701171875
2014766,28.38134765625
2042244,28.564453125
2042351,39.73388671875
2042390,57.06787109375
2042404,27.2216796875
2042503,29.296875
2042561,26.9775390625
2071418,29.052734375
2071527,36.7431640625
2071611,45.41015625
2071634,33.3251953125
2071665,31.92138671875
2071720,26.9775390625
2071739,42.6025390625
2071758,27.34375
2071769,42.29736328125
2071793,29.1748046875
2071825,35.5224609375
2071837,34.24072265625
2071854,35.400390625
2089608,31.25
2115969,39.48974609375
2116069,28.13720703125
2116107,42.96875
2116175,33.99658203125
2116241,31.31103515625
2116262,33.02001953125
2116295,35.400390625
2116313,35.400390625
2116369,29.47998046875
2116397,27.28271484375
2141285,42.48046875
2141379,40.6494140625
2141432,27.03857421875
2141454,28.74755859375
2141533,39.9169921875
2141557,28.9306640625
2141582,53.22265625
2141622,29.72412109375
2141667,34.66796875
2141693,28.62548828125
2142272,29.9072265625
2142565,26.9775390625
2143068,34.24072265625
2147421,33.87451171875
2147599,30.029296875
2155934,31.25
2158539,27.89306640625
2161152,40.58837890625
2162349,27.34375
2162656,34.24072265625
2163747,44.7998046875
2182221,44.98291015625
2182321,35.21728515625
2182408,30.94482421875
2182432,30.09033203125
2182510,30.517578125
2182540,37.7197265625
2182597,30.1513671875
2182636,30.6396484375
2182693,29.84619140625
2182713,27.2216796875
2182778,45.71533203125
2203045,28.076171875
2203065,32.2265625
2204895,42.90771484375
2204934,29.541015625
2206086,49.9267578125
2207630,51.69677734375
2208628,41.015625
2209098,28.38134765625
2209116,36.68212890625
2213351,37.78076171875
2214217,34.3017578125
2254206,48.9501953125
2254311,38.57421875
2254329,54.01611328125
2254350,30.029296875
2254389,30.09033203125
2254403,41.9921875
2254457,29.296875
2254504,29.9072265625
2254520,27.40478515625
2254547,27.4658203125
2254585,27.099609375
2271258,33.0810546875
2271276,27.4658203125
2271291,29.11376953125
2271362,27.2216796875
2272360,28.50341796875
2272452,49.31640625
2273212,34.97314453125
2274112,34.423828125
2275473,30.517578125
2275882,37.04833984375
2276285,27.099609375
2277117,30.33447265625
2277449,27.587890625
2277480,39.36767578125
2278104,39.6728515625
2278373,32.958984375
2279333,43.39599609375
2279676,28.6865234375
2281422,41.1376953125
2281845,49.4384765625
2282490,28.9306640625
2283737,36.2548828125
2284282,47.607421875
2284682,33.02001953125
2285004,29.1748046875
2316094,35.888671875
2316127,28.38134765625
2316154,44.43359375
2316206,31.43310546875
2316887,52.3681640625
2317198,27.9541015625
2318339,45.166015625
2320043,27.64892578125
2320091,39.306640625
2320676,37.29248046875
2321352,30.82275390625
2322018,28.1982421875
2324607,34.66796875
2361855,27.7099609375
2361888,29.78515625
2361908,28.25927734375
2361991,30.45654296875
2362027,26.9775390625
2362085,29.296875
2362099,27.40478515625
2362943,29.4189453125
2363577,44.25048828125
2363736,28.25927734375
2365738,36.62109375
2366849,34.7900390625
2367547,28.25927734375
2368652,45.83740234375
2369233,49.6826171875
2369823,33.203125
2370299,28.80859375
2371501,39.36767578125
2423368,30.57861328125
2423431,42.54150390625
2423453,32.28759765625
2423494,28.38134765625
2423526,27.16064453125
2423550,30.1513671875
2423572,33.0810546875
2424554,39.24560546875
2426254,36.92626953125
2427062,43.5791015625
2427459,28.076171875
2427635,30.09033203125
2427651,42.6025390625
2428634,39.00146484375
2429828,38.4521484375
2430712,38.26904296875
2465238,37.4755859375
2465318,30.94482421875
2465370,26.9775390625
2465407,28.99169921875
2465433,30.3955078125
2465499,31.494140625
2465512,29.052734375
2465534,45.0439453125
2465546,34.36279296875
2465589,32.2265625
2465613,31.79931640625
2489962,49.560546875
2489993,29.9072265625
2490020,31.982421875
2490043,32.470703125
2490090,40.10009765625
2490105,28.3203125
2490139,26.9775390625
2492615,32.89794921875
2492719,27.16064453125
2492952,29.35791015625
2492982,32.71484375
2493726,37.4755859375
2494536,34.48486328125
2495217,28.99169921875
2496915,27.9541015625
2496935,28.25927734375
2497991,49.13330078125
2498970,26.85546875
2499537,43.76220703125
2500022,34.5458984375
2558220,27.77099609375
2558286,59.9365234375
2559273,34.66796875
2559888,30.82275390625
2560896,41.6259765625
2562376,33.63037109375
2563361,38.51318359375
2564770,35.94970703125
2566224,29.6630859375
2566986,38.4521484375
2567626,37.53662109375
2591295,61.70654296875
2591310,37.353515625
2592134,34.1796875
2592789,37.04833984375
2592904,30.029296875
2593413,44.37255859375
2594229,42.48046875
2596038,35.33935546875
2596505,38.87939453125
2596807,35.400390625
2597127,35.58349609375
2597602,45.5322265625
2605123,28.25927734375
2605193,34.66796875
2605325,29.23583984375
2605426,27.52685546875
2642698,38.26904296875
2642787,43.39599609375
2642813,35.94970703125
2642873,37.41455078125
2642920,29.35791015625
2642969,30.76171875
2642993,33.14208984375
2643005,29.11376953125
2643039,31.6162109375
2643094,32.65380859375
2667979,35.21728515625
2668931,28.13720703125
2669723,40.10009765625
2670464,27.77099609375
2670498,43.45703125
2672528,49.072265625
2673537,34.0576171875
2674071,33.5693359375
2675033,47.18017578125
2743052,44.5556640625
2743142,28.01513671875
2743170,32.65380859375
2743210,58.28857421875
2743255,36.4990234375
2743294,26.9775390625
2743320,33.87451171875
2743361,32.5927734375
2743372,29.296875
2743403,36.62109375
2754500,33.935546875
2755383,33.5693359375
2756984,27.89306640625
2758459,40.283203125
2760127,51.81884765625
2802846,36.19384765625
2802956,46.0205078125
2803008,57.80029296875
2803024,33.447265625
2803074,28.1982421875
2803105,35.64453125
2803125,37.353515625
2803167,34.36279296875
2803262,30.2734375
2839418,41.748046875
2839499,35.58349609375
2839548,37.65869140625
2839593,29.23583984375
2839643,39.73388671875
2839680,27.52685546875
2839703,29.4189453125
2839730,39.61181640625
2839752,39.0625
2839773,26.85546875
2839791,41.80908203125
2875945,31.25
2876122,39.6728515625
2876169,40.0390625
2876234,34.24072265625
2876303,33.02001953125
2876336,33.14208984375
2876348,27.03857421875
2876375,31.494140625
2876392,39.36767578125
2876422,36.80419921875
2911387,45.34912109375
2911488,27.587890625
2911827,27.03857421875
2912110,29.23583984375
2912372,29.72412109375
2913044,26.85546875
2935908,33.203125
2936103,42.1142578125
2936132,33.447265625
2936193,54.38232421875
2936281,28.3203125
2936293,40.8935546875
2936328,36.4990234375
2936353,40.0390625
2936383,32.16552734375
2936406,35.46142578125
2936445,30.82275390625
2954885,30.517578125
2954898,31.43310546875
2955019,29.052734375
2955383,29.96826171875
2955644,29.84619140625
2955919,28.1982421875
2956487,29.052734375
2958235,28.01513671875
2959923,28.4423828125
2962899,29.72412109375
2984789,42.90771484375
2984839,42.29736328125
2984870,46.2646484375
2984954,36.4990234375
2984985,28.80859375
2985086,40.0390625
2985096,30.21240234375
2985114,27.64892578125
2985133,37.7197265625
2985213,30.3955078125
3017027,28.01513671875
3019192,27.587890625
3020311,27.77099609375
3046631,53.52783203125
3046726,43.8232421875
3046799,32.5927734375
3046872,42.96875
3046882,29.052734375
3046928,26.85546875
3046971,31.67724609375
3046984,27.03857421875
3062167,41.93115234375
3062284,30.3955078125
3062352,45.8984375
3062386,41.56494140625
3062492,33.50830078125
3062528,27.16064453125
3062568,27.7099609375
3062589,33.99658203125
3062625,29.35791015625
3062686,27.83203125
3063921,27.587890625
3089963,54.74853515625
3090066,30.76171875
3090417,27.16064453125
3114620,40.6494140625
3114661,40.10009765625
3114761,41.56494140625
3114805,28.4423828125
3114868,26.9775390625
3114900,47.119140625
3114923,28.6865234375
3136031,28.9306640625
3136192,29.296875
3136941,28.564453125
3156470,45.83740234375
3156507,43.0908203125
3156574,47.79052734375
3156693,41.80908203125
3156837,30.09033203125
3156915,27.34375
3156965,26.91650390625
3181552,37.53662109375
3181694,40.22216796875
3181726,42.3583984375
3181792,32.1044921875
3181826,32.04345703125
3181887,44.0673828125
3181917,41.44287109375
3181943,27.52685546875
3182015,30.517578125
3182043,41.68701171875
3203351,26.91650390625
3203626,32.77587890625
3203764,26.9775390625
3229792,41.56494140625
3229888,37.59765625
3229903,48.583984375
3229950,27.587890625
3229999,45.22705078125
3230022,27.4658203125
3230039,30.70068359375
3230054,27.03857421875
3230082,36.56005859375
3230112,39.55078125
3230160,31.6162109375
3230172,38.9404296875
3253173,51.69677734375
3253318,28.50341796875
3253419,31.55517578125
3276705,31.79931640625
3276793,28.25927734375
3276812,50.537109375
3287432,29.47998046875
3310850,40.58837890625
3310970,45.166015625
3310989,58.10546875
3311059,27.64892578125
3311092,35.70556640625
3311121,27.16064453125
3311137,45.5322265625
3312975,26.9775390625
3317016,26.85546875
3317102,27.16064453125
3321060,54.3212890625
3321083,32.1044921875
3341603,31.67724609375
3342115,27.83203125
3356058,28.4423828125
3356225,42.78564453125
3356342,37.04833984375
3361417,46.81396484375
3361434,27.34375
3362434,62.5
3366091,27.52685546875
3367776,48.40087890625
3368814,33.26416015625
3369592,35.94970703125
3370395,30.76171875
3370415,41.56494140625
3372296,41.32080078125
3397800,36.2548828125
3397818,58.837890625
3397841,27.83203125
3397875,31.005859375
3398499,27.77099609375
3398676,37.41455078125
3400405,48.15673828125
3401791,27.4658203125
3403585,34.24072265625
3404104,38.330078125
3404717,28.74755859375
3405221,27.587890625
3406126,31.3720703125
3406486,30.94482421875
3442241,31.55517578125
3442268,52.490234375
3442351,28.13720703125
3442367,26.91650390625
3443337,31.43310546875
3443347,30.09033203125
3443846,41.07666015625
3445887,28.99169921875
3446779,35.46142578125
3447434,41.07666015625
3448980,28.62548828125
3449318,40.52734375
3449787,40.34423828125
3450558,41.259765625
3451635,43.76220703125
3498137,28.6865234375
3498162,30.94482421875
3498209,27.9541015625
3499321,32.1044921875
3500545,28.01513671875
3501797,46.2646484375
3502302,40.8935546875
3502545,29.35791015625
3502996,29.23583984375
3504148,38.330078125
3504508,34.85107421875
3505133,34.97314453125
3505824,38.63525390625
3506456,29.6630859375
3506933,30.76171875
3507236,29.11376953125
3508235,40.22216796875
3508537,36.9873046875
3509338,47.79052734375
3509740,27.099609375
3509762,42.1142578125
3510228,34.912109375
3510867,43.3349609375
3511259,42.96875
3557043,27.7099609375
3557056,55.96923828125
3558281,46.142578125
3558301,27.64892578125
3558359,29.1748046875
3558556,36.2548828125
3560332,36.7431640625
3560703,36.92626953125
3561124,33.99658203125
3561922,27.4658203125
3562271,38.02490234375
3562597,37.841796875
3562814,35.70556640625
3562829,29.1748046875
3564743,35.0341796875
3565166,28.80859375
3565755,41.259765625
3566269,45.95947265625
3604627,39.794921875
3604667,47.7294921875
3604681,29.23583984375
3604721,27.89306640625
3604740,32.5927734375
3604777,31.8603515625
3604788,28.4423828125
3605632,44.00634765625
3605742,29.11376953125
3606400,36.1328125
3606730,32.3486328125
3607907,40.10009765625
3608286,38.4521484375
3609354,27.52685546875
3610163,35.5224609375
3611444,27.7099609375
3657090,43.39599609375
3657159,37.2314453125
3657194,48.76708984375
3657210,30.21240234375
3657254,30.33447265625
3657269,26.85546875
3657303,39.12353515625
3657320,34.72900390625
3657341,41.19873046875
3657351,35.21728515625
3657389,30.09033203125
3657399,31.18896484375
3657409,29.78515625
3657441,27.83203125
3660397,43.3349609375
3660450,29.23583984375
3660609,29.4189453125
3675008,45.22705078125
3675051,34.85107421875
3675080,31.3720703125
3675098,32.89794921875
3675112,33.5693359375
3675204,26.91650390625
3675266,27.77099609375
3705369,43.5791015625
3706355,38.57421875
3707046,39.36767578125
3707838,36.865234375
3708683,34.5458984375
3709386,35.5224609375
3710290,30.57861328125
3710319,51.20849609375
3710873,31.18896484375
3711864,39.73388671875
3746808,30.45654296875
3746866,27.77099609375
3746897,39.55078125
3746921,30.33447265625
3746947,44.61669921875
3746975,32.958984375
3746989,31.982421875
3747087,31.31103515625
3747117,27.587890625
3747148,30.70068359375
3791112,42.6025390625
3791138,34.66796875
3791154,29.4189453125
3792384,50.048828125
3795226,30.8837890625
3795349,29.541015625
3795436,27.16064453125
3795932,30.8837890625
3836566,35.7666015625
3836688,55.48095703125
3836780,37.9638671875
3836822,37.90283203125
3836842,27.28271484375
3836864,46.5087890625
3836896,27.64892578125
3836938,28.62548828125
3836957,40.22216796875
3836978,33.447265625
3860028,33.26416015625
3860152,30.3955078125
3878196,26.85546875
3878337,31.67724609375
3878470,28.86962890625
3879489,28.38134765625
3884340,33.447265625
3886556,52.3681640625
3917993,27.40478515625
3918121,40.283203125
3918251,26.85546875
3918477,32.16552734375
3921015,28.3203125
3922293,29.72412109375
3940401,28.38134765625
3940551,35.21728515625
3940868,27.28271484375
3941199,30.94482421875
3941991,27.34375
3942519,29.23583984375
3942954,27.64892578125
3943034,49.9267578125
3943532,31.494140625
3943801,30.70068359375
3945062,55.5419921875
3946122,47.18017578125
3946714,36.80419921875
3947728,41.015625
3948294,29.72412109375
3948793,40.8935546875
3951004,28.01513671875
3952077,42.3583984375
3953100,27.099609375
3954783,44.43359375
3954907,27.4658203125
3955722,50.537109375
3979803,43.51806640625
3981328,42.41943359375
3982958,28.1982421875
3983044,36.865234375
3983675,36.9873046875
3985581,37.90283203125
4014672,27.03857421875
4014694,27.40478515625
4014727,37.78076171875
4015356,37.53662109375
4015999,46.81396484375
4016583,35.5224609375
4018309,45.83740234375
4019082,33.02001953125
4019093,27.34375
4020723,27.64892578125
4020738,43.51806640625
4021867,40.0390625
4054587,32.3486328125
4054620,48.15673828125
4054685,34.36279296875
4054740,31.494140625
4054778,30.517578125
4054798,30.09033203125
4054861,37.53662109375
4054880,29.6630859375
4054931,32.53173828125
4058115,46.20361328125
4058187,30.45654296875
4058215,29.052734375
4058919,27.16064453125
4058945,37.53662109375
4059542,29.84619140625
4062354,37.65869140625
4063076,38.4521484375
4064475,32.77587890625
4066776,45.0439453125
4067841,47.36328125
4068198,44.0673828125
4080441,54.3212890625
4081608,44.7998046875
4082759,38.51318359375
4083705,38.02490234375
4085391,42.236328125
4122173,57.80029296875
4123125,35.70556640625
4123578,38.818359375
4124242,31.79931640625
4125277,31.18896484375
4126425,41.07666015625
4128437,35.70556640625
4158236,27.4658203125
4158298,31.31103515625
4158340,31.494140625
4159087,35.70556640625
4159686,35.5224609375
4160825,37.78076171875
4162104,34.11865234375
4162661,35.7666015625
4164228,44.921875
4165376,45.7763671875
4165401,27.099609375
4195082,27.9541015625
4195108,30.82275390625
4195153,31.494140625
4195214,27.4658203125
4195915,48.40087890625
4197187,38.6962890625
4197688,38.02490234375
4198621,35.46142578125
4199658,40.58837890625
4200269,34.85107421875
4202099,48.76708984375
4203223,30.76171875
4230344,32.65380859375
4231931,34.423828125
4232684,36.31591796875
4233545,42.29736328125
4235286,30.94482421875
4236134,38.87939453125
4252719,41.07666015625
4253414,40.46630859375
4254729,35.64453125
4255968,31.43310546875
4257222,44.43359375
4259043,36.43798828125
4292511,27.16064453125
4292525,56.82373046875
4292551,28.62548828125
4294240,30.517578125
4295136,39.1845703125
4296076,40.83251953125
4354654,30.45654296875
4354884,27.28271484375
4355125,28.38134765625
4365135,35.70556640625
4366521,28.6865234375
4368615,37.65869140625
4371694,27.9541015625
4371883,39.0625
4380544,28.1982421875
4382073,34.60693359375
4384213,44.25048828125
4385880,37.59765625
4387672,38.63525390625
4413745,34.97314453125
4414472,29.96826171875
4417107,36.865234375
4417333,34.72900390625
4419085,49.37744140625
4420554,30.8837890625
4444830,36.0107421875
4444929,45.2880859375
4447294,34.60693359375
4448889,39.00146484375
4449229,36.19384765625
4468757,39.85595703125
4469452,32.2265625
4470745,31.18896484375
4471517,33.75244140625
4473271,37.29248046875
4474689,34.97314453125
4474804,28.01513671875
4495381,44.37255859375
4496774,38.9404296875
4497784,30.82275390625
4499091,46.20361328125
4500070,29.4189453125
4500834,32.40966796875
4511768,42.29736328125
4512647,42.8466796875
4513349,29.35791015625
4513706,31.1279296875
4515442,38.39111328125
4517970,43.64013671875
4519072,29.60205078125
4529112,28.3203125
4529972,39.00146484375
4531598,35.0341796875
4533049,30.82275390625
4561597,37.53662109375
4562442,42.48046875
4563304,47.7294921875
4563472,28.6865234375
4564704,47.607421875
4566043,31.1279296875
4597093,32.1044921875
4597881,42.66357421875
4598585,44.921875
4598698,32.3486328125
4599433,36.376953125
4600188,35.0341796875
4600843,40.34423828125
4601161,51.6357421875
4613105,33.14208984375
4613186,29.1748046875
4613247,40.1611328125
4614795,26.9775390625
4614894,29.35791015625
4615918,44.0673828125
4617092,49.6826171875
4618380,37.59765625
4634163,51.025390625
4635901,28.99169921875
4637452,26.91650390625
4638602,29.6630859375
4660860,34.97314453125
4661650,36.0107421875
4662406,45.47119140625
4662507,30.3955078125
4663256,38.57421875
4664161,34.11865234375
4664178,29.541015625
4679791,27.03857421875
4679872,39.73388671875
4680692,44.3115234375
4681555,30.09033203125
4681926,30.45654296875
4683353,32.16552734375
4706228,48.88916015625
4707289,40.34423828125
4708189,29.4189453125
4709852,38.818359375
4710840,38.63525390625
4713920,44.0673828125
4738952,26.85546875
4739042,27.2216796875
4739111,43.0908203125
4739956,35.15625
4741983,27.64892578125
4742325,28.50341796875
4743027,30.1513671875
4802710,34.7900390625
4802747,36.376953125
4802768,35.15625
4802825,27.28271484375
4802848,28.74755859375
4802876,28.25927734375
4802927,31.982421875
4802943,35.46142578125
4802976,30.517578125
4813998,38.87939453125
4814531,47.8515625
4814806,29.296875
4816631,30.45654296875
4817768,38.63525390625
4819914,43.88427734375
4822120,40.46630859375
4845314,47.607421875
4846081,37.2314453125
4847023,39.61181640625
4849838,30.3955078125
4851131,28.1982421875
4851790,42.724609375
4858181,56.09130859375
4879884,30.8837890625
4880735,32.8369140625
4881451,28.25927734375
4882022,40.95458984375
4882884,32.16552734375
4883668,29.296875
4886629,40.71044921875
4922636,33.50830078125
4922672,30.6396484375
4923346,40.46630859375
4924224,37.353515625
4925733,40.4052734375
4926089,32.53173828125
4927136,30.517578125
4927937,35.2783203125
4929112,40.71044921875
4951527,39.12353515625
4952300,38.818359375
4952720,32.65380859375
4953558,35.46142578125
4956357,37.353515625
4956966,43.88427734375
4958593,31.3720703125
5034630,42.8466796875
5034667,51.33056640625
5034708,37.59765625
5034759,42.41943359375
5034780,36.80419921875
5034811,29.9072265625
5034823,29.541015625
5034845,33.87451171875
5034859,42.90771484375
5034887,28.80859375
5034905,36.62109375
5034957,30.09033203125
5045937,30.8837890625
5047752,27.099609375
5047853,29.72412109375
5048639,29.9072265625
5048929,27.2216796875
5049237,30.57861328125
5094193,40.52734375
5094287,49.072265625
5094302,33.50830078125
5094378,26.9775390625
5094405,34.912109375
5094441,41.32080078125
5094458,35.7666015625
5094492,30.45654296875
5094532,29.11376953125
5094562,34.423828125
5094602,27.83203125
5101915,28.99169921875
5102046,31.92138671875
5106855,29.35791015625
5108284,27.9541015625
5109436,28.25927734375
5109497,38.51318359375
5109663,38.87939453125
5110307,39.73388671875
5110492,27.34375
5110694,31.1279296875
5110900,39.6728515625
5111297,38.818359375
5111504,33.63037109375
5111753,38.51318359375
5111924,31.18896484375
5112337,32.89794921875
5112819,32.470703125
5113127,34.912109375
5114027,33.02001953125
5115109,35.09521484375
5176701,36.865234375
5176752,32.28759765625
5176763,33.5693359375
5176823,28.74755859375
5176850,32.71484375
5176885,32.958984375
5176904,30.3955078125
5176924,34.0576171875
5176956,30.09033203125
5176980,27.03857421875
5177007,27.52685546875
5198723,32.04345703125
5198793,27.03857421875
5198824,33.69140625
5198856,32.8369140625
5198871,28.01513671875
5198993,32.5927734375
5199044,31.73828125
5226833,39.85595703125
5226849,42.3583984375
5226952,31.73828125
5227012,29.60205078125
5227036,32.16552734375
5230820,29.541015625
5230926,31.494140625
5235156,32.53173828125
5235174,28.25927734375
5235552,37.41455078125
5235866,37.53662109375
5236271,37.04833984375
5236505,34.66796875
5237330,41.748046875
5237657,37.29248046875
5237949,39.4287109375
5238169,35.09521484375
5238383,28.74755859375
5238759,28.25927734375
5239105,29.47998046875
5239370,37.59765625
5240069,39.4287109375
5241068,32.5927734375
5242415,36.68212890625
5291713,33.935546875
5291793,36.43798828125
5291871,30.94482421875
5321241,29.052734375
5321383,30.09033203125
5323161,26.91650390625
5324899,33.50830078125
5325132,42.8466796875
5325265,46.20361328125
5325393,34.60693359375
5325465,28.01513671875
5325602,38.51318359375
5325734,27.9541015625
5325865,26.9775390625
5326176,32.8369140625
5326627,34.1796875
5326914,38.9404296875
5327099,41.259765625
5327336,31.3720703125
5327554,38.87939453125
5327570,27.9541015625
5327756,34.5458984375
5327967,28.86962890625
5328434,34.7900390625
5328698,40.71044921875
5328947,28.80859375
5329052,27.64892578125
5329276,37.109375
5329866,30.8837890625
5330197,27.28271484375
5330656,28.1982421875
5330761,32.77587890625
5331534,27.34375
5332605,33.935546875
5342748,39.794921875
5342827,29.72412109375
5342907,27.03857421875
5342944,34.7900390625
5343106,34.36279296875
5343383,29.23583984375
5343516,33.99658203125
5345304,28.62548828125
5345601,35.5224609375
5345771,35.15625
5345980,30.1513671875
5346196,32.77587890625
5346320,27.7099609375
5346402,28.4423828125
5346599,31.06689453125
5346819,33.50830078125
5347155,32.16552734375
5399220,32.71484375
5399269,39.12353515625
5399336,27.099609375
5399347,26.91650390625
5399437,32.89794921875
5443240,37.65869140625
5443301,35.64453125
5443314,31.6162109375
5443337,28.6865234375
5443404,29.84619140625
5443441,28.564453125
5443539,27.64892578125
5465612,28.25927734375
5465726,47.119140625
5465827,34.72900390625
5465842,31.79931640625
5465915,42.96875
5466019,31.43310546875
5466155,35.2783203125
5466412,37.59765625
5466571,37.2314453125
5466600,27.40478515625
5466763,27.64892578125
5466947,29.541015625
5467086,27.099609375
5467341,26.9775390625
5467740,27.28271484375
5467884,33.69140625
5468252,28.25927734375
5468448,27.52685546875
5468708,33.935546875
5468978,27.9541015625
5469049,27.28271484375
5469366,29.78515625
5469540,29.60205078125
5469917,35.0341796875
5470257,37.17041015625
5470416,27.64892578125
5471180,29.052734375
5471402,32.470703125
5472268,35.33935546875
5472287,31.18896484375
5472928,27.2216796875
5474204,27.7099609375
5476017,33.63037109375
5476247,27.03857421875
5476368,41.6259765625
5476501,37.109375
5476987,36.7431640625
5477744,33.3251953125
5506889,27.16064453125
5507539,29.78515625
5508244,27.16064453125
5510484,30.517578125
5510588,37.2314453125
5510622,28.25927734375
5510784,31.43310546875
5511030,30.1513671875
5511147,28.4423828125
5511465,35.7666015625
5511952,36.43798828125
5512243,27.9541015625
5521627,32.77587890625
5522170,29.1748046875
5527513,40.0390625
5527753,41.44287109375
5575879,39.9169921875
5575953,40.283203125
5575963,34.24072265625
5576023,42.1142578125
5576090,31.31103515625
5576117,31.67724609375
5576132,28.80859375
5576150,28.80859375
5609346,71.83837890625
5609438,38.75732421875
5609456,28.01513671875
5609565,27.099609375
5609578,33.69140625
5609616,27.099609375
5609637,27.34375
5609655,27.28271484375
5637737,42.41943359375
5637839,46.2646484375
5637989,28.4423828125
5638010,33.447265625
5638054,30.029296875
5638089,27.34375
5638189,26.91650390625
5668930,35.21728515625
5669096,38.2080078125
5669196,27.03857421875
5669228,31.31103515625
5669284,27.4658203125
5669305,39.6728515625
5669359,27.52685546875
5669384,37.41455078125
5670964,26.85546875
5671800,26.91650390625
5671831,31.6162109375
5672706,27.40478515625
5672849,28.62548828125
5673000,27.9541015625
5673251,26.85546875
5673426,28.80859375
5678324,52.91748046875
5691780,29.9072265625
5692566,27.9541015625
5694291,38.87939453125
5694667,27.099609375
5723219,32.958984375
5723364,30.57861328125
5725656,26.9775390625
5728434,30.57861328125
5730057,36.92626953125
5732982,27.7099609375
5733910,32.53173828125
5735948,37.41455078125
5736028,32.65380859375
5759741,40.22216796875
5759902,28.50341796875
5760035,29.96826171875
5760961,30.70068359375
5762276,41.6259765625
5766319,37.841796875
5767551,37.78076171875
5791458,36.9873046875
5792602,32.04345703125
5794695,35.58349609375
5796274,41.8701171875
5796850,28.6865234375
5797554,30.45654296875
5798669,28.076171875
5820551,35.2783203125
5820579,28.9306640625
5822220,45.654296875
5822404,27.40478515625
5823390,27.7099609375
5823406,35.5224609375
5824446,31.31103515625
5825583,39.36767578125
5826006,31.1279296875
5827203,33.5693359375
5829592,27.587890625
5869259,30.82275390625
5869271,45.83740234375
5870178,31.8603515625
5870205,27.7099609375
5870937,39.00146484375
5870983,28.74755859375
5871834,27.77099609375
5873931,30.33447265625
5874355,36.376953125
5875184,32.3486328125
5875887,27.4658203125
5876715,31.6162109375
5877899,28.74755859375
5896827,32.89794921875
5898023,37.17041015625
5900563,32.40966796875
5900872,28.564453125
5902311,34.7900390625
5902488,29.84619140625
5930187,50.537109375
5930263,29.541015625
5930307,29.96826171875
5931253,32.40966796875
5931964,29.84619140625
5933751,33.26416015625
5934564,28.86962890625
5984200,38.4521484375
5984260,46.38671875
5984290,43.51806640625
5984378,42.48046875
5984406,30.76171875
5984431,28.564453125
5984455,27.40478515625
5984473,30.33447265625
5984496,47.91259765625
5984526,30.94482421875
5984544,27.52685546875
5984589,26.91650390625
6014134,29.72412109375
6014159,34.5458984375
6014187,32.2265625
6014211,30.2734375
6014226,30.45654296875
6014303,31.67724609375
6014368,39.85595703125
6016165,30.517578125
6016235,27.03857421875
6016257,37.53662109375
6054719,39.48974609375
6058470,35.82763671875
6059720,42.8466796875
6079531,39.24560546875
6079555,30.21240234375
6081570,28.50341796875
6083570,38.9404296875
6084278,35.64453125
6101635,31.494140625
6104696,29.47998046875
6106265,35.5224609375
6107014,36.80419921875
6147701,33.935546875
6153187,29.35791015625
6173069,40.283203125
6174318,38.75732421875
6175781,32.65380859375
6176961,29.052734375
6177945,28.1982421875
6178329,27.52685546875
6193188,41.56494140625
6194320,27.16064453125
6196506,37.7197265625
6196821,46.56982421875
6197736,39.0625
6234612,48.095703125
6236182,39.4287109375
6237674,33.26416015625
6238292,27.89306640625
6239034,27.89306640625
6239847,41.56494140625
6240748,29.60205078125
6242504,33.3251953125
6284629,45.41015625
6284751,52.42919921875
6284766,29.541015625
6284786,30.029296875
6284823,39.6728515625
6284841,41.56494140625
6284863,26.9775390625
6284883,28.38134765625
6284904,33.69140625
6284931,31.8603515625
6327761,29.23583984375
6328213,27.7099609375
6328297,29.9072265625
6328938,28.25927734375
6329179,27.03857421875
6329472,27.83203125
6352383,30.029296875
6352511,29.47998046875
6359073,30.6396484375
6360445,38.02490234375
6369093,52.1240234375
6369103,33.87451171875
6369210,36.865234375
6369311,27.34375
6369453,26.85546875
6369508,38.9404296875
6369531,37.41455078125
6369593,28.80859375
6395668,32.958984375
6395685,29.35791015625
6395741,29.541015625
6395989,28.13720703125
6398988,27.7099609375
6399600,29.47998046875
6403246,34.912109375
6404504,31.1279296875
6420761,34.66796875
6420844,27.03857421875
6423175,43.9453125
6424704,42.29736328125
6454944,32.3486328125
6457287,26.9775390625
6460663,32.8369140625
6461089,28.13720703125
6463086,38.330078125
6465191,28.13720703125
6465216,36.19384765625
6466823,40.4052734375
6483121,33.3251953125
6483349,28.25927734375
6483536,27.83203125
6486188,44.37255859375
6505826,50.35400390625
6523206,43.212890625
6523401,29.4189453125
6526835,29.60205078125
6527926,30.029296875
6531170,43.45703125
6531993,34.85107421875
6533684,33.3251953125
6549766,40.71044921875
6552151,38.0859375
6553626,34.60693359375
6554916,31.79931640625
6562192,37.109375
6563928,29.84619140625
6566470,37.4755859375
6567619,39.85595703125
6576383,26.85546875
6576422,40.52734375
6577138,27.587890625
6577894,32.28759765625
6578522,27.16064453125
6579368,34.423828125
6606431,28.50341796875
6606632,44.0673828125
6606650,27.9541015625
6607916,28.38134765625
6609459,33.447265625
6609480,27.40478515625
6612000,35.21728515625
6625794,31.43310546875
6626571,34.1796875
6627486,33.935546875
6629359,36.92626953125
6630805,29.84619140625
6631087,28.076171875
6631119,36.376953125
6653614,29.052734375
6653687,29.35791015625
6653706,33.8134765625
6654523,40.52734375
6655522,36.31591796875
6655579,29.541015625
6656675,30.6396484375
6668202,30.33447265625
6668820,34.912109375
6696928,59.50927734375
6696965,27.03857421875
6697799,35.33935546875
6697860,29.11376953125
6698716,38.4521484375
6699747,27.2216796875
6715896,33.14208984375
6716665,36.1328125
6717501,40.8935546875
6719195,29.96826171875
6720250,33.63037109375
6720292,28.13720703125
6763525,31.92138671875
6763585,28.25927734375
6763598,42.54150390625
6763611,31.1279296875
6763632,30.76171875
6763676,30.94482421875
6763705,40.71044921875
6763737,31.982421875
6763766,27.64892578125
6763791,29.78515625
6763824,27.7099609375
6772461,36.1328125
6775063,36.80419921875
6777611,32.958984375
6778863,34.1796875
6779752,41.9921875
6839959,29.23583984375
6839997,34.36279296875
6840107,37.7197265625
6840210,27.52685546875
6840238,28.1982421875
6840292,30.94482421875
6876126,39.24560546875
6876180,28.076171875
6876224,40.52734375
6876274,41.56494140625
6876323,31.1279296875
6876401,36.4990234375
6876430,33.26416015625
6876446,36.62109375
6876483,33.8134765625
6903658,35.21728515625
6903756,34.48486328125
6903772,28.25927734375
6930403,35.64453125
6930501,36.19384765625
6930548,33.5693359375
6930585,40.771484375
6930603,31.1279296875
6930665,44.189453125
6930736,28.564453125
6930755,32.1044921875
6930768,27.89306640625
6947773,31.06689453125
6947882,27.587890625
6949127,30.45654296875
6950394,27.2216796875
6951047,26.91650390625
6951063,28.076171875
6953882,36.865234375
6953945,29.78515625
6958971,33.99658203125
6959105,41.50390625
6959479,41.50390625
6983269,31.31103515625
6983431,36.68212890625
6983450,27.52685546875
6983475,43.51806640625
6983516,34.3017578125
6983529,31.55517578125
6983555,46.0205078125
6983638,28.076171875
7009853,28.1982421875
7010000,35.58349609375
7014293,33.38623046875
7015298,28.25927734375
7015387,31.73828125
7016620,30.70068359375
7016860,44.677734375
7017939,40.4052734375
7018935,27.89306640625
7019801,27.2216796875
7020160,40.771484375
7020472,27.34375
7020808,55.11474609375
7061759,28.74755859375
7064816,28.076171875
7066287,33.50830078125
7066485,36.31591796875
7066677,35.15625
7068016,42.66357421875
7068216,41.68701171875
7068464,49.9267578125
7068750,37.9638671875
7069116,35.82763671875
7069137,28.25927734375
7070625,30.33447265625
7071591,30.57861328125
7089495,39.73388671875
7089552,28.38134765625
7089592,36.43798828125
7089690,29.052734375
7089705,27.52685546875
7089815,32.71484375
7089854,29.9072265625
7090247,27.34375
7118340,38.63525390625
7118378,31.3720703125
7118424,36.9873046875
7118515,45.34912109375
7118541,28.86962890625
7118646,27.03857421875
7118661,27.9541015625
7118725,27.40478515625
7118826,29.541015625
7154612,29.6630859375
7154719,26.9775390625
7154762,28.3203125
7155049,27.099609375
7155274,28.564453125
7163848,28.62548828125
7165907,28.13720703125
7175876,31.73828125
7178481,30.3955078125
7179333,30.57861328125
7181056,27.40478515625
7186220,31.67724609375
7187222,42.41943359375
7203810,31.18896484375
7206116,36.9873046875
7208192,31.3720703125
7211217,31.43310546875
7241292,27.16064453125
7241394,44.677734375
7241873,35.400390625
7241887,32.8369140625
7243203,27.2216796875
7243881,43.88427734375
7246584,34.11865234375
7269693,31.31103515625
7269752,28.6865234375
7270363,46.56982421875
7270582,29.6630859375
7271256,38.4521484375
7273353,30.70068359375
7282897,38.75732421875
7283750,33.75244140625
7284395,31.55517578125
7284420,49.01123046875
7285348,37.7197265625
7297983,28.86962890625
7298040,29.23583984375
7298782,32.89794921875
7299648,34.423828125
7301608,33.63037109375
7302658,31.67724609375
7326872,40.4052734375
7327739,28.3203125
7327775,35.888671875
7327802,28.74755859375
7329544,27.34375
7329680,27.34375
7338668,39.306640625
7339587,28.74755859375
7340334,27.64892578125
7341458,27.52685546875
7349094,36.56005859375
7349115,27.03857421875
7351796,37.4755859375
7353733,30.76171875
7377978,38.14697265625
7383930,31.1279296875
7384004,27.587890625
7384897,50.048828125
7385776,29.11376953125
7386951,41.44287109375
7387018,28.62548828125
7400579,42.236328125
7405205,50.4150390625
7436262,27.2216796875
7436375,27.28271484375
7436392,30.70068359375
7437320,31.8603515625
7439963,27.2216796875
7440391,29.296875
7461153,30.82275390625
7461175,40.8935546875
7462015,26.9775390625
7485001,29.296875
7485047,28.9306640625
7485800,33.14208984375
7486486,28.99169921875
7486629,31.494140625
7488188,35.64453125
7522184,31.55517578125
7522902,31.73828125
7523832,27.7099609375
7523869,34.912109375
7525457,35.15625
7526065,27.4658203125
7526092,38.330078125
7527134,32.16552734375
7544535,38.14697265625
7545279,29.052734375
7545924,37.90283203125
7546811,34.24072265625
7548113,42.17529296875
7590533,43.88427734375
7591422,40.95458984375
7592397,36.865234375
7593192,36.1328125
7593988,33.5693359375
7595420,32.28759765625
7609605,38.6962890625
7610250,38.39111328125
7611243,31.79931640625
7613012,27.89306640625
7613916,31.6162109375
7614431,37.353515625
7653870,30.70068359375
7653967,27.40478515625
7655381,31.25
7656838,28.38134765625
7657899,27.16064453125
7660192,27.40478515625
7697706,32.470703125
7698704,35.21728515625
7698794,42.96875
7700325,29.6630859375
7701230,29.6630859375
7701432,28.9306640625
7732816,38.818359375
7732923,46.38671875
7732957,31.25
7732985,32.71484375
7733003,27.28271484375
7733040,32.1044921875
7733066,37.78076171875
7733087,33.3251953125
7733100,29.296875
7733120,26.9775390625
7733132,29.96826171875
7733180,29.296875
7733295,27.77099609375
7736595,29.78515625
7745933,33.203125
7747369,27.03857421875
7747419,30.029296875
7749313,30.6396484375
7750728,33.75244140625
7752011,47.79052734375
7752583,38.51318359375
7752755,31.005859375
7752900,38.87939453125
7753064,33.0810546875
7753288,41.015625
7753489,30.94482421875
7753683,31.982421875
7753866,27.83203125
7754006,28.74755859375
7754194,33.38623046875
7754634,31.67724609375
7754844,36.7431640625
7755381,41.748046875
7764577,36.19384765625
7764758,45.95947265625
7764910,41.015625
7766140,38.6962890625
7774100,36.56005859375
7774641,43.9453125
7774720,38.0859375
7820585,40.771484375
7821391,41.3818359375
7822244,32.40966796875
7822409,41.3818359375
7823462,45.41015625
7823656,36.07177734375
7824537,33.63037109375
7824787,32.1044921875
7825025,31.18896484375
7829831,39.00146484375
7829992,40.95458984375
7831136,27.77099609375
7831493,31.73828125
7839182,32.65380859375
7840064,29.78515625
7840333,39.85595703125
7841342,30.029296875
7843085,29.84619140625
7864242,28.01513671875
7864270,37.7197265625
7864427,39.4287109375
7865166,27.4658203125
7866651,31.3720703125
7869183,28.38134765625
7869246,26.91650390625
7903393,34.11865234375
7905042,26.91650390625
7905092,29.1748046875
7905675,31.18896484375
7906486,32.3486328125
7907537,32.470703125
7909009,32.77587890625
7922097,35.21728515625
7923928,40.83251953125
7926154,31.494140625
7926907,32.89794921875
7934623,29.9072265625
7934711,29.72412109375
7936791,31.1279296875
7937675,28.564453125
7991087,29.1748046875
7991193,30.57861328125
8004168,28.076171875
8006338,32.77587890625
8007160,35.94970703125
8007964,26.85546875
8009239,30.70068359375
8054247,43.51806640625
8054999,29.11376953125
8055745,37.90283203125
8057134,40.4052734375
8058301,36.62109375
8066828,28.076171875
8067560,44.61669921875
8068886,27.587890625
8086784,45.34912109375
8111863,27.7099609375
8111893,43.02978515625
8112691,29.1748046875
8113382,36.1328125
8115045,33.69140625
8115932,33.02001953125
8133230,27.03857421875
8133868,32.04345703125
8136370,37.9638671875
8143275,28.99169921875
8143493,27.587890625
8145496,30.94482421875
8165853,29.296875
8165874,33.75244140625
8166732,37.29248046875
8166757,27.34375
8169608,32.65380859375
8197051,41.44287109375
8197352,41.44287109375
8198686,33.50830078125
8199016,39.73388671875
8222146,27.40478515625
8222172,40.283203125
8223674,47.8515625
8224628,36.7431640625
8269785,31.67724609375
8269843,27.16064453125
8269872,28.9306640625
8269914,33.5693359375
8294821,30.029296875
8294919,27.9541015625
8295120,29.052734375
8298554,30.70068359375
8299687,32.3486328125
8303199,28.38134765625
8303328,52.1240234375
8305329,39.6728515625
8305400,28.076171875
8305486,37.109375
8311095,36.68212890625
8316948,28.38134765625
8317065,28.6865234375
8346553,36.07177734375
8347042,30.029296875
8347162,28.9306640625
8381111,28.6865234375
8386852,27.77099609375
8389447,34.3017578125
8390934,29.84619140625
8392068,41.1376953125
8408152,39.794921875
8408198,32.16552734375
8408251,33.3251953125
8408320,37.53662109375
8408337,28.25927734375
8408355,27.77099609375
8408373,31.25
8408396,27.52685546875
8408421,34.5458984375
8408431,44.43359375
8408495,27.587890625
8408541,29.1748046875
8408564,36.19384765625
8445410,28.99169921875
8445550,28.01513671875
8446539,26.85546875
8468250,41.80908203125
8468307,32.71484375
8468346,37.2314453125
8468402,36.92626953125
8468439,40.46630859375
8468485,29.052734375
8468510,32.40966796875
8468543,27.52685546875
8468588,31.18896484375
8468605,29.4189453125
8507099,39.97802734375
8507160,35.58349609375
8507183,38.39111328125
8507240,27.16064453125
8507275,27.587890625
8507298,28.3203125
8507320,34.3017578125
8507338,27.40478515625
8507358,36.07177734375
8507399,30.57861328125
8507438,27.89306640625
8545002,32.40966796875
8545582,30.2734375
8545792,28.01513671875
8577651,48.9501953125
8577774,42.41943359375
8577865,38.26904296875
8577901,28.74755859375
8577911,41.259765625
8577932,28.01513671875
8577958,36.62109375
8578013,30.76171875
8605890,31.43310546875
8606003,31.06689453125
8606498,27.28271484375
8606745,27.099609375
8610178,30.45654296875
8626999,27.64892578125
8635660,32.3486328125
8635837,27.099609375
8641968,34.36279296875
8643100,38.818359375
8644655,27.89306640625
8645990,26.85546875
8659429,31.494140625
8660911,27.16064453125
8661864,26.91650390625
8661885,27.099609375
8664453,28.4423828125
8664551,52.67333984375
8665555,40.283203125
8705653,27.4658203125
8705826,30.3955078125
8706095,34.912109375
8707868,27.64892578125
8729178,32.28759765625
8729230,36.92626953125
8729265,31.92138671875
8729294,28.86962890625
8729461,34.7900390625
8729636,27.77099609375
8730056,29.84619140625
8734592,32.470703125
8738649,32.65380859375
8740215,31.005859375
8769492,30.1513671875
8770617,28.564453125
8771842,40.10009765625
8774634,32.958984375
8776006,36.19384765625
8776128,26.85546875
8776339,28.564453125
8781259,27.83203125
8783492,33.935546875
8784702,30.1513671875
8786777,35.7666015625
8811107,29.78515625
8811132,28.25927734375
8811749,34.24072265625
8812403,38.6962890625
8814101,30.6396484375
8836236,38.0859375
8837044,28.3203125
8837202,30.029296875
8837975,28.86962890625
8840121,35.0341796875
8840252,27.83203125
8861339,31.005859375
8862027,30.33447265625
8862076,34.66796875
8863884,31.79931640625
8865132,29.96826171875
8865168,30.6396484375
8884441,27.52685546875
8884558,28.62548828125
8885418,27.7099609375
8885458,38.9404296875
8886372,36.19384765625
8887115,28.564453125
8892739,29.35791015625
8892772,27.16064453125
8893869,30.82275390625
8925272,27.4658203125
8926174,29.23583984375
8930801,43.9453125
8955976,32.40966796875
8956654,40.52734375
8957727,30.517578125
8960294,27.28271484375
8962452,32.2265625
8989995,31.55517578125
8991496,29.78515625
8992756,33.447265625
9022054,39.9169921875
9022831,30.76171875
9023822,28.6865234375
9025637,37.41455078125
9025776,31.55517578125
9025925,31.06689453125
9025978,29.72412109375
9049306,29.6630859375
9052007,37.04833984375
9052992,37.65869140625
9076142,36.92626953125
9076264,28.3203125
9077200,31.92138671875
9078144,33.26416015625
9078222,35.09521484375
9099441,30.57861328125
9099479,40.46630859375
9100340,30.029296875
9101240,29.296875
9102121,34.48486328125
9103639,28.3203125
9103833,36.92626953125
9126987,44.73876953125
9127728,36.92626953125
9130260,37.4755859375
9130656,31.06689453125
9158675,34.72900390625
9160973,35.58349609375
9199443,40.10009765625
9199567,35.64453125
9199625,28.1982421875
9199740,27.34375
9199751,32.8369140625
9226399,32.1044921875
9226455,31.92138671875
9226520,31.8603515625
9226559,27.83203125
9226592,28.564453125
9226607,28.25927734375
9226631,39.97802734375
9226666,35.5224609375
9226703,31.73828125
9239607,37.109375
9241166,27.89306640625
9242076,28.6865234375
9242671,40.46630859375
9244603,31.43310546875
9251514,34.5458984375
9253907,32.2265625
9254849,27.099609375
9265965,32.71484375
9266042,34.60693359375
9279846,29.052734375
9280730,36.0107421875
9306847,29.96826171875
9307005,40.95458984375
9308174,39.12353515625
9309576,37.41455078125
9309886,46.44775390625
9332554,30.3955078125
9333395,28.80859375
9333431,28.80859375
9334486,33.99658203125
9334506,28.50341796875
9338324,32.65380859375
9338406,41.50390625
9372437,45.0439453125
9373260,38.0859375
9373576,32.04345703125
9374467,29.47998046875
9374502,26.91650390625
9375056,28.25927734375
9407062,28.1982421875
9413011,33.0810546875
9413029,27.89306640625
9415530,30.82275390625
9417057,34.11865234375
9435052,31.67724609375
9435089,29.6630859375
9435136,29.96826171875
9449309,27.77099609375
9449964,42.05322265625
9450900,41.015625
9452828,31.73828125
9460433,27.9541015625
9461462,27.83203125
9462693,28.25927734375
9464842,27.40478515625
9465069,30.82275390625
9486891,31.79931640625
9501372,33.99658203125
9502298,32.77587890625
9502384,32.2265625
9503455,27.52685546875
9521192,28.3203125
9528414,40.283203125
9529865,29.4189453125
9530061,41.8701171875
9530349,36.865234375
9539359,36.4990234375
9540690,30.029296875
9540709,27.099609375
9540780,44.677734375
9554134,33.935546875
9555581,34.85107421875
9555716,40.0390625
9557812,31.982421875
9572662,43.02978515625
9573835,34.11865234375
9575200,34.72900390625
9575564,40.52734375
9592912,32.28759765625
9593087,40.46630859375
9595128,26.9775390625
9595489,42.41943359375
9619437,29.4189453125
9619574,49.37744140625
9620373,44.12841796875
9620810,28.62548828125
9623003,39.36767578125
9624961,37.53662109375
9625073,43.8232421875
9641113,36.56005859375
9641665,27.099609375
9641790,28.3203125
9647466,34.5458984375
9647926,28.3203125
9678979,26.9775390625
9678998,30.2734375
9679898,31.8603515625
9681368,36.07177734375
9681593,38.330078125
9703069,32.2265625
9703101,27.2216796875
9703157,43.51806640625
9703240,38.818359375
9703301,34.48486328125
9703329,46.630859375
9703356,39.4287109375
9742879,39.0625
9742918,47.18017578125
9743020,35.70556640625
9743033,27.16064453125
9743086,34.1796875
9743113,27.9541015625
9743132,27.587890625
9743165,31.005859375
9743180,34.24072265625
9764276,27.7099609375
9765086,33.203125
9765257,40.46630859375
9765313,27.64892578125
9789541,40.46630859375
9789608,40.6494140625
9789678,28.86962890625
9789726,31.982421875
9789744,53.955078125
9789776,30.8837890625
9789801,27.2216796875
9789835,33.02001953125
9802653,34.0576171875
9802775,31.982421875
9803067,27.83203125
9803372,29.11376953125
9803925,27.03857421875
9825466,36.68212890625
9825578,43.15185546875
9825595,34.66796875
9825631,32.77587890625
9825657,32.28759765625
9825675,28.99169921875
9825715,46.69189453125
9825790,35.400390625
9825826,27.83203125
9825842,28.13720703125
9853171,28.3203125
9853287,33.38623046875
9853348,27.28271484375
9870898,29.78515625
9879772,28.076171875
9879796,33.0810546875
9882139,27.16064453125
9882603,39.61181640625
9882741,29.052734375
9886185,30.70068359375
9914544,33.5693359375
9935196,37.17041015625
9935219,35.09521484375
9935279,41.9921875
9935365,34.5458984375
9935391,39.306640625
9935424,27.34375
9935480,30.8837890625
9935500,29.60205078125
9952536,26.91650390625
9952699,29.296875
9957220,28.9306640625
9960248,32.04345703125
9962354,30.3955078125
9970477,51.1474609375
9989421,29.052734375
9989747,30.517578125
9993309,31.25
9993335,40.1611328125
10027383,28.38134765625
10032681,34.66796875
10034403,31.31103515625
10059201,29.78515625
10060041,38.4521484375
10062570,29.23583984375
10063461,29.11376953125
10092615,28.74755859375
10093058,32.04345703125
10093167,42.8466796875
10093289,31.1279296875
10096450,35.94970703125
10098789,27.2216796875
10098853,40.95458984375
10116236,39.1845703125
10117057,28.6865234375
10139272,40.22216796875
10139318,29.296875
10139328,43.88427734375
10139389,29.6630859375
10139418,28.25927734375
10139447,32.5927734375
10139461,41.50390625
10139483,32.5927734375
10139520,36.4990234375
10139555,29.1748046875
10139596,27.4658203125
10149450,30.33447265625
10150996,27.83203125
10152073,35.09521484375
10154564,26.85546875
10155781,32.2265625
10169097,28.6865234375
10169204,29.60205078125
10171454,27.7099609375
10171483,40.1611328125
10171667,39.36767578125
10202507,44.921875
10202603,30.21240234375
10204206,33.50830078125
10209545,46.630859375
10210379,33.203125
10211134,35.7666015625
10212476,28.38134765625
10212542,34.85107421875
10232947,41.44287109375
10234413,31.55517578125
10235905,37.9638671875
10247903,38.6962890625
10248430,27.64892578125
10249391,36.19384765625
10250912,35.58349609375
10251088,43.64013671875
10278052,31.92138671875
10278164,36.9873046875
10278243,35.94970703125
10278254,41.93115234375
10278298,30.57861328125
10278328,28.564453125
10278364,26.9775390625
10278386,31.005859375
10278435,32.5927734375
10278472,31.8603515625
10282634,32.89794921875
10282698,27.4658203125
10306919,43.15185546875
10308712,29.78515625
10309619,38.63525390625
10330714,34.7900390625
10330807,43.45703125
10331884,31.494140625
10332017,29.35791015625
10335475,34.85107421875
10335715,41.259765625
10353671,33.447265625
10354540,42.8466796875
10355537,28.01513671875
10355792,44.49462890625
10358356,33.203125
10358654,35.7666015625
10383453,33.8134765625
10383487,48.15673828125
10383521,27.4658203125
10383538,33.203125
10383575,30.8837890625
10383599,29.11376953125
10383632,32.3486328125
10383653,31.18896484375
10383712,30.33447265625
10403845,37.17041015625
10404098,41.259765625
10404573,31.31103515625
10404708,31.982421875
10404820,33.935546875
10404999,34.66796875
10406838,38.87939453125
10406887,27.587890625
10407162,47.2412109375
10411431,32.3486328125
10411887,32.470703125
10414118,33.447265625
10414316,27.16064453125
10414607,28.4423828125
10414750,28.74755859375
10429327,30.6396484375
10430158,28.62548828125
10430240,34.48486328125
10430381,42.78564453125
10445701,28.13720703125
10445954,50.537109375
10448620,32.470703125
10448645,30.70068359375
10448828,38.2080078125
10451559,34.0576171875
10475026,35.94970703125
10475960,28.50341796875
10475996,29.47998046875
10479288,36.80419921875
10479634,49.37744140625
10495818,31.005859375
10495925,27.89306640625
10496070,42.3583984375
10499599,34.36279296875
10499814,42.3583984375
10511255,28.3203125
10512392,28.25927734375
10512480,27.89306640625
10512594,35.7666015625
10512846,28.62548828125
10513844,30.3955078125
10514087,32.40966796875
10538611,27.099609375
10538760,41.19873046875
10540045,38.57421875
10540196,27.587890625
10540259,31.67724609375
10546441,31.31103515625
10554389,30.6396484375
10554473,33.14208984375
10554574,43.88427734375
10555942,29.47998046875
10556134,37.41455078125
10584862,28.6865234375
10584873,33.69140625
10585741,42.29736328125
10585764,29.78515625
10586928,29.78515625
10609230,41.19873046875
10622285,31.67724609375
10631213,32.1044921875
10633121,41.015625
10633174,29.23583984375
10645468,31.982421875
10646963,38.87939453125
10647114,41.07666015625
10655615,31.8603515625
10655662,29.60205078125
10657437,36.865234375
10657762,32.8369140625
10669760,27.9541015625
10669801,42.41943359375
10669812,28.50341796875
10670011,46.875
10672190,28.38134765625
10672230,40.58837890625
10672373,34.60693359375
10681443,33.0810546875
10683814,29.11376953125
10684074,34.1796875
10695076,26.85546875
10698510,29.78515625
10698548,40.46630859375
10698812,31.73828125
10700353,30.76171875
10700507,43.212890625
10718666,49.1943359375
10719660,35.7666015625
10719813,27.16064453125
10725499,27.89306640625
10725649,42.236328125
10725851,35.46142578125
10726531,29.4189453125
10726619,28.25927734375
10726754,45.654296875
10726887,37.90283203125
10743917,33.447265625
10744292,37.41455078125
10744490,39.4287109375
10746108,29.60205078125
10747421,35.15625
10766081,30.029296875
10766249,44.189453125
10768651,36.80419921875
10768944,44.43359375
10783120,27.28271484375
10783208,30.57861328125
10784126,29.60205078125
10784326,34.97314453125
10799609,36.4990234375
10800900,48.583984375
10801092,36.92626953125
10804037,31.55517578125
10804976,41.8701171875
10804989,27.40478515625
10805029,27.28271484375
10805124,41.748046875
10821527,27.52685546875
10821580,27.2216796875
10821707,40.83251953125
10838540,27.77099609375
10838587,30.09033203125
10838656,42.724609375
10838951,33.3251953125
10858625,44.86083984375
10858926,40.22216796875
10859304,40.34423828125
10859508,42.724609375
10859618,29.78515625
10859658,38.87939453125
10859678,32.28759765625
10859705,26.9775390625
10859727,27.64892578125
10859758,44.3115234375
10888694,36.9873046875
10888870,32.53173828125
10888911,28.01513671875
10888989,27.28271484375
10889051,30.6396484375
10899499,46.81396484375
10913489,28.9306640625
10929065,29.052734375
10929791,27.03857421875
10929823,38.818359375
10931093,36.92626953125
10931154,30.21240234375
10934595,27.587890625
10962261,29.296875
10962271,36.9873046875
10966297,32.1044921875
10967757,28.6865234375
10967824,34.3017578125
10988406,37.17041015625
10988579,45.95947265625
10988740,43.39599609375
10988858,35.09521484375
10988994,30.82275390625
10989059,31.55517578125
10989093,35.64453125
10989148,28.1982421875
10989367,41.68701171875
11007901,40.71044921875
11009020,31.31103515625
11009062,26.85546875
11010051,28.50341796875
11030943,26.91650390625
11031302,27.77099609375
11032400,31.005859375
11032560,34.7900390625
11034883,27.64892578125
11038992,28.01513671875
11039156,28.9306640625
11039231,29.11376953125
11040378,41.1376953125
11049781,29.60205078125
11049833,28.25927734375
11049963,38.87939453125
11050666,28.4423828125
11050705,30.21240234375
11058832,28.4423828125
11058982,39.61181640625
11060908,35.5224609375
11062678,35.70556640625
11062909,27.83203125
11086731,38.39111328125
11088350,34.912109375
11090902,39.0625
11091062,37.90283203125
11091182,36.376953125
11109339,37.59765625
11109550,42.236328125
11111198,27.89306640625
11111230,27.16064453125
11111266,43.39599609375
11111372,32.5927734375
11120633,30.3955078125
11120768,26.9775390625
11123879,35.0341796875
11124276,38.63525390625
11126153,29.4189453125
11126242,27.52685546875
11126486,41.1376953125
11152235,36.1328125
11152272,43.0908203125
11152298,27.89306640625
11152362,35.70556640625
11152431,26.85546875
11152450,30.8837890625
11152479,41.1376953125
11152511,30.2734375
11152577,27.28271484375
11175353,38.63525390625
11179124,29.6630859375
11179259,33.63037109375
11179374,30.76171875
11179392,32.2265625
11179895,28.076171875
11204770,33.69140625
11204789,34.60693359375
11204922,37.04833984375
11206894,27.587890625
11209185,35.5224609375
11210602,29.72412109375
11210849,34.36279296875
11232243,27.03857421875
11232547,40.95458984375
11233680,26.9775390625
11233745,34.85107421875
11233770,28.86962890625
11233943,38.818359375
11236792,28.4423828125
11236924,28.3203125
11259539,29.35791015625
11259583,30.09033203125
11259647,38.02490234375
11259684,29.9072265625
11259919,35.58349609375
11270267,32.958984375
11271718,48.828125
11284515,26.85546875
11284879,38.75732421875
11285981,30.517578125
11286020,30.09033203125
11286175,40.52734375
11288082,37.29248046875
11288226,34.0576171875
11288357,30.8837890625
11305483,26.91650390625
11305514,36.43798828125
11305543,32.04345703125
11305620,30.029296875
11305643,33.5693359375
11305708,36.0107421875
11305742,29.541015625
11330691,40.283203125
11331854,30.70068359375
11331921,29.541015625
11333855,27.83203125
11333999,27.40478515625
11334155,31.92138671875
11334248,28.80859375
11334950,26.85546875
11348820,31.25
11350550,27.40478515625
11365849,39.6728515625
11366713,31.06689453125
11366804,32.71484375
11366840,27.40478515625
11366899,35.64453125
11381105,27.83203125
11381593,40.4052734375
11382151,33.8134765625
11382187,44.98291015625
11384362,27.64892578125
11384390,34.1796875
11386214,35.15625
11400276,29.541015625
11400583,38.9404296875
11401245,37.41455078125
11401314,45.95947265625
11418725,35.64453125
11419506,36.2548828125
11419649,47.42431640625
11429073,31.982421875
11431234,35.58349609375
11431475,39.85595703125
11440252,42.8466796875
11440374,30.45654296875
11456745,42.1142578125
11456916,39.306640625
11457999,33.50830078125
11458088,40.1611328125
11470822,47.119140625
11470835,30.3955078125
11470852,27.4658203125
11470912,42.724609375
11470951,31.67724609375
11471017,26.85546875
11484601,35.33935546875
11485803,31.67724609375
11485873,30.21240234375
11488831,27.7099609375
11508263,27.64892578125
11508672,36.0107421875
11508987,38.51318359375
11509093,28.86962890625
11509165,32.77587890625
11509329,30.76171875
11509446,26.9775390625
11509590,28.25927734375
11521845,38.6962890625
11523474,50.048828125
11547625,37.109375
11548279,27.9541015625
11548314,46.2646484375
11561416,30.6396484375
11561470,37.53662109375
11561501,28.62548828125
11561566,42.96875
11561629,28.25927734375
11561656,32.1044921875
11561873,36.2548828125
11563398,46.44775390625
11563459,28.74755859375
11563758,35.94970703125
11576149,39.97802734375
11576218,34.85107421875
11576293,27.9541015625
11576334,39.12353515625
11579299,42.90771484375
11581538,27.52685546875
11581697,28.9306640625
11582055,28.4423828125
11582605,29.72412109375
11608236,41.56494140625
11608817,30.70068359375
11621581,34.0576171875
11621711,36.0107421875
11621801,36.376953125
11621887,28.076171875
11622012,30.8837890625
11622214,32.65380859375
11622486,29.84619140625
11636775,41.50390625
11637651,33.38623046875
11639524,29.23583984375
11639535,32.16552734375
11665003,43.0908203125
11665051,34.5458984375
11665138,35.2783203125
11665154,31.55517578125
11665178,33.50830078125
11665211,30.6396484375
11665304,33.38623046875
11687311,27.89306640625
11687439,30.76171875
11688504,35.58349609375
11688904,41.56494140625
11689907,40.58837890625
11690029,43.15185546875
11715986,41.80908203125
11716119,40.8935546875
11716168,34.48486328125
11716197,30.1513671875
11716237,31.06689453125
11716297,30.6396484375
11716325,36.07177734375
11716341,27.587890625
11742108,39.794921875
11742126,29.1748046875
11742257,27.16064453125
11742286,37.109375
11742325,27.64892578125
11742351,28.74755859375
11742380,30.21240234375
11742396,36.2548828125
11765973,38.330078125
11766124,37.78076171875
11766186,28.01513671875
11766204,35.7666015625
11766293,39.794921875
11766386,30.517578125
11766444,28.3203125
11766669,27.9541015625
11768445,26.9775390625
11768616,31.3720703125
11772636,38.330078125
11791933,29.9072265625
11792018,34.0576171875
11792186,45.5322265625
11792465,41.93115234375
11792841,27.587890625
11793713,27.099609375
11793877,42.05322265625
11802644,27.83203125
11802786,27.28271484375
11804214,27.83203125
11805807,30.2734375
11830370,28.564453125
11830632,36.7431640625
11831416,34.97314453125
11831488,48.095703125
11831692,33.3251953125
11838469,34.36279296875
11838688,44.61669921875
11838904,38.02490234375
11843690,35.58349609375
11858794,27.52685546875
11858835,28.4423828125
11858867,27.77099609375
11858924,35.58349609375
11868346,27.2216796875
11868412,31.92138671875
11868520,37.2314453125
11868713,33.87451171875
11868854,36.19384765625
11868954,27.89306640625
11869084,42.3583984375
11869111,27.34375
11869182,28.99169921875
11869508,36.0107421875
11869791,28.9306640625
11870819,33.26416015625
11888853,36.92626953125
11889021,41.6259765625
11889162,41.56494140625
11889289,31.31103515625
11889362,29.1748046875
11889375,27.2216796875
11890481,29.96826171875
11896724,27.9541015625
11898123,27.2216796875
11912785,34.7900390625
11913086,33.203125
11913245,33.3251953125
11914291,52.18505859375
11914323,34.60693359375
11914414,32.3486328125
11914433,40.34423828125
11914459,27.28271484375
11922515,30.82275390625
11922702,27.28271484375
11922784,38.4521484375
11925213,27.40478515625
11925261,32.8369140625
11925511,38.26904296875
11936791,39.4287109375
11936997,28.076171875
11937269,39.48974609375
11937878,39.6728515625
11938056,30.57861328125
11938076,28.62548828125
11938094,38.6962890625
11938222,27.89306640625
11938299,35.46142578125
11938946,40.4052734375
11938996,28.25927734375
11943545,29.6630859375
11943669,31.005859375
11944287,27.28271484375
11961482,28.86962890625
11961655,40.71044921875
11961758,28.9306640625
11964060,31.6162109375
11964095,34.97314453125
11964186,37.7197265625
11982005,43.212890625
11982201,35.15625
11982321,33.02001953125
11982456,34.24072265625
11982770,34.60693359375
11983325,32.8369140625
