11999000,0
15583,36.1328125
38994,40.10009765625
86204,40.8935546875
86334,35.21728515625
108038,47.8515625
108116,35.58349609375
134706,35.09521484375
134750,42.8466796875
137024,37.53662109375
137097,39.97802734375
137131,40.0390625
151896,38.02490234375
166346,37.78076171875
166426,35.64453125
166593,36.80419921875
178617,40.8935546875
178761,36.31591796875
178822,34.24072265625
196550,37.90283203125
196797,34.24072265625
219280,34.24072265625
238343,40.10009765625
257350,39.0625
257446,39.0625
260000,36.80419921875
294421,38.26904296875
294487,35.09521484375
314590,43.5791015625
317001,43.212890625
344977,41.56494140625
347953,34.85107421875
348088,42.17529296875
364779,36.7431640625
364819,39.0625
399695,34.85107421875
399752,34.48486328125
399821,40.1611328125
402082,35.94970703125
402123,41.015625
417044,34.97314453125
417187,46.69189453125
430678,37.78076171875
432824,38.330078125
432889,36.376953125
432939,35.70556640625
460474,41.50390625
492068,35.2783203125
492136,43.51806640625
494514,38.2080078125
494565,38.75732421875
517164,34.24072265625
517227,39.1845703125
519604,38.6962890625
537724,36.9873046875
550789,34.24072265625
550958,36.92626953125
550997,34.3017578125
565722,36.1328125
565898,36.376953125
586721,34.5458984375
610550,37.41455078125
610626,34.3017578125
637293,35.888671875
660260,35.21728515625
660311,36.4990234375
709985,35.46142578125
710067,37.353515625
737018,48.2177734375
739446,35.33935546875
769197,36.376953125
769254,37.7197265625
771675,34.97314453125
801043,35.64453125
801133,40.10009765625
817404,36.19384765625
834514,34.36279296875
834630,36.68212890625
850834,37.90283203125
850911,36.62109375
852873,42.78564453125
894495,36.80419921875
947827,40.0390625
987310,37.7197265625
987397,39.36767578125
1009231,43.3349609375
1009289,36.31591796875
1033499,37.17041015625
1033557,43.76220703125
1033609,36.865234375
1076018,38.02490234375
1076064,43.76220703125
1094299,38.39111328125
1094411,35.82763671875
1096857,41.44287109375
1113842,39.97802734375
1113898,37.65869140625
1116772,39.306640625
1117947,40.95458984375
1117999,34.423828125
1162067,37.29248046875
1163959,34.5458984375
1164009,36.9873046875
1171486,38.0859375
1203080,34.85107421875
1209863,35.15625
1210119,35.64453125
1274023,44.677734375
1274072,39.55078125
1274153,37.841796875
1279789,36.1328125
1281968,35.0341796875
1342595,35.46142578125
1351819,37.2314453125
1407882,37.78076171875
1407911,34.36279296875
1407980,36.92626953125
1407990,35.2783203125
1423671,35.888671875
1473172,34.66796875
1473201,42.1142578125
1473240,38.75732421875
1473284,37.90283203125
1513889,34.36279296875
1513998,38.39111328125
1514104,40.8935546875
1550153,36.376953125
1590053,36.43798828125
1590172,39.306640625
1619899,36.4990234375
1747633,37.9638671875
1778857,34.48486328125
1835701,39.1845703125
1868842,34.72900390625
1868863,40.4052734375
1889881,36.68212890625
1925404,35.2783203125
1960510,36.43798828125
1960762,39.794921875
1985258,36.80419921875
2014490,41.259765625
2014646,40.0390625
2042521,35.46142578125
2071707,34.97314453125
2116232,37.353515625
2141597,34.36279296875
2147913,34.7900390625
2162502,35.09521484375
2212230,34.66796875
2254442,37.109375
2271292,43.9453125
2271337,36.2548828125
2271379,35.400390625
2281857,34.60693359375
2317677,36.4990234375
2324551,35.0341796875
2361856,34.48486328125
2423373,34.97314453125
2423459,45.47119140625
2423544,34.423828125
2423593,34.24072265625
2427284,37.841796875
2430509,34.48486328125
2465509,35.15625
2490050,47.119140625
2492636,35.58349609375
2493708,38.87939453125
2500679,35.33935546875
2560920,34.66796875
2566283,37.65869140625
2566910,40.0390625
2567631,34.423828125
2591291,35.33935546875
2592125,35.46142578125
2592244,36.62109375
2592796,39.61181640625
2597036,35.09521484375
2642955,34.48486328125
2643028,34.36279296875
2754559,34.3017578125
2755416,34.66796875
2757027,35.64453125
2758495,38.330078125
2803091,34.912109375
2876307,34.36279296875
2936340,35.70556640625
2984672,35.70556640625
3016989,42.05322265625
3046596,35.58349609375
3046991,42.96875
3062553,35.7666015625
3090091,35.09521484375
3090236,34.423828125
3114601,35.70556640625
3114860,40.1611328125
3136196,40.6494140625
3181924,43.88427734375
3182016,35.70556640625
3321048,34.912109375
3341656,36.2548828125
3361438,34.66796875
3366031,35.888671875
3367707,36.19384765625
3368549,34.912109375
3371169,41.68701171875
3372204,36.56005859375
3399926,37.4755859375
3402115,34.97314453125
3406164,36.2548828125
3442258,39.55078125
3442300,35.70556640625
3442386,35.33935546875
3445903,34.36279296875
3448276,34.85107421875
3449280,40.4052734375
3449806,34.7900390625
3508916,36.0107421875
3510902,34.60693359375
3564755,34.912109375
3565233,34.66796875
3604783,40.46630859375
3606299,36.376953125
3657255,34.912109375
3657339,36.07177734375
3660598,44.189453125
3705369,34.66796875
3707763,37.29248046875
3709422,35.09521484375
3746851,37.59765625
3792421,35.21728515625
3795578,37.41455078125
3836830,34.48486328125
3836973,35.7666015625
3860044,34.36279296875
3880900,35.33935546875
3884332,35.15625
3886558,35.46142578125
3917644,34.97314453125
3921052,35.82763671875
3940656,34.36279296875
3944689,37.59765625
3945101,34.36279296875
3951063,35.400390625
3952035,36.1328125
3952956,34.66796875
3954059,34.7900390625
3979734,36.92626953125
3982151,35.94970703125
4014652,40.10009765625
4018266,34.48486328125
4020528,34.24072265625
4021812,36.31591796875
4054792,43.701171875
4054886,34.60693359375
4058132,34.66796875
4059465,35.888671875
4060300,38.818359375
4061474,34.24072265625
4064394,35.33935546875
4066837,39.48974609375
4082165,36.92626953125
4122171,36.80419921875
4123533,40.0390625
4124295,36.43798828125
4125054,36.92626953125
4159101,37.59765625
4160276,38.14697265625
4161071,38.39111328125
4161899,38.330078125
4162548,35.09521484375
4195125,34.72900390625
4197096,35.82763671875
4231805,38.6962890625
4231987,36.7431640625
4252717,38.2080078125
4253881,34.5458984375
4255813,34.423828125
4294249,35.33935546875
4295114,35.7666015625
4354572,37.4755859375
4365063,35.09521484375
4378486,34.97314453125
4379439,34.24072265625
4380041,41.8701171875
4387629,39.794921875
4414592,35.15625
4416258,34.97314453125
4419136,34.5458984375
4420434,36.865234375
4444808,38.87939453125
4446292,43.9453125
4447218,36.0107421875
4449097,35.70556640625
4468757,35.64453125
4470772,35.58349609375
4474770,35.7666015625
4511751,35.400390625
4512646,36.9873046875
4513645,39.9169921875
4515227,38.330078125
4529964,35.400390625
4562440,36.68212890625
4597931,38.330078125
4598633,39.24560546875
4600217,34.3017578125
4613019,37.109375
4614035,35.5224609375
4614794,35.64453125
4615949,36.0107421875
4634913,44.5556640625
4638613,38.818359375
4663240,35.0341796875
4664144,38.75732421875
4665575,34.48486328125
4680641,34.85107421875
4683216,35.400390625
4712756,36.92626953125
4739944,37.17041015625
4813355,34.48486328125
4815439,35.64453125
4822269,37.53662109375
4845334,36.62109375
4846081,35.2783203125
4852325,34.7900390625
4883808,36.92626953125
4922715,35.7666015625
4923462,38.26904296875
4951600,35.0341796875
4952671,36.19384765625
4955417,34.912109375
4958444,37.29248046875
5034799,35.58349609375
5094376,35.70556640625
5107557,36.865234375
5176879,36.0107421875
5176912,35.7666015625
5199006,37.29248046875
5321561,36.68212890625
5443417,35.2783203125
5472418,35.82763671875
5576025,34.36279296875
5576068,34.24072265625
5576104,37.109375
5669296,45.166015625
5762905,35.09521484375
5792665,34.7900390625
5798396,34.36279296875
5798734,36.43798828125
5820597,40.6494140625
5821367,34.423828125
5823069,35.7666015625
5870181,37.4755859375
5870300,37.53662109375
5871739,36.68212890625
5875779,35.58349609375
5875982,35.58349609375
5896825,36.19384765625
5900548,36.0107421875
5902315,35.0341796875
5935738,36.865234375
5984507,34.3017578125
6014331,37.109375
6016221,34.72900390625
6059941,37.353515625
6106560,37.53662109375
6109980,34.5458984375
6151833,35.09521484375
6153811,35.33935546875
6154294,35.46142578125
6177916,35.15625
6193226,36.1328125
6193896,35.888671875
6194383,35.09521484375
6195199,35.0341796875
6196715,34.5458984375
6235448,34.60693359375
6237608,37.78076171875
6241548,34.85107421875
6284858,35.21728515625
6360412,34.912109375
6400355,34.5458984375
6403165,35.70556640625
6426928,35.58349609375
6427534,34.423828125
6461133,35.46142578125
6463018,37.4755859375
6466888,34.36279296875
6486211,38.26904296875
6523854,36.80419921875
6562868,35.94970703125
6564931,34.72900390625
6577097,38.26904296875
6580475,34.3017578125
6606621,39.48974609375
6653644,35.64453125
6654626,36.19384765625
6655506,37.2314453125
6665684,34.7900390625
6668110,35.2783203125
6668717,35.888671875
6697742,34.423828125
6699711,38.818359375
6717505,36.7431640625
6763703,37.2314453125
6763729,42.41943359375
6763777,37.109375
6779722,34.85107421875
6839808,34.66796875
6876374,36.62109375
6930663,37.59765625
6947970,40.1611328125
6952564,35.0341796875
6955358,34.5458984375
7016231,37.59765625
7067236,34.3017578125
7067856,38.9404296875
7118694,34.423828125
7154808,45.0439453125
7175773,34.48486328125
7184697,35.2783203125
7204220,35.15625
7205696,38.6962890625
7241311,39.48974609375
7241964,34.912109375
7242657,38.63525390625
7245071,34.66796875
7245277,35.82763671875
7270392,35.94970703125
7272778,35.94970703125
7273360,34.3017578125
7283696,34.72900390625
7284466,34.66796875
7288221,35.5224609375
7298696,48.2177734375
7302715,35.15625
7328641,35.64453125
7338618,41.50390625
7339622,37.17041015625
7340384,34.24072265625
7349128,37.04833984375
7349951,35.82763671875
7383942,35.82763671875
7386909,34.60693359375
7434474,35.94970703125
7434555,41.8701171875
7437319,34.66796875
7462379,35.70556640625
7466352,37.9638671875
7485852,38.2080078125
7522288,38.02490234375
7544059,37.53662109375
7546862,34.97314453125
7592251,43.39599609375
7595221,35.64453125
7610296,37.2314453125
7611978,35.400390625
7612975,37.17041015625
7613128,35.888671875
7654590,36.07177734375
7655362,38.4521484375
7697713,35.21728515625
7698570,34.423828125
7700377,34.24072265625
7701229,35.09521484375
7746588,40.22216796875
7749758,36.865234375
7751272,34.7900390625
7774497,36.4990234375
7821098,36.865234375
7823213,37.109375
7828287,42.54150390625
7840038,35.2783203125
7865084,34.423828125
7865767,34.7900390625
7867816,35.2783203125
7906520,38.0859375
7922995,35.58349609375
7924818,34.60693359375
7935579,36.43798828125
7937710,37.109375
8055613,36.92626953125
8055731,35.400390625
8067780,35.0341796875
8068852,36.68212890625
8112783,34.5458984375
8114102,36.9873046875
8115019,35.888671875
8132333,34.48486328125
8132455,36.62109375
8133161,34.85107421875
8134580,38.6962890625
8135422,34.7900390625
8136396,40.10009765625
8145388,35.64453125
8167594,34.423828125
8195456,34.423828125
8221451,44.86083984375
8299509,34.7900390625
8299997,35.0341796875
8301442,36.9873046875
8301740,36.1328125
8303230,34.423828125
8305109,36.376953125
8315853,35.09521484375
8346454,36.7431640625
8389350,35.888671875
8408414,34.912109375
8577856,34.5458984375
8637103,37.41455078125
8638686,39.00146484375
8641938,36.92626953125
8643349,36.865234375
8645983,36.92626953125
8661927,38.02490234375
8664559,39.00146484375
8665539,36.92626953125
8729538,34.85107421875
8738067,36.56005859375
8738761,35.94970703125
8771857,34.5458984375
8772062,35.15625
8774679,35.09521484375
8780467,35.64453125
8811790,34.3017578125
8812427,39.1845703125
8837884,37.41455078125
8862091,37.78076171875
8865368,39.97802734375
8883736,34.72900390625
8884498,35.46142578125
8891985,36.43798828125
8893831,34.66796875
8924459,35.2783203125
8925231,35.400390625
8956103,34.423828125
8960237,34.97314453125
8992706,34.423828125
8992823,36.62109375
9022783,43.88427734375
9051125,35.94970703125
9052991,38.2080078125
9075466,37.29248046875
9076159,38.02490234375
9077221,36.62109375
9102117,34.85107421875
9103494,35.0341796875
9157737,38.2080078125
9199650,35.888671875
9226401,43.701171875
9226638,40.46630859375
9226664,37.17041015625
9240595,38.14697265625
9251498,37.17041015625
9253944,39.794921875
9255242,39.85595703125
9280662,37.90283203125
9280717,34.7900390625
9281572,34.48486328125
9306153,37.109375
9309603,37.353515625
9334480,35.09521484375
9338506,35.94970703125
9374518,35.7666015625
9409242,37.59765625
9416999,37.7197265625
9450862,38.2080078125
9461563,34.912109375
9464736,34.72900390625
9464802,34.423828125
9484552,37.2314453125
9485535,37.41455078125
9501312,34.24072265625
9522114,39.85595703125
9528425,35.70556640625
9529871,35.2783203125
9529945,36.62109375
9539371,35.46142578125
9555474,47.05810546875
9572668,47.607421875
9591356,34.48486328125
9592980,34.48486328125
9595379,35.2783203125
9619350,44.37255859375
9620397,37.65869140625
9641738,35.2783203125
9703010,37.4755859375
9703349,41.015625
9765273,38.818359375
9789401,37.53662109375
9825662,34.66796875
9825736,34.24072265625
9935396,36.0107421875
9935466,35.09521484375
9959369,34.912109375
9961713,38.02490234375
9989685,35.0341796875
9994099,34.48486328125
9995745,35.7666015625
10032709,34.66796875
10061224,35.64453125
10096449,34.423828125
10139465,35.888671875
10154581,35.70556640625
10201352,40.283203125
10202504,34.48486328125
10211111,35.09521484375
10250806,36.19384765625
10250938,34.60693359375
10278360,35.46142578125
10282635,35.46142578125
10282811,37.4755859375
10309629,36.07177734375
10332017,34.7900390625
10335323,34.423828125
10335514,35.400390625
10383399,42.48046875
10403780,37.7197265625
10404568,35.15625
10406841,35.0341796875
10411353,42.96875
10414395,38.02490234375
10431260,36.0107421875
10431360,35.82763671875
10495861,37.78076171875
10555948,36.4990234375
10585797,39.6728515625
10586010,36.865234375
10586908,35.09521484375
10605706,35.33935546875
10609334,34.5458984375
10620224,38.9404296875
10622291,38.14697265625
10631122,38.2080078125
10669784,35.2783203125
10672199,41.015625
10681312,46.32568359375
10745864,37.7197265625
10766111,34.24072265625
10783238,34.60693359375
10804076,35.21728515625
10821480,35.400390625
10838438,37.841796875
10859601,36.92626953125
10859736,40.1611328125
10929764,39.9169921875
10936415,39.9169921875
10963115,43.27392578125
10966256,38.57421875
11031289,36.43798828125
11032427,37.9638671875
11039095,40.71044921875
11040396,37.78076171875
11058895,38.0859375
11086539,36.80419921875
11090888,46.20361328125
11109320,34.85107421875
11111128,34.97314453125
11152372,34.24072265625
11176670,36.56005859375
11179315,36.1328125
11206981,37.04833984375
11232253,36.43798828125
11236834,35.7666015625
11258524,34.97314453125
11270208,35.09521484375
11285961,34.97314453125
11331859,34.7900390625
11365719,36.62109375
11366813,43.64013671875
11384427,36.62109375
11418408,34.423828125
11427278,37.353515625
11428849,35.0341796875
11439158,42.724609375
11445997,37.65869140625
11456681,37.4755859375
11457934,35.888671875
11470656,36.0107421875
11484612,37.41455078125
11509699,34.423828125
11547291,35.400390625
11561302,34.5458984375
11578916,37.65869140625
11581718,37.65869140625
11636394,36.92626953125
11637666,35.09521484375
11689812,36.1328125
11771471,36.31591796875
11793798,34.97314453125
11802921,35.888671875
11804231,38.9404296875
11830310,37.78076171875
11831359,48.33984375
11857861,38.4521484375
11912794,35.70556640625
11914305,34.97314453125
11936733,36.376953125
11961457,38.39111328125
