11999000,0
39175,28.86962890625
151985,30.57861328125
178820,29.11376953125
196758,27.83203125
219067,27.77099609375
257389,29.84619140625
259956,34.912109375
294707,30.517578125
314716,29.296875
417310,29.052734375
492030,30.82275390625
517193,28.076171875
517273,28.4423828125
537919,27.9541015625
538039,35.400390625
550969,29.6630859375
550992,27.9541015625
586594,31.1279296875
610519,31.1279296875
610582,28.25927734375
610626,29.84619140625
686029,29.9072265625
817436,28.3203125
834682,32.65380859375
834723,28.01513671875
922213,29.4189453125
947655,27.77099609375
963929,31.31103515625
1054610,28.86962890625
1054658,32.28759765625
1408145,31.8603515625
1473234,40.1611328125
1473291,31.43310546875
1590268,28.4423828125
1747770,29.052734375
1778909,28.13720703125
1868900,28.4423828125
1960788,29.4189453125
2014735,30.76171875
2014815,29.541015625
2071861,30.6396484375
2116273,30.70068359375
2271341,29.6630859375
2465506,30.76171875
2465578,28.62548828125
2597573,30.21240234375
2642814,28.74755859375
2642938,29.052734375
2643112,31.8603515625
2743329,34.0576171875
2803193,32.40966796875
2839713,35.70556640625
2839870,27.9541015625
2876351,28.01513671875
2876410,32.65380859375
2876463,30.82275390625
2936428,28.9306640625
3047044,28.25927734375
3156823,28.564453125
3657355,28.25927734375
3657446,32.28759765625
3836847,30.21240234375
4122270,28.3203125
4124374,27.89306640625
4158319,28.25927734375
4802897,30.8837890625
4803010,30.2734375
4814030,28.564453125
5094496,28.50341796875
5094554,28.1982421875
5176980,30.517578125
5177030,27.83203125
5399448,30.70068359375
5399521,30.029296875
5609645,27.9541015625
5637933,28.4423828125
5669390,27.9541015625
5984519,31.73828125
5984575,34.24072265625
6284896,29.052734375
6369518,29.78515625
6606656,29.84619140625
6840265,27.9541015625
6876491,30.029296875
7066776,30.517578125
7118648,31.25
8303127,28.13720703125
8468619,31.18896484375
8507396,31.92138671875
8507490,28.38134765625
9226605,28.13720703125
9226746,31.43310546875
9743085,28.13720703125
9743124,28.01513671875
9789812,30.3955078125
9825756,30.517578125
9935440,35.7666015625
9935501,29.60205078125
10139486,33.63037109375
10278396,28.99169921875
10383712,28.99169921875
10821594,28.13720703125
10963196,29.78515625
11305709,31.43310546875
11305773,31.55517578125
11400328,28.9306640625
11419706,28.3203125
11561526,27.89306640625
11665178,30.3955078125
11665263,28.25927734375
11716387,34.60693359375
11772623,29.1748046875
